0, 8.0, 8, 8.0, 0.1
1, 16.0, 8, 8.0, 0.1
2, 24.0, 8, 8.0, 0.1
3, 32.0, 8, 8.0, 0.1
4, 40.0, 8, 8.0, 0.1
5, 48.0, 8, 8.0, 0.1
6, 56.0, 8, 8.0, 0.1
7, 64.0, 8, 8.0, 0.1
8, 72.0, 8, 8.0, 0.1
9, 80.0, 8, 8.0, 0.1
10, 88.0, 8, 8.0, 0.1
11, 96.0, 8, 8.0, 0.1
12, 104.0, 8, 8.0, 0.1
13, 112.0, 8, 8.0, 0.1
14, 120.0, 8, 8.0, 0.1
15, 128.0, 8, 8.0, 0.1
16, 136.0, 8, 8.0, 0.1
17, 144.0, 8, 8.0, 0.1
18, 152.0, 8, 8.0, 0.1
19, 160.0, 8, 8.0, 0.1
20, 168.0, 8, 8.0, 0.1
21, 176.0, 8, 8.0, 0.1
22, 184.0, 8, 8.0, 0.1
23, 192.0, 8, 8.0, 0.1
24, 200.0, 8, 8.0, 0.1
25, 208.0, 8, 8.0, 0.1
26, 216.0, 8, 8.0, 0.1
27, 224.0, 8, 8.0, 0.1
28, 232.0, 8, 8.0, 0.1
29, 240.0, 8, 8.0, 0.1
30, 248.0, 8, 8.0, 0.1
31, 256.0, 8, 8.0, 0.1
32, 264.0, 8, 8.0, 0.1
33, 272.0, 8, 8.0, 0.1
34, 280.0, 8, 8.0, 0.1
35, 288.0, 8, 8.0, 0.1
36, 296.0, 8, 8.0, 0.1
37, 304.0, 8, 8.0, 0.1
38, 312.0, 8, 8.0, 0.1
39, 320.0, 8, 8.0, 0.1
40, 328.0, 8, 8.0, 0.1
41, 336.0, 8, 8.0, 0.1
42, 344.0, 8, 8.0, 0.1
43, 352.0, 8, 8.0, 0.1
44, 360.0, 8, 8.0, 0.1
45, 368.0, 8, 8.0, 0.1
46, 376.0, 8, 8.0, 0.1
47, 384.0, 8, 8.0, 0.1
48, 392.0, 8, 8.0, 0.1
49, 400.0, 8, 8.0, 0.1
50, 408.0, 8, 8.0, 0.1
51, 416.0, 8, 8.0, 0.1
52, 424.0, 8, 8.0, 0.1
53, 432.0, 8, 8.0, 0.1
54, 440.0, 8, 8.0, 0.1
55, 448.0, 8, 8.0, 0.1
56, 456.0, 8, 8.0, 0.1
57, 464.0, 8, 8.0, 0.1
58, 472.0, 8, 8.0, 0.1
59, 480.0, 8, 8.0, 0.1
60, 488.0, 8, 8.0, 0.1
61, 496.0, 8, 8.0, 0.1
62, 504.0, 8, 8.0, 0.1
63, 512.0, 8, 8.0, 0.1
64, 520.0, 8, 8.0, 0.1
65, 528.0, 8, 8.0, 0.1
66, 536.0, 8, 8.0, 0.1
67, 544.0, 8, 8.0, 0.1
68, 552.0, 8, 8.0, 0.1
69, 560.0, 8, 8.0, 0.1
70, 568.0, 8, 8.0, 0.1
71, 576.0, 8, 8.0, 0.1
72, 584.0, 8, 8.0, 0.1
73, 592.0, 8, 8.0, 0.1
74, 600.0, 8, 8.0, 0.1
75, 608.0, 8, 8.0, 0.1
76, 616.0, 8, 8.0, 0.1
77, 624.0, 8, 8.0, 0.1
78, 632.0, 8, 8.0, 0.1
79, 640.0, 8, 8.0, 0.1
80, 648.0, 8, 8.0, 0.1
81, 656.0, 8, 8.0, 0.1
82, 664.0, 8, 8.0, 0.1
83, 672.0, 8, 8.0, 0.1
84, 680.0, 8, 8.0, 0.1
85, 688.0, 8, 8.0, 0.1
86, 696.0, 8, 8.0, 0.1
87, 704.0, 8, 8.0, 0.1
88, 712.0, 8, 8.0, 0.1
89, 720.0, 8, 8.0, 0.1
90, 728.0, 8, 8.0, 0.1
91, 736.0, 8, 8.0, 0.1
92, 744.0, 8, 8.0, 0.1
93, 752.0, 8, 8.0, 0.1
94, 760.0, 8, 8.0, 0.1
95, 768.0, 8, 8.0, 0.1
96, 776.0, 8, 8.0, 0.1
97, 784.0, 8, 8.0, 0.1
98, 792.0, 8, 8.0, 0.1
99, 800.0, 8, 8.0, 0.1
100, 808.0, 8, 8.0, 0.1
101, 816.0, 8, 8.0, 0.1
102, 824.0, 8, 8.0, 0.1
103, 832.0, 8, 8.0, 0.1
104, 840.0, 8, 8.0, 0.1
105, 848.0, 8, 8.0, 0.1
106, 856.0, 8, 8.0, 0.1
107, 864.0, 8, 8.0, 0.1
108, 872.0, 8, 8.0, 0.1
109, 880.0, 8, 8.0, 0.1
110, 888.0, 8, 8.0, 0.1
111, 896.0, 8, 8.0, 0.1
112, 904.0, 8, 8.0, 0.1
113, 912.0, 8, 8.0, 0.1
114, 920.0, 8, 8.0, 0.1
115, 928.0, 8, 8.0, 0.1
116, 936.0, 8, 8.0, 0.1
117, 944.0, 8, 8.0, 0.1
118, 952.0, 8, 8.0, 0.1
119, 960.0, 8, 8.0, 0.1
120, 968.0, 8, 8.0, 0.1
121, 976.0, 8, 8.0, 0.1
122, 984.0, 8, 8.0, 0.1
123, 992.0, 8, 8.0, 0.1
124, 1000.0, 8, 8.0, 0.1
125, 1008.0, 8, 8.0, 0.1
126, 1016.0, 8, 8.0, 0.1
127, 1024.0, 8, 8.0, 0.1
128, 1032.0, 8, 8.0, 0.1
129, 1040.0, 8, 8.0, 0.1
130, 1048.0, 8, 8.0, 0.1
131, 1056.0, 8, 8.0, 0.1
132, 1064.0, 8, 8.0, 0.1
133, 1072.0, 8, 8.0, 0.1
134, 1080.0, 8, 8.0, 0.1
135, 1088.0, 8, 8.0, 0.1
136, 1096.0, 8, 8.0, 0.1
137, 1104.0, 8, 8.0, 0.1
138, 1112.0, 8, 8.0, 0.1
139, 1120.0, 8, 8.0, 0.1
140, 1128.0, 8, 8.0, 0.1
141, 1136.0, 8, 8.0, 0.1
142, 1144.0, 8, 8.0, 0.1
143, 1152.0, 8, 8.0, 0.1
144, 1160.0, 8, 8.0, 0.1
145, 1168.0, 8, 8.0, 0.1
146, 1176.0, 8, 8.0, 0.1
147, 1184.0, 8, 8.0, 0.1
148, 1192.0, 8, 8.0, 0.1
149, 1200.0, 8, 8.0, 0.1
150, 1208.0, 8, 8.0, 0.1
151, 1216.0, 8, 8.0, 0.1
152, 1224.0, 8, 8.0, 0.1
153, 1232.0, 8, 8.0, 0.1
154, 1240.0, 8, 8.0, 0.1
155, 1248.0, 8, 8.0, 0.1
156, 1256.0, 8, 8.0, 0.1
157, 1264.0, 8, 8.0, 0.1
158, 1272.0, 8, 8.0, 0.1
159, 1280.0, 8, 8.0, 0.1
160, 1288.0, 8, 8.0, 0.1
161, 1296.0, 8, 8.0, 0.1
162, 1304.0, 8, 8.0, 0.1
163, 1312.0, 8, 8.0, 0.1
164, 1320.0, 8, 8.0, 0.1
165, 1328.0, 8, 8.0, 0.1
166, 1336.0, 8, 8.0, 0.1
167, 1344.0, 8, 8.0, 0.1
168, 1352.0, 8, 8.0, 0.1
169, 1360.0, 8, 8.0, 0.1
170, 1368.0, 8, 8.0, 0.1
171, 1376.0, 8, 8.0, 0.1
172, 1384.0, 8, 8.0, 0.1
173, 1392.0, 8, 8.0, 0.1
174, 1400.0, 8, 8.0, 0.1
175, 1408.0, 8, 8.0, 0.1
176, 1416.0, 8, 8.0, 0.1
177, 1424.0, 8, 8.0, 0.1
178, 1432.0, 8, 8.0, 0.1
179, 1440.0, 8, 8.0, 0.1
180, 1448.0, 8, 8.0, 0.1
181, 1456.0, 8, 8.0, 0.1
182, 1464.0, 8, 8.0, 0.1
183, 1472.0, 8, 8.0, 0.1
184, 1480.0, 8, 8.0, 0.1
185, 1488.0, 8, 8.0, 0.1
186, 1496.0, 8, 8.0, 0.1
187, 1504.0, 8, 8.0, 0.1
188, 1512.0, 8, 8.0, 0.1
189, 1520.0, 8, 8.0, 0.1
190, 1528.0, 8, 8.0, 0.1
191, 1536.0, 8, 8.0, 0.1
192, 1544.0, 8, 8.0, 0.1
193, 1552.0, 8, 8.0, 0.1
194, 1560.0, 8, 8.0, 0.1
195, 1568.0, 8, 8.0, 0.1
196, 1576.0, 8, 8.0, 0.1
197, 1584.0, 8, 8.0, 0.1
198, 1592.0, 8, 8.0, 0.1
199, 1600.0, 8, 8.0, 0.1
200, 1608.0, 8, 8.0, 0.1
201, 1616.0, 8, 8.0, 0.1
202, 1624.0, 8, 8.0, 0.1
203, 1632.0, 8, 8.0, 0.1
204, 1640.0, 8, 8.0, 0.1
205, 1648.0, 8, 8.0, 0.1
206, 1656.0, 8, 8.0, 0.1
207, 1664.0, 8, 8.0, 0.1
208, 1672.0, 8, 8.0, 0.1
209, 1680.0, 8, 8.0, 0.1
210, 1688.0, 8, 8.0, 0.1
211, 1696.0, 8, 8.0, 0.1
212, 1704.0, 8, 8.0, 0.1
213, 1712.0, 8, 8.0, 0.1
214, 1720.0, 8, 8.0, 0.1
215, 1728.0, 8, 8.0, 0.1
216, 1736.0, 8, 8.0, 0.1
217, 1744.0, 8, 8.0, 0.1
218, 1752.0, 8, 8.0, 0.1
219, 1760.0, 8, 8.0, 0.1
220, 1768.0, 8, 8.0, 0.1
221, 1776.0, 8, 8.0, 0.1
222, 1784.0, 8, 8.0, 0.1
223, 1792.0, 8, 8.0, 0.1
224, 1800.0, 8, 8.0, 0.1
225, 1808.0, 8, 8.0, 0.1
226, 1816.0, 8, 8.0, 0.1
227, 1824.0, 8, 8.0, 0.1
228, 1832.0, 8, 8.0, 0.1
229, 1838.0, 6, 7.991304347826087, 0.1
230, 1846.0, 8, 7.991341991341991, 0.1
231, 1854.0, 8, 7.991379310344827, 0.1
232, 1861.0, 7, 7.987124463519313, 0.1
233, 1868.0, 7, 7.982905982905983, 0.1
234, 1875.0, 7, 7.9787234042553195, 0.1
235, 1876.0, 1, 7.9491525423728815, 0.1
236, 1883.0, 7, 7.9451476793248945, 0.1
237, 1891.0, 8, 7.945378151260504, 0.1
238, 1897.0, 6, 7.937238493723849, 0.1
239, 1904.0, 7, 7.933333333333334, 0.1
240, 1912.0, 8, 7.933609958506224, 0.1
241, 1919.0, 7, 7.929752066115703, 0.1
242, 1926.0, 7, 7.925925925925926, 0.1
243, 1934.0, 8, 7.926229508196721, 0.1
244, 1942.0, 8, 7.926530612244898, 0.1
245, 1948.0, 6, 7.91869918699187, 0.1
246, 1955.0, 7, 7.91497975708502, 0.1
247, 1961.0, 6, 7.907258064516129, 0.1
248, 1967.0, 6, 7.899598393574297, 0.1
249, 1975.0, 8, 7.9, 0.1
250, 1982.0, 7, 7.896414342629482, 0.1
251, 1988.0, 6, 7.888888888888889, 0.1
252, 1996.0, 8, 7.8893280632411065, 0.1
253, 2003.0, 7, 7.8858267716535435, 0.1
254, 2011.0, 8, 7.886274509803922, 0.1
255, 2018.0, 7, 7.8828125, 0.1
256, 2025.0, 7, 7.879377431906615, 0.1
257, 2032.0, 7, 7.875968992248062, 0.1
258, 2039.0, 7, 7.872586872586872, 0.1
259, 2047.0, 8, 7.873076923076923, 0.1
260, 2053.0, 6, 7.865900383141763, 0.1
261, 2061.0, 8, 7.866412213740458, 0.1
262, 2068.0, 7, 7.863117870722434, 0.1
263, 2075.0, 7, 7.859848484848484, 0.1
264, 2082.0, 7, 7.856603773584905, 0.1
265, 2090.0, 8, 7.857142857142857, 0.1
266, 2098.0, 8, 7.857677902621723, 0.1
267, 2104.0, 6, 7.850746268656716, 0.1
268, 2112.0, 8, 7.851301115241636, 0.1
269, 2118.0, 6, 7.844444444444444, 0.1
270, 2126.0, 8, 7.845018450184502, 0.1
271, 2134.0, 8, 7.845588235294118, 0.1
272, 2141.0, 7, 7.842490842490842, 0.1
273, 2147.0, 6, 7.835766423357664, 0.1
274, 2155.0, 8, 7.836363636363636, 0.1
275, 2163.0, 8, 7.836956521739131, 0.1
276, 2171.0, 8, 7.837545126353791, 0.1
277, 2179.0, 8, 7.838129496402877, 0.1
278, 2187.0, 8, 7.838709677419355, 0.1
279, 2194.0, 7, 7.835714285714285, 0.1
280, 2201.0, 7, 7.832740213523132, 0.1
281, 2209.0, 8, 7.833333333333333, 0.1
282, 2217.0, 8, 7.833922261484099, 0.1
283, 2225.0, 8, 7.834507042253521, 0.1
284, 2233.0, 8, 7.8350877192982455, 0.1
285, 2240.0, 7, 7.8321678321678325, 0.1
286, 2247.0, 7, 7.829268292682927, 0.1
287, 2255.0, 8, 7.829861111111111, 0.1
288, 2262.0, 7, 7.826989619377162, 0.1
289, 2268.0, 6, 7.820689655172414, 0.1
290, 2275.0, 7, 7.81786941580756, 0.1
291, 2282.0, 7, 7.815068493150685, 0.1
292, 2290.0, 8, 7.815699658703072, 0.1
293, 2296.0, 6, 7.809523809523809, 0.1
294, 2304.0, 8, 7.810169491525424, 0.1
295, 2310.0, 6, 7.804054054054054, 0.1
296, 2318.0, 8, 7.8047138047138045, 0.1
297, 2323.0, 5, 7.795302013422819, 0.1
298, 2330.0, 7, 7.792642140468227, 0.1
299, 2337.0, 7, 7.79, 0.1
300, 2345.0, 8, 7.790697674418604, 0.1
301, 2353.0, 8, 7.791390728476821, 0.1
302, 2361.0, 8, 7.792079207920792, 0.1
303, 2369.0, 8, 7.792763157894737, 0.1
304, 2376.0, 7, 7.7901639344262295, 0.1
305, 2383.0, 7, 7.787581699346405, 0.1
306, 2391.0, 8, 7.7882736156351795, 0.1
307, 2399.0, 8, 7.788961038961039, 0.1
308, 2407.0, 8, 7.789644012944984, 0.1
309, 2415.0, 8, 7.790322580645161, 0.1
310, 2422.0, 7, 7.787781350482315, 0.1
311, 2430.0, 8, 7.788461538461538, 0.1
312, 2435.0, 5, 7.779552715654952, 0.1
313, 2435.0, 0, 7.754777070063694, 0.1
314, 2443.0, 8, 7.7555555555555555, 0.1
315, 2448.0, 5, 7.746835443037975, 0.1
316, 2456.0, 8, 7.747634069400631, 0.1
317, 2464.0, 8, 7.748427672955975, 0.1
318, 2472.0, 8, 7.7492163009404385, 0.1
319, 2479.0, 7, 7.746875, 0.1
320, 2481.0, 2, 7.728971962616822, 0.1
321, 2488.0, 7, 7.726708074534161, 0.1
322, 2495.0, 7, 7.724458204334366, 0.1
323, 2501.0, 6, 7.719135802469136, 0.1
324, 2509.0, 8, 7.72, 0.1
325, 2516.0, 7, 7.717791411042945, 0.1
326, 2523.0, 7, 7.715596330275229, 0.1
327, 2530.0, 7, 7.713414634146342, 0.1
328, 2538.0, 8, 7.714285714285714, 0.1
329, 2546.0, 8, 7.715151515151515, 0.1
330, 2553.0, 7, 7.712990936555891, 0.1
331, 2561.0, 8, 7.713855421686747, 0.1
332, 2567.0, 6, 7.708708708708708, 0.1
333, 2574.0, 7, 7.706586826347305, 0.1
334, 2581.0, 7, 7.704477611940298, 0.1
335, 2589.0, 8, 7.705357142857143, 0.1
336, 2597.0, 8, 7.706231454005935, 0.1
337, 2603.0, 6, 7.701183431952662, 0.1
338, 2610.0, 7, 7.699115044247788, 0.1
339, 2618.0, 8, 7.7, 0.1
340, 2625.0, 7, 7.697947214076247, 0.1
341, 2632.0, 7, 7.695906432748538, 0.1
342, 2640.0, 8, 7.696793002915452, 0.1
343, 2648.0, 8, 7.6976744186046515, 0.1
344, 2653.0, 5, 7.689855072463768, 0.1
345, 2660.0, 7, 7.687861271676301, 0.1
346, 2668.0, 8, 7.688760806916426, 0.1
347, 2675.0, 7, 7.686781609195402, 0.1
348, 2683.0, 8, 7.687679083094556, 0.1
349, 2691.0, 8, 7.688571428571429, 0.1
350, 2697.0, 6, 7.683760683760684, 0.1
351, 2705.0, 8, 7.684659090909091, 0.1
352, 2711.0, 6, 7.6798866855524075, 0.1
353, 2719.0, 8, 7.6807909604519775, 0.1
354, 2726.0, 7, 7.67887323943662, 0.1
355, 2734.0, 8, 7.679775280898877, 0.1
356, 2740.0, 6, 7.675070028011205, 0.1
357, 2743.0, 3, 7.662011173184357, 0.1
358, 2751.0, 8, 7.662952646239554, 0.1
359, 2759.0, 8, 7.663888888888889, 0.1
360, 2767.0, 8, 7.664819944598338, 0.1
361, 2773.0, 6, 7.6602209944751385, 0.1
362, 2781.0, 8, 7.661157024793388, 0.1
363, 2789.0, 8, 7.662087912087912, 0.1
364, 2797.0, 8, 7.663013698630137, 0.1
365, 2805.0, 8, 7.663934426229508, 0.1
366, 2812.0, 7, 7.662125340599455, 0.1
367, 2819.0, 7, 7.6603260869565215, 0.1
368, 2827.0, 8, 7.661246612466124, 0.1
369, 2833.0, 6, 7.6567567567567565, 0.1
370, 2840.0, 7, 7.654986522911051, 0.1
371, 2847.0, 7, 7.653225806451613, 0.1
372, 2855.0, 8, 7.654155495978553, 0.1
373, 2862.0, 7, 7.652406417112299, 0.1
374, 2869.0, 7, 7.650666666666667, 0.1
375, 2877.0, 8, 7.651595744680851, 0.1
376, 2885.0, 8, 7.652519893899204, 0.1
377, 2892.0, 7, 7.650793650793651, 0.1
378, 2900.0, 8, 7.651715039577836, 0.1
379, 2908.0, 8, 7.652631578947369, 0.1
380, 2916.0, 8, 7.653543307086614, 0.1
381, 2923.0, 7, 7.651832460732984, 0.1
382, 2931.0, 8, 7.652741514360313, 0.1
383, 2938.0, 7, 7.651041666666667, 0.1
384, 2942.0, 4, 7.641558441558441, 0.1
385, 2948.0, 6, 7.637305699481865, 0.1
386, 2952.0, 4, 7.627906976744186, 0.1
387, 2960.0, 8, 7.628865979381444, 0.1
388, 2967.0, 7, 7.627249357326479, 0.1
389, 2975.0, 8, 7.628205128205129, 0.1
390, 2982.0, 7, 7.626598465473146, 0.1
391, 2989.0, 7, 7.625, 0.1
392, 2997.0, 8, 7.625954198473282, 0.1
393, 3004.0, 7, 7.624365482233503, 0.1
394, 3012.0, 8, 7.625316455696202, 0.1
395, 3020.0, 8, 7.626262626262626, 0.1
396, 3028.0, 8, 7.6272040302267, 0.1
397, 3036.0, 8, 7.628140703517588, 0.1
398, 3043.0, 7, 7.6265664160401005, 0.1
399, 3049.0, 6, 7.6225, 0.1
400, 3055.0, 6, 7.618453865336658, 0.1
401, 3063.0, 8, 7.619402985074627, 0.1
402, 3070.0, 7, 7.617866004962779, 0.1
403, 3075.0, 5, 7.611386138613861, 0.1
404, 3080.0, 5, 7.604938271604938, 0.1
405, 3086.0, 6, 7.600985221674877, 0.1
406, 3094.0, 8, 7.601965601965602, 0.1
407, 3101.0, 7, 7.6004901960784315, 0.1
408, 3108.0, 7, 7.599022004889975, 0.1
409, 3115.0, 7, 7.597560975609756, 0.1
410, 3122.0, 7, 7.59610705596107, 0.1
411, 3129.0, 7, 7.594660194174757, 0.1
412, 3136.0, 7, 7.593220338983051, 0.1
413, 3142.0, 6, 7.5893719806763285, 0.1
414, 3147.0, 5, 7.583132530120482, 0.1
415, 3155.0, 8, 7.584134615384615, 0.1
416, 3161.0, 6, 7.580335731414868, 0.1
417, 3169.0, 8, 7.58133971291866, 0.1
418, 3174.0, 5, 7.575178997613365, 0.1
419, 3181.0, 7, 7.5738095238095235, 0.1
420, 3189.0, 8, 7.574821852731591, 0.1
421, 3195.0, 6, 7.571090047393365, 0.1
422, 3202.0, 7, 7.569739952718676, 0.1
423, 3209.0, 7, 7.568396226415095, 0.1
424, 3217.0, 8, 7.569411764705882, 0.1
425, 3225.0, 8, 7.570422535211268, 0.1
426, 3232.0, 7, 7.569086651053865, 0.1
427, 3240.0, 8, 7.570093457943925, 0.1
428, 3247.0, 7, 7.568764568764569, 0.1
429, 3255.0, 8, 7.569767441860465, 0.1
430, 3260.0, 5, 7.5638051044083525, 0.1
431, 3267.0, 7, 7.5625, 0.1
432, 3274.0, 7, 7.561200923787529, 0.1
433, 3282.0, 8, 7.56221198156682, 0.1
434, 3289.0, 7, 7.560919540229885, 0.1
435, 3296.0, 7, 7.559633027522936, 0.1
436, 3303.0, 7, 7.558352402745996, 0.1
437, 3311.0, 8, 7.559360730593608, 0.1
438, 3319.0, 8, 7.560364464692483, 0.1
439, 3326.0, 7, 7.5590909090909095, 0.1
440, 3330.0, 4, 7.551020408163265, 0.1
441, 3336.0, 6, 7.547511312217194, 0.1
442, 3344.0, 8, 7.548532731376975, 0.1
443, 3352.0, 8, 7.54954954954955, 0.1
444, 3360.0, 8, 7.550561797752809, 0.1
445, 3368.0, 8, 7.551569506726457, 0.1
446, 3374.0, 6, 7.5480984340044746, 0.1
447, 3380.0, 6, 7.544642857142857, 0.1
448, 3388.0, 8, 7.5456570155902005, 0.1
449, 3395.0, 7, 7.544444444444444, 0.1
450, 3403.0, 8, 7.545454545454546, 0.1
451, 3411.0, 8, 7.54646017699115, 0.1
452, 3416.0, 5, 7.540838852097131, 0.1
453, 3424.0, 8, 7.541850220264317, 0.1
454, 3431.0, 7, 7.5406593406593405, 0.1
455, 3438.0, 7, 7.5394736842105265, 0.1
456, 3445.0, 7, 7.538293216630197, 0.1
457, 3452.0, 7, 7.537117903930131, 0.1
458, 3460.0, 8, 7.538126361655773, 0.1
459, 3468.0, 8, 7.539130434782609, 0.1
460, 3475.0, 7, 7.537960954446855, 0.1
461, 3483.0, 8, 7.538961038961039, 0.1
462, 3488.0, 5, 7.533477321814255, 0.1
463, 3495.0, 7, 7.532327586206897, 0.1
464, 3503.0, 8, 7.533333333333333, 0.1
465, 3511.0, 8, 7.534334763948498, 0.1
466, 3517.0, 6, 7.5310492505353315, 0.1
467, 3525.0, 8, 7.532051282051282, 0.1
468, 3533.0, 8, 7.533049040511727, 0.1
469, 3541.0, 8, 7.534042553191489, 0.1
470, 3549.0, 8, 7.535031847133758, 0.1
471, 3557.0, 8, 7.536016949152542, 0.1
472, 3565.0, 8, 7.5369978858350954, 0.1
473, 3572.0, 7, 7.5358649789029535, 0.1
474, 3579.0, 7, 7.534736842105263, 0.1
475, 3585.0, 6, 7.531512605042017, 0.1
476, 3592.0, 7, 7.530398322851153, 0.1
477, 3600.0, 8, 7.531380753138075, 0.1
478, 3607.0, 7, 7.530271398747391, 0.1
479, 3614.0, 7, 7.529166666666667, 0.1
480, 3620.0, 6, 7.525987525987526, 0.1
481, 3628.0, 8, 7.526970954356846, 0.1
482, 3634.0, 6, 7.523809523809524, 0.1
483, 3640.0, 6, 7.520661157024794, 0.1
484, 3646.0, 6, 7.517525773195876, 0.1
485, 3654.0, 8, 7.518518518518518, 0.1
486, 3662.0, 8, 7.519507186858316, 0.1
487, 3668.0, 6, 7.516393442622951, 0.1
488, 3676.0, 8, 7.517382413087935, 0.1
489, 3683.0, 7, 7.516326530612245, 0.1
490, 3690.0, 7, 7.515274949083503, 0.1
491, 3697.0, 7, 7.514227642276423, 0.1
492, 3703.0, 6, 7.511156186612576, 0.1
493, 3710.0, 7, 7.510121457489879, 0.1
494, 3717.0, 7, 7.509090909090909, 0.1
495, 3724.0, 7, 7.508064516129032, 0.1
496, 3732.0, 8, 7.509054325955734, 0.1
497, 3739.0, 7, 7.508032128514056, 0.1
498, 3745.0, 6, 7.50501002004008, 0.1
499, 3753.0, 8, 7.506, 0.1
500, 3760.0, 7, 7.50499001996008, 0.1
501, 3768.0, 8, 7.50597609561753, 0.1
502, 3774.0, 6, 7.502982107355865, 0.1
503, 3782.0, 8, 7.503968253968254, 0.1
504, 3790.0, 8, 7.5049504950495045, 0.1
505, 3797.0, 7, 7.503952569169961, 0.1
506, 3804.0, 7, 7.502958579881657, 0.1
507, 3806.0, 2, 7.4921259842519685, 0.1
508, 3813.0, 7, 7.491159135559921, 0.1
509, 3821.0, 8, 7.492156862745098, 0.1
510, 3829.0, 8, 7.493150684931507, 0.1
511, 3837.0, 8, 7.494140625, 0.1
512, 3844.0, 7, 7.49317738791423, 0.1
513, 3851.0, 7, 7.492217898832685, 0.1
514, 3859.0, 8, 7.493203883495146, 0.1
515, 3866.0, 7, 7.492248062015504, 0.1
516, 3872.0, 6, 7.48936170212766, 0.1
517, 3879.0, 7, 7.488416988416988, 0.1
518, 3886.0, 7, 7.48747591522158, 0.1
519, 3893.0, 7, 7.486538461538461, 0.1
520, 3899.0, 6, 7.483685220729367, 0.1
521, 3906.0, 7, 7.482758620689655, 0.1
522, 3913.0, 7, 7.4818355640535374, 0.1
523, 3921.0, 8, 7.482824427480916, 0.1
524, 3928.0, 7, 7.481904761904762, 0.1
525, 3936.0, 8, 7.482889733840304, 0.1
526, 3943.0, 7, 7.481973434535105, 0.1
527, 3948.0, 5, 7.4772727272727275, 0.1
528, 3954.0, 6, 7.474480151228733, 0.1
529, 3962.0, 8, 7.475471698113208, 0.1
530, 3970.0, 8, 7.476459510357816, 0.1
531, 3978.0, 8, 7.477443609022556, 0.1
532, 3985.0, 7, 7.476547842401501, 0.1
533, 3992.0, 7, 7.47565543071161, 0.1
534, 3996.0, 4, 7.469158878504673, 0.1
535, 4004.0, 8, 7.470149253731344, 0.1
536, 4010.0, 6, 7.467411545623836, 0.1
537, 4018.0, 8, 7.4684014869888475, 0.1
538, 4018.0, 0, 7.454545454545454, 0.1
539, 4026.0, 8, 7.455555555555556, 0.1
540, 4034.0, 8, 7.456561922365989, 0.1
541, 4035.0, 1, 7.444649446494465, 0.1
542, 4042.0, 7, 7.443830570902394, 0.1
543, 4048.0, 6, 7.4411764705882355, 0.1
544, 4054.0, 6, 7.438532110091743, 0.1
545, 4060.0, 6, 7.435897435897436, 0.1
546, 4068.0, 8, 7.436928702010969, 0.1
547, 4073.0, 5, 7.432481751824818, 0.1
548, 4080.0, 7, 7.4316939890710385, 0.1
549, 4086.0, 6, 7.429090909090909, 0.1
550, 4093.0, 7, 7.428312159709619, 0.1
551, 4101.0, 8, 7.429347826086956, 0.1
552, 4108.0, 7, 7.428571428571429, 0.1
553, 4116.0, 8, 7.4296028880866425, 0.1
554, 4124.0, 8, 7.43063063063063, 0.1
555, 4130.0, 6, 7.428057553956834, 0.1
556, 4137.0, 7, 7.427289048473968, 0.1
557, 4145.0, 8, 7.42831541218638, 0.1
558, 4151.0, 6, 7.425760286225403, 0.1
559, 4158.0, 7, 7.425, 0.1
560, 4165.0, 7, 7.424242424242424, 0.1
561, 4173.0, 8, 7.425266903914591, 0.1
562, 4181.0, 8, 7.426287744227354, 0.1
563, 4186.0, 5, 7.421985815602837, 0.1
564, 4192.0, 6, 7.419469026548673, 0.1
565, 4200.0, 8, 7.420494699646643, 0.1
566, 4204.0, 4, 7.414462081128748, 0.1
567, 4211.0, 7, 7.413732394366197, 0.1
568, 4219.0, 8, 7.414762741652021, 0.1
569, 4226.0, 7, 7.414035087719299, 0.1
570, 4234.0, 8, 7.415061295971979, 0.1
571, 4242.0, 8, 7.416083916083916, 0.1
572, 4248.0, 6, 7.4136125654450264, 0.1
573, 4251.0, 3, 7.405923344947735, 0.1
574, 4257.0, 6, 7.403478260869565, 0.1
575, 4265.0, 8, 7.404513888888889, 0.1
576, 4273.0, 8, 7.4055459272097055, 0.1
577, 4280.0, 7, 7.404844290657439, 0.1
578, 4287.0, 7, 7.404145077720207, 0.1
579, 4294.0, 7, 7.403448275862069, 0.1
580, 4302.0, 8, 7.40447504302926, 0.1
581, 4310.0, 8, 7.405498281786942, 0.1
582, 4318.0, 8, 7.406518010291595, 0.1
583, 4326.0, 8, 7.407534246575342, 0.1
584, 4334.0, 8, 7.408547008547009, 0.1
585, 4342.0, 8, 7.409556313993174, 0.1
586, 4349.0, 7, 7.40885860306644, 0.1
587, 4357.0, 8, 7.409863945578231, 0.1
588, 4364.0, 7, 7.409168081494058, 0.1
589, 4372.0, 8, 7.410169491525424, 0.1
590, 4379.0, 7, 7.409475465313029, 0.1
591, 4387.0, 8, 7.410472972972973, 0.1
592, 4395.0, 8, 7.411467116357504, 0.1
593, 4401.0, 6, 7.409090909090909, 0.1
594, 4409.0, 8, 7.410084033613446, 0.1
595, 4415.0, 6, 7.407718120805369, 0.1
596, 4418.0, 3, 7.400335008375209, 0.1
597, 4426.0, 8, 7.40133779264214, 0.1
598, 4433.0, 7, 7.400667779632721, 0.1
599, 4439.0, 6, 7.398333333333333, 0.1
600, 4446.0, 7, 7.397670549084858, 0.1
601, 4453.0, 7, 7.397009966777409, 0.1
602, 4461.0, 8, 7.398009950248756, 0.1
603, 4468.0, 7, 7.397350993377484, 0.1
604, 4475.0, 7, 7.396694214876033, 0.1
605, 4483.0, 8, 7.397689768976898, 0.1
606, 4490.0, 7, 7.397034596375618, 0.1
607, 4497.0, 7, 7.396381578947368, 0.1
608, 4505.0, 8, 7.397372742200329, 0.1
609, 4513.0, 8, 7.398360655737705, 0.1
610, 4520.0, 7, 7.397708674304419, 0.1
611, 4526.0, 6, 7.395424836601308, 0.1
612, 4534.0, 8, 7.396411092985318, 0.1
613, 4541.0, 7, 7.3957654723127035, 0.1
614, 4548.0, 7, 7.3951219512195125, 0.1
615, 4555.0, 7, 7.39448051948052, 0.1
616, 4562.0, 7, 7.393841166936791, 0.1
617, 4568.0, 6, 7.391585760517799, 0.1
618, 4576.0, 8, 7.392568659127625, 0.1
619, 4577.0, 1, 7.382258064516129, 0.1
620, 4583.0, 6, 7.3800322061191626, 0.1
621, 4589.0, 6, 7.377813504823151, 0.1
622, 4597.0, 8, 7.378812199036918, 0.1
623, 4604.0, 7, 7.378205128205129, 0.1
624, 4611.0, 7, 7.3776, 0.1
625, 4619.0, 8, 7.378594249201278, 0.1
626, 4627.0, 8, 7.379585326953748, 0.1
627, 4634.0, 7, 7.3789808917197455, 0.1
628, 4642.0, 8, 7.379968203497615, 0.1
629, 4650.0, 8, 7.380952380952381, 0.1
630, 4656.0, 6, 7.378763866877971, 0.1
631, 4661.0, 5, 7.375, 0.1
632, 4669.0, 8, 7.3759873617693525, 0.1
633, 4677.0, 8, 7.3769716088328074, 0.1
634, 4684.0, 7, 7.376377952755906, 0.1
635, 4691.0, 7, 7.3757861635220126, 0.1
636, 4699.0, 8, 7.376766091051805, 0.1
637, 4706.0, 7, 7.376175548589342, 0.1
638, 4706.0, 0, 7.364632237871675, 0.1
639, 4714.0, 8, 7.365625, 0.1
640, 4721.0, 7, 7.365054602184087, 0.1
641, 4729.0, 8, 7.366043613707165, 0.1
642, 4732.0, 3, 7.359253499222395, 0.1
643, 4739.0, 7, 7.358695652173913, 0.1
644, 4747.0, 8, 7.35968992248062, 0.1
645, 4754.0, 7, 7.359133126934984, 0.1
646, 4761.0, 7, 7.358578052550232, 0.1
647, 4768.0, 7, 7.3580246913580245, 0.1
648, 4776.0, 8, 7.359013867488444, 0.1
649, 4783.0, 7, 7.358461538461539, 0.1
650, 4791.0, 8, 7.359447004608295, 0.1
651, 4794.0, 3, 7.352760736196319, 0.1
652, 4802.0, 8, 7.35375191424196, 0.1
653, 4810.0, 8, 7.3547400611620795, 0.1
654, 4817.0, 7, 7.354198473282443, 0.1
655, 4825.0, 8, 7.3551829268292686, 0.1
656, 4832.0, 7, 7.354642313546423, 0.1
657, 4838.0, 6, 7.35258358662614, 0.1
658, 4846.0, 8, 7.353566009104704, 0.1
659, 4853.0, 7, 7.3530303030303035, 0.1
660, 4858.0, 5, 7.34947049924357, 0.1
661, 4864.0, 6, 7.347432024169184, 0.1
662, 4871.0, 7, 7.346907993966817, 0.1
663, 4879.0, 8, 7.34789156626506, 0.1
664, 4887.0, 8, 7.348872180451128, 0.1
665, 4895.0, 8, 7.34984984984985, 0.1
666, 4903.0, 8, 7.350824587706147, 0.1
667, 4909.0, 6, 7.348802395209581, 0.1
668, 4916.0, 7, 7.348281016442451, 0.1
669, 4923.0, 7, 7.347761194029851, 0.1
670, 4931.0, 8, 7.348733233979136, 0.1
671, 4938.0, 7, 7.348214285714286, 0.1
672, 4945.0, 7, 7.3476968796433875, 0.1
673, 4952.0, 7, 7.347181008902077, 0.1
674, 4958.0, 6, 7.345185185185185, 0.1
675, 4965.0, 7, 7.344674556213017, 0.1
676, 4972.0, 7, 7.344165435745938, 0.1
677, 4973.0, 1, 7.334808259587021, 0.1
678, 4981.0, 8, 7.335787923416789, 0.1
679, 4988.0, 7, 7.3352941176470585, 0.1
680, 4995.0, 7, 7.334801762114537, 0.1
681, 5002.0, 7, 7.334310850439882, 0.1
682, 5007.0, 5, 7.330893118594436, 0.1
683, 5015.0, 8, 7.331871345029239, 0.1
684, 5019.0, 4, 7.327007299270073, 0.1
685, 5027.0, 8, 7.32798833819242, 0.1
686, 5033.0, 6, 7.326055312954876, 0.1
687, 5041.0, 8, 7.3270348837209305, 0.1
688, 5047.0, 6, 7.3251088534107405, 0.1
689, 5053.0, 6, 7.323188405797102, 0.1
690, 5060.0, 7, 7.322720694645441, 0.1
691, 5066.0, 6, 7.320809248554913, 0.1
692, 5074.0, 8, 7.321789321789322, 0.1
693, 5081.0, 7, 7.321325648414986, 0.1
694, 5089.0, 8, 7.322302158273382, 0.1
695, 5097.0, 8, 7.323275862068965, 0.1
696, 5104.0, 7, 7.322812051649929, 0.1
697, 5111.0, 7, 7.322349570200573, 0.1
698, 5118.0, 7, 7.3218884120171674, 0.1
699, 5126.0, 8, 7.322857142857143, 0.1
700, 5133.0, 7, 7.3223965763195435, 0.1
701, 5140.0, 7, 7.321937321937322, 0.1
702, 5146.0, 6, 7.320056899004268, 0.1
703, 5152.0, 6, 7.318181818181818, 0.1
704, 5160.0, 8, 7.319148936170213, 0.1
705, 5168.0, 8, 7.3201133144475925, 0.1
706, 5173.0, 5, 7.316831683168317, 0.1
707, 5173.0, 0, 7.306497175141243, 0.1
708, 5180.0, 7, 7.306064880112835, 0.1
709, 5188.0, 8, 7.307042253521127, 0.1
710, 5196.0, 8, 7.30801687763713, 0.1
711, 5203.0, 7, 7.307584269662922, 0.1
712, 5210.0, 7, 7.307152875175316, 0.1
713, 5215.0, 5, 7.303921568627451, 0.1
714, 5222.0, 7, 7.303496503496503, 0.1
715, 5230.0, 8, 7.304469273743017, 0.1
716, 5235.0, 5, 7.301255230125523, 0.1
717, 5243.0, 8, 7.302228412256268, 0.1
718, 5251.0, 8, 7.303198887343533, 0.1
719, 5258.0, 7, 7.302777777777778, 0.1
720, 5266.0, 8, 7.30374479889043, 0.1
721, 5272.0, 6, 7.301939058171745, 0.1
722, 5279.0, 7, 7.301521438450899, 0.1
723, 5287.0, 8, 7.302486187845304, 0.1
724, 5291.0, 4, 7.297931034482759, 0.1
725, 5299.0, 8, 7.298898071625344, 0.1
726, 5306.0, 7, 7.298486932599725, 0.1
727, 5314.0, 8, 7.299450549450549, 0.1
728, 5321.0, 7, 7.299039780521262, 0.1
729, 5329.0, 8, 7.3, 0.1
730, 5333.0, 4, 7.295485636114911, 0.1
731, 5341.0, 8, 7.296448087431694, 0.1
732, 5349.0, 8, 7.297407912687586, 0.1
733, 5356.0, 7, 7.29700272479564, 0.1
734, 5363.0, 7, 7.296598639455782, 0.1
735, 5369.0, 6, 7.294836956521739, 0.1
736, 5376.0, 7, 7.2944369063772045, 0.1
737, 5382.0, 6, 7.2926829268292686, 0.1
738, 5390.0, 8, 7.293640054127199, 0.1
739, 5398.0, 8, 7.294594594594595, 0.1
740, 5406.0, 8, 7.295546558704453, 0.1
741, 5414.0, 8, 7.296495956873315, 0.1
742, 5421.0, 7, 7.296096904441454, 0.1
743, 5429.0, 8, 7.297043010752688, 0.1
744, 5437.0, 8, 7.2979865771812085, 0.1
745, 5444.0, 7, 7.297587131367292, 0.1
746, 5451.0, 7, 7.2971887550200805, 0.1
747, 5459.0, 8, 7.298128342245989, 0.1
748, 5464.0, 5, 7.2950600801068095, 0.1
749, 5470.0, 6, 7.293333333333333, 0.1
750, 5477.0, 7, 7.292942743009321, 0.1
751, 5485.0, 8, 7.2938829787234045, 0.1
752, 5492.0, 7, 7.293492695883134, 0.1
753, 5498.0, 6, 7.291777188328912, 0.1
754, 5499.0, 1, 7.283443708609272, 0.1
755, 5507.0, 8, 7.284391534391534, 0.1
756, 5515.0, 8, 7.285336856010568, 0.1
757, 5521.0, 6, 7.283641160949868, 0.1
758, 5525.0, 4, 7.27931488801054, 0.1
759, 5533.0, 8, 7.280263157894737, 0.1
760, 5541.0, 8, 7.281208935611038, 0.1
761, 5545.0, 4, 7.276902887139108, 0.1
762, 5547.0, 2, 7.269986893840104, 0.1
763, 5555.0, 8, 7.270942408376963, 0.1
764, 5563.0, 8, 7.271895424836601, 0.1
765, 5565.0, 2, 7.265013054830288, 0.1
766, 5572.0, 7, 7.2646675358539765, 0.1
767, 5580.0, 8, 7.265625, 0.1
768, 5588.0, 8, 7.266579973992197, 0.1
769, 5595.0, 7, 7.266233766233766, 0.1
770, 5603.0, 8, 7.267185473411154, 0.1
771, 5609.0, 6, 7.265544041450777, 0.1
772, 5611.0, 2, 7.258732212160414, 0.1
773, 5618.0, 7, 7.258397932816537, 0.1
774, 5625.0, 7, 7.258064516129032, 0.1
775, 5633.0, 8, 7.259020618556701, 0.1
776, 5639.0, 6, 7.257400257400257, 0.1
777, 5643.0, 4, 7.253213367609255, 0.1
778, 5651.0, 8, 7.2541720154043645, 0.1
779, 5658.0, 7, 7.253846153846154, 0.1
780, 5664.0, 6, 7.25224071702945, 0.1
781, 5672.0, 8, 7.253196930946292, 0.1
782, 5680.0, 8, 7.254150702426564, 0.1
783, 5687.0, 7, 7.253826530612245, 0.1
784, 5695.0, 8, 7.254777070063694, 0.1
785, 5696.0, 1, 7.246819338422392, 0.1
786, 5703.0, 7, 7.246505717916137, 0.1
787, 5711.0, 8, 7.24746192893401, 0.1
788, 5719.0, 8, 7.248415716096324, 0.1
789, 5726.0, 7, 7.248101265822785, 0.1
790, 5732.0, 6, 7.246523388116309, 0.1
791, 5738.0, 6, 7.244949494949495, 0.1
792, 5745.0, 7, 7.244640605296343, 0.1
793, 5752.0, 7, 7.244332493702771, 0.1
794, 5760.0, 8, 7.245283018867925, 0.1
795, 5765.0, 5, 7.242462311557789, 0.1
796, 5773.0, 8, 7.243412797992471, 0.1
797, 5780.0, 7, 7.243107769423559, 0.1
798, 5788.0, 8, 7.244055068836045, 0.1
799, 5796.0, 8, 7.245, 0.1
800, 5803.0, 7, 7.2446941323345815, 0.1
801, 5811.0, 8, 7.245635910224439, 0.1
802, 5819.0, 8, 7.2465753424657535, 0.1
803, 5827.0, 8, 7.247512437810945, 0.1
804, 5834.0, 7, 7.247204968944099, 0.1
805, 5842.0, 8, 7.248138957816377, 0.1
806, 5849.0, 7, 7.247831474597274, 0.1
807, 5856.0, 7, 7.247524752475248, 0.1
808, 5864.0, 8, 7.2484548825710755, 0.1
809, 5871.0, 7, 7.2481481481481485, 0.1
810, 5877.0, 6, 7.246609124537608, 0.1
811, 5880.0, 3, 7.241379310344827, 0.1
812, 5887.0, 7, 7.2410824108241085, 0.1
813, 5895.0, 8, 7.242014742014742, 0.1
814, 5903.0, 8, 7.242944785276074, 0.1
815, 5911.0, 8, 7.243872549019608, 0.1
816, 5918.0, 7, 7.243574051407589, 0.1
817, 5926.0, 8, 7.244498777506112, 0.1
818, 5933.0, 7, 7.244200244200244, 0.1
819, 5941.0, 8, 7.245121951219512, 0.1
820, 5949.0, 8, 7.246041412911084, 0.1
821, 5953.0, 4, 7.242092457420925, 0.1
822, 5961.0, 8, 7.2430133657351154, 0.1
823, 5968.0, 7, 7.242718446601942, 0.1
824, 5974.0, 6, 7.241212121212121, 0.1
825, 5981.0, 7, 7.2409200968523, 0.1
826, 5985.0, 4, 7.237001209189843, 0.1
827, 5991.0, 6, 7.2355072463768115, 0.1
828, 5995.0, 4, 7.231604342581424, 0.1
829, 6003.0, 8, 7.232530120481928, 0.1
830, 6011.0, 8, 7.233453670276775, 0.1
831, 6019.0, 8, 7.234375, 0.1
832, 6027.0, 8, 7.235294117647059, 0.1
833, 6034.0, 7, 7.235011990407674, 0.1
834, 6040.0, 6, 7.233532934131737, 0.1
835, 6048.0, 8, 7.23444976076555, 0.1
836, 6055.0, 7, 7.234169653524492, 0.1
837, 6063.0, 8, 7.23508353221957, 0.1
838, 6071.0, 8, 7.235995232419547, 0.1
839, 6079.0, 8, 7.2369047619047615, 0.1
840, 6084.0, 5, 7.234244946492271, 0.1
841, 6092.0, 8, 7.235154394299287, 0.1
842, 6099.0, 7, 7.234875444839858, 0.1
843, 6106.0, 7, 7.234597156398104, 0.1
844, 6112.0, 6, 7.233136094674556, 0.1
845, 6119.0, 7, 7.232860520094563, 0.1
846, 6127.0, 8, 7.233766233766234, 0.1
847, 6135.0, 8, 7.234669811320755, 0.1
848, 6141.0, 6, 7.23321554770318, 0.1
849, 6149.0, 8, 7.234117647058824, 0.1
850, 6157.0, 8, 7.235017626321974, 0.1
851, 6164.0, 7, 7.234741784037559, 0.1
852, 6171.0, 7, 7.234466588511137, 0.1
853, 6174.0, 3, 7.229508196721311, 0.1
854, 6182.0, 8, 7.230409356725146, 0.1
855, 6190.0, 8, 7.231308411214953, 0.1
856, 6196.0, 6, 7.229871645274212, 0.1
857, 6203.0, 7, 7.229603729603729, 0.1
858, 6209.0, 6, 7.228172293364377, 0.1
859, 6213.0, 4, 7.224418604651163, 0.1
860, 6220.0, 7, 7.224157955865273, 0.1
861, 6228.0, 8, 7.225058004640371, 0.1
862, 6236.0, 8, 7.22595596755504, 0.1
863, 6238.0, 2, 7.219907407407407, 0.1
864, 6245.0, 7, 7.219653179190751, 0.1
865, 6252.0, 7, 7.219399538106235, 0.1
866, 6259.0, 7, 7.219146482122261, 0.1
867, 6266.0, 7, 7.21889400921659, 0.1
868, 6273.0, 7, 7.2186421173762945, 0.1
869, 6280.0, 7, 7.218390804597701, 0.1
870, 6287.0, 7, 7.2181400688863375, 0.1
871, 6295.0, 8, 7.219036697247707, 0.1
872, 6303.0, 8, 7.219931271477663, 0.1
873, 6310.0, 7, 7.219679633867277, 0.1
874, 6318.0, 8, 7.220571428571429, 0.1
875, 6326.0, 8, 7.2214611872146115, 0.1
876, 6333.0, 7, 7.2212086659065, 0.1
877, 6341.0, 8, 7.222095671981776, 0.1
878, 6348.0, 7, 7.221843003412969, 0.1
879, 6356.0, 8, 7.222727272727273, 0.1
880, 6364.0, 8, 7.22360953461975, 0.1
881, 6371.0, 7, 7.223356009070295, 0.1
882, 6377.0, 6, 7.221970554926387, 0.1
883, 6384.0, 7, 7.221719457013575, 0.1
884, 6392.0, 8, 7.222598870056498, 0.1
885, 6399.0, 7, 7.22234762979684, 0.1
886, 6407.0, 8, 7.223224351747463, 0.1
887, 6415.0, 8, 7.224099099099099, 0.1
888, 6422.0, 7, 7.223847019122609, 0.1
889, 6428.0, 6, 7.222471910112359, 0.1
890, 6435.0, 7, 7.222222222222222, 0.1
891, 6443.0, 8, 7.223094170403588, 0.1
892, 6449.0, 6, 7.221724524076148, 0.1
893, 6456.0, 7, 7.221476510067114, 0.1
894, 6464.0, 8, 7.222346368715084, 0.1
895, 6472.0, 8, 7.223214285714286, 0.1
896, 6480.0, 8, 7.224080267558528, 0.1
897, 6488.0, 8, 7.224944320712694, 0.1
898, 6493.0, 5, 7.222469410456062, 0.1
899, 6501.0, 8, 7.223333333333334, 0.1
900, 6508.0, 7, 7.223085460599334, 0.1
901, 6516.0, 8, 7.223946784922394, 0.1
902, 6522.0, 6, 7.222591362126246, 0.1
903, 6530.0, 8, 7.2234513274336285, 0.1
904, 6536.0, 6, 7.222099447513812, 0.1
905, 6544.0, 8, 7.222958057395143, 0.1
906, 6551.0, 7, 7.22271223814774, 0.1
907, 6559.0, 8, 7.223568281938326, 0.1
908, 6567.0, 8, 7.224422442244224, 0.1
909, 6575.0, 8, 7.225274725274725, 0.1
910, 6583.0, 8, 7.226125137211855, 0.1
911, 6590.0, 7, 7.225877192982456, 0.1
912, 6597.0, 7, 7.225629791894852, 0.1
913, 6604.0, 7, 7.225382932166302, 0.1
914, 6606.0, 2, 7.219672131147541, 0.1
915, 6613.0, 7, 7.21943231441048, 0.1
916, 6621.0, 8, 7.220283533260632, 0.1
917, 6629.0, 8, 7.221132897603486, 0.1
918, 6637.0, 8, 7.221980413492927, 0.1
919, 6644.0, 7, 7.221739130434782, 0.1
920, 6650.0, 6, 7.2204125950054285, 0.1
921, 6656.0, 6, 7.219088937093275, 0.1
922, 6662.0, 6, 7.217768147345613, 0.1
923, 6670.0, 8, 7.2186147186147185, 0.1
924, 6678.0, 8, 7.219459459459459, 0.1
925, 6685.0, 7, 7.219222462203024, 0.1
926, 6692.0, 7, 7.21898597626753, 0.1
927, 6700.0, 8, 7.219827586206897, 0.1
928, 6707.0, 7, 7.219590958019376, 0.1
929, 6714.0, 7, 7.219354838709678, 0.1
930, 6721.0, 7, 7.219119226638024, 0.1
931, 6728.0, 7, 7.218884120171674, 0.1
932, 6736.0, 8, 7.219721329046088, 0.1
933, 6744.0, 8, 7.220556745182013, 0.1
934, 6751.0, 7, 7.220320855614974, 0.1
935, 6757.0, 6, 7.219017094017094, 0.1
936, 6762.0, 5, 7.216648879402348, 0.1
937, 6765.0, 3, 7.212153518123667, 0.1
938, 6772.0, 7, 7.211927582534611, 0.1
939, 6779.0, 7, 7.211702127659574, 0.1
940, 6785.0, 6, 7.210414452709883, 0.1
941, 6793.0, 8, 7.211252653927813, 0.1
942, 6800.0, 7, 7.21102863202545, 0.1
943, 6808.0, 8, 7.211864406779661, 0.1
944, 6816.0, 8, 7.212698412698413, 0.1
945, 6823.0, 7, 7.2124735729386895, 0.1
946, 6831.0, 8, 7.213305174234424, 0.1
947, 6837.0, 6, 7.212025316455696, 0.1
948, 6845.0, 8, 7.212855637513171, 0.1
949, 6852.0, 7, 7.212631578947368, 0.1
950, 6860.0, 8, 7.213459516298633, 0.1
951, 6867.0, 7, 7.213235294117647, 0.1
952, 6874.0, 7, 7.213011542497377, 0.1
953, 6881.0, 7, 7.212788259958072, 0.1
954, 6889.0, 8, 7.213612565445026, 0.1
955, 6894.0, 5, 7.2112970711297075, 0.1
956, 6900.0, 6, 7.210031347962382, 0.1
957, 6908.0, 8, 7.210855949895616, 0.1
958, 6915.0, 7, 7.210636079249218, 0.1
959, 6921.0, 6, 7.209375, 0.1
960, 6926.0, 5, 7.2070759625390215, 0.1
961, 6934.0, 8, 7.207900207900208, 0.1
962, 6941.0, 7, 7.207684319833852, 0.1
963, 6948.0, 7, 7.20746887966805, 0.1
964, 6956.0, 8, 7.208290155440414, 0.1
965, 6964.0, 8, 7.209109730848861, 0.1
966, 6971.0, 7, 7.208893485005171, 0.1
967, 6976.0, 5, 7.206611570247934, 0.1
968, 6984.0, 8, 7.207430340557275, 0.1
969, 6990.0, 6, 7.206185567010309, 0.1
970, 6991.0, 1, 7.1997940267765195, 0.1
971, 6999.0, 8, 7.200617283950617, 0.1
972, 7006.0, 7, 7.200411099691675, 0.1
973, 7014.0, 8, 7.201232032854209, 0.1
974, 7022.0, 8, 7.202051282051282, 0.1
975, 7030.0, 8, 7.202868852459017, 0.1
976, 7037.0, 7, 7.202661207778915, 0.1
977, 7044.0, 7, 7.2024539877300615, 0.1
978, 7052.0, 8, 7.203268641470888, 0.1
979, 7060.0, 8, 7.204081632653061, 0.1
980, 7068.0, 8, 7.204892966360856, 0.1
981, 7076.0, 8, 7.205702647657841, 0.1
982, 7083.0, 7, 7.205493387589013, 0.1
983, 7090.0, 7, 7.205284552845528, 0.1
984, 7097.0, 7, 7.20507614213198, 0.1
985, 7102.0, 5, 7.202839756592292, 0.1
986, 7110.0, 8, 7.203647416413374, 0.1
987, 7118.0, 8, 7.204453441295547, 0.1
988, 7126.0, 8, 7.20525783619818, 0.1
989, 7133.0, 7, 7.205050505050505, 0.1
990, 7141.0, 8, 7.205852674066599, 0.1
991, 7149.0, 8, 7.206653225806452, 0.1
992, 7156.0, 7, 7.206445115810674, 0.1
993, 7163.0, 7, 7.206237424547283, 0.1
994, 7171.0, 8, 7.207035175879397, 0.1
995, 7177.0, 6, 7.205823293172691, 0.1
996, 7185.0, 8, 7.206619859578736, 0.1
997, 7193.0, 8, 7.207414829659319, 0.1
998, 7200.0, 7, 7.207207207207207, 0.1
999, 7207.0, 7, 7.207, 0.1
1000, 7214.0, 7, 7.206793206793207, 0.1
1001, 7215.0, 1, 7.200598802395209, 0.1
1002, 7222.0, 7, 7.200398803589232, 0.1
1003, 7230.0, 8, 7.201195219123506, 0.1
1004, 7236.0, 6, 7.2, 0.1
1005, 7243.0, 7, 7.199801192842942, 0.1
1006, 7251.0, 8, 7.20059582919563, 0.1
1007, 7259.0, 8, 7.201388888888889, 0.1
1008, 7266.0, 7, 7.201189296333003, 0.1
1009, 7273.0, 7, 7.200990099009901, 0.1
1010, 7281.0, 8, 7.201780415430267, 0.1
1011, 7289.0, 8, 7.202569169960475, 0.1
1012, 7295.0, 6, 7.2013820335636725, 0.1
1013, 7303.0, 8, 7.202169625246548, 0.1
1014, 7310.0, 7, 7.201970443349754, 0.1
1015, 7317.0, 7, 7.201771653543307, 0.1
1016, 7324.0, 7, 7.2015732546706, 0.1
1017, 7332.0, 8, 7.202357563850688, 0.1
1018, 7339.0, 7, 7.202158979391561, 0.1
1019, 7346.0, 7, 7.201960784313726, 0.1
1020, 7354.0, 8, 7.202742409402546, 0.1
1021, 7362.0, 8, 7.203522504892368, 0.1
1022, 7370.0, 8, 7.204301075268817, 0.1
1023, 7378.0, 8, 7.205078125, 0.1
1024, 7385.0, 7, 7.204878048780488, 0.1
1025, 7386.0, 1, 7.1988304093567255, 0.1
1026, 7394.0, 8, 7.199610516066212, 0.1
1027, 7402.0, 8, 7.200389105058366, 0.1
1028, 7410.0, 8, 7.201166180758017, 0.1
1029, 7410.0, 0, 7.194174757281553, 0.1
1030, 7417.0, 7, 7.193986420950534, 0.1
1031, 7424.0, 7, 7.1937984496124034, 0.1
1032, 7431.0, 7, 7.193610842207163, 0.1
1033, 7436.0, 5, 7.191489361702128, 0.1
1034, 7443.0, 7, 7.191304347826087, 0.1
1035, 7451.0, 8, 7.192084942084942, 0.1
1036, 7457.0, 6, 7.1909353905496625, 0.1
1037, 7459.0, 2, 7.1859344894026975, 0.1
1038, 7467.0, 8, 7.186717998075072, 0.1
1039, 7475.0, 8, 7.1875, 0.1
1040, 7482.0, 7, 7.187319884726225, 0.1
1041, 7490.0, 8, 7.188099808061421, 0.1
1042, 7497.0, 7, 7.1879194630872485, 0.1
1043, 7503.0, 6, 7.186781609195402, 0.1
1044, 7511.0, 8, 7.18755980861244, 0.1
1045, 7518.0, 7, 7.187380497131931, 0.1
1046, 7526.0, 8, 7.188156638013371, 0.1
1047, 7534.0, 8, 7.188931297709924, 0.1
1048, 7541.0, 7, 7.1887511916110585, 0.1
1049, 7548.0, 7, 7.188571428571429, 0.1
1050, 7556.0, 8, 7.1893434823977165, 0.1
1051, 7562.0, 6, 7.188212927756654, 0.1
1052, 7569.0, 7, 7.188034188034188, 0.1
1053, 7576.0, 7, 7.1878557874762805, 0.1
1054, 7582.0, 6, 7.1867298578199055, 0.1
1055, 7590.0, 8, 7.1875, 0.1
1056, 7598.0, 8, 7.188268684957427, 0.1
1057, 7604.0, 6, 7.187145557655954, 0.1
1058, 7611.0, 7, 7.186968838526912, 0.1
1059, 7619.0, 8, 7.187735849056604, 0.1
1060, 7627.0, 8, 7.188501413760603, 0.1
1061, 7634.0, 7, 7.188323917137477, 0.1
1062, 7642.0, 8, 7.189087488240828, 0.1
1063, 7649.0, 7, 7.18890977443609, 0.1
1064, 7654.0, 5, 7.186854460093897, 0.1
1065, 7660.0, 6, 7.185741088180112, 0.1
1066, 7666.0, 6, 7.184629803186504, 0.1
1067, 7671.0, 5, 7.182584269662922, 0.1
1068, 7671.0, 0, 7.175865294667914, 0.1
1069, 7678.0, 7, 7.17570093457944, 0.1
1070, 7684.0, 6, 7.174603174603175, 0.1
1071, 7691.0, 7, 7.174440298507463, 0.1
1072, 7698.0, 7, 7.174277726001864, 0.1
1073, 7706.0, 8, 7.1750465549348235, 0.1
1074, 7713.0, 7, 7.174883720930232, 0.1
1075, 7717.0, 4, 7.171933085501859, 0.1
1076, 7724.0, 7, 7.1717734447539465, 0.1
1077, 7731.0, 7, 7.171614100185529, 0.1
1078, 7739.0, 8, 7.1723818350324375, 0.1
1079, 7746.0, 7, 7.1722222222222225, 0.1
1080, 7753.0, 7, 7.172062904717854, 0.1
1081, 7760.0, 7, 7.171903881700555, 0.1
1082, 7768.0, 8, 7.172668513388735, 0.1
1083, 7774.0, 6, 7.171586715867159, 0.1
1084, 7782.0, 8, 7.172350230414747, 0.1
1085, 7790.0, 8, 7.173112338858195, 0.1
1086, 7798.0, 8, 7.173873045078197, 0.1
1087, 7806.0, 8, 7.174632352941177, 0.1
1088, 7814.0, 8, 7.175390266299357, 0.1
1089, 7822.0, 8, 7.176146788990826, 0.1
1090, 7829.0, 7, 7.175985334555453, 0.1
1091, 7836.0, 7, 7.175824175824176, 0.1
1092, 7844.0, 8, 7.176578225068618, 0.1
1093, 7849.0, 5, 7.174588665447898, 0.1
1094, 7856.0, 7, 7.174429223744292, 0.1
1095, 7862.0, 6, 7.173357664233577, 0.1
1096, 7867.0, 5, 7.171376481312671, 0.1
1097, 7875.0, 8, 7.172131147540983, 0.1
1098, 7882.0, 7, 7.171974522292993, 0.1
1099, 7890.0, 8, 7.172727272727273, 0.1
1100, 7897.0, 7, 7.172570390554042, 0.1
1101, 7901.0, 4, 7.169691470054446, 0.1
1102, 7907.0, 6, 7.168631006346328, 0.1
1103, 7914.0, 7, 7.168478260869565, 0.1
1104, 7920.0, 6, 7.167420814479638, 0.1
1105, 7927.0, 7, 7.1672694394213385, 0.1
1106, 7935.0, 8, 7.168021680216802, 0.1
1107, 7943.0, 8, 7.168772563176895, 0.1
1108, 7949.0, 6, 7.167718665464382, 0.1
1109, 7957.0, 8, 7.168468468468468, 0.1
1110, 7963.0, 6, 7.167416741674168, 0.1
1111, 7970.0, 7, 7.16726618705036, 0.1
1112, 7978.0, 8, 7.168014375561546, 0.1
1113, 7986.0, 8, 7.168761220825853, 0.1
1114, 7992.0, 6, 7.167713004484305, 0.1
1115, 7999.0, 7, 7.167562724014337, 0.1
1116, 8006.0, 7, 7.167412712623098, 0.1
1117, 8012.0, 6, 7.166368515205725, 0.1
1118, 8019.0, 7, 7.166219839142091, 0.1
1119, 8025.0, 6, 7.165178571428571, 0.1
1120, 8033.0, 8, 7.165923282783229, 0.1
1121, 8041.0, 8, 7.166666666666667, 0.1
1122, 8048.0, 7, 7.166518254674978, 0.1
1123, 8056.0, 8, 7.167259786476868, 0.1
1124, 8062.0, 6, 7.166222222222222, 0.1
1125, 8069.0, 7, 7.166074600355239, 0.1
1126, 8076.0, 7, 7.165927240461402, 0.1
1127, 8084.0, 8, 7.166666666666667, 0.1
1128, 8091.0, 7, 7.16651904340124, 0.1
1129, 8096.0, 5, 7.1646017699115045, 0.1
1130, 8103.0, 7, 7.164456233421751, 0.1
1131, 8108.0, 5, 7.162544169611308, 0.1
1132, 8115.0, 7, 7.162400706090026, 0.1
1133, 8123.0, 8, 7.163139329805997, 0.1
1134, 8130.0, 7, 7.1629955947136565, 0.1
1135, 8138.0, 8, 7.163732394366197, 0.1
1136, 8143.0, 5, 7.161829375549692, 0.1
1137, 8150.0, 7, 7.161687170474517, 0.1
1138, 8158.0, 8, 7.162423178226515, 0.1
1139, 8161.0, 3, 7.158771929824561, 0.1
1140, 8168.0, 7, 7.15863277826468, 0.1
1141, 8175.0, 7, 7.158493870402802, 0.1
1142, 8181.0, 6, 7.15748031496063, 0.1
1143, 8189.0, 8, 7.158216783216783, 0.1
1144, 8197.0, 8, 7.158951965065502, 0.1
1145, 8204.0, 7, 7.158813263525305, 0.1
1146, 8210.0, 6, 7.157802964254577, 0.1
1147, 8213.0, 3, 7.15418118466899, 0.1
1148, 8221.0, 8, 7.154917319408181, 0.1
1149, 8228.0, 7, 7.154782608695652, 0.1
1150, 8236.0, 8, 7.155516941789748, 0.1
1151, 8243.0, 7, 7.155381944444445, 0.1
1152, 8249.0, 6, 7.154379878577624, 0.1
1153, 8257.0, 8, 7.155112651646447, 0.1
1154, 8265.0, 8, 7.1558441558441555, 0.1
1155, 8271.0, 6, 7.154844290657439, 0.1
1156, 8279.0, 8, 7.155574762316335, 0.1
1157, 8285.0, 6, 7.1545768566493955, 0.1
1158, 8293.0, 8, 7.155306298533218, 0.1
1159, 8300.0, 7, 7.155172413793103, 0.1
1160, 8307.0, 7, 7.155038759689923, 0.1
1161, 8313.0, 6, 7.154044750430293, 0.1
1162, 8319.0, 6, 7.153052450558899, 0.1
1163, 8327.0, 8, 7.153780068728523, 0.1
1164, 8335.0, 8, 7.15450643776824, 0.1
1165, 8341.0, 6, 7.153516295025729, 0.1
1166, 8349.0, 8, 7.154241645244216, 0.1
1167, 8356.0, 7, 7.154109589041096, 0.1
1168, 8363.0, 7, 7.153977758768178, 0.1
1169, 8370.0, 7, 7.153846153846154, 0.1
1170, 8377.0, 7, 7.153714773697694, 0.1
1171, 8385.0, 8, 7.15443686006826, 0.1
1172, 8393.0, 8, 7.155157715260017, 0.1
1173, 8401.0, 8, 7.15587734241908, 0.1
1174, 8401.0, 0, 7.149787234042553, 0.1
1175, 8409.0, 8, 7.150510204081633, 0.1
1176, 8416.0, 7, 7.150382327952421, 0.1
1177, 8424.0, 8, 7.151103565365026, 0.1
1178, 8431.0, 7, 7.1509754028838, 0.1
1179, 8436.0, 5, 7.149152542372882, 0.1
1180, 8443.0, 7, 7.149026248941575, 0.1
1181, 8451.0, 8, 7.149746192893401, 0.1
1182, 8456.0, 5, 7.14792899408284, 0.1
1183, 8462.0, 6, 7.14695945945946, 0.1
1184, 8470.0, 8, 7.147679324894515, 0.1
1185, 8476.0, 6, 7.146711635750422, 0.1
1186, 8483.0, 7, 7.1465880370682395, 0.1
1187, 8489.0, 6, 7.145622895622895, 0.1
1188, 8496.0, 7, 7.145500420521446, 0.1
1189, 8504.0, 8, 7.146218487394958, 0.1
1190, 8512.0, 8, 7.146935348446683, 0.1
1191, 8520.0, 8, 7.147651006711409, 0.1
1192, 8525.0, 5, 7.1458507963118185, 0.1
1193, 8531.0, 6, 7.144891122278057, 0.1
1194, 8539.0, 8, 7.145606694560669, 0.1
1195, 8547.0, 8, 7.146321070234114, 0.1
1196, 8555.0, 8, 7.14703425229741, 0.1
1197, 8563.0, 8, 7.147746243739566, 0.1
1198, 8571.0, 8, 7.148457047539616, 0.1
1199, 8579.0, 8, 7.149166666666667, 0.1
1200, 8586.0, 7, 7.149042464612823, 0.1
1201, 8594.0, 8, 7.149750415973378, 0.1
1202, 8601.0, 7, 7.149625935162095, 0.1
1203, 8608.0, 7, 7.149501661129568, 0.1
1204, 8614.0, 6, 7.148547717842324, 0.1
1205, 8619.0, 5, 7.146766169154229, 0.1
1206, 8626.0, 7, 7.146644573322287, 0.1
1207, 8633.0, 7, 7.146523178807947, 0.1
1208, 8641.0, 8, 7.147229114971051, 0.1
1209, 8649.0, 8, 7.147933884297521, 0.1
1210, 8657.0, 8, 7.148637489677952, 0.1
1211, 8664.0, 7, 7.148514851485149, 0.1
1212, 8672.0, 8, 7.14921681780709, 0.1
1213, 8678.0, 6, 7.14827018121911, 0.1
1214, 8685.0, 7, 7.148148148148148, 0.1
1215, 8692.0, 7, 7.1480263157894735, 0.1
1216, 8699.0, 7, 7.147904683648315, 0.1
1217, 8707.0, 8, 7.148604269293925, 0.1
1218, 8715.0, 8, 7.1493027071369974, 0.1
1219, 8722.0, 7, 7.149180327868852, 0.1
1220, 8730.0, 8, 7.14987714987715, 0.1
1221, 8738.0, 8, 7.150572831423895, 0.1
1222, 8745.0, 7, 7.150449713818479, 0.1
1223, 8753.0, 8, 7.151143790849673, 0.1
1224, 8760.0, 7, 7.151020408163265, 0.1
1225, 8767.0, 7, 7.150897226753671, 0.1
1226, 8774.0, 7, 7.150774246128769, 0.1
1227, 8782.0, 8, 7.151465798045603, 0.1
1228, 8790.0, 8, 7.152156224572823, 0.1
1229, 8796.0, 6, 7.151219512195122, 0.1
1230, 8801.0, 5, 7.149471974004874, 0.1
1231, 8808.0, 7, 7.14935064935065, 0.1
1232, 8816.0, 8, 7.150040551500405, 0.1
1233, 8822.0, 6, 7.1491085899513775, 0.1
1234, 8823.0, 1, 7.14412955465587, 0.1
1235, 8831.0, 8, 7.144822006472492, 0.1
1236, 8838.0, 7, 7.144704931285368, 0.1
1237, 8843.0, 5, 7.14297253634895, 0.1
1238, 8849.0, 6, 7.142050040355125, 0.1
1239, 8857.0, 8, 7.142741935483871, 0.1
1240, 8865.0, 8, 7.143432715551974, 0.1
1241, 8870.0, 5, 7.14170692431562, 0.1
1242, 8878.0, 8, 7.142397425583266, 0.1
1243, 8885.0, 7, 7.142282958199357, 0.1
1244, 8885.0, 0, 7.136546184738956, 0.1
1245, 8892.0, 7, 7.136436597110754, 0.1
1246, 8897.0, 5, 7.134723336006416, 0.1
1247, 8905.0, 8, 7.135416666666667, 0.1
1248, 8913.0, 8, 7.136108887109688, 0.1
1249, 8921.0, 8, 7.1368, 0.1
1250, 8928.0, 7, 7.136690647482014, 0.1
1251, 8936.0, 8, 7.137380191693291, 0.1
1252, 8943.0, 7, 7.137270550678372, 0.1
1253, 8950.0, 7, 7.137161084529506, 0.1
1254, 8958.0, 8, 7.137848605577689, 0.1
1255, 8966.0, 8, 7.138535031847134, 0.1
1256, 8973.0, 7, 7.138424821002387, 0.1
1257, 8981.0, 8, 7.139109697933227, 0.1
1258, 8987.0, 6, 7.138204924543288, 0.1
1259, 8994.0, 7, 7.1380952380952385, 0.1
1260, 8999.0, 5, 7.136399682791436, 0.1
1261, 9007.0, 8, 7.137083993660855, 0.1
1262, 9014.0, 7, 7.136975455265241, 0.1
1263, 9021.0, 7, 7.136867088607595, 0.1
1264, 9029.0, 8, 7.137549407114625, 0.1
1265, 9034.0, 5, 7.135860979462875, 0.1
1266, 9042.0, 8, 7.136543014996054, 0.1
1267, 9049.0, 7, 7.136435331230284, 0.1
1268, 9056.0, 7, 7.136327817178881, 0.1
1269, 9063.0, 7, 7.136220472440945, 0.1
1270, 9067.0, 4, 7.13375295043273, 0.1
1271, 9067.0, 0, 7.12814465408805, 0.1
1272, 9073.0, 6, 7.12725844461901, 0.1
1273, 9079.0, 6, 7.126373626373627, 0.1
1274, 9086.0, 7, 7.126274509803921, 0.1
1275, 9093.0, 7, 7.126175548589342, 0.1
1276, 9101.0, 8, 7.126859827721222, 0.1
1277, 9109.0, 8, 7.127543035993741, 0.1
1278, 9117.0, 8, 7.128225175918686, 0.1
1279, 9125.0, 8, 7.12890625, 0.1
1280, 9133.0, 8, 7.129586260733801, 0.1
1281, 9140.0, 7, 7.129485179407176, 0.1
1282, 9146.0, 6, 7.128604832424006, 0.1
1283, 9154.0, 8, 7.129283489096573, 0.1
1284, 9161.0, 7, 7.129182879377432, 0.1
1285, 9169.0, 8, 7.129860031104199, 0.1
1286, 9176.0, 7, 7.12975912975913, 0.1
1287, 9183.0, 7, 7.129658385093168, 0.1
1288, 9191.0, 8, 7.13033359193173, 0.1
1289, 9198.0, 7, 7.130232558139535, 0.1
1290, 9205.0, 7, 7.130131680867544, 0.1
1291, 9212.0, 7, 7.130030959752322, 0.1
1292, 9219.0, 7, 7.129930394431555, 0.1
1293, 9227.0, 8, 7.130602782071097, 0.1
1294, 9234.0, 7, 7.13050193050193, 0.1
1295, 9241.0, 7, 7.130401234567901, 0.1
1296, 9246.0, 5, 7.128758673862761, 0.1
1297, 9252.0, 6, 7.12788906009245, 0.1
1298, 9259.0, 7, 7.127790608160123, 0.1
1299, 9259.0, 0, 7.122307692307692, 0.1
1300, 9265.0, 6, 7.121445042275173, 0.1
1301, 9273.0, 8, 7.122119815668203, 0.1
1302, 9280.0, 7, 7.122026093630084, 0.1
1303, 9287.0, 7, 7.1219325153374236, 0.1
1304, 9295.0, 8, 7.1226053639846745, 0.1
1305, 9301.0, 6, 7.121745788667687, 0.1
1306, 9308.0, 7, 7.121652639632747, 0.1
1307, 9314.0, 6, 7.120795107033639, 0.1
1308, 9321.0, 7, 7.1207028265851795, 0.1
1309, 9329.0, 8, 7.121374045801526, 0.1
1310, 9330.0, 1, 7.116704805491991, 0.1
1311, 9338.0, 8, 7.117378048780488, 0.1
1312, 9345.0, 7, 7.1172886519421175, 0.1
1313, 9353.0, 8, 7.117960426179605, 0.1
1314, 9360.0, 7, 7.11787072243346, 0.1
1315, 9363.0, 3, 7.114741641337386, 0.1
1316, 9370.0, 7, 7.114654517843584, 0.1
1317, 9377.0, 7, 7.114567526555387, 0.1
1318, 9385.0, 8, 7.115238817285823, 0.1
1319, 9385.0, 0, 7.109848484848484, 0.1
1320, 9386.0, 1, 7.105223315669947, 0.1
1321, 9394.0, 8, 7.1059001512859306, 0.1
1322, 9400.0, 6, 7.105064247921391, 0.1
1323, 9408.0, 8, 7.1057401812688825, 0.1
1324, 9415.0, 7, 7.1056603773584905, 0.1
1325, 9422.0, 7, 7.105580693815988, 0.1
1326, 9430.0, 8, 7.106254709871892, 0.1
1327, 9431.0, 1, 7.101656626506024, 0.1
1328, 9439.0, 8, 7.102332580887886, 0.1
1329, 9445.0, 6, 7.101503759398496, 0.1
1330, 9453.0, 8, 7.102178812922615, 0.1
1331, 9459.0, 6, 7.101351351351352, 0.1
1332, 9467.0, 8, 7.102025506376594, 0.1
1333, 9470.0, 3, 7.098950524737631, 0.1
1334, 9478.0, 8, 7.099625468164794, 0.1
1335, 9486.0, 8, 7.100299401197605, 0.1
1336, 9494.0, 8, 7.100972326103216, 0.1
1337, 9502.0, 8, 7.101644245142003, 0.1
1338, 9510.0, 8, 7.102315160567588, 0.1
1339, 9518.0, 8, 7.102985074626866, 0.1
1340, 9526.0, 8, 7.10365398956003, 0.1
1341, 9534.0, 8, 7.104321907600596, 0.1
1342, 9541.0, 7, 7.104244229337304, 0.1
1343, 9549.0, 8, 7.104910714285714, 0.1
1344, 9556.0, 7, 7.1048327137546465, 0.1
1345, 9558.0, 2, 7.101040118870728, 0.1
1346, 9565.0, 7, 7.100965107646622, 0.1
1347, 9572.0, 7, 7.100890207715134, 0.1
1348, 9580.0, 8, 7.101556708673091, 0.1
1349, 9587.0, 7, 7.101481481481481, 0.1
1350, 9594.0, 7, 7.1014063656550706, 0.1
1351, 9601.0, 7, 7.101331360946745, 0.1
1352, 9602.0, 1, 7.096821877309682, 0.1
1353, 9609.0, 7, 7.096750369276219, 0.1
1354, 9616.0, 7, 7.096678966789668, 0.1
1355, 9623.0, 7, 7.096607669616519, 0.1
1356, 9631.0, 8, 7.0972733971997055, 0.1
1357, 9638.0, 7, 7.09720176730486, 0.1
1358, 9646.0, 8, 7.097866077998528, 0.1
1359, 9653.0, 7, 7.097794117647059, 0.1
1360, 9660.0, 7, 7.097722263041881, 0.1
1361, 9668.0, 8, 7.098384728340675, 0.1
1362, 9676.0, 8, 7.099046221570066, 0.1
1363, 9682.0, 6, 7.0982404692082115, 0.1
1364, 9688.0, 6, 7.097435897435897, 0.1
1365, 9694.0, 6, 7.096632503660322, 0.1
1366, 9702.0, 8, 7.097293343087052, 0.1
1367, 9708.0, 6, 7.0964912280701755, 0.1
1368, 9716.0, 8, 7.097151205259314, 0.1
1369, 9720.0, 4, 7.094890510948905, 0.1
1370, 9727.0, 7, 7.094821298322392, 0.1
1371, 9735.0, 8, 7.095481049562682, 0.1
1372, 9742.0, 7, 7.095411507647487, 0.1
1373, 9750.0, 8, 7.096069868995633, 0.1
1374, 9757.0, 7, 7.096, 0.1
1375, 9765.0, 8, 7.096656976744186, 0.1
1376, 9770.0, 5, 7.095134350036311, 0.1
1377, 9778.0, 8, 7.095791001451379, 0.1
1378, 9786.0, 8, 7.096446700507614, 0.1
1379, 9794.0, 8, 7.097101449275362, 0.1
1380, 9801.0, 7, 7.09703113685735, 0.1
1381, 9809.0, 8, 7.097684515195369, 0.1
1382, 9815.0, 6, 7.096890817064353, 0.1
1383, 9819.0, 4, 7.094653179190751, 0.1
1384, 9827.0, 8, 7.095306859205776, 0.1
1385, 9834.0, 7, 7.095238095238095, 0.1
1386, 9842.0, 8, 7.095890410958904, 0.1
1387, 9848.0, 6, 7.095100864553314, 0.1
1388, 9856.0, 8, 7.095752339812815, 0.1
1389, 9862.0, 6, 7.094964028776978, 0.1
1390, 9869.0, 7, 7.09489575844716, 0.1
1391, 9877.0, 8, 7.095545977011494, 0.1
1392, 9883.0, 6, 7.094759511844939, 0.1
1393, 9888.0, 5, 7.09325681492109, 0.1
1394, 9894.0, 6, 7.09247311827957, 0.1
1395, 9898.0, 4, 7.090257879656161, 0.1
1396, 9906.0, 8, 7.090909090909091, 0.1
1397, 9914.0, 8, 7.091559370529327, 0.1
1398, 9921.0, 7, 7.091493924231594, 0.1
1399, 9923.0, 2, 7.087857142857143, 0.1
1400, 9931.0, 8, 7.088508208422556, 0.1
1401, 9937.0, 6, 7.087731811697575, 0.1
1402, 9945.0, 8, 7.088382038488953, 0.1
1403, 9953.0, 8, 7.089031339031339, 0.1
1404, 9959.0, 6, 7.0882562277580075, 0.1
1405, 9966.0, 7, 7.088193456614509, 0.1
1406, 9973.0, 7, 7.088130774697939, 0.1
1407, 9979.0, 6, 7.087357954545454, 0.1
1408, 9982.0, 3, 7.084457061745919, 0.1
1409, 9988.0, 6, 7.083687943262412, 0.1
1410, 9995.0, 7, 7.0836286321757616, 0.1
1411, 9998.0, 3, 7.080736543909349, 0.1
1412, 10006.0, 8, 7.08138711960368, 0.1
1413, 10014.0, 8, 7.082036775106082, 0.1
1414, 10021.0, 7, 7.081978798586572, 0.1
1415, 10027.0, 6, 7.081214689265536, 0.1
1416, 10035.0, 8, 7.081863091037403, 0.1
1417, 10043.0, 8, 7.082510578279266, 0.1
1418, 10051.0, 8, 7.083157152924595, 0.1
1419, 10057.0, 6, 7.082394366197183, 0.1
1420, 10064.0, 7, 7.082336382828994, 0.1
1421, 10070.0, 6, 7.081575246132208, 0.1
1422, 10078.0, 8, 7.082220660576247, 0.1
1423, 10084.0, 6, 7.081460674157303, 0.1
1424, 10092.0, 8, 7.082105263157895, 0.1
1425, 10100.0, 8, 7.082748948106592, 0.1
1426, 10108.0, 8, 7.083391730903994, 0.1
1427, 10116.0, 8, 7.084033613445378, 0.1
1428, 10124.0, 8, 7.0846745976207135, 0.1
1429, 10132.0, 8, 7.085314685314685, 0.1
1430, 10138.0, 6, 7.084556254367575, 0.1
1431, 10144.0, 6, 7.083798882681564, 0.1
1432, 10152.0, 8, 7.0844382414515, 0.1
1433, 10160.0, 8, 7.085076708507671, 0.1
1434, 10167.0, 7, 7.085017421602787, 0.1
1435, 10173.0, 6, 7.084261838440112, 0.1
1436, 10174.0, 1, 7.080027835768963, 0.1
1437, 10180.0, 6, 7.079276773296245, 0.1
1438, 10188.0, 8, 7.079916608756081, 0.1
1439, 10196.0, 8, 7.080555555555556, 0.1
1440, 10204.0, 8, 7.081193615544761, 0.1
1441, 10209.0, 5, 7.079750346740638, 0.1
1442, 10216.0, 7, 7.07969507969508, 0.1
1443, 10223.0, 7, 7.079639889196676, 0.1
1444, 10229.0, 6, 7.078892733564014, 0.1
1445, 10236.0, 7, 7.078838174273859, 0.1
1446, 10242.0, 6, 7.078092605390463, 0.1
1447, 10250.0, 8, 7.078729281767956, 0.1
1448, 10257.0, 7, 7.078674948240166, 0.1
1449, 10265.0, 8, 7.0793103448275865, 0.1
1450, 10271.0, 6, 7.078566505858029, 0.1
1451, 10279.0, 8, 7.0792011019283745, 0.1
1452, 10285.0, 6, 7.078458362009635, 0.1
1453, 10291.0, 6, 7.077716643741403, 0.1
1454, 10296.0, 5, 7.076288659793814, 0.1
1455, 10303.0, 7, 7.076236263736264, 0.1
1456, 10311.0, 8, 7.076870281400137, 0.1
1457, 10319.0, 8, 7.077503429355281, 0.1
1458, 10326.0, 7, 7.077450308430432, 0.1
1459, 10333.0, 7, 7.0773972602739725, 0.1
1460, 10340.0, 7, 7.077344284736482, 0.1
1461, 10346.0, 6, 7.0766073871409025, 0.1
1462, 10353.0, 7, 7.076555023923445, 0.1
1463, 10361.0, 8, 7.077185792349726, 0.1
1464, 10369.0, 8, 7.077815699658703, 0.1
1465, 10377.0, 8, 7.078444747612552, 0.1
1466, 10383.0, 6, 7.077709611451943, 0.1
1467, 10389.0, 6, 7.0769754768392374, 0.1
1468, 10396.0, 7, 7.076923076923077, 0.1
1469, 10404.0, 8, 7.077551020408163, 0.1
1470, 10411.0, 7, 7.077498300475867, 0.1
1471, 10418.0, 7, 7.077445652173913, 0.1
1472, 10424.0, 6, 7.076714188730482, 0.1
1473, 10431.0, 7, 7.076662143826323, 0.1
1474, 10438.0, 7, 7.076610169491525, 0.1
1475, 10445.0, 7, 7.076558265582656, 0.1
1476, 10453.0, 8, 7.077183480027082, 0.1
1477, 10460.0, 7, 7.077131258457375, 0.1
1478, 10468.0, 8, 7.077755240027045, 0.1
1479, 10474.0, 6, 7.077027027027027, 0.1
1480, 10481.0, 7, 7.076975016880486, 0.1
1481, 10489.0, 8, 7.077597840755735, 0.1
1482, 10494.0, 5, 7.076196898179366, 0.1
1483, 10501.0, 7, 7.0761455525606465, 0.1
1484, 10508.0, 7, 7.076094276094276, 0.1
1485, 10515.0, 7, 7.076043068640646, 0.1
1486, 10520.0, 5, 7.074646940147949, 0.1
1487, 10528.0, 8, 7.075268817204301, 0.1
1488, 10536.0, 8, 7.075889858965748, 0.1
1489, 10544.0, 8, 7.076510067114094, 0.1
1490, 10550.0, 6, 7.0757880617035545, 0.1
1491, 10550.0, 0, 7.071045576407506, 0.1
1492, 10558.0, 8, 7.071667782987274, 0.1
1493, 10566.0, 8, 7.072289156626506, 0.1
1494, 10573.0, 7, 7.072240802675585, 0.1
1495, 10580.0, 7, 7.072192513368984, 0.1
1496, 10587.0, 7, 7.072144288577154, 0.1
1497, 10595.0, 8, 7.072763684913218, 0.1
1498, 10601.0, 6, 7.072048032021348, 0.1
1499, 10607.0, 6, 7.0713333333333335, 0.1
1500, 10614.0, 7, 7.07128580946036, 0.1
1501, 10621.0, 7, 7.071238348868175, 0.1
1502, 10625.0, 4, 7.0691949434464405, 0.1
1503, 10630.0, 5, 7.06781914893617, 0.1
1504, 10635.0, 5, 7.0664451827242525, 0.1
1505, 10643.0, 8, 7.067065073041169, 0.1
1506, 10651.0, 8, 7.067684140676842, 0.1
1507, 10653.0, 2, 7.064323607427056, 0.1
1508, 10660.0, 7, 7.064280980781975, 0.1
1509, 10667.0, 7, 7.064238410596026, 0.1
1510, 10674.0, 7, 7.064195896757115, 0.1
1511, 10678.0, 4, 7.0621693121693125, 0.1
1512, 10685.0, 7, 7.062128222075347, 0.1
1513, 10693.0, 8, 7.062747688243065, 0.1
1514, 10700.0, 7, 7.0627062706270625, 0.1
1515, 10703.0, 3, 7.060026385224274, 0.1
1516, 10710.0, 7, 7.059986816084377, 0.1
1517, 10718.0, 8, 7.0606060606060606, 0.1
1518, 10726.0, 8, 7.061224489795919, 0.1
1519, 10734.0, 8, 7.061842105263158, 0.1
1520, 10736.0, 2, 7.058514135437212, 0.1
1521, 10743.0, 7, 7.0584756898817345, 0.1
1522, 10750.0, 7, 7.05843729481287, 0.1
1523, 10757.0, 7, 7.058398950131234, 0.1
1524, 10763.0, 6, 7.057704918032787, 0.1
1525, 10772.0, 9, 7.058977719528178, 0.1
1526, 10779.0, 7, 7.05893909626719, 0.1
1527, 10787.0, 8, 7.05955497382199, 0.1
1528, 10794.0, 7, 7.0595160235448, 0.1
1529, 10799.0, 5, 7.058169934640523, 0.1
1530, 10806.0, 7, 7.058131939908557, 0.1
1531, 10812.0, 6, 7.057441253263708, 0.1
1532, 10820.0, 8, 7.058056099151989, 0.1
1533, 10827.0, 7, 7.058018252933508, 0.1
1534, 10833.0, 6, 7.057328990228013, 0.1
1535, 10841.0, 8, 7.057942708333333, 0.1
1536, 10847.0, 6, 7.057254391672089, 0.1
1537, 10855.0, 8, 7.057867360208062, 0.1
1538, 10861.0, 6, 7.057179987004549, 0.1
1539, 10869.0, 8, 7.0577922077922075, 0.1
1540, 10877.0, 8, 7.058403634003893, 0.1
1541, 10883.0, 6, 7.057717250324254, 0.1
1542, 10889.0, 6, 7.057031756318859, 0.1
1543, 10895.0, 6, 7.056347150259067, 0.1
1544, 10902.0, 7, 7.05631067961165, 0.1
1545, 10910.0, 8, 7.056921086675291, 0.1
1546, 10918.0, 8, 7.057530704589528, 0.1
1547, 10925.0, 7, 7.05749354005168, 0.1
1548, 10927.0, 2, 7.054228534538412, 0.1
1549, 10932.0, 5, 7.0529032258064515, 0.1
1550, 10938.0, 6, 7.052224371373308, 0.1
1551, 10946.0, 8, 7.052835051546392, 0.1
1552, 10953.0, 7, 7.052801030264005, 0.1
1553, 10960.0, 7, 7.052767052767053, 0.1
1554, 10961.0, 1, 7.048874598070739, 0.1
1555, 10968.0, 7, 7.048843187660668, 0.1
1556, 10976.0, 8, 7.049454078355812, 0.1
1557, 10984.0, 8, 7.050064184852375, 0.1
1558, 10992.0, 8, 7.050673508659397, 0.1
1559, 10999.0, 7, 7.050641025641026, 0.1
1560, 11007.0, 8, 7.051249199231262, 0.1
1561, 11015.0, 8, 7.051856594110116, 0.1
1562, 11023.0, 8, 7.052463211772233, 0.1
1563, 11025.0, 2, 7.04923273657289, 0.1
1564, 11033.0, 8, 7.049840255591055, 0.1
1565, 11040.0, 7, 7.049808429118774, 0.1
1566, 11048.0, 8, 7.050414805360561, 0.1
1567, 11055.0, 7, 7.050382653061225, 0.1
1568, 11062.0, 7, 7.050350541746336, 0.1
1569, 11069.0, 7, 7.0503184713375795, 0.1
1570, 11073.0, 4, 7.048376830044558, 0.1
1571, 11074.0, 1, 7.044529262086514, 0.1
1572, 11082.0, 8, 7.045136681500318, 0.1
1573, 11090.0, 8, 7.0457433290978395, 0.1
1574, 11097.0, 7, 7.045714285714285, 0.1
1575, 11104.0, 7, 7.0456852791878175, 0.1
1576, 11107.0, 3, 7.043119847812302, 0.1
1577, 11115.0, 8, 7.0437262357414445, 0.1
1578, 11123.0, 8, 7.044331855604813, 0.1
1579, 11131.0, 8, 7.044936708860759, 0.1
1580, 11135.0, 4, 7.043010752688172, 0.1
1581, 11142.0, 7, 7.042983565107459, 0.1
1582, 11149.0, 7, 7.042956411876184, 0.1
1583, 11157.0, 8, 7.043560606060606, 0.1
1584, 11165.0, 8, 7.044164037854889, 0.1
1585, 11171.0, 6, 7.043505674653216, 0.1
1586, 11179.0, 8, 7.044108380592313, 0.1
1587, 11186.0, 7, 7.044080604534005, 0.1
1588, 11193.0, 7, 7.044052863436123, 0.1
1589, 11201.0, 8, 7.044654088050314, 0.1
1590, 11209.0, 8, 7.045254556882464, 0.1
1591, 11216.0, 7, 7.045226130653266, 0.1
1592, 11223.0, 7, 7.045197740112994, 0.1
1593, 11231.0, 8, 7.045796737766625, 0.1
1594, 11239.0, 8, 7.046394984326019, 0.1
1595, 11247.0, 8, 7.046992481203008, 0.1
1596, 11255.0, 8, 7.047589229805886, 0.1
1597, 11255.0, 0, 7.043178973717146, 0.1
1598, 11260.0, 5, 7.041901188242652, 0.1
1599, 11266.0, 6, 7.04125, 0.1
1600, 11273.0, 7, 7.041224234853217, 0.1
1601, 11281.0, 8, 7.0418227215980025, 0.1
1602, 11289.0, 8, 7.0424204616344355, 0.1
1603, 11295.0, 6, 7.041770573566085, 0.1
1604, 11303.0, 8, 7.042367601246106, 0.1
1605, 11311.0, 8, 7.042963885429639, 0.1
1606, 11319.0, 8, 7.043559427504667, 0.1
1607, 11327.0, 8, 7.044154228855722, 0.1
1608, 11333.0, 6, 7.043505282784338, 0.1
1609, 11341.0, 8, 7.044099378881987, 0.1
1610, 11348.0, 7, 7.04407200496586, 0.1
1611, 11356.0, 8, 7.044665012406948, 0.1
1612, 11364.0, 8, 7.045257284562926, 0.1
1613, 11372.0, 8, 7.045848822800496, 0.1
1614, 11380.0, 8, 7.046439628482972, 0.1
1615, 11386.0, 6, 7.045792079207921, 0.1
1616, 11392.0, 6, 7.045145330859617, 0.1
1617, 11399.0, 7, 7.045117428924598, 0.1
1618, 11407.0, 8, 7.045707226683137, 0.1
1619, 11415.0, 8, 7.046296296296297, 0.1
1620, 11422.0, 7, 7.046267735965453, 0.1
1621, 11429.0, 7, 7.046239210850802, 0.1
1622, 11437.0, 8, 7.046826863832409, 0.1
1623, 11444.0, 7, 7.04679802955665, 0.1
1624, 11449.0, 5, 7.045538461538461, 0.1
1625, 11455.0, 6, 7.04489544895449, 0.1
1626, 11462.0, 7, 7.044867854947757, 0.1
1627, 11470.0, 8, 7.045454545454546, 0.1
1628, 11472.0, 2, 7.042357274401473, 0.1
1629, 11475.0, 3, 7.039877300613497, 0.1
1630, 11482.0, 7, 7.039852851011649, 0.1
1631, 11486.0, 4, 7.0379901960784315, 0.1
1632, 11490.0, 4, 7.036129822412737, 0.1
1633, 11497.0, 7, 7.036107711138311, 0.1
1634, 11505.0, 8, 7.036697247706422, 0.1
1635, 11511.0, 6, 7.036063569682152, 0.1
1636, 11519.0, 8, 7.036652412950519, 0.1
1637, 11526.0, 7, 7.0366300366300365, 0.1
1638, 11534.0, 8, 7.037217815741306, 0.1
1639, 11541.0, 7, 7.037195121951219, 0.1
1640, 11543.0, 2, 7.034125533211457, 0.1
1641, 11547.0, 4, 7.032277710109622, 0.1
1642, 11554.0, 7, 7.032258064516129, 0.1
1643, 11561.0, 7, 7.0322384428223845, 0.1
1644, 11561.0, 0, 7.027963525835866, 0.1
1645, 11569.0, 8, 7.028554070473876, 0.1
1646, 11577.0, 8, 7.029143897996357, 0.1
1647, 11584.0, 7, 7.029126213592233, 0.1
1648, 11591.0, 7, 7.029108550636749, 0.1
1649, 11597.0, 6, 7.028484848484848, 0.1
1650, 11604.0, 7, 7.028467595396729, 0.1
1651, 11611.0, 7, 7.028450363196126, 0.1
1652, 11619.0, 8, 7.029038112522686, 0.1
1653, 11626.0, 7, 7.029020556227327, 0.1
1654, 11634.0, 8, 7.029607250755287, 0.1
1655, 11641.0, 7, 7.029589371980676, 0.1
1656, 11647.0, 6, 7.028968014484008, 0.1
1657, 11655.0, 8, 7.029553679131483, 0.1
1658, 11662.0, 7, 7.029535864978903, 0.1
1659, 11667.0, 5, 7.0283132530120485, 0.1
1660, 11675.0, 8, 7.028898254063817, 0.1
1661, 11683.0, 8, 7.029482551143201, 0.1
1662, 11691.0, 8, 7.030066145520144, 0.1
1663, 11698.0, 7, 7.030048076923077, 0.1
1664, 11706.0, 8, 7.030630630630631, 0.1
1665, 11713.0, 7, 7.030612244897959, 0.1
1666, 11720.0, 7, 7.030593881223755, 0.1
1667, 11727.0, 7, 7.030575539568345, 0.1
1668, 11732.0, 5, 7.029358897543439, 0.1
1669, 11739.0, 7, 7.02934131736527, 0.1
1670, 11741.0, 2, 7.026331538001197, 0.1
1671, 11748.0, 7, 7.026315789473684, 0.1
1672, 11756.0, 8, 7.026897788404065, 0.1
1673, 11764.0, 8, 7.027479091995221, 0.1
1674, 11772.0, 8, 7.028059701492538, 0.1
1675, 11780.0, 8, 7.028639618138425, 0.1
1676, 11787.0, 7, 7.028622540250447, 0.1
1677, 11795.0, 8, 7.029201430274136, 0.1
1678, 11803.0, 8, 7.029779630732579, 0.1
1679, 11811.0, 8, 7.0303571428571425, 0.1
1680, 11818.0, 7, 7.030339083878643, 0.1
1681, 11825.0, 7, 7.030321046373365, 0.1
1682, 11831.0, 6, 7.029708853238265, 0.1
1683, 11838.0, 7, 7.029691211401425, 0.1
1684, 11845.0, 7, 7.029673590504451, 0.1
1685, 11852.0, 7, 7.029655990510083, 0.1
1686, 11859.0, 7, 7.02963841138115, 0.1
1687, 11867.0, 8, 7.0302132701421804, 0.1
1688, 11874.0, 7, 7.030195381882771, 0.1
1689, 11881.0, 7, 7.030177514792899, 0.1
1690, 11886.0, 5, 7.028976936723832, 0.1
1691, 11894.0, 8, 7.029550827423168, 0.1
1692, 11902.0, 8, 7.030124040165387, 0.1
1693, 11908.0, 6, 7.029515938606847, 0.1
1694, 11915.0, 7, 7.0294985250737465, 0.1
1695, 11923.0, 8, 7.030070754716981, 0.1
1696, 11931.0, 8, 7.0306423099587505, 0.1
1697, 11934.0, 3, 7.028268551236749, 0.1
1698, 11940.0, 6, 7.027663331371395, 0.1
1699, 11945.0, 5, 7.026470588235294, 0.1
1700, 11952.0, 7, 7.026455026455026, 0.1
1701, 11960.0, 8, 7.027027027027027, 0.1
1702, 11967.0, 7, 7.027011156782149, 0.1
1703, 11975.0, 8, 7.027582159624413, 0.1
1704, 11983.0, 8, 7.028152492668622, 0.1
1705, 11985.0, 2, 7.0252051582649475, 0.1
1706, 11991.0, 6, 7.024604569420035, 0.1
1707, 11999.0, 8, 7.025175644028103, 0.1
1708, 12007.0, 8, 7.025746050321826, 0.1
1709, 12015.0, 8, 7.026315789473684, 0.1
1710, 12023.0, 8, 7.026884862653419, 0.1
1711, 12031.0, 8, 7.027453271028038, 0.1
1712, 12039.0, 8, 7.028021015761821, 0.1
1713, 12047.0, 8, 7.028588098016336, 0.1
1714, 12053.0, 6, 7.0279883381924195, 0.1
1715, 12061.0, 8, 7.028554778554779, 0.1
1716, 12069.0, 8, 7.029120559114735, 0.1
1717, 12076.0, 7, 7.029103608847497, 0.1
1718, 12083.0, 7, 7.029086678301338, 0.1
1719, 12088.0, 5, 7.027906976744186, 0.1
1720, 12092.0, 4, 7.0261475886112725, 0.1
1721, 12099.0, 7, 7.026132404181185, 0.1
1722, 12100.0, 1, 7.022634939059779, 0.1
1723, 12108.0, 8, 7.023201856148492, 0.1
1724, 12116.0, 8, 7.023768115942029, 0.1
1725, 12123.0, 7, 7.0237543453070685, 0.1
1726, 12129.0, 6, 7.023161551823972, 0.1
1727, 12136.0, 7, 7.023148148148148, 0.1
1728, 12144.0, 8, 7.023713128976287, 0.1
1729, 12148.0, 4, 7.021965317919075, 0.1
1730, 12154.0, 6, 7.021374927787406, 0.1
1731, 12162.0, 8, 7.021939953810624, 0.1
1732, 12169.0, 7, 7.021927293710329, 0.1
1733, 12176.0, 7, 7.021914648212226, 0.1
1734, 12182.0, 6, 7.021325648414986, 0.1
1735, 12187.0, 5, 7.020161290322581, 0.1
1736, 12195.0, 8, 7.020725388601036, 0.1
1737, 12201.0, 6, 7.020138089758343, 0.1
1738, 12209.0, 8, 7.020701552616446, 0.1
1739, 12216.0, 7, 7.020689655172414, 0.1
1740, 12224.0, 8, 7.021252153934521, 0.1
1741, 12232.0, 8, 7.021814006888634, 0.1
1742, 12239.0, 7, 7.02180149168101, 0.1
1743, 12247.0, 8, 7.022362385321101, 0.1
1744, 12254.0, 7, 7.022349570200573, 0.1
1745, 12262.0, 8, 7.02290950744559, 0.1
1746, 12270.0, 8, 7.023468803663423, 0.1
1747, 12278.0, 8, 7.024027459954233, 0.1
1748, 12285.0, 7, 7.02401372212693, 0.1
1749, 12293.0, 8, 7.024571428571429, 0.1
1750, 12301.0, 8, 7.025128498001142, 0.1
1751, 12309.0, 8, 7.0256849315068495, 0.1
1752, 12312.0, 3, 7.0233884768967485, 0.1
1753, 12319.0, 7, 7.023375142531357, 0.1
1754, 12326.0, 7, 7.023361823361824, 0.1
1755, 12332.0, 6, 7.022779043280182, 0.1
1756, 12337.0, 5, 7.021627774615823, 0.1
1757, 12344.0, 7, 7.021615472127418, 0.1
1758, 12351.0, 7, 7.021603183627061, 0.1
1759, 12359.0, 8, 7.022159090909091, 0.1
1760, 12367.0, 8, 7.022714366837024, 0.1
1761, 12375.0, 8, 7.0232690124858115, 0.1
1762, 12382.0, 7, 7.023255813953488, 0.1
1763, 12390.0, 8, 7.023809523809524, 0.1
1764, 12396.0, 6, 7.023229461756374, 0.1
1765, 12403.0, 7, 7.02321630804077, 0.1
1766, 12411.0, 8, 7.023769100169779, 0.1
1767, 12418.0, 7, 7.023755656108597, 0.1
1768, 12426.0, 8, 7.024307518371962, 0.1
1769, 12432.0, 6, 7.023728813559322, 0.1
1770, 12440.0, 8, 7.024280067758329, 0.1
1771, 12446.0, 6, 7.023702031602709, 0.1
1772, 12452.0, 6, 7.02312464749013, 0.1
1773, 12458.0, 6, 7.022547914317926, 0.1
1774, 12465.0, 7, 7.022535211267606, 0.1
1775, 12471.0, 6, 7.02195945945946, 0.1
1776, 12475.0, 4, 7.020258863252673, 0.1
1777, 12483.0, 8, 7.020809898762654, 0.1
1778, 12487.0, 4, 7.0191118605958405, 0.1
1779, 12494.0, 7, 7.019101123595505, 0.1
1780, 12502.0, 8, 7.01965188096575, 0.1
1781, 12508.0, 6, 7.019079685746353, 0.1
1782, 12516.0, 8, 7.019629837352777, 0.1
1783, 12523.0, 7, 7.019618834080718, 0.1
1784, 12529.0, 6, 7.019047619047619, 0.1
1785, 12537.0, 8, 7.01959686450168, 0.1
1786, 12545.0, 8, 7.020145495243424, 0.1
1787, 12553.0, 8, 7.02069351230425, 0.1
1788, 12561.0, 8, 7.021240916713247, 0.1
1789, 12568.0, 7, 7.02122905027933, 0.1
1790, 12575.0, 7, 7.021217197096594, 0.1
1791, 12582.0, 7, 7.021205357142857, 0.1
1792, 12588.0, 6, 7.02063580591188, 0.1
1793, 12595.0, 7, 7.0206243032329985, 0.1
1794, 12602.0, 7, 7.020612813370474, 0.1
1795, 12609.0, 7, 7.020601336302895, 0.1
1796, 12616.0, 7, 7.0205898720089035, 0.1
1797, 12622.0, 6, 7.020022246941045, 0.1
1798, 12630.0, 8, 7.020566981656476, 0.1
1799, 12637.0, 7, 7.020555555555555, 0.1
1800, 12645.0, 8, 7.0210993892282065, 0.1
1801, 12653.0, 8, 7.0216426193118755, 0.1
1802, 12661.0, 8, 7.022185246810871, 0.1
1803, 12669.0, 8, 7.0227272727272725, 0.1
1804, 12673.0, 4, 7.021052631578947, 0.1
1805, 12681.0, 8, 7.0215946843853825, 0.1
1806, 12681.0, 0, 7.017708909795241, 0.1
1807, 12689.0, 8, 7.01825221238938, 0.1
1808, 12695.0, 6, 7.017689331122167, 0.1
1809, 12703.0, 8, 7.0182320441988955, 0.1
1810, 12708.0, 5, 7.0171176145775815, 0.1
1811, 12716.0, 8, 7.0176600441501105, 0.1
1812, 12717.0, 1, 7.0143408714837285, 0.1
1813, 12725.0, 8, 7.014884233737597, 0.1
1814, 12732.0, 7, 7.014876033057852, 0.1
1815, 12739.0, 7, 7.014867841409692, 0.1
1816, 12746.0, 7, 7.014859658778206, 0.1
1817, 12751.0, 5, 7.013751375137514, 0.1
1818, 12758.0, 7, 7.013743815283123, 0.1
1819, 12765.0, 7, 7.013736263736264, 0.1
1820, 12771.0, 6, 7.013179571663921, 0.1
1821, 12778.0, 7, 7.013172338090011, 0.1
1822, 12786.0, 8, 7.013713658804169, 0.1
1823, 12794.0, 8, 7.014254385964913, 0.1
1824, 12801.0, 7, 7.014246575342466, 0.1
1825, 12808.0, 7, 7.014238773274918, 0.1
1826, 12815.0, 7, 7.014230979748221, 0.1
1827, 12823.0, 8, 7.014770240700219, 0.1
1828, 12826.0, 3, 7.012575177692728, 0.1
1829, 12834.0, 8, 7.0131147540983605, 0.1
1830, 12840.0, 6, 7.012561441835063, 0.1
1831, 12847.0, 7, 7.012554585152839, 0.1
1832, 12854.0, 7, 7.012547735951991, 0.1
1833, 12862.0, 8, 7.0130861504907305, 0.1
1834, 12868.0, 6, 7.012534059945504, 0.1
1835, 12872.0, 4, 7.010893246187364, 0.1
1836, 12879.0, 7, 7.010887316276538, 0.1
1837, 12887.0, 8, 7.0114254624591945, 0.1
1838, 12895.0, 8, 7.011963023382273, 0.1
1839, 12903.0, 8, 7.0125, 0.1
1840, 12910.0, 7, 7.012493210211842, 0.1
1841, 12918.0, 8, 7.013029315960912, 0.1
1842, 12926.0, 8, 7.013564839934888, 0.1
1843, 12932.0, 6, 7.0130151843817785, 0.1
1844, 12939.0, 7, 7.0130081300813005, 0.1
1845, 12946.0, 7, 7.013001083423618, 0.1
1846, 12949.0, 3, 7.010828370330265, 0.1
1847, 12957.0, 8, 7.011363636363637, 0.1
1848, 12964.0, 7, 7.011357490535424, 0.1
1849, 12971.0, 7, 7.011351351351351, 0.1
1850, 12978.0, 7, 7.011345218800648, 0.1
1851, 12986.0, 8, 7.0118790496760255, 0.1
1852, 12993.0, 7, 7.011872638963842, 0.1
1853, 13000.0, 7, 7.011866235167206, 0.1
1854, 13007.0, 7, 7.011859838274932, 0.1
1855, 13014.0, 7, 7.011853448275862, 0.1
1856, 13022.0, 8, 7.012385568120624, 0.1
1857, 13030.0, 8, 7.01291711517761, 0.1
1858, 13037.0, 7, 7.0129101667563205, 0.1
1859, 13045.0, 8, 7.013440860215054, 0.1
1860, 13051.0, 6, 7.0128962923159595, 0.1
1861, 13059.0, 8, 7.013426423200859, 0.1
1862, 13067.0, 8, 7.013955984970478, 0.1
1863, 13074.0, 7, 7.013948497854077, 0.1
1864, 13075.0, 1, 7.010723860589812, 0.1
1865, 13083.0, 8, 7.011254019292605, 0.1
1866, 13090.0, 7, 7.011247991430102, 0.1
1867, 13096.0, 6, 7.010706638115631, 0.1
1868, 13100.0, 4, 7.009095773140717, 0.1
1869, 13108.0, 8, 7.009625668449198, 0.1
1870, 13116.0, 8, 7.010154997327632, 0.1
1871, 13123.0, 7, 7.010149572649572, 0.1
1872, 13131.0, 8, 7.0106780565937, 0.1
1873, 13139.0, 8, 7.011205976520811, 0.1
1874, 13147.0, 8, 7.011733333333333, 0.1
1875, 13153.0, 6, 7.0111940298507465, 0.1
1876, 13161.0, 8, 7.011720831113479, 0.1
1877, 13168.0, 7, 7.01171458998935, 0.1
1878, 13175.0, 7, 7.011708355508249, 0.1
1879, 13182.0, 7, 7.011702127659574, 0.1
1880, 13189.0, 7, 7.011695906432749, 0.1
1881, 13197.0, 8, 7.012221041445271, 0.1
1882, 13205.0, 8, 7.012745618693574, 0.1
1883, 13213.0, 8, 7.013269639065817, 0.1
1884, 13221.0, 8, 7.0137931034482754, 0.1
1885, 13221.0, 0, 7.010074231177095, 0.1
1886, 13227.0, 6, 7.009538950715421, 0.1
1887, 13235.0, 8, 7.010063559322034, 0.1
1888, 13236.0, 1, 7.006881948120699, 0.1
1889, 13242.0, 6, 7.006349206349206, 0.1
1890, 13250.0, 8, 7.006874669487044, 0.1
1891, 13256.0, 6, 7.006342494714588, 0.1
1892, 13263.0, 7, 7.006339144215531, 0.1
1893, 13271.0, 8, 7.006863780359028, 0.1
1894, 13279.0, 8, 7.007387862796834, 0.1
1895, 13286.0, 7, 7.007383966244726, 0.1
1896, 13294.0, 8, 7.007907221929362, 0.1
1897, 13302.0, 8, 7.008429926238145, 0.1
1898, 13308.0, 6, 7.007898894154819, 0.1
1899, 13314.0, 6, 7.0073684210526315, 0.1
1900, 13321.0, 7, 7.007364544976328, 0.1
1901, 13328.0, 7, 7.007360672975815, 0.1
1902, 13336.0, 8, 7.0078822911192855, 0.1
1903, 13343.0, 7, 7.007878151260504, 0.1
1904, 13347.0, 4, 7.006299212598425, 0.1
1905, 13347.0, 0, 7.002623294858342, 0.1
1906, 13354.0, 7, 7.002621919244887, 0.1
1907, 13362.0, 8, 7.00314465408805, 0.1
1908, 13369.0, 7, 7.003143006809848, 0.1
1909, 13376.0, 7, 7.003141361256544, 0.1
1910, 13382.0, 6, 7.002616431187859, 0.1
1911, 13387.0, 5, 7.001569037656904, 0.1
1912, 13395.0, 8, 7.00209095661265, 0.1
1913, 13400.0, 5, 7.001044932079415, 0.1
1914, 13408.0, 8, 7.001566579634464, 0.1
1915, 13413.0, 5, 7.000521920668058, 0.1
1916, 13421.0, 8, 7.001043296817945, 0.1
1917, 13429.0, 8, 7.0015641293013555, 0.1
1918, 13437.0, 8, 7.002084418968213, 0.1
1919, 13445.0, 8, 7.002604166666667, 0.1
1920, 13453.0, 8, 7.003123373243103, 0.1
1921, 13461.0, 8, 7.003642039542144, 0.1
1922, 13468.0, 7, 7.003640145605824, 0.1
1923, 13475.0, 7, 7.003638253638254, 0.1
1924, 13482.0, 7, 7.003636363636364, 0.1
1925, 13490.0, 8, 7.004153686396677, 0.1
1926, 13498.0, 8, 7.004670472236637, 0.1
1927, 13500.0, 2, 7.0020746887966805, 0.1
1928, 13508.0, 8, 7.002592016588906, 0.1
1929, 13516.0, 8, 7.003108808290156, 0.1
1930, 13516.0, 0, 6.999482133609528, 0.1
1931, 13523.0, 7, 6.999482401656315, 0.1
1932, 13530.0, 7, 6.999482669425763, 0.1
1933, 13538.0, 8, 7.0, 0.1
1934, 13540.0, 2, 6.997416020671834, 0.1
1935, 13541.0, 1, 6.994318181818182, 0.1
1936, 13548.0, 7, 6.994321115126485, 0.1
1937, 13556.0, 8, 6.994840041279669, 0.1
1938, 13564.0, 8, 6.995358432181537, 0.1
1939, 13572.0, 8, 6.995876288659794, 0.1
1940, 13579.0, 7, 6.995878413189078, 0.1
1941, 13586.0, 7, 6.9958805355303815, 0.1
1942, 13592.0, 6, 6.995367987647967, 0.1
1943, 13600.0, 8, 6.995884773662551, 0.1
1944, 13605.0, 5, 6.994858611825193, 0.1
1945, 13613.0, 8, 6.995375128468654, 0.1
1946, 13621.0, 8, 6.9958911145351825, 0.1
1947, 13628.0, 7, 6.9958932238193015, 0.1
1948, 13636.0, 8, 6.996408414571575, 0.1
1949, 13643.0, 7, 6.996410256410257, 0.1
1950, 13650.0, 7, 6.9964120963608405, 0.1
1951, 13657.0, 7, 6.996413934426229, 0.1
1952, 13665.0, 8, 6.996927803379417, 0.1
1953, 13668.0, 3, 6.994882292732855, 0.1
1954, 13676.0, 8, 6.99539641943734, 0.1
1955, 13684.0, 8, 6.995910020449898, 0.1
1956, 13690.0, 6, 6.995401124169647, 0.1
1957, 13696.0, 6, 6.994892747701736, 0.1
1958, 13702.0, 6, 6.994384890250128, 0.1
1959, 13710.0, 8, 6.994897959183674, 0.1
1960, 13718.0, 8, 6.995410504844467, 0.1
1961, 13726.0, 8, 6.99592252803262, 0.1
1962, 13734.0, 8, 6.996434029546612, 0.1
1963, 13742.0, 8, 6.9969450101833, 0.1
1964, 13750.0, 8, 6.997455470737913, 0.1
1965, 13757.0, 7, 6.9974567650050865, 0.1
1966, 13765.0, 8, 6.997966446365023, 0.1
1967, 13773.0, 8, 6.998475609756097, 0.1
1968, 13780.0, 7, 6.998476383951244, 0.1
1969, 13788.0, 8, 6.998984771573604, 0.1
1970, 13796.0, 8, 6.99949264332826, 0.1
1971, 13804.0, 8, 7.0, 0.1
1972, 13805.0, 1, 6.996958945767866, 0.1
1973, 13813.0, 8, 6.997467071935157, 0.1
1974, 13820.0, 7, 6.99746835443038, 0.1
1975, 13828.0, 8, 6.997975708502024, 0.1
1976, 13836.0, 8, 6.998482549317147, 0.1
1977, 13843.0, 7, 6.998483316481294, 0.1
1978, 13851.0, 8, 6.998989388580091, 0.1
1979, 13857.0, 6, 6.998484848484848, 0.1
1980, 13865.0, 8, 6.998990408884402, 0.1
1981, 13873.0, 8, 6.99949545913219, 0.1
1982, 13881.0, 8, 7.0, 0.1
1983, 13889.0, 8, 7.000504032258065, 0.1
1984, 13894.0, 5, 6.9994962216624685, 0.1
1985, 13899.0, 5, 6.998489425981873, 0.1
1986, 13899.0, 0, 6.994967287367891, 0.1
1987, 13903.0, 4, 6.9934607645875255, 0.1
1988, 13910.0, 7, 6.993464052287582, 0.1
1989, 13918.0, 8, 6.993969849246231, 0.1
1990, 13925.0, 7, 6.993972877950778, 0.1
1991, 13932.0, 7, 6.993975903614458, 0.1
1992, 13940.0, 8, 6.994480682388359, 0.1
1993, 13946.0, 6, 6.993981945837513, 0.1
1994, 13953.0, 7, 6.993984962406015, 0.1
1995, 13959.0, 6, 6.9934869739478955, 0.1
1996, 13966.0, 7, 6.99349023535303, 0.1
1997, 13973.0, 7, 6.993493493493493, 0.1
1998, 13980.0, 7, 6.993496748374187, 0.1
1999, 13987.0, 7, 6.9935, 0.1
