0, 8.0, 8, 8.0, 0.1
1, 16.0, 8, 8.0, 0.1
2, 24.0, 8, 8.0, 0.1
3, 32.0, 8, 8.0, 0.1
4, 40.0, 8, 8.0, 0.1
5, 48.0, 8, 8.0, 0.1
6, 56.0, 8, 8.0, 0.1
7, 64.0, 8, 8.0, 0.1
8, 72.0, 8, 8.0, 0.1
9, 80.0, 8, 8.0, 0.1
10, 88.0, 8, 8.0, 0.1
11, 96.0, 8, 8.0, 0.1
12, 104.0, 8, 8.0, 0.1
13, 112.0, 8, 8.0, 0.1
14, 120.0, 8, 8.0, 0.1
15, 128.0, 8, 8.0, 0.1
16, 136.0, 8, 8.0, 0.1
17, 144.0, 8, 8.0, 0.1
18, 152.0, 8, 8.0, 0.1
19, 160.0, 8, 8.0, 0.1
20, 168.0, 8, 8.0, 0.1
21, 176.0, 8, 8.0, 0.1
22, 184.0, 8, 8.0, 0.1
23, 192.0, 8, 8.0, 0.1
24, 200.0, 8, 8.0, 0.1
25, 208.0, 8, 8.0, 0.1
26, 216.0, 8, 8.0, 0.1
27, 224.0, 8, 8.0, 0.1
28, 232.0, 8, 8.0, 0.1
29, 240.0, 8, 8.0, 0.1
30, 248.0, 8, 8.0, 0.1
31, 256.0, 8, 8.0, 0.1
32, 264.0, 8, 8.0, 0.1
33, 272.0, 8, 8.0, 0.1
34, 280.0, 8, 8.0, 0.1
35, 288.0, 8, 8.0, 0.1
36, 296.0, 8, 8.0, 0.1
37, 304.0, 8, 8.0, 0.1
38, 312.0, 8, 8.0, 0.1
39, 320.0, 8, 8.0, 0.1
40, 328.0, 8, 8.0, 0.1
41, 336.0, 8, 8.0, 0.1
42, 344.0, 8, 8.0, 0.1
43, 352.0, 8, 8.0, 0.1
44, 360.0, 8, 8.0, 0.1
45, 368.0, 8, 8.0, 0.1
46, 376.0, 8, 8.0, 0.1
47, 384.0, 8, 8.0, 0.1
48, 392.0, 8, 8.0, 0.1
49, 400.0, 8, 8.0, 0.1
50, 408.0, 8, 8.0, 0.1
51, 416.0, 8, 8.0, 0.1
52, 424.0, 8, 8.0, 0.1
53, 432.0, 8, 8.0, 0.1
54, 440.0, 8, 8.0, 0.1
55, 448.0, 8, 8.0, 0.1
56, 456.0, 8, 8.0, 0.1
57, 464.0, 8, 8.0, 0.1
58, 472.0, 8, 8.0, 0.1
59, 480.0, 8, 8.0, 0.1
60, 488.0, 8, 8.0, 0.1
61, 496.0, 8, 8.0, 0.1
62, 504.0, 8, 8.0, 0.1
63, 512.0, 8, 8.0, 0.1
64, 520.0, 8, 8.0, 0.1
65, 528.0, 8, 8.0, 0.1
66, 536.0, 8, 8.0, 0.1
67, 544.0, 8, 8.0, 0.1
68, 552.0, 8, 8.0, 0.1
69, 560.0, 8, 8.0, 0.1
70, 568.0, 8, 8.0, 0.1
71, 576.0, 8, 8.0, 0.1
72, 584.0, 8, 8.0, 0.1
73, 592.0, 8, 8.0, 0.1
74, 600.0, 8, 8.0, 0.1
75, 608.0, 8, 8.0, 0.1
76, 616.0, 8, 8.0, 0.1
77, 624.0, 8, 8.0, 0.1
78, 632.0, 8, 8.0, 0.1
79, 640.0, 8, 8.0, 0.1
80, 648.0, 8, 8.0, 0.1
81, 656.0, 8, 8.0, 0.1
82, 664.0, 8, 8.0, 0.1
83, 672.0, 8, 8.0, 0.1
84, 680.0, 8, 8.0, 0.1
85, 688.0, 8, 8.0, 0.1
86, 696.0, 8, 8.0, 0.1
87, 704.0, 8, 8.0, 0.1
88, 712.0, 8, 8.0, 0.1
89, 720.0, 8, 8.0, 0.1
90, 728.0, 8, 8.0, 0.1
91, 736.0, 8, 8.0, 0.1
92, 744.0, 8, 8.0, 0.1
93, 752.0, 8, 8.0, 0.1
94, 760.0, 8, 8.0, 0.1
95, 768.0, 8, 8.0, 0.1
96, 776.0, 8, 8.0, 0.1
97, 784.0, 8, 8.0, 0.1
98, 792.0, 8, 8.0, 0.1
99, 800.0, 8, 8.0, 0.1
100, 808.0, 8, 8.0, 0.1
101, 816.0, 8, 8.0, 0.1
102, 824.0, 8, 8.0, 0.1
103, 832.0, 8, 8.0, 0.1
104, 840.0, 8, 8.0, 0.1
105, 848.0, 8, 8.0, 0.1
106, 856.0, 8, 8.0, 0.1
107, 864.0, 8, 8.0, 0.1
108, 872.0, 8, 8.0, 0.1
109, 880.0, 8, 8.0, 0.1
110, 888.0, 8, 8.0, 0.1
111, 896.0, 8, 8.0, 0.1
112, 904.0, 8, 8.0, 0.1
113, 912.0, 8, 8.0, 0.1
114, 920.0, 8, 8.0, 0.1
115, 928.0, 8, 8.0, 0.1
116, 936.0, 8, 8.0, 0.1
117, 944.0, 8, 8.0, 0.1
118, 952.0, 8, 8.0, 0.1
119, 960.0, 8, 8.0, 0.1
120, 968.0, 8, 8.0, 0.1
121, 976.0, 8, 8.0, 0.1
122, 984.0, 8, 8.0, 0.1
123, 992.0, 8, 8.0, 0.1
124, 1000.0, 8, 8.0, 0.1
125, 1008.0, 8, 8.0, 0.1
126, 1016.0, 8, 8.0, 0.1
127, 1024.0, 8, 8.0, 0.1
128, 1032.0, 8, 8.0, 0.1
129, 1040.0, 8, 8.0, 0.1
130, 1048.0, 8, 8.0, 0.1
131, 1056.0, 8, 8.0, 0.1
132, 1064.0, 8, 8.0, 0.1
133, 1072.0, 8, 8.0, 0.1
134, 1080.0, 8, 8.0, 0.1
135, 1088.0, 8, 8.0, 0.1
136, 1096.0, 8, 8.0, 0.1
137, 1104.0, 8, 8.0, 0.1
138, 1112.0, 8, 8.0, 0.1
139, 1120.0, 8, 8.0, 0.1
140, 1128.0, 8, 8.0, 0.1
141, 1136.0, 8, 8.0, 0.1
142, 1144.0, 8, 8.0, 0.1
143, 1152.0, 8, 8.0, 0.1
144, 1160.0, 8, 8.0, 0.1
145, 1168.0, 8, 8.0, 0.1
146, 1176.0, 8, 8.0, 0.1
147, 1184.0, 8, 8.0, 0.1
148, 1192.0, 8, 8.0, 0.1
149, 1200.0, 8, 8.0, 0.1
150, 1208.0, 8, 8.0, 0.1
151, 1216.0, 8, 8.0, 0.1
152, 1224.0, 8, 8.0, 0.1
153, 1232.0, 8, 8.0, 0.1
154, 1240.0, 8, 8.0, 0.1
155, 1248.0, 8, 8.0, 0.1
156, 1256.0, 8, 8.0, 0.1
157, 1264.0, 8, 8.0, 0.1
158, 1272.0, 8, 8.0, 0.1
159, 1280.0, 8, 8.0, 0.1
160, 1288.0, 8, 8.0, 0.1
161, 1296.0, 8, 8.0, 0.1
162, 1304.0, 8, 8.0, 0.1
163, 1312.0, 8, 8.0, 0.1
164, 1320.0, 8, 8.0, 0.1
165, 1328.0, 8, 8.0, 0.1
166, 1336.0, 8, 8.0, 0.1
167, 1344.0, 8, 8.0, 0.1
168, 1352.0, 8, 8.0, 0.1
169, 1360.0, 8, 8.0, 0.1
170, 1368.0, 8, 8.0, 0.1
171, 1376.0, 8, 8.0, 0.1
172, 1384.0, 8, 8.0, 0.1
173, 1392.0, 8, 8.0, 0.1
174, 1400.0, 8, 8.0, 0.1
175, 1408.0, 8, 8.0, 0.1
176, 1416.0, 8, 8.0, 0.1
177, 1424.0, 8, 8.0, 0.1
178, 1432.0, 8, 8.0, 0.1
179, 1440.0, 8, 8.0, 0.1
180, 1448.0, 8, 8.0, 0.1
181, 1456.0, 8, 8.0, 0.1
182, 1464.0, 8, 8.0, 0.1
183, 1472.0, 8, 8.0, 0.1
184, 1480.0, 8, 8.0, 0.1
185, 1488.0, 8, 8.0, 0.1
186, 1496.0, 8, 8.0, 0.1
187, 1504.0, 8, 8.0, 0.1
188, 1512.0, 8, 8.0, 0.1
189, 1520.0, 8, 8.0, 0.1
190, 1528.0, 8, 8.0, 0.1
191, 1536.0, 8, 8.0, 0.1
192, 1544.0, 8, 8.0, 0.1
193, 1552.0, 8, 8.0, 0.1
194, 1560.0, 8, 8.0, 0.1
195, 1568.0, 8, 8.0, 0.1
196, 1576.0, 8, 8.0, 0.1
197, 1584.0, 8, 8.0, 0.1
198, 1592.0, 8, 8.0, 0.1
199, 1600.0, 8, 8.0, 0.1
200, 1608.0, 8, 8.0, 0.1
201, 1616.0, 8, 8.0, 0.1
202, 1624.0, 8, 8.0, 0.1
203, 1632.0, 8, 8.0, 0.1
204, 1640.0, 8, 8.0, 0.1
205, 1648.0, 8, 8.0, 0.1
206, 1656.0, 8, 8.0, 0.1
207, 1664.0, 8, 8.0, 0.1
208, 1672.0, 8, 8.0, 0.1
209, 1680.0, 8, 8.0, 0.1
210, 1688.0, 8, 8.0, 0.1
211, 1696.0, 8, 8.0, 0.1
212, 1704.0, 8, 8.0, 0.1
213, 1712.0, 8, 8.0, 0.1
214, 1720.0, 8, 8.0, 0.1
215, 1728.0, 8, 8.0, 0.1
216, 1736.0, 8, 8.0, 0.1
217, 1744.0, 8, 8.0, 0.1
218, 1752.0, 8, 8.0, 0.1
219, 1760.0, 8, 8.0, 0.1
220, 1768.0, 8, 8.0, 0.1
221, 1776.0, 8, 8.0, 0.1
222, 1784.0, 8, 8.0, 0.1
223, 1792.0, 8, 8.0, 0.1
224, 1800.0, 8, 8.0, 0.1
225, 1808.0, 8, 8.0, 0.1
226, 1816.0, 8, 8.0, 0.1
227, 1824.0, 8, 8.0, 0.1
228, 1832.0, 8, 8.0, 0.1
229, 1840.0, 8, 8.0, 0.1
230, 1848.0, 8, 8.0, 0.1
231, 1856.0, 8, 8.0, 0.1
232, 1864.0, 8, 8.0, 0.1
233, 1871.0, 7, 7.995726495726496, 0.1
234, 1878.0, 7, 7.991489361702127, 0.1
235, 1885.0, 7, 7.987288135593221, 0.1
236, 1891.0, 6, 7.9789029535864975, 0.1
237, 1899.0, 8, 7.9789915966386555, 0.1
238, 1906.0, 7, 7.97489539748954, 0.1
239, 1914.0, 8, 7.975, 0.1
240, 1922.0, 8, 7.975103734439834, 0.1
241, 1930.0, 8, 7.975206611570248, 0.1
242, 1937.0, 7, 7.97119341563786, 0.1
243, 1945.0, 8, 7.971311475409836, 0.1
244, 1951.0, 6, 7.963265306122449, 0.1
245, 1959.0, 8, 7.963414634146342, 0.1
246, 1966.0, 7, 7.959514170040486, 0.1
247, 1973.0, 7, 7.955645161290323, 0.1
248, 1976.0, 3, 7.93574297188755, 0.1
249, 1982.0, 6, 7.928, 0.1
250, 1990.0, 8, 7.9282868525896415, 0.1
251, 1998.0, 8, 7.928571428571429, 0.1
252, 2006.0, 8, 7.928853754940712, 0.1
253, 2014.0, 8, 7.929133858267717, 0.1
254, 2021.0, 7, 7.925490196078432, 0.1
255, 2029.0, 8, 7.92578125, 0.1
256, 2036.0, 7, 7.9221789883268485, 0.1
257, 2043.0, 7, 7.9186046511627906, 0.1
258, 2048.0, 5, 7.9073359073359075, 0.1
259, 2056.0, 8, 7.907692307692308, 0.1
260, 2064.0, 8, 7.908045977011494, 0.1
261, 2071.0, 7, 7.904580152671755, 0.1
262, 2077.0, 6, 7.897338403041825, 0.1
263, 2083.0, 6, 7.890151515151516, 0.1
264, 2091.0, 8, 7.890566037735849, 0.1
265, 2098.0, 7, 7.887218045112782, 0.1
266, 2106.0, 8, 7.887640449438202, 0.1
267, 2114.0, 8, 7.888059701492537, 0.1
268, 2122.0, 8, 7.888475836431227, 0.1
269, 2130.0, 8, 7.888888888888889, 0.1
270, 2138.0, 8, 7.88929889298893, 0.1
271, 2146.0, 8, 7.889705882352941, 0.1
272, 2154.0, 8, 7.8901098901098905, 0.1
273, 2160.0, 6, 7.883211678832117, 0.1
274, 2168.0, 8, 7.883636363636364, 0.1
275, 2174.0, 6, 7.8768115942028984, 0.1
276, 2181.0, 7, 7.873646209386282, 0.1
277, 2189.0, 8, 7.874100719424461, 0.1
278, 2196.0, 7, 7.870967741935484, 0.1
279, 2203.0, 7, 7.867857142857143, 0.1
280, 2211.0, 8, 7.868327402135232, 0.1
281, 2219.0, 8, 7.868794326241135, 0.1
282, 2227.0, 8, 7.869257950530035, 0.1
283, 2234.0, 7, 7.866197183098592, 0.1
284, 2241.0, 7, 7.863157894736842, 0.1
285, 2249.0, 8, 7.863636363636363, 0.1
286, 2256.0, 7, 7.860627177700349, 0.1
287, 2264.0, 8, 7.861111111111111, 0.1
288, 2271.0, 7, 7.858131487889273, 0.1
289, 2278.0, 7, 7.855172413793103, 0.1
290, 2285.0, 7, 7.852233676975945, 0.1
291, 2293.0, 8, 7.852739726027397, 0.1
292, 2299.0, 6, 7.84641638225256, 0.1
293, 2307.0, 8, 7.846938775510204, 0.1
294, 2315.0, 8, 7.8474576271186445, 0.1
295, 2323.0, 8, 7.847972972972973, 0.1
296, 2329.0, 6, 7.841750841750842, 0.1
297, 2333.0, 4, 7.828859060402684, 0.1
298, 2341.0, 8, 7.829431438127091, 0.1
299, 2348.0, 7, 7.826666666666667, 0.1
300, 2356.0, 8, 7.827242524916944, 0.1
301, 2364.0, 8, 7.827814569536423, 0.1
302, 2370.0, 6, 7.821782178217822, 0.1
303, 2378.0, 8, 7.822368421052632, 0.1
304, 2386.0, 8, 7.822950819672132, 0.1
305, 2393.0, 7, 7.8202614379084965, 0.1
306, 2401.0, 8, 7.82084690553746, 0.1
307, 2408.0, 7, 7.818181818181818, 0.1
308, 2415.0, 7, 7.815533980582524, 0.1
309, 2423.0, 8, 7.816129032258065, 0.1
310, 2431.0, 8, 7.816720257234727, 0.1
311, 2437.0, 6, 7.810897435897436, 0.1
312, 2444.0, 7, 7.8083067092651754, 0.1
313, 2452.0, 8, 7.808917197452229, 0.1
314, 2457.0, 5, 7.8, 0.1
315, 2465.0, 8, 7.800632911392405, 0.1
316, 2473.0, 8, 7.801261829652997, 0.1
317, 2479.0, 6, 7.79559748427673, 0.1
318, 2487.0, 8, 7.7962382445141065, 0.1
319, 2493.0, 6, 7.790625, 0.1
320, 2501.0, 8, 7.7912772585669785, 0.1
321, 2509.0, 8, 7.791925465838509, 0.1
322, 2514.0, 5, 7.78328173374613, 0.1
323, 2520.0, 6, 7.777777777777778, 0.1
324, 2520.0, 0, 7.753846153846154, 0.1
325, 2528.0, 8, 7.754601226993865, 0.1
326, 2535.0, 7, 7.752293577981652, 0.1
327, 2543.0, 8, 7.753048780487805, 0.1
328, 2551.0, 8, 7.753799392097265, 0.1
329, 2557.0, 6, 7.748484848484848, 0.1
330, 2562.0, 5, 7.740181268882175, 0.1
331, 2569.0, 7, 7.7379518072289155, 0.1
332, 2576.0, 7, 7.7357357357357355, 0.1
333, 2583.0, 7, 7.733532934131737, 0.1
334, 2590.0, 7, 7.731343283582089, 0.1
335, 2598.0, 8, 7.732142857142857, 0.1
336, 2605.0, 7, 7.729970326409496, 0.1
337, 2613.0, 8, 7.730769230769231, 0.1
338, 2620.0, 7, 7.728613569321534, 0.1
339, 2621.0, 1, 7.708823529411765, 0.1
340, 2629.0, 8, 7.709677419354839, 0.1
341, 2636.0, 7, 7.707602339181286, 0.1
342, 2644.0, 8, 7.708454810495627, 0.1
343, 2650.0, 6, 7.703488372093023, 0.1
344, 2657.0, 7, 7.701449275362319, 0.1
345, 2664.0, 7, 7.699421965317919, 0.1
346, 2671.0, 7, 7.697406340057637, 0.1
347, 2679.0, 8, 7.698275862068965, 0.1
348, 2687.0, 8, 7.699140401146132, 0.1
349, 2694.0, 7, 7.6971428571428575, 0.1
350, 2701.0, 7, 7.695156695156695, 0.1
351, 2708.0, 7, 7.693181818181818, 0.1
352, 2715.0, 7, 7.691218130311615, 0.1
353, 2722.0, 7, 7.6892655367231635, 0.1
354, 2730.0, 8, 7.690140845070423, 0.1
355, 2738.0, 8, 7.691011235955056, 0.1
356, 2746.0, 8, 7.69187675070028, 0.1
357, 2754.0, 8, 7.692737430167598, 0.1
358, 2762.0, 8, 7.693593314763231, 0.1
359, 2770.0, 8, 7.694444444444445, 0.1
360, 2778.0, 8, 7.695290858725762, 0.1
361, 2785.0, 7, 7.693370165745856, 0.1
362, 2793.0, 8, 7.694214876033058, 0.1
363, 2799.0, 6, 7.68956043956044, 0.1
364, 2807.0, 8, 7.69041095890411, 0.1
365, 2815.0, 8, 7.691256830601093, 0.1
366, 2821.0, 6, 7.686648501362398, 0.1
367, 2827.0, 6, 7.682065217391305, 0.1
368, 2834.0, 7, 7.6802168021680215, 0.1
369, 2841.0, 7, 7.678378378378379, 0.1
370, 2848.0, 7, 7.67654986522911, 0.1
371, 2855.0, 7, 7.674731182795699, 0.1
372, 2861.0, 6, 7.670241286863271, 0.1
373, 2862.0, 1, 7.652406417112299, 0.1
374, 2867.0, 5, 7.645333333333333, 0.1
375, 2874.0, 7, 7.6436170212765955, 0.1
376, 2881.0, 7, 7.641909814323608, 0.1
377, 2888.0, 7, 7.64021164021164, 0.1
378, 2895.0, 7, 7.638522427440633, 0.1
379, 2902.0, 7, 7.636842105263158, 0.1
380, 2910.0, 8, 7.637795275590551, 0.1
381, 2918.0, 8, 7.638743455497382, 0.1
382, 2924.0, 6, 7.634464751958225, 0.1
383, 2932.0, 8, 7.635416666666667, 0.1
384, 2940.0, 8, 7.636363636363637, 0.1
385, 2946.0, 6, 7.632124352331606, 0.1
386, 2951.0, 5, 7.625322997416021, 0.1
387, 2959.0, 8, 7.626288659793815, 0.1
388, 2966.0, 7, 7.624678663239075, 0.1
389, 2971.0, 5, 7.6179487179487175, 0.1
390, 2977.0, 6, 7.6138107416879794, 0.1
391, 2984.0, 7, 7.612244897959184, 0.1
392, 2990.0, 6, 7.608142493638677, 0.1
393, 2997.0, 7, 7.606598984771574, 0.1
394, 3004.0, 7, 7.60506329113924, 0.1
395, 3012.0, 8, 7.606060606060606, 0.1
396, 3019.0, 7, 7.604534005037784, 0.1
397, 3026.0, 7, 7.603015075376884, 0.1
398, 3033.0, 7, 7.601503759398496, 0.1
399, 3041.0, 8, 7.6025, 0.1
400, 3044.0, 3, 7.5910224438902745, 0.1
401, 3046.0, 2, 7.577114427860696, 0.1
402, 3054.0, 8, 7.578163771712159, 0.1
403, 3062.0, 8, 7.579207920792079, 0.1
404, 3063.0, 1, 7.562962962962963, 0.1
405, 3071.0, 8, 7.564039408866995, 0.1
406, 3079.0, 8, 7.565110565110565, 0.1
407, 3081.0, 2, 7.551470588235294, 0.1
408, 3088.0, 7, 7.550122249388753, 0.1
409, 3094.0, 6, 7.546341463414634, 0.1
410, 3101.0, 7, 7.545012165450122, 0.1
411, 3107.0, 6, 7.54126213592233, 0.1
412, 3115.0, 8, 7.5423728813559325, 0.1
413, 3123.0, 8, 7.543478260869565, 0.1
414, 3131.0, 8, 7.544578313253012, 0.1
415, 3138.0, 7, 7.543269230769231, 0.1
416, 3145.0, 7, 7.541966426858513, 0.1
417, 3152.0, 7, 7.54066985645933, 0.1
418, 3160.0, 8, 7.541766109785203, 0.1
419, 3166.0, 6, 7.538095238095238, 0.1
420, 3173.0, 7, 7.536817102137767, 0.1
421, 3180.0, 7, 7.535545023696683, 0.1
422, 3188.0, 8, 7.536643026004728, 0.1
423, 3196.0, 8, 7.537735849056604, 0.1
424, 3201.0, 5, 7.531764705882353, 0.1
425, 3208.0, 7, 7.530516431924883, 0.1
426, 3216.0, 8, 7.531615925058548, 0.1
427, 3224.0, 8, 7.5327102803738315, 0.1
428, 3232.0, 8, 7.533799533799534, 0.1
429, 3239.0, 7, 7.532558139534884, 0.1
430, 3245.0, 6, 7.529002320185615, 0.1
431, 3253.0, 8, 7.530092592592593, 0.1
432, 3261.0, 8, 7.531177829099307, 0.1
433, 3268.0, 7, 7.529953917050691, 0.1
434, 3275.0, 7, 7.528735632183908, 0.1
435, 3283.0, 8, 7.529816513761468, 0.1
436, 3291.0, 8, 7.530892448512586, 0.1
437, 3291.0, 0, 7.513698630136986, 0.1
438, 3297.0, 6, 7.510250569476082, 0.1
439, 3305.0, 8, 7.511363636363637, 0.1
440, 3311.0, 6, 7.507936507936508, 0.1
441, 3317.0, 6, 7.504524886877828, 0.1
442, 3323.0, 6, 7.501128668171558, 0.1
443, 3330.0, 7, 7.5, 0.1
444, 3336.0, 6, 7.496629213483146, 0.1
445, 3343.0, 7, 7.495515695067264, 0.1
446, 3351.0, 8, 7.496644295302014, 0.1
447, 3357.0, 6, 7.493303571428571, 0.1
448, 3365.0, 8, 7.494432071269488, 0.1
449, 3372.0, 7, 7.493333333333333, 0.1
450, 3380.0, 8, 7.494456762749445, 0.1
451, 3386.0, 6, 7.491150442477876, 0.1
452, 3394.0, 8, 7.492273730684326, 0.1
453, 3397.0, 3, 7.4823788546255505, 0.1
454, 3405.0, 8, 7.483516483516484, 0.1
455, 3413.0, 8, 7.484649122807017, 0.1
456, 3420.0, 7, 7.483588621444201, 0.1
457, 3428.0, 8, 7.4847161572052405, 0.1
458, 3435.0, 7, 7.483660130718954, 0.1
459, 3442.0, 7, 7.482608695652174, 0.1
460, 3448.0, 6, 7.479392624728851, 0.1
461, 3455.0, 7, 7.478354978354979, 0.1
462, 3463.0, 8, 7.479481641468682, 0.1
463, 3470.0, 7, 7.478448275862069, 0.1
464, 3475.0, 5, 7.473118279569892, 0.1
465, 3482.0, 7, 7.472103004291846, 0.1
466, 3490.0, 8, 7.47323340471092, 0.1
467, 3498.0, 8, 7.4743589743589745, 0.1
468, 3505.0, 7, 7.473347547974414, 0.1
469, 3513.0, 8, 7.474468085106383, 0.1
470, 3520.0, 7, 7.473460721868365, 0.1
471, 3525.0, 5, 7.468220338983051, 0.1
472, 3533.0, 8, 7.469344608879493, 0.1
473, 3540.0, 7, 7.468354430379747, 0.1
474, 3548.0, 8, 7.469473684210526, 0.1
475, 3555.0, 7, 7.468487394957983, 0.1
476, 3562.0, 7, 7.467505241090147, 0.1
477, 3568.0, 6, 7.464435146443515, 0.1
478, 3576.0, 8, 7.465553235908142, 0.1
479, 3583.0, 7, 7.464583333333334, 0.1
480, 3591.0, 8, 7.465696465696466, 0.1
481, 3599.0, 8, 7.466804979253112, 0.1
482, 3606.0, 7, 7.46583850931677, 0.1
483, 3613.0, 7, 7.464876033057851, 0.1
484, 3613.0, 0, 7.449484536082474, 0.1
485, 3621.0, 8, 7.450617283950617, 0.1
486, 3628.0, 7, 7.449691991786447, 0.1
487, 3635.0, 7, 7.448770491803279, 0.1
488, 3642.0, 7, 7.447852760736196, 0.1
489, 3649.0, 7, 7.446938775510204, 0.1
490, 3655.0, 6, 7.4439918533604885, 0.1
491, 3661.0, 6, 7.441056910569106, 0.1
492, 3669.0, 8, 7.442190669371197, 0.1
493, 3677.0, 8, 7.44331983805668, 0.1
494, 3685.0, 8, 7.444444444444445, 0.1
495, 3693.0, 8, 7.445564516129032, 0.1
496, 3701.0, 8, 7.446680080482897, 0.1
497, 3707.0, 6, 7.443775100401607, 0.1
498, 3713.0, 6, 7.440881763527054, 0.1
499, 3720.0, 7, 7.44, 0.1
500, 3727.0, 7, 7.439121756487026, 0.1
501, 3733.0, 6, 7.436254980079681, 0.1
502, 3739.0, 6, 7.433399602385686, 0.1
503, 3742.0, 3, 7.424603174603175, 0.1
504, 3750.0, 8, 7.425742574257426, 0.1
505, 3758.0, 8, 7.426877470355731, 0.1
506, 3766.0, 8, 7.428007889546351, 0.1
507, 3771.0, 5, 7.423228346456693, 0.1
508, 3779.0, 8, 7.424361493123772, 0.1
509, 3787.0, 8, 7.425490196078432, 0.1
510, 3795.0, 8, 7.426614481409002, 0.1
511, 3803.0, 8, 7.427734375, 0.1
512, 3810.0, 7, 7.426900584795321, 0.1
513, 3816.0, 6, 7.424124513618677, 0.1
514, 3824.0, 8, 7.425242718446602, 0.1
515, 3831.0, 7, 7.424418604651163, 0.1
516, 3832.0, 1, 7.411992263056093, 0.1
517, 3840.0, 8, 7.413127413127413, 0.1
518, 3848.0, 8, 7.414258188824663, 0.1
519, 3855.0, 7, 7.413461538461538, 0.1
520, 3861.0, 6, 7.410748560460653, 0.1
521, 3869.0, 8, 7.411877394636015, 0.1
522, 3875.0, 6, 7.409177820267686, 0.1
523, 3881.0, 6, 7.406488549618321, 0.1
524, 3889.0, 8, 7.407619047619048, 0.1
525, 3894.0, 5, 7.403041825095057, 0.1
526, 3900.0, 6, 7.400379506641366, 0.1
527, 3907.0, 7, 7.399621212121212, 0.1
528, 3915.0, 8, 7.400756143667297, 0.1
529, 3922.0, 7, 7.4, 0.1
530, 3930.0, 8, 7.401129943502825, 0.1
531, 3936.0, 6, 7.398496240601504, 0.1
532, 3944.0, 8, 7.399624765478424, 0.1
533, 3952.0, 8, 7.400749063670412, 0.1
534, 3959.0, 7, 7.4, 0.1
535, 3965.0, 6, 7.397388059701493, 0.1
536, 3971.0, 6, 7.394785847299814, 0.1
537, 3979.0, 8, 7.395910780669145, 0.1
538, 3986.0, 7, 7.39517625231911, 0.1
539, 3994.0, 8, 7.396296296296296, 0.1
540, 4001.0, 7, 7.3955637707948245, 0.1
541, 4001.0, 0, 7.381918819188192, 0.1
542, 4009.0, 8, 7.383057090239411, 0.1
543, 4017.0, 8, 7.384191176470588, 0.1
544, 4024.0, 7, 7.38348623853211, 0.1
545, 4032.0, 8, 7.384615384615385, 0.1
546, 4040.0, 8, 7.385740402193784, 0.1
547, 4048.0, 8, 7.386861313868613, 0.1
548, 4055.0, 7, 7.38615664845173, 0.1
549, 4063.0, 8, 7.387272727272728, 0.1
550, 4071.0, 8, 7.388384754990925, 0.1
551, 4078.0, 7, 7.38768115942029, 0.1
552, 4086.0, 8, 7.38878842676311, 0.1
553, 4093.0, 7, 7.388086642599278, 0.1
554, 4100.0, 7, 7.387387387387387, 0.1
555, 4107.0, 7, 7.386690647482014, 0.1
556, 4111.0, 4, 7.380610412926392, 0.1
557, 4117.0, 6, 7.378136200716846, 0.1
558, 4122.0, 5, 7.373881932021467, 0.1
559, 4128.0, 6, 7.371428571428571, 0.1
560, 4135.0, 7, 7.3707664884135475, 0.1
561, 4142.0, 7, 7.370106761565836, 0.1
562, 4148.0, 6, 7.367673179396093, 0.1
563, 4156.0, 8, 7.368794326241135, 0.1
564, 4163.0, 7, 7.368141592920354, 0.1
565, 4171.0, 8, 7.369257950530035, 0.1
566, 4178.0, 7, 7.368606701940036, 0.1
567, 4184.0, 6, 7.366197183098592, 0.1
568, 4188.0, 4, 7.360281195079086, 0.1
569, 4194.0, 6, 7.3578947368421055, 0.1
570, 4201.0, 7, 7.357267950963222, 0.1
571, 4208.0, 7, 7.356643356643357, 0.1
572, 4215.0, 7, 7.356020942408377, 0.1
573, 4222.0, 7, 7.355400696864112, 0.1
574, 4227.0, 5, 7.351304347826087, 0.1
575, 4234.0, 7, 7.350694444444445, 0.1
576, 4242.0, 8, 7.351819757365685, 0.1
577, 4250.0, 8, 7.352941176470588, 0.1
578, 4257.0, 7, 7.352331606217617, 0.1
579, 4264.0, 7, 7.3517241379310345, 0.1
580, 4272.0, 8, 7.352839931153184, 0.1
581, 4279.0, 7, 7.352233676975945, 0.1
582, 4287.0, 8, 7.353344768439108, 0.1
583, 4289.0, 2, 7.344178082191781, 0.1
584, 4297.0, 8, 7.345299145299145, 0.1
585, 4297.0, 0, 7.332764505119454, 0.1
586, 4304.0, 7, 7.3321976149914825, 0.1
587, 4311.0, 7, 7.331632653061225, 0.1
588, 4319.0, 8, 7.33276740237691, 0.1
589, 4326.0, 7, 7.332203389830508, 0.1
590, 4334.0, 8, 7.333333333333333, 0.1
591, 4341.0, 7, 7.33277027027027, 0.1
592, 4348.0, 7, 7.3322091062394605, 0.1
593, 4355.0, 7, 7.331649831649831, 0.1
594, 4362.0, 7, 7.33109243697479, 0.1
595, 4370.0, 8, 7.332214765100671, 0.1
596, 4378.0, 8, 7.333333333333333, 0.1
597, 4384.0, 6, 7.331103678929765, 0.1
598, 4392.0, 8, 7.332220367278798, 0.1
599, 4399.0, 7, 7.331666666666667, 0.1
600, 4407.0, 8, 7.332778702163061, 0.1
601, 4411.0, 4, 7.327242524916944, 0.1
602, 4418.0, 7, 7.326699834162521, 0.1
603, 4421.0, 3, 7.319536423841059, 0.1
604, 4428.0, 7, 7.31900826446281, 0.1
605, 4435.0, 7, 7.318481848184819, 0.1
606, 4443.0, 8, 7.319604612850083, 0.1
607, 4451.0, 8, 7.3207236842105265, 0.1
608, 4458.0, 7, 7.320197044334975, 0.1
609, 4465.0, 7, 7.319672131147541, 0.1
610, 4471.0, 6, 7.317512274959084, 0.1
611, 4475.0, 4, 7.312091503267974, 0.1
612, 4483.0, 8, 7.31321370309951, 0.1
613, 4488.0, 5, 7.309446254071661, 0.1
614, 4496.0, 8, 7.310569105691057, 0.1
615, 4502.0, 6, 7.308441558441558, 0.1
616, 4510.0, 8, 7.309562398703403, 0.1
617, 4518.0, 8, 7.310679611650485, 0.1
618, 4520.0, 2, 7.3021001615508885, 0.1
619, 4528.0, 8, 7.303225806451613, 0.1
620, 4535.0, 7, 7.302737520128824, 0.1
621, 4542.0, 7, 7.302250803858521, 0.1
622, 4550.0, 8, 7.303370786516854, 0.1
623, 4558.0, 8, 7.30448717948718, 0.1
624, 4565.0, 7, 7.304, 0.1
625, 4571.0, 6, 7.301916932907348, 0.1
626, 4578.0, 7, 7.301435406698564, 0.1
627, 4580.0, 2, 7.292993630573249, 0.1
628, 4587.0, 7, 7.292527821939586, 0.1
629, 4594.0, 7, 7.292063492063492, 0.1
630, 4602.0, 8, 7.293185419968304, 0.1
631, 4610.0, 8, 7.294303797468355, 0.1
632, 4616.0, 6, 7.292259083728278, 0.1
633, 4624.0, 8, 7.2933753943217665, 0.1
634, 4629.0, 5, 7.289763779527559, 0.1
635, 4636.0, 7, 7.289308176100629, 0.1
636, 4643.0, 7, 7.2888540031397175, 0.1
637, 4649.0, 6, 7.286833855799373, 0.1
638, 4656.0, 7, 7.286384976525822, 0.1
639, 4664.0, 8, 7.2875, 0.1
640, 4672.0, 8, 7.288611544461778, 0.1
641, 4672.0, 0, 7.277258566978193, 0.1
642, 4679.0, 7, 7.276827371695179, 0.1
643, 4687.0, 8, 7.277950310559007, 0.1
644, 4694.0, 7, 7.2775193798449616, 0.1
645, 4701.0, 7, 7.277089783281734, 0.1
646, 4709.0, 8, 7.278207109737249, 0.1
647, 4716.0, 7, 7.277777777777778, 0.1
648, 4723.0, 7, 7.277349768875193, 0.1
649, 4731.0, 8, 7.2784615384615385, 0.1
650, 4738.0, 7, 7.278033794162827, 0.1
651, 4746.0, 8, 7.279141104294479, 0.1
652, 4754.0, 8, 7.280245022970903, 0.1
653, 4761.0, 7, 7.279816513761468, 0.1
654, 4766.0, 5, 7.2763358778625955, 0.1
655, 4771.0, 5, 7.272865853658536, 0.1
656, 4779.0, 8, 7.273972602739726, 0.1
657, 4786.0, 7, 7.27355623100304, 0.1
658, 4794.0, 8, 7.2746585735963585, 0.1
659, 4795.0, 1, 7.265151515151516, 0.1
660, 4802.0, 7, 7.264750378214826, 0.1
661, 4808.0, 6, 7.262839879154079, 0.1
662, 4816.0, 8, 7.26395173453997, 0.1
663, 4819.0, 3, 7.257530120481928, 0.1
664, 4825.0, 6, 7.2556390977443606, 0.1
665, 4833.0, 8, 7.256756756756757, 0.1
666, 4841.0, 8, 7.257871064467766, 0.1
667, 4849.0, 8, 7.258982035928144, 0.1
668, 4857.0, 8, 7.260089686098655, 0.1
669, 4864.0, 7, 7.259701492537314, 0.1
670, 4870.0, 6, 7.257824143070045, 0.1
671, 4872.0, 2, 7.25, 0.1
672, 4877.0, 5, 7.24665676077266, 0.1
673, 4884.0, 7, 7.246290801186944, 0.1
674, 4892.0, 8, 7.247407407407407, 0.1
675, 4897.0, 5, 7.244082840236686, 0.1
676, 4897.0, 0, 7.233382570162481, 0.1
677, 4902.0, 5, 7.230088495575221, 0.1
678, 4908.0, 6, 7.228276877761414, 0.1
679, 4915.0, 7, 7.227941176470588, 0.1
680, 4922.0, 7, 7.227606461086637, 0.1
681, 4930.0, 8, 7.228739002932551, 0.1
682, 4938.0, 8, 7.2298682284041, 0.1
683, 4946.0, 8, 7.230994152046784, 0.1
684, 4954.0, 8, 7.232116788321168, 0.1
685, 4961.0, 7, 7.2317784256559765, 0.1
686, 4969.0, 8, 7.232896652110626, 0.1
687, 4977.0, 8, 7.234011627906977, 0.1
688, 4985.0, 8, 7.235123367198839, 0.1
689, 4993.0, 8, 7.236231884057971, 0.1
690, 5000.0, 7, 7.23589001447178, 0.1
691, 5007.0, 7, 7.235549132947977, 0.1
692, 5015.0, 8, 7.236652236652237, 0.1
693, 5022.0, 7, 7.236311239193084, 0.1
694, 5028.0, 6, 7.234532374100719, 0.1
695, 5036.0, 8, 7.235632183908046, 0.1
696, 5043.0, 7, 7.235294117647059, 0.1
697, 5051.0, 8, 7.236389684813753, 0.1
698, 5059.0, 8, 7.237482117310443, 0.1
699, 5065.0, 6, 7.235714285714286, 0.1
700, 5073.0, 8, 7.236804564907275, 0.1
701, 5080.0, 7, 7.236467236467236, 0.1
702, 5086.0, 6, 7.234708392603129, 0.1
703, 5092.0, 6, 7.232954545454546, 0.1
704, 5100.0, 8, 7.23404255319149, 0.1
705, 5108.0, 8, 7.235127478753541, 0.1
706, 5116.0, 8, 7.236209335219236, 0.1
707, 5123.0, 7, 7.2358757062146895, 0.1
708, 5128.0, 5, 7.232722143864598, 0.1
709, 5134.0, 6, 7.230985915492957, 0.1
710, 5142.0, 8, 7.232067510548523, 0.1
711, 5149.0, 7, 7.231741573033708, 0.1
712, 5156.0, 7, 7.231416549789621, 0.1
713, 5156.0, 0, 7.221288515406163, 0.1
714, 5164.0, 8, 7.222377622377622, 0.1
715, 5172.0, 8, 7.223463687150838, 0.1
716, 5180.0, 8, 7.224546722454672, 0.1
717, 5187.0, 7, 7.224233983286908, 0.1
718, 5194.0, 7, 7.223922114047288, 0.1
719, 5200.0, 6, 7.222222222222222, 0.1
720, 5207.0, 7, 7.221914008321775, 0.1
721, 5215.0, 8, 7.2229916897506925, 0.1
722, 5221.0, 6, 7.2213001383125865, 0.1
723, 5228.0, 7, 7.220994475138122, 0.1
724, 5228.0, 0, 7.21103448275862, 0.1
725, 5236.0, 8, 7.212121212121212, 0.1
726, 5243.0, 7, 7.2118294360385145, 0.1
727, 5250.0, 7, 7.211538461538462, 0.1
728, 5256.0, 6, 7.209876543209877, 0.1
729, 5264.0, 8, 7.210958904109589, 0.1
730, 5271.0, 7, 7.210670314637483, 0.1
731, 5279.0, 8, 7.211748633879782, 0.1
732, 5286.0, 7, 7.211459754433833, 0.1
733, 5293.0, 7, 7.2111716621253406, 0.1
734, 5297.0, 4, 7.206802721088436, 0.1
735, 5303.0, 6, 7.205163043478261, 0.1
736, 5310.0, 7, 7.204884667571235, 0.1
737, 5318.0, 8, 7.205962059620596, 0.1
738, 5326.0, 8, 7.207036535859269, 0.1
739, 5334.0, 8, 7.208108108108108, 0.1
740, 5342.0, 8, 7.209176788124156, 0.1
741, 5347.0, 5, 7.206199460916442, 0.1
742, 5353.0, 6, 7.2045760430686405, 0.1
743, 5361.0, 8, 7.205645161290323, 0.1
744, 5367.0, 6, 7.204026845637584, 0.1
745, 5375.0, 8, 7.205093833780161, 0.1
746, 5381.0, 6, 7.203480589022758, 0.1
747, 5387.0, 6, 7.201871657754011, 0.1
748, 5394.0, 7, 7.201602136181576, 0.1
749, 5401.0, 7, 7.201333333333333, 0.1
750, 5408.0, 7, 7.201065246338215, 0.1
751, 5416.0, 8, 7.202127659574468, 0.1
752, 5422.0, 6, 7.200531208499336, 0.1
753, 5428.0, 6, 7.19893899204244, 0.1
754, 5436.0, 8, 7.2, 0.1
755, 5443.0, 7, 7.199735449735449, 0.1
756, 5450.0, 7, 7.199471598414795, 0.1
757, 5458.0, 8, 7.200527704485488, 0.1
758, 5466.0, 8, 7.201581027667984, 0.1
759, 5473.0, 7, 7.201315789473684, 0.1
760, 5481.0, 8, 7.202365308804205, 0.1
761, 5488.0, 7, 7.202099737532809, 0.1
762, 5491.0, 3, 7.196592398427261, 0.1
763, 5497.0, 6, 7.195026178010472, 0.1
764, 5505.0, 8, 7.196078431372549, 0.1
765, 5512.0, 7, 7.195822454308094, 0.1
766, 5519.0, 7, 7.195567144719687, 0.1
767, 5527.0, 8, 7.196614583333333, 0.1
768, 5534.0, 7, 7.196358907672302, 0.1
769, 5541.0, 7, 7.196103896103896, 0.1
770, 5542.0, 1, 7.188067444876784, 0.1
771, 5549.0, 7, 7.187823834196891, 0.1
772, 5551.0, 2, 7.1811125485122895, 0.1
773, 5558.0, 7, 7.180878552971576, 0.1
774, 5564.0, 6, 7.179354838709678, 0.1
775, 5572.0, 8, 7.180412371134021, 0.1
776, 5578.0, 6, 7.178893178893179, 0.1
777, 5585.0, 7, 7.17866323907455, 0.1
778, 5592.0, 7, 7.178433889602054, 0.1
779, 5600.0, 8, 7.17948717948718, 0.1
780, 5608.0, 8, 7.180537772087068, 0.1
781, 5615.0, 7, 7.180306905370844, 0.1
782, 5620.0, 5, 7.177522349936143, 0.1
783, 5628.0, 8, 7.178571428571429, 0.1
784, 5635.0, 7, 7.178343949044586, 0.1
785, 5641.0, 6, 7.176844783715013, 0.1
786, 5649.0, 8, 7.1778907242693775, 0.1
787, 5657.0, 8, 7.178934010152284, 0.1
788, 5664.0, 7, 7.178707224334601, 0.1
789, 5672.0, 8, 7.179746835443038, 0.1
790, 5680.0, 8, 7.180783817951959, 0.1
791, 5688.0, 8, 7.181818181818182, 0.1
792, 5690.0, 2, 7.175283732660782, 0.1
793, 5697.0, 7, 7.175062972292191, 0.1
794, 5704.0, 7, 7.174842767295598, 0.1
795, 5711.0, 7, 7.174623115577889, 0.1
796, 5718.0, 7, 7.174404015056462, 0.1
797, 5726.0, 8, 7.175438596491228, 0.1
798, 5734.0, 8, 7.176470588235294, 0.1
799, 5742.0, 8, 7.1775, 0.1
800, 5749.0, 7, 7.177278401997503, 0.1
801, 5753.0, 4, 7.173316708229426, 0.1
802, 5754.0, 1, 7.165628891656289, 0.1
803, 5761.0, 7, 7.16542288557214, 0.1
804, 5767.0, 6, 7.163975155279503, 0.1
805, 5775.0, 8, 7.16501240694789, 0.1
806, 5782.0, 7, 7.1648079306071875, 0.1
807, 5790.0, 8, 7.165841584158416, 0.1
808, 5797.0, 7, 7.165636588380717, 0.1
809, 5802.0, 5, 7.162962962962963, 0.1
810, 5810.0, 8, 7.163995067817509, 0.1
811, 5810.0, 0, 7.155172413793103, 0.1
812, 5818.0, 8, 7.1562115621156215, 0.1
813, 5826.0, 8, 7.157248157248158, 0.1
814, 5833.0, 7, 7.157055214723926, 0.1
815, 5840.0, 7, 7.1568627450980395, 0.1
816, 5848.0, 8, 7.157894736842105, 0.1
817, 5856.0, 8, 7.158924205378973, 0.1
818, 5863.0, 7, 7.158730158730159, 0.1
819, 5865.0, 2, 7.152439024390244, 0.1
820, 5871.0, 6, 7.151035322777101, 0.1
821, 5879.0, 8, 7.152068126520681, 0.1
822, 5886.0, 7, 7.151883353584447, 0.1
823, 5894.0, 8, 7.152912621359223, 0.1
824, 5901.0, 7, 7.152727272727272, 0.1
825, 5908.0, 7, 7.1525423728813555, 0.1
826, 5916.0, 8, 7.153567110036276, 0.1
827, 5924.0, 8, 7.154589371980676, 0.1
828, 5926.0, 2, 7.148371531966224, 0.1
829, 5933.0, 7, 7.148192771084338, 0.1
830, 5940.0, 7, 7.148014440433213, 0.1
831, 5947.0, 7, 7.147836538461538, 0.1
832, 5947.0, 0, 7.139255702280912, 0.1
833, 5953.0, 6, 7.1378896882494, 0.1
834, 5961.0, 8, 7.138922155688623, 0.1
835, 5968.0, 7, 7.138755980861244, 0.1
836, 5976.0, 8, 7.139784946236559, 0.1
837, 5984.0, 8, 7.140811455847255, 0.1
838, 5986.0, 2, 7.134684147794994, 0.1
839, 5993.0, 7, 7.1345238095238095, 0.1
840, 6001.0, 8, 7.135552913198573, 0.1
841, 6007.0, 6, 7.134204275534442, 0.1
842, 6013.0, 6, 7.132858837485172, 0.1
843, 6020.0, 7, 7.132701421800948, 0.1
844, 6027.0, 7, 7.132544378698225, 0.1
845, 6033.0, 6, 7.131205673758865, 0.1
846, 6041.0, 8, 7.132231404958677, 0.1
847, 6048.0, 7, 7.132075471698113, 0.1
848, 6053.0, 5, 7.1295641931684335, 0.1
849, 6060.0, 7, 7.129411764705883, 0.1
850, 6063.0, 3, 7.124559341950646, 0.1
851, 6070.0, 7, 7.124413145539906, 0.1
852, 6078.0, 8, 7.125439624853458, 0.1
853, 6085.0, 7, 7.125292740046838, 0.1
854, 6086.0, 1, 7.11812865497076, 0.1
855, 6094.0, 8, 7.119158878504673, 0.1
856, 6097.0, 3, 7.114352392065344, 0.1
857, 6100.0, 3, 7.10955710955711, 0.1
858, 6107.0, 7, 7.109429569266589, 0.1
859, 6115.0, 8, 7.1104651162790695, 0.1
860, 6122.0, 7, 7.110336817653891, 0.1
861, 6128.0, 6, 7.109048723897912, 0.1
862, 6136.0, 8, 7.11008111239861, 0.1
863, 6144.0, 8, 7.111111111111111, 0.1
864, 6151.0, 7, 7.1109826589595375, 0.1
865, 6159.0, 8, 7.112009237875289, 0.1
866, 6165.0, 6, 7.110726643598616, 0.1
867, 6171.0, 6, 7.109447004608295, 0.1
868, 6179.0, 8, 7.110471806674338, 0.1
869, 6187.0, 8, 7.111494252873563, 0.1
870, 6194.0, 7, 7.111366245694604, 0.1
871, 6200.0, 6, 7.110091743119266, 0.1
872, 6207.0, 7, 7.109965635738831, 0.1
873, 6215.0, 8, 7.110983981693364, 0.1
874, 6222.0, 7, 7.110857142857143, 0.1
875, 6229.0, 7, 7.110730593607306, 0.1
876, 6237.0, 8, 7.111744583808438, 0.1
877, 6243.0, 6, 7.110478359908884, 0.1
878, 6251.0, 8, 7.111490329920364, 0.1
879, 6258.0, 7, 7.111363636363636, 0.1
880, 6266.0, 8, 7.112372304199773, 0.1
881, 6274.0, 8, 7.113378684807256, 0.1
882, 6281.0, 7, 7.113250283125708, 0.1
883, 6287.0, 6, 7.111990950226244, 0.1
884, 6295.0, 8, 7.112994350282486, 0.1
885, 6302.0, 7, 7.112866817155756, 0.1
886, 6309.0, 7, 7.1127395715896276, 0.1
887, 6316.0, 7, 7.112612612612613, 0.1
888, 6323.0, 7, 7.112485939257593, 0.1
889, 6326.0, 3, 7.107865168539326, 0.1
890, 6328.0, 2, 7.1021324354657684, 0.1
891, 6331.0, 3, 7.0975336322869955, 0.1
892, 6339.0, 8, 7.098544232922732, 0.1
893, 6347.0, 8, 7.099552572706935, 0.1
894, 6353.0, 6, 7.098324022346369, 0.1
895, 6361.0, 8, 7.099330357142857, 0.1
896, 6369.0, 8, 7.1003344481605355, 0.1
897, 6375.0, 6, 7.099109131403118, 0.1
898, 6382.0, 7, 7.0989988876529475, 0.1
899, 6390.0, 8, 7.1, 0.1
900, 6390.0, 0, 7.092119866814651, 0.1
901, 6396.0, 6, 7.090909090909091, 0.1
902, 6403.0, 7, 7.0908084163898115, 0.1
903, 6410.0, 7, 7.09070796460177, 0.1
904, 6417.0, 7, 7.09060773480663, 0.1
905, 6424.0, 7, 7.0905077262693155, 0.1
906, 6432.0, 8, 7.091510474090408, 0.1
907, 6440.0, 8, 7.092511013215859, 0.1
908, 6448.0, 8, 7.0935093509350935, 0.1
909, 6456.0, 8, 7.094505494505494, 0.1
910, 6463.0, 7, 7.094401756311745, 0.1
911, 6470.0, 7, 7.094298245614035, 0.1
912, 6477.0, 7, 7.094194961664841, 0.1
913, 6485.0, 8, 7.095185995623632, 0.1
914, 6493.0, 8, 7.096174863387978, 0.1
915, 6500.0, 7, 7.096069868995633, 0.1
916, 6506.0, 6, 7.094874591057797, 0.1
917, 6510.0, 4, 7.091503267973856, 0.1
918, 6512.0, 2, 7.085963003264418, 0.1
919, 6519.0, 7, 7.085869565217391, 0.1
920, 6526.0, 7, 7.085776330076004, 0.1
921, 6534.0, 8, 7.086767895878525, 0.1
922, 6542.0, 8, 7.087757313109425, 0.1
923, 6549.0, 7, 7.087662337662338, 0.1
924, 6551.0, 2, 7.082162162162162, 0.1
925, 6558.0, 7, 7.08207343412527, 0.1
926, 6565.0, 7, 7.081984897518878, 0.1
927, 6566.0, 1, 7.075431034482759, 0.1
928, 6574.0, 8, 7.076426264800861, 0.1
929, 6582.0, 8, 7.077419354838709, 0.1
930, 6590.0, 8, 7.078410311493018, 0.1
931, 6598.0, 8, 7.079399141630901, 0.1
932, 6606.0, 8, 7.080385852090032, 0.1
933, 6613.0, 7, 7.080299785867238, 0.1
934, 6621.0, 8, 7.081283422459893, 0.1
935, 6629.0, 8, 7.082264957264957, 0.1
936, 6636.0, 7, 7.0821771611526145, 0.1
937, 6643.0, 7, 7.082089552238806, 0.1
938, 6650.0, 7, 7.082002129925453, 0.1
939, 6656.0, 6, 7.080851063829787, 0.1
940, 6662.0, 6, 7.079702444208289, 0.1
941, 6669.0, 7, 7.079617834394904, 0.1
942, 6675.0, 6, 7.07847295864263, 0.1
943, 6681.0, 6, 7.077330508474576, 0.1
944, 6688.0, 7, 7.077248677248678, 0.1
945, 6694.0, 6, 7.076109936575053, 0.1
946, 6701.0, 7, 7.076029567053855, 0.1
947, 6709.0, 8, 7.077004219409282, 0.1
948, 6716.0, 7, 7.076923076923077, 0.1
949, 6724.0, 8, 7.077894736842105, 0.1
950, 6731.0, 7, 7.0778128286014725, 0.1
951, 6739.0, 8, 7.078781512605042, 0.1
952, 6747.0, 8, 7.0797481636935995, 0.1
953, 6754.0, 7, 7.079664570230608, 0.1
954, 6762.0, 8, 7.0806282722513085, 0.1
955, 6770.0, 8, 7.081589958158996, 0.1
956, 6778.0, 8, 7.082549634273772, 0.1
957, 6785.0, 7, 7.082463465553236, 0.1
958, 6791.0, 6, 7.08133472367049, 0.1
959, 6799.0, 8, 7.082291666666666, 0.1
960, 6806.0, 7, 7.082206035379813, 0.1
961, 6812.0, 6, 7.081081081081081, 0.1
962, 6818.0, 6, 7.079958463136033, 0.1
963, 6826.0, 8, 7.080912863070539, 0.1
964, 6826.0, 0, 7.073575129533679, 0.1
965, 6832.0, 6, 7.072463768115942, 0.1
966, 6832.0, 0, 7.0651499482936915, 0.1
967, 6839.0, 7, 7.065082644628099, 0.1
968, 6846.0, 7, 7.065015479876161, 0.1
969, 6854.0, 8, 7.065979381443299, 0.1
970, 6861.0, 7, 7.0659114315139036, 0.1
971, 6864.0, 3, 7.061728395061729, 0.1
972, 6872.0, 8, 7.062692702980473, 0.1
973, 6878.0, 6, 7.061601642710472, 0.1
974, 6886.0, 8, 7.062564102564102, 0.1
975, 6894.0, 8, 7.063524590163935, 0.1
976, 6902.0, 8, 7.064483111566019, 0.1
977, 6909.0, 7, 7.064417177914111, 0.1
978, 6916.0, 7, 7.06435137895812, 0.1
979, 6924.0, 8, 7.0653061224489795, 0.1
980, 6932.0, 8, 7.066258919469929, 0.1
981, 6939.0, 7, 7.066191446028514, 0.1
982, 6947.0, 8, 7.067141403865717, 0.1
983, 6951.0, 4, 7.064024390243903, 0.1
984, 6958.0, 7, 7.063959390862944, 0.1
985, 6964.0, 6, 7.0628803245436105, 0.1
986, 6971.0, 7, 7.062816616008106, 0.1
987, 6978.0, 7, 7.062753036437247, 0.1
988, 6984.0, 6, 7.061678463094035, 0.1
989, 6992.0, 8, 7.062626262626263, 0.1
990, 6996.0, 4, 7.059535822401615, 0.1
991, 7004.0, 8, 7.060483870967742, 0.1
992, 7011.0, 7, 7.0604229607250755, 0.1
993, 7019.0, 8, 7.061368209255533, 0.1
994, 7024.0, 5, 7.05929648241206, 0.1
995, 7032.0, 8, 7.0602409638554215, 0.1
996, 7040.0, 8, 7.061183550651956, 0.1
997, 7047.0, 7, 7.061122244488978, 0.1
998, 7054.0, 7, 7.061061061061061, 0.1
999, 7060.0, 6, 7.06, 0.1
1000, 7068.0, 8, 7.060939060939061, 0.1
1001, 7075.0, 7, 7.060878243512974, 0.1
1002, 7082.0, 7, 7.060817547357926, 0.1
1003, 7090.0, 8, 7.061752988047809, 0.1
1004, 7098.0, 8, 7.062686567164179, 0.1
1005, 7105.0, 7, 7.062624254473161, 0.1
1006, 7113.0, 8, 7.063555114200596, 0.1
1007, 7121.0, 8, 7.064484126984127, 0.1
1008, 7129.0, 8, 7.065411298315164, 0.1
1009, 7137.0, 8, 7.066336633663366, 0.1
1010, 7145.0, 8, 7.0672601384767555, 0.1
1011, 7152.0, 7, 7.067193675889328, 0.1
1012, 7160.0, 8, 7.068114511352419, 0.1
1013, 7168.0, 8, 7.069033530571992, 0.1
1014, 7176.0, 8, 7.069950738916257, 0.1
1015, 7182.0, 6, 7.068897637795276, 0.1
1016, 7189.0, 7, 7.0688298918387416, 0.1
1017, 7196.0, 7, 7.068762278978389, 0.1
1018, 7204.0, 8, 7.069676153091266, 0.1
1019, 7210.0, 6, 7.068627450980392, 0.1
1020, 7218.0, 8, 7.069539666993144, 0.1
1021, 7226.0, 8, 7.070450097847358, 0.1
1022, 7232.0, 6, 7.069403714565005, 0.1
1023, 7240.0, 8, 7.0703125, 0.1
1024, 7247.0, 7, 7.0702439024390245, 0.1
1025, 7255.0, 8, 7.071150097465887, 0.1
1026, 7261.0, 6, 7.070107108081792, 0.1
1027, 7269.0, 8, 7.071011673151751, 0.1
1028, 7277.0, 8, 7.071914480077745, 0.1
1029, 7285.0, 8, 7.072815533980583, 0.1
1030, 7291.0, 6, 7.071774975751698, 0.1
1031, 7299.0, 8, 7.0726744186046515, 0.1
1032, 7306.0, 7, 7.0726040658276865, 0.1
1033, 7314.0, 8, 7.0735009671179885, 0.1
1034, 7322.0, 8, 7.0743961352657, 0.1
1035, 7330.0, 8, 7.075289575289576, 0.1
1036, 7338.0, 8, 7.076181292189006, 0.1
1037, 7346.0, 8, 7.077071290944123, 0.1
1038, 7347.0, 1, 7.071222329162657, 0.1
1039, 7352.0, 5, 7.069230769230769, 0.1
1040, 7360.0, 8, 7.070124879923151, 0.1
1041, 7367.0, 7, 7.070057581573896, 0.1
1042, 7373.0, 6, 7.069031639501438, 0.1
1043, 7379.0, 6, 7.068007662835249, 0.1
1044, 7382.0, 3, 7.064114832535886, 0.1
1045, 7390.0, 8, 7.065009560229446, 0.1
1046, 7398.0, 8, 7.065902578796561, 0.1
1047, 7405.0, 7, 7.065839694656488, 0.1
1048, 7411.0, 6, 7.064823641563394, 0.1
1049, 7418.0, 7, 7.064761904761904, 0.1
1050, 7426.0, 8, 7.065651760228354, 0.1
1051, 7429.0, 3, 7.061787072243346, 0.1
1052, 7434.0, 5, 7.05982905982906, 0.1
1053, 7441.0, 7, 7.05977229601518, 0.1
1054, 7447.0, 6, 7.058767772511849, 0.1
1055, 7453.0, 6, 7.057765151515151, 0.1
1056, 7461.0, 8, 7.058656575212867, 0.1
1057, 7469.0, 8, 7.059546313799622, 0.1
1058, 7477.0, 8, 7.0604343720491025, 0.1
1059, 7485.0, 8, 7.061320754716981, 0.1
1060, 7493.0, 8, 7.062205466540999, 0.1
1061, 7500.0, 7, 7.062146892655368, 0.1
1062, 7508.0, 8, 7.063029162746942, 0.1
1063, 7511.0, 3, 7.059210526315789, 0.1
1064, 7519.0, 8, 7.060093896713615, 0.1
1065, 7524.0, 5, 7.058161350844277, 0.1
1066, 7530.0, 6, 7.057169634489222, 0.1
1067, 7538.0, 8, 7.058052434456929, 0.1
1068, 7545.0, 7, 7.05799812909261, 0.1
1069, 7552.0, 7, 7.057943925233645, 0.1
1070, 7560.0, 8, 7.0588235294117645, 0.1
1071, 7566.0, 6, 7.057835820895522, 0.1
1072, 7574.0, 8, 7.058713886300093, 0.1
1073, 7581.0, 7, 7.058659217877095, 0.1
1074, 7587.0, 6, 7.057674418604651, 0.1
1075, 7594.0, 7, 7.057620817843866, 0.1
1076, 7600.0, 6, 7.056638811513463, 0.1
1077, 7605.0, 5, 7.054730983302412, 0.1
1078, 7613.0, 8, 7.055607043558851, 0.1
1079, 7618.0, 5, 7.053703703703704, 0.1
1080, 7626.0, 8, 7.054579093432007, 0.1
1081, 7633.0, 7, 7.05452865064695, 0.1
1082, 7641.0, 8, 7.055401662049862, 0.1
1083, 7648.0, 7, 7.055350553505535, 0.1
1084, 7656.0, 8, 7.056221198156682, 0.1
1085, 7664.0, 8, 7.057090239410681, 0.1
1086, 7669.0, 5, 7.055197792088316, 0.1
1087, 7670.0, 1, 7.049632352941177, 0.1
1088, 7675.0, 5, 7.047750229568411, 0.1
1089, 7681.0, 6, 7.046788990825688, 0.1
1090, 7689.0, 8, 7.047662694775435, 0.1
1091, 7693.0, 4, 7.044871794871795, 0.1
1092, 7701.0, 8, 7.045745654162855, 0.1
1093, 7707.0, 6, 7.044789762340036, 0.1
1094, 7713.0, 6, 7.043835616438356, 0.1
1095, 7720.0, 7, 7.043795620437956, 0.1
1096, 7728.0, 8, 7.044667274384685, 0.1
1097, 7734.0, 6, 7.043715846994536, 0.1
1098, 7741.0, 7, 7.0436760691537765, 0.1
1099, 7749.0, 8, 7.044545454545455, 0.1
1100, 7757.0, 8, 7.045413260672116, 0.1
1101, 7764.0, 7, 7.045372050816697, 0.1
1102, 7772.0, 8, 7.046237533998187, 0.1
1103, 7779.0, 7, 7.046195652173913, 0.1
1104, 7787.0, 8, 7.047058823529412, 0.1
1105, 7795.0, 8, 7.047920433996383, 0.1
1106, 7802.0, 7, 7.047877145438121, 0.1
1107, 7810.0, 8, 7.048736462093863, 0.1
1108, 7818.0, 8, 7.049594229035167, 0.1
1109, 7825.0, 7, 7.04954954954955, 0.1
1110, 7833.0, 8, 7.05040504050405, 0.1
1111, 7840.0, 7, 7.0503597122302155, 0.1
1112, 7848.0, 8, 7.051212938005391, 0.1
1113, 7855.0, 7, 7.051166965888689, 0.1
1114, 7861.0, 6, 7.050224215246637, 0.1
1115, 7869.0, 8, 7.051075268817204, 0.1
1116, 7875.0, 6, 7.050134288272157, 0.1
1117, 7875.0, 0, 7.043828264758497, 0.1
1118, 7883.0, 8, 7.044682752457551, 0.1
1119, 7885.0, 2, 7.040178571428571, 0.1
1120, 7893.0, 8, 7.041034790365745, 0.1
1121, 7901.0, 8, 7.041889483065954, 0.1
1122, 7909.0, 8, 7.042742653606411, 0.1
1123, 7916.0, 7, 7.04270462633452, 0.1
1124, 7924.0, 8, 7.043555555555556, 0.1
1125, 7932.0, 8, 7.0444049733570155, 0.1
1126, 7940.0, 8, 7.045252883762201, 0.1
1127, 7946.0, 6, 7.044326241134752, 0.1
1128, 7950.0, 4, 7.04162976085031, 0.1
1129, 7958.0, 8, 7.042477876106195, 0.1
1130, 7966.0, 8, 7.0433244916003535, 0.1
1131, 7973.0, 7, 7.043286219081272, 0.1
1132, 7979.0, 6, 7.042365401588703, 0.1
1133, 7980.0, 1, 7.037037037037037, 0.1
1134, 7987.0, 7, 7.037004405286344, 0.1
1135, 7995.0, 8, 7.037852112676056, 0.1
1136, 8002.0, 7, 7.037818821459982, 0.1
1137, 8010.0, 8, 7.038664323374341, 0.1
1138, 8016.0, 6, 7.037752414398596, 0.1
1139, 8024.0, 8, 7.03859649122807, 0.1
1140, 8032.0, 8, 7.039439088518843, 0.1
1141, 8039.0, 7, 7.0394045534150615, 0.1
1142, 8046.0, 7, 7.039370078740157, 0.1
1143, 8054.0, 8, 7.04020979020979, 0.1
1144, 8062.0, 8, 7.041048034934498, 0.1
1145, 8068.0, 6, 7.040139616055846, 0.1
1146, 8076.0, 8, 7.040976460331299, 0.1
1147, 8084.0, 8, 7.041811846689895, 0.1
1148, 8092.0, 8, 7.0426457789382075, 0.1
1149, 8098.0, 6, 7.041739130434783, 0.1
1150, 8105.0, 7, 7.041702867072111, 0.1
1151, 8113.0, 8, 7.042534722222222, 0.1
1152, 8120.0, 7, 7.042497831743279, 0.1
1153, 8128.0, 8, 7.043327556325823, 0.1
1154, 8135.0, 7, 7.043290043290043, 0.1
1155, 8143.0, 8, 7.044117647058823, 0.1
1156, 8148.0, 5, 7.042350907519447, 0.1
1157, 8154.0, 6, 7.041450777202073, 0.1
1158, 8162.0, 8, 7.04227782571182, 0.1
1159, 8170.0, 8, 7.043103448275862, 0.1
1160, 8178.0, 8, 7.043927648578811, 0.1
1161, 8185.0, 7, 7.0438898450946645, 0.1
1162, 8192.0, 7, 7.043852106620808, 0.1
1163, 8200.0, 8, 7.0446735395189, 0.1
1164, 8208.0, 8, 7.045493562231759, 0.1
1165, 8216.0, 8, 7.04631217838765, 0.1
1166, 8222.0, 6, 7.045415595544131, 0.1
1167, 8229.0, 7, 7.045376712328767, 0.1
1168, 8236.0, 7, 7.045337895637297, 0.1
1169, 8243.0, 7, 7.045299145299145, 0.1
1170, 8251.0, 8, 7.0461144321093085, 0.1
1171, 8258.0, 7, 7.046075085324232, 0.1
1172, 8265.0, 7, 7.046035805626598, 0.1
1173, 8273.0, 8, 7.046848381601363, 0.1
1174, 8281.0, 8, 7.047659574468085, 0.1
1175, 8289.0, 8, 7.048469387755102, 0.1
1176, 8297.0, 8, 7.04927782497876, 0.1
1177, 8303.0, 6, 7.048387096774194, 0.1
1178, 8307.0, 4, 7.0458015267175576, 0.1
1179, 8315.0, 8, 7.046610169491525, 0.1
1180, 8322.0, 7, 7.046570702794242, 0.1
1181, 8322.0, 0, 7.040609137055838, 0.1
1182, 8330.0, 8, 7.041420118343195, 0.1
1183, 8337.0, 7, 7.041385135135135, 0.1
1184, 8345.0, 8, 7.042194092827004, 0.1
1185, 8351.0, 6, 7.041315345699831, 0.1
1186, 8359.0, 8, 7.04212299915754, 0.1
1187, 8365.0, 6, 7.0412457912457915, 0.1
1188, 8371.0, 6, 7.040370058873003, 0.1
1189, 8379.0, 8, 7.041176470588235, 0.1
1190, 8386.0, 7, 7.041141897565072, 0.1
1191, 8393.0, 7, 7.041107382550336, 0.1
1192, 8401.0, 8, 7.0419111483654655, 0.1
1193, 8409.0, 8, 7.042713567839196, 0.1
1194, 8410.0, 1, 7.03765690376569, 0.1
1195, 8417.0, 7, 7.037625418060201, 0.1
1196, 8425.0, 8, 7.03842940685046, 0.1
1197, 8433.0, 8, 7.039232053422371, 0.1
1198, 8440.0, 7, 7.039199332777314, 0.1
1199, 8445.0, 5, 7.0375, 0.1
1200, 8453.0, 8, 7.038301415487094, 0.1
1201, 8460.0, 7, 7.038269550748752, 0.1
1202, 8468.0, 8, 7.039068994181213, 0.1
1203, 8475.0, 7, 7.039036544850498, 0.1
1204, 8483.0, 8, 7.039834024896265, 0.1
1205, 8491.0, 8, 7.040630182421228, 0.1
1206, 8498.0, 7, 7.04059652029826, 0.1
1207, 8505.0, 7, 7.0405629139072845, 0.1
1208, 8512.0, 7, 7.040529363110008, 0.1
1209, 8520.0, 8, 7.041322314049586, 0.1
1210, 8528.0, 8, 7.0421139554087535, 0.1
1211, 8534.0, 6, 7.041254125412541, 0.1
1212, 8542.0, 8, 7.04204451772465, 0.1
1213, 8547.0, 5, 7.0403624382207575, 0.1
1214, 8554.0, 7, 7.040329218106996, 0.1
1215, 8562.0, 8, 7.041118421052632, 0.1
1216, 8569.0, 7, 7.041084634346754, 0.1
1217, 8575.0, 6, 7.040229885057471, 0.1
1218, 8579.0, 4, 7.037735849056604, 0.1
1219, 8586.0, 7, 7.037704918032787, 0.1
1220, 8589.0, 3, 7.034398034398034, 0.1
1221, 8596.0, 7, 7.0343698854337156, 0.1
1222, 8603.0, 7, 7.034341782502044, 0.1
1223, 8610.0, 7, 7.034313725490196, 0.1
1224, 8617.0, 7, 7.034285714285715, 0.1
1225, 8619.0, 2, 7.0301794453507345, 0.1
1226, 8627.0, 8, 7.030969845150774, 0.1
1227, 8634.0, 7, 7.030944625407166, 0.1
1228, 8641.0, 7, 7.030919446704638, 0.1
1229, 8648.0, 7, 7.03089430894309, 0.1
1230, 8652.0, 4, 7.028432168968318, 0.1
1231, 8659.0, 7, 7.028409090909091, 0.1
1232, 8666.0, 7, 7.028386050283861, 0.1
1233, 8674.0, 8, 7.0291734197730955, 0.1
1234, 8681.0, 7, 7.029149797570851, 0.1
1235, 8687.0, 6, 7.0283171521035595, 0.1
1236, 8694.0, 7, 7.028294260307195, 0.1
1237, 8701.0, 7, 7.02827140549273, 0.1
1238, 8708.0, 7, 7.028248587570621, 0.1
1239, 8715.0, 7, 7.028225806451613, 0.1
1240, 8723.0, 8, 7.0290088638195005, 0.1
1241, 8729.0, 6, 7.0281803542673105, 0.1
1242, 8736.0, 7, 7.02815768302494, 0.1
1243, 8744.0, 8, 7.028938906752412, 0.1
1244, 8752.0, 8, 7.029718875502008, 0.1
1245, 8759.0, 7, 7.029695024077046, 0.1
1246, 8760.0, 1, 7.02485966319166, 0.1
1247, 8767.0, 7, 7.024839743589744, 0.1
1248, 8775.0, 8, 7.025620496397118, 0.1
1249, 8781.0, 6, 7.0248, 0.1
1250, 8788.0, 7, 7.024780175859313, 0.1
1251, 8793.0, 5, 7.023162939297125, 0.1
1252, 8800.0, 7, 7.023144453312051, 0.1
1253, 8808.0, 8, 7.023923444976076, 0.1
1254, 8815.0, 7, 7.0239043824701195, 0.1
1255, 8822.0, 7, 7.023885350318471, 0.1
1256, 8830.0, 8, 7.024661893396977, 0.1
1257, 8837.0, 7, 7.024642289348172, 0.1
1258, 8845.0, 8, 7.025416997617157, 0.1
1259, 8852.0, 7, 7.025396825396825, 0.1
1260, 8860.0, 8, 7.026169706582078, 0.1
1261, 8865.0, 5, 7.024564183835182, 0.1
1262, 8873.0, 8, 7.025336500395883, 0.1
1263, 8875.0, 2, 7.021360759493671, 0.1
1264, 8882.0, 7, 7.021343873517787, 0.1
1265, 8890.0, 8, 7.022116903633491, 0.1
1266, 8898.0, 8, 7.022888713496449, 0.1
1267, 8906.0, 8, 7.023659305993691, 0.1
1268, 8914.0, 8, 7.024428684003152, 0.1
1269, 8920.0, 6, 7.0236220472440944, 0.1
1270, 8924.0, 4, 7.021243115656963, 0.1
1271, 8931.0, 7, 7.02122641509434, 0.1
1272, 8939.0, 8, 7.021995286724273, 0.1
1273, 8945.0, 6, 7.021193092621664, 0.1
1274, 8953.0, 8, 7.021960784313725, 0.1
1275, 8961.0, 8, 7.0227272727272725, 0.1
1276, 8969.0, 8, 7.023492560689115, 0.1
1277, 8977.0, 8, 7.024256651017215, 0.1
1278, 8983.0, 6, 7.023455824863174, 0.1
1279, 8991.0, 8, 7.02421875, 0.1
1280, 8998.0, 7, 7.024199843871975, 0.1
1281, 9005.0, 7, 7.0241809672386895, 0.1
1282, 9012.0, 7, 7.024162120031177, 0.1
1283, 9018.0, 6, 7.0233644859813085, 0.1
1284, 9026.0, 8, 7.024124513618677, 0.1
1285, 9034.0, 8, 7.024883359253499, 0.1
1286, 9042.0, 8, 7.0256410256410255, 0.1
1287, 9049.0, 7, 7.025621118012422, 0.1
1288, 9052.0, 3, 7.022498060512024, 0.1
1289, 9060.0, 8, 7.023255813953488, 0.1
1290, 9067.0, 7, 7.023237800154918, 0.1
1291, 9075.0, 8, 7.023993808049536, 0.1
1292, 9082.0, 7, 7.023975251353441, 0.1
1293, 9090.0, 8, 7.024729520865534, 0.1
1294, 9097.0, 7, 7.024710424710425, 0.1
1295, 9104.0, 7, 7.0246913580246915, 0.1
1296, 9112.0, 8, 7.0254433307632995, 0.1
1297, 9120.0, 8, 7.026194144838213, 0.1
1298, 9127.0, 7, 7.026173979984604, 0.1
1299, 9134.0, 7, 7.026153846153846, 0.1
1300, 9136.0, 2, 7.022290545734051, 0.1
1301, 9138.0, 2, 7.018433179723503, 0.1
1302, 9146.0, 8, 7.0191864927091325, 0.1
1303, 9146.0, 0, 7.013803680981595, 0.1
1304, 9154.0, 8, 7.01455938697318, 0.1
1305, 9161.0, 7, 7.0145482388973965, 0.1
1306, 9169.0, 8, 7.015302218821729, 0.1
1307, 9176.0, 7, 7.015290519877676, 0.1
1308, 9183.0, 7, 7.015278838808251, 0.1
1309, 9190.0, 7, 7.015267175572519, 0.1
1310, 9193.0, 3, 7.012204424103738, 0.1
1311, 9201.0, 8, 7.0129573170731705, 0.1
1312, 9208.0, 7, 7.012947448591013, 0.1
1313, 9216.0, 8, 7.013698630136986, 0.1
1314, 9224.0, 8, 7.014448669201521, 0.1
1315, 9231.0, 7, 7.014437689969605, 0.1
1316, 9239.0, 8, 7.015186028853455, 0.1
1317, 9246.0, 7, 7.0151745068285285, 0.1
1318, 9253.0, 7, 7.01516300227445, 0.1
1319, 9259.0, 6, 7.01439393939394, 0.1
1320, 9266.0, 7, 7.014383043149129, 0.1
1321, 9271.0, 5, 7.01285930408472, 0.1
1322, 9279.0, 8, 7.01360544217687, 0.1
1323, 9287.0, 8, 7.014350453172206, 0.1
1324, 9287.0, 0, 7.009056603773585, 0.1
1325, 9294.0, 7, 7.009049773755656, 0.1
1326, 9299.0, 5, 7.007535795026375, 0.1
1327, 9306.0, 7, 7.007530120481928, 0.1
1328, 9313.0, 7, 7.007524454477051, 0.1
1329, 9321.0, 8, 7.00827067669173, 0.1
1330, 9328.0, 7, 7.008264462809917, 0.1
1331, 9333.0, 5, 7.006756756756757, 0.1
1332, 9339.0, 6, 7.006001500375094, 0.1
1333, 9347.0, 8, 7.006746626686657, 0.1
1334, 9355.0, 8, 7.007490636704119, 0.1
1335, 9363.0, 8, 7.008233532934132, 0.1
1336, 9371.0, 8, 7.008975317875842, 0.1
1337, 9379.0, 8, 7.009715994020927, 0.1
1338, 9386.0, 7, 7.009708737864078, 0.1
1339, 9387.0, 1, 7.005223880597015, 0.1
1340, 9395.0, 8, 7.005965697240865, 0.1
1341, 9403.0, 8, 7.006706408345752, 0.1
1342, 9410.0, 7, 7.006701414743112, 0.1
1343, 9418.0, 8, 7.007440476190476, 0.1
1344, 9426.0, 8, 7.00817843866171, 0.1
1345, 9433.0, 7, 7.008172362555721, 0.1
1346, 9440.0, 7, 7.008166295471418, 0.1
1347, 9448.0, 8, 7.008902077151335, 0.1
1348, 9453.0, 5, 7.007412898443292, 0.1
1349, 9460.0, 7, 7.007407407407407, 0.1
1350, 9466.0, 6, 7.0066617320503335, 0.1
1351, 9474.0, 8, 7.007396449704142, 0.1
1352, 9480.0, 6, 7.006651884700665, 0.1
1353, 9488.0, 8, 7.00738552437223, 0.1
1354, 9496.0, 8, 7.008118081180812, 0.1
1355, 9503.0, 7, 7.008112094395281, 0.1
1356, 9507.0, 4, 7.005895357406042, 0.1
1357, 9515.0, 8, 7.006627393225331, 0.1
1358, 9522.0, 7, 7.006622516556291, 0.1
1359, 9529.0, 7, 7.006617647058824, 0.1
1360, 9537.0, 8, 7.007347538574577, 0.1
1361, 9544.0, 7, 7.007342143906021, 0.1
1362, 9552.0, 8, 7.0080704328686725, 0.1
1363, 9559.0, 7, 7.008064516129032, 0.1
1364, 9565.0, 6, 7.007326007326007, 0.1
1365, 9572.0, 7, 7.007320644216691, 0.1
1366, 9579.0, 7, 7.007315288953913, 0.1
1367, 9586.0, 7, 7.007309941520468, 0.1
1368, 9593.0, 7, 7.007304601899197, 0.1
1369, 9599.0, 6, 7.006569343065693, 0.1
1370, 9607.0, 8, 7.0072939460248, 0.1
1371, 9614.0, 7, 7.00728862973761, 0.1
1372, 9621.0, 7, 7.007283321194465, 0.1
1373, 9628.0, 7, 7.0072780203784575, 0.1
1374, 9635.0, 7, 7.007272727272727, 0.1
1375, 9643.0, 8, 7.007994186046512, 0.1
1376, 9650.0, 7, 7.0079883805374, 0.1
1377, 9657.0, 7, 7.0079825834542815, 0.1
1378, 9665.0, 8, 7.008701957940537, 0.1
1379, 9671.0, 6, 7.007971014492754, 0.1
1380, 9677.0, 6, 7.0072411296162205, 0.1
1381, 9685.0, 8, 7.007959479015919, 0.1
1382, 9691.0, 6, 7.007230657989877, 0.1
1383, 9695.0, 4, 7.005057803468208, 0.1
1384, 9703.0, 8, 7.005776173285199, 0.1
1385, 9709.0, 6, 7.005050505050505, 0.1
1386, 9716.0, 7, 7.005046863734679, 0.1
1387, 9723.0, 7, 7.005043227665706, 0.1
1388, 9731.0, 8, 7.005759539236861, 0.1
1389, 9739.0, 8, 7.006474820143885, 0.1
1390, 9746.0, 7, 7.00647016534867, 0.1
1391, 9752.0, 6, 7.005747126436781, 0.1
1392, 9758.0, 6, 7.005025125628141, 0.1
1393, 9764.0, 6, 7.004304160688665, 0.1
1394, 9767.0, 3, 7.001433691756272, 0.1
1395, 9774.0, 7, 7.001432664756447, 0.1
1396, 9781.0, 7, 7.001431639226915, 0.1
1397, 9788.0, 7, 7.001430615164521, 0.1
1398, 9795.0, 7, 7.001429592566119, 0.1
1399, 9801.0, 6, 7.0007142857142854, 0.1
1400, 9808.0, 7, 7.000713775874376, 0.1
1401, 9811.0, 3, 6.997860199714693, 0.1
1402, 9819.0, 8, 6.998574483250178, 0.1
1403, 9825.0, 6, 6.997863247863248, 0.1
1404, 9833.0, 8, 6.998576512455516, 0.1
1405, 9839.0, 6, 6.9978662873399715, 0.1
1406, 9846.0, 7, 6.997867803837953, 0.1
1407, 9854.0, 8, 6.998579545454546, 0.1
1408, 9860.0, 6, 6.997870830376153, 0.1
1409, 9866.0, 6, 6.997163120567376, 0.1
1410, 9868.0, 2, 6.993621545003544, 0.1
1411, 9876.0, 8, 6.994334277620396, 0.1
1412, 9882.0, 6, 6.993630573248407, 0.1
1413, 9882.0, 0, 6.988684582743988, 0.1
1414, 9889.0, 7, 6.9886925795053, 0.1
1415, 9897.0, 8, 6.989406779661017, 0.1
1416, 9904.0, 7, 6.989414255469302, 0.1
1417, 9911.0, 7, 6.989421720733428, 0.1
1418, 9919.0, 8, 6.990133897110641, 0.1
1419, 9927.0, 8, 6.990845070422536, 0.1
1420, 9934.0, 7, 6.990851513019001, 0.1
1421, 9942.0, 8, 6.991561181434599, 0.1
1422, 9950.0, 8, 6.992269852424456, 0.1
1423, 9956.0, 6, 6.991573033707865, 0.1
1424, 9963.0, 7, 6.991578947368421, 0.1
1425, 9970.0, 7, 6.991584852734923, 0.1
1426, 9978.0, 8, 6.99229152067274, 0.1
1427, 9986.0, 8, 6.992997198879552, 0.1
1428, 9993.0, 7, 6.993002099370189, 0.1
1429, 10000.0, 7, 6.993006993006993, 0.1
1430, 10008.0, 8, 6.9937106918239, 0.1
1431, 10014.0, 6, 6.993016759776537, 0.1
1432, 10020.0, 6, 6.992323796231682, 0.1
1433, 10027.0, 7, 6.992329149232915, 0.1
1434, 10035.0, 8, 6.993031358885017, 0.1
1435, 10035.0, 0, 6.98816155988858, 0.1
1436, 10042.0, 7, 6.988169798190675, 0.1
1437, 10050.0, 8, 6.988873435326843, 0.1
1438, 10058.0, 8, 6.989576094510077, 0.1
1439, 10065.0, 7, 6.989583333333333, 0.1
1440, 10073.0, 8, 6.99028452463567, 0.1
1441, 10080.0, 7, 6.990291262135922, 0.1
1442, 10087.0, 7, 6.99029799029799, 0.1
1443, 10095.0, 8, 6.990997229916897, 0.1
1444, 10101.0, 6, 6.990311418685121, 0.1
1445, 10109.0, 8, 6.991009681881051, 0.1
1446, 10116.0, 7, 6.99101589495508, 0.1
1447, 10124.0, 8, 6.99171270718232, 0.1
1448, 10132.0, 8, 6.992408557625949, 0.1
1449, 10138.0, 6, 6.991724137931034, 0.1
1450, 10144.0, 6, 6.991040661612681, 0.1
1451, 10146.0, 2, 6.987603305785124, 0.1
1452, 10151.0, 5, 6.986235375086029, 0.1
1453, 10159.0, 8, 6.986932599724897, 0.1
1454, 10167.0, 8, 6.9876288659793815, 0.1
1455, 10174.0, 7, 6.987637362637362, 0.1
1456, 10181.0, 7, 6.987645847632121, 0.1
1457, 10189.0, 8, 6.9883401920438954, 0.1
1458, 10197.0, 8, 6.989033584647019, 0.1
1459, 10205.0, 8, 6.989726027397261, 0.1
1460, 10212.0, 7, 6.9897330595482545, 0.1
1461, 10218.0, 6, 6.989056087551299, 0.1
1462, 10226.0, 8, 6.9897470950102525, 0.1
1463, 10231.0, 5, 6.988387978142076, 0.1
1464, 10238.0, 7, 6.98839590443686, 0.1
1465, 10246.0, 8, 6.9890859481582535, 0.1
1466, 10253.0, 7, 6.989093387866394, 0.1
1467, 10261.0, 8, 6.989782016348774, 0.1
1468, 10266.0, 5, 6.988427501701838, 0.1
1469, 10273.0, 7, 6.98843537414966, 0.1
1470, 10281.0, 8, 6.989123045547247, 0.1
1471, 10289.0, 8, 6.989809782608695, 0.1
1472, 10295.0, 6, 6.989137813985065, 0.1
1473, 10296.0, 1, 6.985074626865671, 0.1
1474, 10304.0, 8, 6.985762711864407, 0.1
1475, 10311.0, 7, 6.985772357723577, 0.1
1476, 10319.0, 8, 6.9864590385917404, 0.1
1477, 10326.0, 7, 6.986468200270636, 0.1
1478, 10334.0, 8, 6.987153482082488, 0.1
1479, 10340.0, 6, 6.986486486486487, 0.1
1480, 10348.0, 8, 6.987170830519919, 0.1
1481, 10356.0, 8, 6.987854251012146, 0.1
1482, 10361.0, 5, 6.9865138233310855, 0.1
1483, 10369.0, 8, 6.987196765498652, 0.1
1484, 10377.0, 8, 6.987878787878788, 0.1
1485, 10384.0, 7, 6.987886944818304, 0.1
1486, 10390.0, 6, 6.987222595830532, 0.1
1487, 10397.0, 7, 6.987231182795699, 0.1
1488, 10405.0, 8, 6.987911349899261, 0.1
1489, 10411.0, 6, 6.987248322147651, 0.1
1490, 10419.0, 8, 6.987927565392354, 0.1
1491, 10426.0, 7, 6.987935656836461, 0.1
1492, 10433.0, 7, 6.987943737441393, 0.1
1493, 10440.0, 7, 6.9879518072289155, 0.1
1494, 10447.0, 7, 6.987959866220736, 0.1
1495, 10454.0, 7, 6.987967914438503, 0.1
1496, 10460.0, 6, 6.987307949231797, 0.1
1497, 10465.0, 5, 6.985981308411215, 0.1
1498, 10471.0, 6, 6.985323549032689, 0.1
1499, 10478.0, 7, 6.985333333333333, 0.1
1500, 10482.0, 4, 6.983344437041972, 0.1
1501, 10489.0, 7, 6.983355525965379, 0.1
1502, 10497.0, 8, 6.984031936127744, 0.1
1503, 10505.0, 8, 6.98470744680851, 0.1
1504, 10512.0, 7, 6.984717607973422, 0.1
1505, 10513.0, 1, 6.98074369189907, 0.1
1506, 10520.0, 7, 6.980756469807565, 0.1
1507, 10528.0, 8, 6.981432360742706, 0.1
1508, 10536.0, 8, 6.9821073558648115, 0.1
1509, 10543.0, 7, 6.982119205298013, 0.1
1510, 10550.0, 7, 6.982131039046989, 0.1
1511, 10558.0, 8, 6.982804232804233, 0.1
1512, 10565.0, 7, 6.982815598149372, 0.1
1513, 10572.0, 7, 6.982826948480845, 0.1
1514, 10580.0, 8, 6.983498349834983, 0.1
1515, 10587.0, 7, 6.983509234828496, 0.1
1516, 10594.0, 7, 6.983520105471325, 0.1
1517, 10601.0, 7, 6.983530961791831, 0.1
1518, 10608.0, 7, 6.9835418038183015, 0.1
1519, 10616.0, 8, 6.984210526315789, 0.1
1520, 10623.0, 7, 6.98422090729783, 0.1
1521, 10631.0, 8, 6.984888304862023, 0.1
1522, 10635.0, 4, 6.982928430728824, 0.1
1523, 10642.0, 7, 6.982939632545932, 0.1
1524, 10648.0, 6, 6.982295081967213, 0.1
1525, 10653.0, 5, 6.980996068152032, 0.1
1526, 10661.0, 8, 6.98166339227243, 0.1
1527, 10669.0, 8, 6.982329842931938, 0.1
1528, 10675.0, 6, 6.981687377370831, 0.1
1529, 10677.0, 2, 6.97843137254902, 0.1
1530, 10684.0, 7, 6.978445460483345, 0.1
1531, 10690.0, 6, 6.977806788511749, 0.1
1532, 10697.0, 7, 6.977821265492499, 0.1
1533, 10704.0, 7, 6.977835723598435, 0.1
1534, 10711.0, 7, 6.977850162866449, 0.1
1535, 10718.0, 7, 6.977864583333333, 0.1
1536, 10725.0, 7, 6.977878985035784, 0.1
1537, 10732.0, 7, 6.977893368010403, 0.1
1538, 10734.0, 2, 6.974658869395712, 0.1
1539, 10742.0, 8, 6.975324675324675, 0.1
1540, 10750.0, 8, 6.975989617131733, 0.1
1541, 10758.0, 8, 6.976653696498055, 0.1
1542, 10765.0, 7, 6.976668826960466, 0.1
1543, 10772.0, 7, 6.976683937823834, 0.1
1544, 10776.0, 4, 6.974757281553398, 0.1
1545, 10783.0, 7, 6.97477360931436, 0.1
1546, 10790.0, 7, 6.974789915966387, 0.1
1547, 10798.0, 8, 6.975452196382429, 0.1
1548, 10806.0, 8, 6.976113621691414, 0.1
1549, 10814.0, 8, 6.976774193548387, 0.1
1550, 10819.0, 5, 6.9754996776273375, 0.1
1551, 10826.0, 7, 6.975515463917525, 0.1
1552, 10827.0, 1, 6.971667739858339, 0.1
1553, 10834.0, 7, 6.971685971685972, 0.1
1554, 10841.0, 7, 6.971704180064308, 0.1
1555, 10846.0, 5, 6.9704370179948585, 0.1
1556, 10854.0, 8, 6.971098265895954, 0.1
1557, 10860.0, 6, 6.970474967907574, 0.1
1558, 10867.0, 7, 6.9704939063502245, 0.1
1559, 10875.0, 8, 6.971153846153846, 0.1
1560, 10882.0, 7, 6.971172325432415, 0.1
1561, 10882.0, 0, 6.9667093469910375, 0.1
1562, 10889.0, 7, 6.966730646193218, 0.1
1563, 10897.0, 8, 6.967391304347826, 0.1
1564, 10905.0, 8, 6.968051118210862, 0.1
1565, 10913.0, 8, 6.968710089399744, 0.1
1566, 10920.0, 7, 6.9687300574345885, 0.1
1567, 10927.0, 7, 6.96875, 0.1
1568, 10933.0, 6, 6.968132568514978, 0.1
1569, 10939.0, 6, 6.967515923566879, 0.1
1570, 10940.0, 1, 6.9637173774665815, 0.1
1571, 10947.0, 7, 6.963740458015267, 0.1
1572, 10953.0, 6, 6.963127781309599, 0.1
1573, 10955.0, 2, 6.95997458703939, 0.1
1574, 10962.0, 7, 6.96, 0.1
1575, 10967.0, 5, 6.958756345177665, 0.1
1576, 10973.0, 6, 6.958148383005707, 0.1
1577, 10980.0, 7, 6.9581749049429655, 0.1
1578, 10988.0, 8, 6.958834705509816, 0.1
1579, 10995.0, 7, 6.958860759493671, 0.1
1580, 11002.0, 7, 6.958886780518659, 0.1
1581, 11007.0, 5, 6.957648546144122, 0.1
1582, 11015.0, 8, 6.9583070120025265, 0.1
1583, 11021.0, 6, 6.95770202020202, 0.1
1584, 11027.0, 6, 6.957097791798107, 0.1
1585, 11035.0, 8, 6.957755359394704, 0.1
1586, 11041.0, 6, 6.957151858853182, 0.1
1587, 11048.0, 7, 6.9571788413098234, 0.1
1588, 11053.0, 5, 6.955947136563877, 0.1
1589, 11061.0, 8, 6.956603773584906, 0.1
1590, 11069.0, 8, 6.957259585166562, 0.1
1591, 11073.0, 4, 6.955402010050252, 0.1
1592, 11081.0, 8, 6.956057752667922, 0.1
1593, 11089.0, 8, 6.956712672521958, 0.1
1594, 11095.0, 6, 6.956112852664577, 0.1
1595, 11103.0, 8, 6.956766917293233, 0.1
1596, 11110.0, 7, 6.956793988728867, 0.1
1597, 11118.0, 8, 6.957446808510638, 0.1
1598, 11126.0, 8, 6.958098811757348, 0.1
1599, 11134.0, 8, 6.95875, 0.1
1600, 11140.0, 6, 6.958151155527795, 0.1
1601, 11143.0, 3, 6.955680399500624, 0.1
1602, 11146.0, 3, 6.95321272613849, 0.1
1603, 11154.0, 8, 6.953865336658354, 0.1
1604, 11161.0, 7, 6.953894080996885, 0.1
1605, 11168.0, 7, 6.953922789539228, 0.1
1606, 11175.0, 7, 6.953951462352209, 0.1
1607, 11183.0, 8, 6.954601990049751, 0.1
1608, 11191.0, 8, 6.9552517091361095, 0.1
1609, 11199.0, 8, 6.955900621118013, 0.1
1610, 11206.0, 7, 6.95592799503414, 0.1
1611, 11212.0, 6, 6.955334987593052, 0.1
1612, 11218.0, 6, 6.954742715437074, 0.1
1613, 11224.0, 6, 6.954151177199504, 0.1
1614, 11232.0, 8, 6.954798761609907, 0.1
1615, 11236.0, 4, 6.952970297029703, 0.1
1616, 11242.0, 6, 6.9523809523809526, 0.1
1617, 11249.0, 7, 6.952410383189123, 0.1
1618, 11257.0, 8, 6.953057442865966, 0.1
1619, 11263.0, 6, 6.9524691358024695, 0.1
1620, 11270.0, 7, 6.952498457742134, 0.1
1621, 11277.0, 7, 6.9525277435265105, 0.1
1622, 11285.0, 8, 6.953173136167591, 0.1
1623, 11293.0, 8, 6.953817733990148, 0.1
1624, 11299.0, 6, 6.953230769230769, 0.1
1625, 11307.0, 8, 6.953874538745388, 0.1
1626, 11311.0, 4, 6.952059004302397, 0.1
1627, 11319.0, 8, 6.952702702702703, 0.1
1628, 11327.0, 8, 6.953345610804174, 0.1
1629, 11334.0, 7, 6.953374233128835, 0.1
1630, 11341.0, 7, 6.95340282035561, 0.1
1631, 11347.0, 6, 6.952818627450981, 0.1
1632, 11354.0, 7, 6.952847519902021, 0.1
1633, 11362.0, 8, 6.953488372093023, 0.1
1634, 11369.0, 7, 6.953516819571865, 0.1
1635, 11377.0, 8, 6.954156479217604, 0.1
1636, 11384.0, 7, 6.954184483811851, 0.1
1637, 11388.0, 4, 6.9523809523809526, 0.1
1638, 11394.0, 6, 6.951799877974374, 0.1
1639, 11401.0, 7, 6.951829268292683, 0.1
1640, 11409.0, 8, 6.952468007312614, 0.1
1641, 11416.0, 7, 6.952496954933008, 0.1
1642, 11424.0, 8, 6.953134510042605, 0.1
1643, 11425.0, 1, 6.949513381995134, 0.1
1644, 11433.0, 8, 6.950151975683891, 0.1
1645, 11441.0, 8, 6.95078979343864, 0.1
1646, 11448.0, 7, 6.950819672131147, 0.1
1647, 11455.0, 7, 6.950849514563107, 0.1
1648, 11460.0, 5, 6.949666464523954, 0.1
1649, 11463.0, 3, 6.947272727272727, 0.1
1650, 11466.0, 3, 6.94488188976378, 0.1
1651, 11473.0, 7, 6.944915254237288, 0.1
1652, 11480.0, 7, 6.944948578342408, 0.1
1653, 11485.0, 5, 6.943772672309553, 0.1
1654, 11491.0, 6, 6.943202416918429, 0.1
1655, 11498.0, 7, 6.943236714975845, 0.1
1656, 11504.0, 6, 6.942667471333736, 0.1
1657, 11512.0, 8, 6.943305186972256, 0.1
1658, 11519.0, 7, 6.94333936106088, 0.1
1659, 11526.0, 7, 6.943373493975904, 0.1
1660, 11533.0, 7, 6.943407585791692, 0.1
1661, 11540.0, 7, 6.943441636582431, 0.1
1662, 11544.0, 4, 6.94167167769092, 0.1
1663, 11550.0, 6, 6.941105769230769, 0.1
1664, 11556.0, 6, 6.940540540540541, 0.1
1665, 11563.0, 7, 6.940576230492197, 0.1
1666, 11571.0, 8, 6.94121175764847, 0.1
1667, 11579.0, 8, 6.941846522781774, 0.1
1668, 11587.0, 8, 6.942480527261833, 0.1
1669, 11593.0, 6, 6.941916167664671, 0.1
1670, 11601.0, 8, 6.942549371633752, 0.1
1671, 11608.0, 7, 6.942583732057416, 0.1
1672, 11615.0, 7, 6.942618051404662, 0.1
1673, 11622.0, 7, 6.942652329749104, 0.1
1674, 11630.0, 8, 6.943283582089553, 0.1
1675, 11638.0, 8, 6.943914081145585, 0.1
1676, 11646.0, 8, 6.9445438282647585, 0.1
1677, 11650.0, 4, 6.942789034564958, 0.1
1678, 11658.0, 8, 6.9434187016081, 0.1
1679, 11664.0, 6, 6.942857142857143, 0.1
1680, 11671.0, 7, 6.942891136228435, 0.1
1681, 11678.0, 7, 6.942925089179548, 0.1
1682, 11679.0, 1, 6.9393939393939394, 0.1
1683, 11686.0, 7, 6.9394299287410925, 0.1
1684, 11693.0, 7, 6.93946587537092, 0.1
1685, 11700.0, 7, 6.93950177935943, 0.1
1686, 11708.0, 8, 6.940130409010077, 0.1
1687, 11716.0, 8, 6.940758293838862, 0.1
1688, 11723.0, 7, 6.940793368857312, 0.1
1689, 11730.0, 7, 6.940828402366864, 0.1
1690, 11736.0, 6, 6.940272028385571, 0.1
1691, 11736.0, 0, 6.9361702127659575, 0.1
1692, 11743.0, 7, 6.936207914943886, 0.1
1693, 11750.0, 7, 6.936245572609209, 0.1
1694, 11758.0, 8, 6.936873156342183, 0.1
1695, 11766.0, 8, 6.9375, 0.1
1696, 11774.0, 8, 6.938126104890984, 0.1
1697, 11782.0, 8, 6.9387514723203765, 0.1
1698, 11790.0, 8, 6.939376103590347, 0.1
1699, 11791.0, 1, 6.935882352941176, 0.1
1700, 11799.0, 8, 6.936507936507937, 0.1
1701, 11799.0, 0, 6.9324324324324325, 0.1
1702, 11801.0, 2, 6.92953611274222, 0.1
1703, 11807.0, 6, 6.928990610328638, 0.1
1704, 11814.0, 7, 6.929032258064516, 0.1
1705, 11822.0, 8, 6.929660023446659, 0.1
1706, 11830.0, 8, 6.9302870533099, 0.1
1707, 11837.0, 7, 6.930327868852459, 0.1
1708, 11845.0, 8, 6.930953774136922, 0.1
1709, 11848.0, 3, 6.928654970760234, 0.1
1710, 11856.0, 8, 6.929281122150789, 0.1
1711, 11863.0, 7, 6.929322429906542, 0.1
1712, 11866.0, 3, 6.927028604786924, 0.1
1713, 11872.0, 6, 6.926487747957993, 0.1
1714, 11878.0, 6, 6.925947521865889, 0.1
1715, 11884.0, 6, 6.925407925407925, 0.1
1716, 11888.0, 4, 6.923704135119395, 0.1
1717, 11896.0, 8, 6.9243306169965075, 0.1
1718, 11903.0, 7, 6.9243746364165215, 0.1
1719, 11911.0, 8, 6.925, 0.1
1720, 11919.0, 8, 6.925624636839047, 0.1
1721, 11926.0, 7, 6.925667828106852, 0.1
1722, 11934.0, 8, 6.926291352292513, 0.1
1723, 11941.0, 7, 6.926334106728539, 0.1
1724, 11941.0, 0, 6.9223188405797105, 0.1
1725, 11949.0, 8, 6.922943221320973, 0.1
1726, 11956.0, 7, 6.922987840185292, 0.1
1727, 11964.0, 8, 6.923611111111111, 0.1
1728, 11971.0, 7, 6.923655292076345, 0.1
1729, 11978.0, 7, 6.923699421965318, 0.1
1730, 11984.0, 6, 6.92316580011554, 0.1
1731, 11991.0, 7, 6.923210161662817, 0.1
1732, 11998.0, 7, 6.9232544720138485, 0.1
1733, 12000.0, 2, 6.920415224913495, 0.1
1734, 12006.0, 6, 6.919884726224784, 0.1
1735, 12013.0, 7, 6.9199308755760365, 0.1
1736, 12020.0, 7, 6.919976971790443, 0.1
1737, 12028.0, 8, 6.920598388952819, 0.1
1738, 12035.0, 7, 6.920644048303623, 0.1
1739, 12041.0, 6, 6.920114942528736, 0.1
1740, 12049.0, 8, 6.920735209649627, 0.1
1741, 12057.0, 8, 6.921354764638346, 0.1
1742, 12065.0, 8, 6.921973608720597, 0.1
1743, 12071.0, 6, 6.92144495412844, 0.1
1744, 12078.0, 7, 6.921489971346705, 0.1
1745, 12084.0, 6, 6.920962199312715, 0.1
1746, 12090.0, 6, 6.920435031482541, 0.1
1747, 12098.0, 8, 6.921052631578948, 0.1
1748, 12106.0, 8, 6.92166952544311, 0.1
1749, 12114.0, 8, 6.922285714285715, 0.1
1750, 12122.0, 8, 6.922901199314677, 0.1
1751, 12130.0, 8, 6.92351598173516, 0.1
1752, 12138.0, 8, 6.9241300627495725, 0.1
1753, 12146.0, 8, 6.924743443557583, 0.1
1754, 12154.0, 8, 6.925356125356125, 0.1
1755, 12162.0, 8, 6.925968109339408, 0.1
1756, 12169.0, 7, 6.926010244735345, 0.1
1757, 12177.0, 8, 6.926621160409557, 0.1
1758, 12184.0, 7, 6.926662876634452, 0.1
1759, 12191.0, 7, 6.9267045454545455, 0.1
1760, 12198.0, 7, 6.926746166950596, 0.1
1761, 12206.0, 8, 6.927355278093076, 0.1
1762, 12213.0, 7, 6.927396483267159, 0.1
1763, 12220.0, 7, 6.927437641723356, 0.1
1764, 12226.0, 6, 6.926912181303116, 0.1
1765, 12233.0, 7, 6.926953567383919, 0.1
1766, 12240.0, 7, 6.926994906621392, 0.1
1767, 12248.0, 8, 6.927601809954751, 0.1
1768, 12254.0, 6, 6.927077444884115, 0.1
1769, 12260.0, 6, 6.926553672316384, 0.1
1770, 12261.0, 1, 6.923207227555054, 0.1
1771, 12268.0, 7, 6.923250564334086, 0.1
1772, 12275.0, 7, 6.923293852227863, 0.1
1773, 12283.0, 8, 6.923900789177001, 0.1
1774, 12291.0, 8, 6.924507042253521, 0.1
1775, 12297.0, 6, 6.923986486486487, 0.1
1776, 12304.0, 7, 6.924029262802476, 0.1
1777, 12312.0, 8, 6.924634420697413, 0.1
1778, 12320.0, 8, 6.925238898257448, 0.1
1779, 12327.0, 7, 6.925280898876404, 0.1
1780, 12335.0, 8, 6.925884334643459, 0.1
1781, 12335.0, 0, 6.9219977553310885, 0.1
1782, 12342.0, 7, 6.922041503084689, 0.1
1783, 12349.0, 7, 6.922085201793722, 0.1
1784, 12356.0, 7, 6.9221288515406165, 0.1
1785, 12364.0, 8, 6.922732362821948, 0.1
1786, 12372.0, 8, 6.923335198656967, 0.1
1787, 12380.0, 8, 6.923937360178971, 0.1
1788, 12387.0, 7, 6.923979877026271, 0.1
1789, 12393.0, 6, 6.923463687150838, 0.1
1790, 12401.0, 8, 6.924064768285874, 0.1
1791, 12408.0, 7, 6.924107142857143, 0.1
1792, 12413.0, 5, 6.92303402119353, 0.1
1793, 12416.0, 3, 6.920847268673356, 0.1
1794, 12423.0, 7, 6.920891364902507, 0.1
1795, 12430.0, 7, 6.920935412026726, 0.1
1796, 12436.0, 6, 6.920422927100724, 0.1
1797, 12443.0, 7, 6.920467185761957, 0.1
1798, 12451.0, 8, 6.921067259588661, 0.1
1799, 12457.0, 6, 6.920555555555556, 0.1
1800, 12465.0, 8, 6.921154913936702, 0.1
1801, 12472.0, 7, 6.921198668146504, 0.1
1802, 12478.0, 6, 6.920687742651137, 0.1
1803, 12486.0, 8, 6.921286031042128, 0.1
1804, 12494.0, 8, 6.921883656509696, 0.1
1805, 12501.0, 7, 6.921926910299003, 0.1
1806, 12505.0, 4, 6.920309905921417, 0.1
1807, 12508.0, 3, 6.918141592920354, 0.1
1808, 12516.0, 8, 6.918739635157546, 0.1
1809, 12523.0, 7, 6.91878453038674, 0.1
1810, 12528.0, 5, 6.917725013804528, 0.1
1811, 12536.0, 8, 6.91832229580574, 0.1
1812, 12544.0, 8, 6.918918918918919, 0.1
1813, 12552.0, 8, 6.919514884233737, 0.1
1814, 12559.0, 7, 6.9195592286501375, 0.1
1815, 12566.0, 7, 6.919603524229075, 0.1
1816, 12574.0, 8, 6.920198128783709, 0.1
1817, 12582.0, 8, 6.920792079207921, 0.1
1818, 12590.0, 8, 6.921385376580539, 0.1
1819, 12598.0, 8, 6.921978021978022, 0.1
1820, 12605.0, 7, 6.922020867655134, 0.1
1821, 12611.0, 6, 6.921514818880351, 0.1
1822, 12618.0, 7, 6.921557871640154, 0.1
1823, 12626.0, 8, 6.922149122807017, 0.1
1824, 12634.0, 8, 6.922739726027397, 0.1
1825, 12642.0, 8, 6.923329682365827, 0.1
1826, 12650.0, 8, 6.92391899288451, 0.1
1827, 12658.0, 8, 6.924507658643326, 0.1
1828, 12666.0, 8, 6.925095680699836, 0.1
1829, 12674.0, 8, 6.925683060109289, 0.1
1830, 12681.0, 7, 6.925723648279629, 0.1
1831, 12688.0, 7, 6.925764192139738, 0.1
1832, 12694.0, 6, 6.925259138025096, 0.1
1833, 12698.0, 4, 6.923664122137405, 0.1
1834, 12701.0, 3, 6.921525885558583, 0.1
1835, 12709.0, 8, 6.922113289760349, 0.1
1836, 12715.0, 6, 6.9216113228089275, 0.1
1837, 12723.0, 8, 6.922198041349293, 0.1
1838, 12731.0, 8, 6.922784121805329, 0.1
1839, 12738.0, 7, 6.922826086956522, 0.1
1840, 12746.0, 8, 6.923411189570885, 0.1
1841, 12748.0, 2, 6.920738327904452, 0.1
1842, 12755.0, 7, 6.92078133478025, 0.1
1843, 12763.0, 8, 6.921366594360086, 0.1
1844, 12770.0, 7, 6.921409214092141, 0.1
1845, 12778.0, 8, 6.921993499458289, 0.1
1846, 12785.0, 7, 6.9220357336220895, 0.1
1847, 12793.0, 8, 6.9226190476190474, 0.1
1848, 12801.0, 8, 6.923201730665224, 0.1
1849, 12809.0, 8, 6.923783783783784, 0.1
1850, 12817.0, 8, 6.924365207995678, 0.1
1851, 12823.0, 6, 6.923866090712743, 0.1
1852, 12830.0, 7, 6.9239071775499195, 0.1
1853, 12838.0, 8, 6.924487594390507, 0.1
1854, 12845.0, 7, 6.9245283018867925, 0.1
1855, 12846.0, 1, 6.921336206896552, 0.1
1856, 12854.0, 8, 6.921917070543888, 0.1
1857, 12860.0, 6, 6.921420882669537, 0.1
1858, 12868.0, 8, 6.92200107584723, 0.1
1859, 12876.0, 8, 6.922580645161291, 0.1
1860, 12882.0, 6, 6.92208490059108, 0.1
1861, 12882.0, 0, 6.918367346938775, 0.1
1862, 12889.0, 7, 6.918411164787976, 0.1
1863, 12891.0, 2, 6.915772532188841, 0.1
1864, 12898.0, 7, 6.915817694369974, 0.1
1865, 12904.0, 6, 6.915326902465166, 0.1
1866, 12912.0, 8, 6.915907873594001, 0.1
1867, 12913.0, 1, 6.912740899357602, 0.1
1868, 12921.0, 8, 6.913322632423756, 0.1
1869, 12928.0, 7, 6.913368983957219, 0.1
1870, 12934.0, 6, 6.912880812399786, 0.1
1871, 12942.0, 8, 6.913461538461538, 0.1
1872, 12950.0, 8, 6.914041644420715, 0.1
1873, 12958.0, 8, 6.91462113127001, 0.1
1874, 12958.0, 0, 6.910933333333333, 0.1
1875, 12963.0, 5, 6.909914712153518, 0.1
1876, 12970.0, 7, 6.909962706446457, 0.1
1877, 12978.0, 8, 6.9105431309904155, 0.1
1878, 12986.0, 8, 6.911122937732837, 0.1
1879, 12993.0, 7, 6.911170212765957, 0.1
1880, 13000.0, 7, 6.911217437533227, 0.1
1881, 13007.0, 7, 6.911264612114771, 0.1
1882, 13014.0, 7, 6.911311736590547, 0.1
1883, 13022.0, 8, 6.911889596602973, 0.1
1884, 13028.0, 6, 6.911405835543767, 0.1
1885, 13036.0, 8, 6.911983032873807, 0.1
1886, 13044.0, 8, 6.912559618441971, 0.1
1887, 13051.0, 7, 6.91260593220339, 0.1
1888, 13058.0, 7, 6.912652196929592, 0.1
1889, 13065.0, 7, 6.912698412698413, 0.1
1890, 13072.0, 7, 6.91274457958752, 0.1
1891, 13079.0, 7, 6.912790697674419, 0.1
1892, 13086.0, 7, 6.91283676703645, 0.1
1893, 13089.0, 3, 6.910770855332629, 0.1
1894, 13097.0, 8, 6.9113456464379945, 0.1
1895, 13105.0, 8, 6.911919831223629, 0.1
1896, 13112.0, 7, 6.911966262519768, 0.1
1897, 13118.0, 6, 6.911485774499473, 0.1
1898, 13125.0, 7, 6.911532385466034, 0.1
1899, 13133.0, 8, 6.912105263157895, 0.1
1900, 13140.0, 7, 6.912151499210942, 0.1
1901, 13147.0, 7, 6.912197686645636, 0.1
1902, 13155.0, 8, 6.912769311613242, 0.1
1903, 13163.0, 8, 6.913340336134453, 0.1
1904, 13170.0, 7, 6.913385826771654, 0.1
1905, 13178.0, 8, 6.91395592864638, 0.1
1906, 13184.0, 6, 6.91347666491872, 0.1
1907, 13186.0, 2, 6.910901467505241, 0.1
1908, 13193.0, 7, 6.910948140387638, 0.1
1909, 13199.0, 6, 6.9104712041884815, 0.1
1910, 13206.0, 7, 6.910518053375196, 0.1
1911, 13214.0, 8, 6.911087866108787, 0.1
1912, 13222.0, 8, 6.911657083115525, 0.1
1913, 13228.0, 6, 6.911180773249739, 0.1
1914, 13232.0, 4, 6.909660574412532, 0.1
1915, 13239.0, 7, 6.909707724425887, 0.1
1916, 13245.0, 6, 6.909233176838811, 0.1
1917, 13252.0, 7, 6.909280500521376, 0.1
1918, 13259.0, 7, 6.909327774882751, 0.1
1919, 13266.0, 7, 6.909375, 0.1
1920, 13274.0, 8, 6.90994273815721, 0.1
1921, 13282.0, 8, 6.9105098855359, 0.1
1922, 13290.0, 8, 6.9110764430577225, 0.1
1923, 13297.0, 7, 6.911122661122661, 0.1
1924, 13304.0, 7, 6.9111688311688315, 0.1
1925, 13307.0, 3, 6.909138110072689, 0.1
1926, 13315.0, 8, 6.909704203425013, 0.1
1927, 13322.0, 7, 6.909751037344399, 0.1
1928, 13330.0, 8, 6.910316226023847, 0.1
1929, 13330.0, 0, 6.9067357512953365, 0.1
1930, 13336.0, 6, 6.9062661833247025, 0.1
1931, 13344.0, 8, 6.906832298136646, 0.1
1932, 13351.0, 7, 6.906880496637351, 0.1
1933, 13359.0, 8, 6.907445708376422, 0.1
1934, 13367.0, 8, 6.908010335917313, 0.1
1935, 13374.0, 7, 6.908057851239669, 0.1
1936, 13381.0, 7, 6.908105317501291, 0.1
1937, 13389.0, 8, 6.908668730650155, 0.1
1938, 13391.0, 2, 6.906137184115524, 0.1
1939, 13399.0, 8, 6.906701030927835, 0.1
1940, 13407.0, 8, 6.90726429675425, 0.1
1941, 13414.0, 7, 6.907312049433574, 0.1
1942, 13421.0, 7, 6.907359752959342, 0.1
1943, 13429.0, 8, 6.907921810699588, 0.1
1944, 13437.0, 8, 6.908483290488432, 0.1
1945, 13444.0, 7, 6.908530318602261, 0.1
1946, 13451.0, 7, 6.908577298407807, 0.1
1947, 13454.0, 3, 6.906570841889117, 0.1
1948, 13461.0, 7, 6.906618778860954, 0.1
1949, 13466.0, 5, 6.905641025641025, 0.1
1950, 13473.0, 7, 6.905689390056382, 0.1
1951, 13481.0, 8, 6.90625, 0.1
1952, 13489.0, 8, 6.906810035842294, 0.1
1953, 13496.0, 7, 6.9068577277379735, 0.1
1954, 13504.0, 8, 6.907416879795396, 0.1
1955, 13512.0, 8, 6.9079754601226995, 0.1
1956, 13517.0, 5, 6.907000510986204, 0.1
1957, 13525.0, 8, 6.90755873340143, 0.1
1958, 13532.0, 7, 6.9076059213884635, 0.1
1959, 13540.0, 8, 6.908163265306122, 0.1
1960, 13548.0, 8, 6.9087200407955125, 0.1
1961, 13556.0, 8, 6.90927624872579, 0.1
1962, 13562.0, 6, 6.908813041263373, 0.1
1963, 13568.0, 6, 6.908350305498982, 0.1
1964, 13576.0, 8, 6.908905852417303, 0.1
1965, 13584.0, 8, 6.909460834181078, 0.1
1966, 13591.0, 7, 6.909506863243518, 0.1
1967, 13598.0, 7, 6.909552845528455, 0.1
1968, 13601.0, 3, 6.9075672930421534, 0.1
1969, 13607.0, 6, 6.907106598984772, 0.1
1970, 13615.0, 8, 6.907661085743277, 0.1
1971, 13623.0, 8, 6.908215010141988, 0.1
1972, 13630.0, 7, 6.908261530663964, 0.1
1973, 13636.0, 6, 6.907801418439717, 0.1
1974, 13643.0, 7, 6.907848101265823, 0.1
1975, 13651.0, 8, 6.908400809716599, 0.1
1976, 13658.0, 7, 6.9084471421345475, 0.1
1977, 13666.0, 8, 6.908998988877654, 0.1
1978, 13673.0, 7, 6.909044972208186, 0.1
1979, 13680.0, 7, 6.909090909090909, 0.1
1980, 13687.0, 7, 6.909136799596164, 0.1
1981, 13694.0, 7, 6.909182643794147, 0.1
1982, 13700.0, 6, 6.908724155320222, 0.1
1983, 13708.0, 8, 6.909274193548387, 0.1
1984, 13714.0, 6, 6.908816120906801, 0.1
1985, 13720.0, 6, 6.908358509566969, 0.1
1986, 13727.0, 7, 6.908404630095622, 0.1
1987, 13735.0, 8, 6.908953722334004, 0.1
1988, 13740.0, 5, 6.907993966817497, 0.1
1989, 13748.0, 8, 6.908542713567839, 0.1
1990, 13756.0, 8, 6.909090909090909, 0.1
1991, 13757.0, 1, 6.906124497991968, 0.1
1992, 13765.0, 8, 6.9066733567486205, 0.1
1993, 13773.0, 8, 6.907221664994985, 0.1
1994, 13781.0, 8, 6.907769423558897, 0.1
1995, 13788.0, 7, 6.907815631262525, 0.1
1996, 13795.0, 7, 6.907861792689033, 0.1
1997, 13802.0, 7, 6.907907907907908, 0.1
1998, 13809.0, 7, 6.907953976988495, 0.1
1999, 13817.0, 8, 6.9085, 0.1
