0, 8.0, 8, 8.0, 0.1
1, 16.0, 8, 8.0, 0.1
2, 24.0, 8, 8.0, 0.1
3, 32.0, 8, 8.0, 0.1
4, 40.0, 8, 8.0, 0.1
5, 48.0, 8, 8.0, 0.1
6, 56.0, 8, 8.0, 0.1
7, 64.0, 8, 8.0, 0.1
8, 72.0, 8, 8.0, 0.1
9, 80.0, 8, 8.0, 0.1
10, 88.0, 8, 8.0, 0.1
11, 96.0, 8, 8.0, 0.1
12, 104.0, 8, 8.0, 0.1
13, 112.0, 8, 8.0, 0.1
14, 120.0, 8, 8.0, 0.1
15, 128.0, 8, 8.0, 0.1
16, 136.0, 8, 8.0, 0.1
17, 144.0, 8, 8.0, 0.1
18, 152.0, 8, 8.0, 0.1
19, 160.0, 8, 8.0, 0.1
20, 168.0, 8, 8.0, 0.1
21, 176.0, 8, 8.0, 0.1
22, 184.0, 8, 8.0, 0.1
23, 192.0, 8, 8.0, 0.1
24, 200.0, 8, 8.0, 0.1
25, 208.0, 8, 8.0, 0.1
26, 216.0, 8, 8.0, 0.1
27, 224.0, 8, 8.0, 0.1
28, 232.0, 8, 8.0, 0.1
29, 240.0, 8, 8.0, 0.1
30, 248.0, 8, 8.0, 0.1
31, 256.0, 8, 8.0, 0.1
32, 264.0, 8, 8.0, 0.1
33, 272.0, 8, 8.0, 0.1
34, 280.0, 8, 8.0, 0.1
35, 288.0, 8, 8.0, 0.1
36, 296.0, 8, 8.0, 0.1
37, 304.0, 8, 8.0, 0.1
38, 312.0, 8, 8.0, 0.1
39, 320.0, 8, 8.0, 0.1
40, 328.0, 8, 8.0, 0.1
41, 336.0, 8, 8.0, 0.1
42, 344.0, 8, 8.0, 0.1
43, 352.0, 8, 8.0, 0.1
44, 360.0, 8, 8.0, 0.1
45, 368.0, 8, 8.0, 0.1
46, 376.0, 8, 8.0, 0.1
47, 384.0, 8, 8.0, 0.1
48, 392.0, 8, 8.0, 0.1
49, 400.0, 8, 8.0, 0.1
50, 408.0, 8, 8.0, 0.1
51, 416.0, 8, 8.0, 0.1
52, 424.0, 8, 8.0, 0.1
53, 432.0, 8, 8.0, 0.1
54, 440.0, 8, 8.0, 0.1
55, 448.0, 8, 8.0, 0.1
56, 456.0, 8, 8.0, 0.1
57, 464.0, 8, 8.0, 0.1
58, 472.0, 8, 8.0, 0.1
59, 480.0, 8, 8.0, 0.1
60, 488.0, 8, 8.0, 0.1
61, 496.0, 8, 8.0, 0.1
62, 504.0, 8, 8.0, 0.1
63, 512.0, 8, 8.0, 0.1
64, 520.0, 8, 8.0, 0.1
65, 528.0, 8, 8.0, 0.1
66, 536.0, 8, 8.0, 0.1
67, 544.0, 8, 8.0, 0.1
68, 552.0, 8, 8.0, 0.1
69, 560.0, 8, 8.0, 0.1
70, 568.0, 8, 8.0, 0.1
71, 576.0, 8, 8.0, 0.1
72, 584.0, 8, 8.0, 0.1
73, 592.0, 8, 8.0, 0.1
74, 600.0, 8, 8.0, 0.1
75, 608.0, 8, 8.0, 0.1
76, 616.0, 8, 8.0, 0.1
77, 624.0, 8, 8.0, 0.1
78, 632.0, 8, 8.0, 0.1
79, 640.0, 8, 8.0, 0.1
80, 648.0, 8, 8.0, 0.1
81, 656.0, 8, 8.0, 0.1
82, 664.0, 8, 8.0, 0.1
83, 672.0, 8, 8.0, 0.1
84, 680.0, 8, 8.0, 0.1
85, 688.0, 8, 8.0, 0.1
86, 696.0, 8, 8.0, 0.1
87, 704.0, 8, 8.0, 0.1
88, 712.0, 8, 8.0, 0.1
89, 720.0, 8, 8.0, 0.1
90, 728.0, 8, 8.0, 0.1
91, 736.0, 8, 8.0, 0.1
92, 744.0, 8, 8.0, 0.1
93, 752.0, 8, 8.0, 0.1
94, 760.0, 8, 8.0, 0.1
95, 768.0, 8, 8.0, 0.1
96, 776.0, 8, 8.0, 0.1
97, 784.0, 8, 8.0, 0.1
98, 792.0, 8, 8.0, 0.1
99, 800.0, 8, 8.0, 0.1
100, 808.0, 8, 8.0, 0.1
101, 816.0, 8, 8.0, 0.1
102, 824.0, 8, 8.0, 0.1
103, 832.0, 8, 8.0, 0.1
104, 840.0, 8, 8.0, 0.1
105, 848.0, 8, 8.0, 0.1
106, 856.0, 8, 8.0, 0.1
107, 864.0, 8, 8.0, 0.1
108, 872.0, 8, 8.0, 0.1
109, 880.0, 8, 8.0, 0.1
110, 888.0, 8, 8.0, 0.1
111, 896.0, 8, 8.0, 0.1
112, 904.0, 8, 8.0, 0.1
113, 912.0, 8, 8.0, 0.1
114, 920.0, 8, 8.0, 0.1
115, 928.0, 8, 8.0, 0.1
116, 936.0, 8, 8.0, 0.1
117, 944.0, 8, 8.0, 0.1
118, 952.0, 8, 8.0, 0.1
119, 960.0, 8, 8.0, 0.1
120, 968.0, 8, 8.0, 0.1
121, 976.0, 8, 8.0, 0.1
122, 984.0, 8, 8.0, 0.1
123, 992.0, 8, 8.0, 0.1
124, 1000.0, 8, 8.0, 0.1
125, 1008.0, 8, 8.0, 0.1
126, 1016.0, 8, 8.0, 0.1
127, 1024.0, 8, 8.0, 0.1
128, 1032.0, 8, 8.0, 0.1
129, 1040.0, 8, 8.0, 0.1
130, 1048.0, 8, 8.0, 0.1
131, 1056.0, 8, 8.0, 0.1
132, 1064.0, 8, 8.0, 0.1
133, 1072.0, 8, 8.0, 0.1
134, 1080.0, 8, 8.0, 0.1
135, 1088.0, 8, 8.0, 0.1
136, 1096.0, 8, 8.0, 0.1
137, 1104.0, 8, 8.0, 0.1
138, 1112.0, 8, 8.0, 0.1
139, 1120.0, 8, 8.0, 0.1
140, 1128.0, 8, 8.0, 0.1
141, 1136.0, 8, 8.0, 0.1
142, 1144.0, 8, 8.0, 0.1
143, 1152.0, 8, 8.0, 0.1
144, 1160.0, 8, 8.0, 0.1
145, 1168.0, 8, 8.0, 0.1
146, 1176.0, 8, 8.0, 0.1
147, 1184.0, 8, 8.0, 0.1
148, 1192.0, 8, 8.0, 0.1
149, 1200.0, 8, 8.0, 0.1
150, 1208.0, 8, 8.0, 0.1
151, 1216.0, 8, 8.0, 0.1
152, 1224.0, 8, 8.0, 0.1
153, 1232.0, 8, 8.0, 0.1
154, 1240.0, 8, 8.0, 0.1
155, 1248.0, 8, 8.0, 0.1
156, 1256.0, 8, 8.0, 0.1
157, 1264.0, 8, 8.0, 0.1
158, 1272.0, 8, 8.0, 0.1
159, 1280.0, 8, 8.0, 0.1
160, 1288.0, 8, 8.0, 0.1
161, 1296.0, 8, 8.0, 0.1
162, 1304.0, 8, 8.0, 0.1
163, 1312.0, 8, 8.0, 0.1
164, 1320.0, 8, 8.0, 0.1
165, 1328.0, 8, 8.0, 0.1
166, 1336.0, 8, 8.0, 0.1
167, 1344.0, 8, 8.0, 0.1
168, 1352.0, 8, 8.0, 0.1
169, 1360.0, 8, 8.0, 0.1
170, 1368.0, 8, 8.0, 0.1
171, 1376.0, 8, 8.0, 0.1
172, 1384.0, 8, 8.0, 0.1
173, 1392.0, 8, 8.0, 0.1
174, 1400.0, 8, 8.0, 0.1
175, 1408.0, 8, 8.0, 0.1
176, 1416.0, 8, 8.0, 0.1
177, 1424.0, 8, 8.0, 0.1
178, 1432.0, 8, 8.0, 0.1
179, 1440.0, 8, 8.0, 0.1
180, 1448.0, 8, 8.0, 0.1
181, 1456.0, 8, 8.0, 0.1
182, 1464.0, 8, 8.0, 0.1
183, 1472.0, 8, 8.0, 0.1
184, 1480.0, 8, 8.0, 0.1
185, 1488.0, 8, 8.0, 0.1
186, 1496.0, 8, 8.0, 0.1
187, 1504.0, 8, 8.0, 0.1
188, 1512.0, 8, 8.0, 0.1
189, 1520.0, 8, 8.0, 0.1
190, 1528.0, 8, 8.0, 0.1
191, 1536.0, 8, 8.0, 0.1
192, 1544.0, 8, 8.0, 0.1
193, 1552.0, 8, 8.0, 0.1
194, 1560.0, 8, 8.0, 0.1
195, 1568.0, 8, 8.0, 0.1
196, 1576.0, 8, 8.0, 0.1
197, 1584.0, 8, 8.0, 0.1
198, 1592.0, 8, 8.0, 0.1
199, 1600.0, 8, 8.0, 0.1
200, 1608.0, 8, 8.0, 0.1
201, 1616.0, 8, 8.0, 0.1
202, 1624.0, 8, 8.0, 0.1
203, 1632.0, 8, 8.0, 0.1
204, 1640.0, 8, 8.0, 0.1
205, 1648.0, 8, 8.0, 0.1
206, 1656.0, 8, 8.0, 0.1
207, 1664.0, 8, 8.0, 0.1
208, 1672.0, 8, 8.0, 0.1
209, 1680.0, 8, 8.0, 0.1
210, 1688.0, 8, 8.0, 0.1
211, 1696.0, 8, 8.0, 0.1
212, 1704.0, 8, 8.0, 0.1
213, 1712.0, 8, 8.0, 0.1
214, 1720.0, 8, 8.0, 0.1
215, 1728.0, 8, 8.0, 0.1
216, 1736.0, 8, 8.0, 0.1
217, 1744.0, 8, 8.0, 0.1
218, 1752.0, 8, 8.0, 0.1
219, 1760.0, 8, 8.0, 0.1
220, 1768.0, 8, 8.0, 0.1
221, 1776.0, 8, 8.0, 0.1
222, 1784.0, 8, 8.0, 0.1
223, 1792.0, 8, 8.0, 0.1
224, 1800.0, 8, 8.0, 0.1
225, 1808.0, 8, 8.0, 0.1
226, 1816.0, 8, 8.0, 0.1
227, 1824.0, 8, 8.0, 0.1
228, 1831.0, 7, 7.995633187772926, 0.1
229, 1838.0, 7, 7.991304347826087, 0.1
230, 1846.0, 8, 7.991341991341991, 0.1
231, 1854.0, 8, 7.991379310344827, 0.1
232, 1862.0, 8, 7.991416309012876, 0.1
233, 1870.0, 8, 7.9914529914529915, 0.1
234, 1877.0, 7, 7.987234042553191, 0.1
235, 1885.0, 8, 7.987288135593221, 0.1
236, 1893.0, 8, 7.987341772151899, 0.1
237, 1899.0, 6, 7.9789915966386555, 0.1
238, 1906.0, 7, 7.97489539748954, 0.1
239, 1913.0, 7, 7.970833333333333, 0.1
240, 1920.0, 7, 7.966804979253112, 0.1
241, 1928.0, 8, 7.966942148760331, 0.1
242, 1936.0, 8, 7.967078189300412, 0.1
243, 1943.0, 7, 7.963114754098361, 0.1
244, 1949.0, 6, 7.955102040816326, 0.1
245, 1957.0, 8, 7.955284552845528, 0.1
246, 1965.0, 8, 7.955465587044534, 0.1
247, 1972.0, 7, 7.951612903225806, 0.1
248, 1980.0, 8, 7.951807228915663, 0.1
249, 1987.0, 7, 7.948, 0.1
250, 1993.0, 6, 7.940239043824701, 0.1
251, 1999.0, 6, 7.932539682539683, 0.1
252, 2007.0, 8, 7.932806324110672, 0.1
253, 2015.0, 8, 7.933070866141732, 0.1
254, 2020.0, 5, 7.921568627450981, 0.1
255, 2020.0, 0, 7.890625, 0.1
256, 2026.0, 6, 7.883268482490273, 0.1
257, 2033.0, 7, 7.87984496124031, 0.1
258, 2040.0, 7, 7.876447876447877, 0.1
259, 2048.0, 8, 7.876923076923077, 0.1
260, 2055.0, 7, 7.873563218390805, 0.1
261, 2063.0, 8, 7.874045801526718, 0.1
262, 2070.0, 7, 7.870722433460076, 0.1
263, 2078.0, 8, 7.871212121212121, 0.1
264, 2085.0, 7, 7.867924528301887, 0.1
265, 2093.0, 8, 7.868421052631579, 0.1
266, 2100.0, 7, 7.865168539325842, 0.1
267, 2108.0, 8, 7.865671641791045, 0.1
268, 2115.0, 7, 7.862453531598513, 0.1
269, 2122.0, 7, 7.859259259259259, 0.1
270, 2130.0, 8, 7.8597785977859775, 0.1
271, 2137.0, 7, 7.856617647058823, 0.1
272, 2145.0, 8, 7.857142857142857, 0.1
273, 2153.0, 8, 7.857664233576642, 0.1
274, 2160.0, 7, 7.8545454545454545, 0.1
275, 2168.0, 8, 7.855072463768116, 0.1
276, 2176.0, 8, 7.855595667870036, 0.1
277, 2182.0, 6, 7.848920863309353, 0.1
278, 2188.0, 6, 7.842293906810036, 0.1
279, 2194.0, 6, 7.835714285714285, 0.1
280, 2202.0, 8, 7.8362989323843415, 0.1
281, 2210.0, 8, 7.836879432624113, 0.1
282, 2218.0, 8, 7.837455830388692, 0.1
283, 2224.0, 6, 7.830985915492958, 0.1
284, 2231.0, 7, 7.828070175438596, 0.1
285, 2238.0, 7, 7.825174825174825, 0.1
286, 2245.0, 7, 7.822299651567945, 0.1
287, 2253.0, 8, 7.822916666666667, 0.1
288, 2260.0, 7, 7.820069204152249, 0.1
289, 2268.0, 8, 7.820689655172414, 0.1
290, 2276.0, 8, 7.821305841924398, 0.1
291, 2283.0, 7, 7.818493150684931, 0.1
292, 2289.0, 6, 7.812286689419795, 0.1
293, 2295.0, 6, 7.8061224489795915, 0.1
294, 2303.0, 8, 7.806779661016949, 0.1
295, 2310.0, 7, 7.804054054054054, 0.1
296, 2311.0, 1, 7.781144781144781, 0.1
297, 2319.0, 8, 7.781879194630872, 0.1
298, 2325.0, 6, 7.775919732441472, 0.1
299, 2330.0, 5, 7.766666666666667, 0.1
300, 2338.0, 8, 7.767441860465116, 0.1
301, 2346.0, 8, 7.768211920529802, 0.1
302, 2352.0, 6, 7.762376237623762, 0.1
303, 2360.0, 8, 7.7631578947368425, 0.1
304, 2368.0, 8, 7.7639344262295085, 0.1
305, 2375.0, 7, 7.761437908496732, 0.1
306, 2383.0, 8, 7.762214983713355, 0.1
307, 2391.0, 8, 7.762987012987013, 0.1
308, 2399.0, 8, 7.763754045307444, 0.1
309, 2407.0, 8, 7.764516129032258, 0.1
310, 2414.0, 7, 7.762057877813505, 0.1
311, 2421.0, 7, 7.759615384615385, 0.1
312, 2428.0, 7, 7.757188498402556, 0.1
313, 2435.0, 7, 7.754777070063694, 0.1
314, 2442.0, 7, 7.752380952380952, 0.1
315, 2449.0, 7, 7.75, 0.1
316, 2457.0, 8, 7.750788643533123, 0.1
317, 2464.0, 7, 7.748427672955975, 0.1
318, 2471.0, 7, 7.746081504702194, 0.1
319, 2479.0, 8, 7.746875, 0.1
320, 2487.0, 8, 7.747663551401869, 0.1
321, 2495.0, 8, 7.748447204968944, 0.1
322, 2503.0, 8, 7.74922600619195, 0.1
323, 2511.0, 8, 7.75, 0.1
324, 2513.0, 2, 7.7323076923076925, 0.1
325, 2520.0, 7, 7.730061349693251, 0.1
326, 2527.0, 7, 7.72782874617737, 0.1
327, 2534.0, 7, 7.725609756097561, 0.1
328, 2542.0, 8, 7.72644376899696, 0.1
329, 2549.0, 7, 7.724242424242425, 0.1
330, 2555.0, 6, 7.719033232628399, 0.1
331, 2563.0, 8, 7.719879518072289, 0.1
332, 2570.0, 7, 7.717717717717718, 0.1
333, 2577.0, 7, 7.7155688622754495, 0.1
334, 2585.0, 8, 7.7164179104477615, 0.1
335, 2592.0, 7, 7.714285714285714, 0.1
336, 2600.0, 8, 7.71513353115727, 0.1
337, 2608.0, 8, 7.715976331360947, 0.1
338, 2615.0, 7, 7.713864306784661, 0.1
339, 2623.0, 8, 7.714705882352941, 0.1
340, 2631.0, 8, 7.715542521994135, 0.1
341, 2638.0, 7, 7.713450292397661, 0.1
342, 2644.0, 6, 7.708454810495627, 0.1
343, 2651.0, 7, 7.7063953488372094, 0.1
344, 2657.0, 6, 7.701449275362319, 0.1
345, 2664.0, 7, 7.699421965317919, 0.1
346, 2671.0, 7, 7.697406340057637, 0.1
347, 2676.0, 5, 7.689655172413793, 0.1
348, 2681.0, 5, 7.681948424068768, 0.1
349, 2689.0, 8, 7.682857142857143, 0.1
350, 2697.0, 8, 7.683760683760684, 0.1
351, 2705.0, 8, 7.684659090909091, 0.1
352, 2712.0, 7, 7.682719546742209, 0.1
353, 2720.0, 8, 7.68361581920904, 0.1
354, 2728.0, 8, 7.6845070422535215, 0.1
355, 2736.0, 8, 7.685393258426966, 0.1
356, 2744.0, 8, 7.686274509803922, 0.1
357, 2752.0, 8, 7.687150837988827, 0.1
358, 2759.0, 7, 7.685236768802229, 0.1
359, 2766.0, 7, 7.683333333333334, 0.1
360, 2774.0, 8, 7.684210526315789, 0.1
361, 2781.0, 7, 7.68232044198895, 0.1
362, 2787.0, 6, 7.677685950413223, 0.1
363, 2794.0, 7, 7.675824175824176, 0.1
364, 2800.0, 6, 7.671232876712328, 0.1
365, 2808.0, 8, 7.672131147540983, 0.1
366, 2816.0, 8, 7.6730245231607626, 0.1
367, 2824.0, 8, 7.673913043478261, 0.1
368, 2832.0, 8, 7.67479674796748, 0.1
369, 2838.0, 6, 7.6702702702702705, 0.1
370, 2845.0, 7, 7.668463611859838, 0.1
371, 2853.0, 8, 7.669354838709677, 0.1
372, 2861.0, 8, 7.670241286863271, 0.1
373, 2868.0, 7, 7.668449197860962, 0.1
374, 2868.0, 0, 7.648, 0.1
375, 2875.0, 7, 7.6462765957446805, 0.1
376, 2882.0, 7, 7.644562334217507, 0.1
377, 2889.0, 7, 7.642857142857143, 0.1
378, 2896.0, 7, 7.641160949868074, 0.1
379, 2901.0, 5, 7.63421052631579, 0.1
380, 2907.0, 6, 7.6299212598425195, 0.1
381, 2911.0, 4, 7.62041884816754, 0.1
382, 2917.0, 6, 7.616187989556136, 0.1
383, 2924.0, 7, 7.614583333333333, 0.1
384, 2932.0, 8, 7.615584415584416, 0.1
385, 2940.0, 8, 7.616580310880829, 0.1
386, 2943.0, 3, 7.604651162790698, 0.1
387, 2951.0, 8, 7.605670103092783, 0.1
388, 2959.0, 8, 7.60668380462725, 0.1
389, 2962.0, 3, 7.5948717948717945, 0.1
390, 2970.0, 8, 7.595907928388747, 0.1
391, 2977.0, 7, 7.594387755102041, 0.1
392, 2984.0, 7, 7.592875318066158, 0.1
393, 2986.0, 2, 7.5786802030456855, 0.1
394, 2992.0, 6, 7.574683544303798, 0.1
395, 2998.0, 6, 7.570707070707071, 0.1
396, 3006.0, 8, 7.571788413098237, 0.1
397, 3014.0, 8, 7.57286432160804, 0.1
398, 3021.0, 7, 7.571428571428571, 0.1
399, 3028.0, 7, 7.57, 0.1
400, 3035.0, 7, 7.56857855361596, 0.1
401, 3042.0, 7, 7.567164179104478, 0.1
402, 3049.0, 7, 7.5657568238213395, 0.1
403, 3051.0, 2, 7.551980198019802, 0.1
404, 3058.0, 7, 7.550617283950618, 0.1
405, 3066.0, 8, 7.551724137931035, 0.1
406, 3074.0, 8, 7.552825552825553, 0.1
407, 3080.0, 6, 7.549019607843137, 0.1
408, 3080.0, 0, 7.530562347188264, 0.1
409, 3088.0, 8, 7.53170731707317, 0.1
410, 3096.0, 8, 7.532846715328467, 0.1
411, 3103.0, 7, 7.531553398058253, 0.1
412, 3110.0, 7, 7.530266343825666, 0.1
413, 3117.0, 7, 7.528985507246377, 0.1
414, 3122.0, 5, 7.52289156626506, 0.1
415, 3126.0, 4, 7.514423076923077, 0.1
416, 3133.0, 7, 7.513189448441247, 0.1
417, 3141.0, 8, 7.514354066985646, 0.1
418, 3148.0, 7, 7.513126491646778, 0.1
419, 3156.0, 8, 7.514285714285714, 0.1
420, 3164.0, 8, 7.515439429928741, 0.1
421, 3171.0, 7, 7.514218009478673, 0.1
422, 3178.0, 7, 7.513002364066194, 0.1
423, 3185.0, 7, 7.511792452830188, 0.1
424, 3192.0, 7, 7.510588235294118, 0.1
425, 3199.0, 7, 7.509389671361502, 0.1
426, 3206.0, 7, 7.508196721311475, 0.1
427, 3214.0, 8, 7.509345794392523, 0.1
428, 3221.0, 7, 7.508158508158508, 0.1
429, 3228.0, 7, 7.506976744186047, 0.1
430, 3234.0, 6, 7.503480278422273, 0.1
431, 3235.0, 1, 7.488425925925926, 0.1
432, 3242.0, 7, 7.48729792147806, 0.1
433, 3250.0, 8, 7.488479262672811, 0.1
434, 3258.0, 8, 7.489655172413793, 0.1
435, 3266.0, 8, 7.490825688073395, 0.1
436, 3274.0, 8, 7.491990846681922, 0.1
437, 3282.0, 8, 7.493150684931507, 0.1
438, 3290.0, 8, 7.494305239179955, 0.1
439, 3297.0, 7, 7.493181818181818, 0.1
440, 3304.0, 7, 7.492063492063492, 0.1
441, 3312.0, 8, 7.493212669683258, 0.1
442, 3320.0, 8, 7.494356659142213, 0.1
443, 3328.0, 8, 7.495495495495495, 0.1
444, 3336.0, 8, 7.496629213483146, 0.1
445, 3343.0, 7, 7.495515695067264, 0.1
446, 3350.0, 7, 7.494407158836689, 0.1
447, 3358.0, 8, 7.495535714285714, 0.1
448, 3363.0, 5, 7.489977728285078, 0.1
449, 3371.0, 8, 7.4911111111111115, 0.1
450, 3377.0, 6, 7.487804878048781, 0.1
451, 3385.0, 8, 7.488938053097345, 0.1
452, 3393.0, 8, 7.490066225165563, 0.1
453, 3400.0, 7, 7.488986784140969, 0.1
454, 3408.0, 8, 7.49010989010989, 0.1
455, 3415.0, 7, 7.489035087719298, 0.1
456, 3423.0, 8, 7.4901531728665205, 0.1
457, 3431.0, 8, 7.491266375545852, 0.1
458, 3438.0, 7, 7.490196078431373, 0.1
459, 3444.0, 6, 7.48695652173913, 0.1
460, 3451.0, 7, 7.48590021691974, 0.1
461, 3457.0, 6, 7.482683982683983, 0.1
462, 3465.0, 8, 7.4838012958963285, 0.1
463, 3471.0, 6, 7.480603448275862, 0.1
464, 3478.0, 7, 7.479569892473118, 0.1
465, 3483.0, 5, 7.4742489270386265, 0.1
466, 3489.0, 6, 7.471092077087794, 0.1
467, 3496.0, 7, 7.47008547008547, 0.1
468, 3502.0, 6, 7.466950959488273, 0.1
469, 3506.0, 4, 7.459574468085107, 0.1
470, 3512.0, 6, 7.456475583864119, 0.1
471, 3519.0, 7, 7.455508474576271, 0.1
472, 3526.0, 7, 7.454545454545454, 0.1
473, 3533.0, 7, 7.453586497890296, 0.1
474, 3540.0, 7, 7.4526315789473685, 0.1
475, 3547.0, 7, 7.451680672268908, 0.1
476, 3552.0, 5, 7.446540880503145, 0.1
477, 3559.0, 7, 7.445606694560669, 0.1
478, 3566.0, 7, 7.444676409185804, 0.1
479, 3573.0, 7, 7.44375, 0.1
480, 3580.0, 7, 7.442827442827443, 0.1
481, 3587.0, 7, 7.441908713692946, 0.1
482, 3595.0, 8, 7.443064182194617, 0.1
483, 3603.0, 8, 7.444214876033058, 0.1
484, 3608.0, 5, 7.439175257731959, 0.1
485, 3616.0, 8, 7.440329218106996, 0.1
486, 3623.0, 7, 7.439425051334703, 0.1
487, 3629.0, 6, 7.436475409836065, 0.1
488, 3636.0, 7, 7.435582822085889, 0.1
489, 3643.0, 7, 7.4346938775510205, 0.1
490, 3650.0, 7, 7.433808553971486, 0.1
491, 3658.0, 8, 7.434959349593496, 0.1
492, 3664.0, 6, 7.432048681541582, 0.1
493, 3670.0, 6, 7.42914979757085, 0.1
494, 3678.0, 8, 7.430303030303031, 0.1
495, 3684.0, 6, 7.42741935483871, 0.1
496, 3690.0, 6, 7.424547283702213, 0.1
497, 3698.0, 8, 7.42570281124498, 0.1
498, 3706.0, 8, 7.426853707414829, 0.1
499, 3713.0, 7, 7.426, 0.1
500, 3719.0, 6, 7.42315369261477, 0.1
501, 3727.0, 8, 7.424302788844622, 0.1
502, 3735.0, 8, 7.42544731610338, 0.1
503, 3741.0, 6, 7.4226190476190474, 0.1
504, 3749.0, 8, 7.423762376237624, 0.1
505, 3757.0, 8, 7.424901185770751, 0.1
506, 3765.0, 8, 7.42603550295858, 0.1
507, 3772.0, 7, 7.425196850393701, 0.1
508, 3778.0, 6, 7.422396856581533, 0.1
509, 3784.0, 6, 7.419607843137255, 0.1
510, 3792.0, 8, 7.420743639921722, 0.1
511, 3799.0, 7, 7.419921875, 0.1
512, 3807.0, 8, 7.421052631578948, 0.1
513, 3814.0, 7, 7.42023346303502, 0.1
514, 3820.0, 6, 7.41747572815534, 0.1
515, 3826.0, 6, 7.4147286821705425, 0.1
516, 3833.0, 7, 7.413926499032882, 0.1
517, 3841.0, 8, 7.415057915057915, 0.1
518, 3849.0, 8, 7.416184971098266, 0.1
519, 3857.0, 8, 7.417307692307692, 0.1
520, 3865.0, 8, 7.418426103646833, 0.1
521, 3873.0, 8, 7.419540229885057, 0.1
522, 3880.0, 7, 7.418738049713193, 0.1
523, 3888.0, 8, 7.419847328244275, 0.1
524, 3895.0, 7, 7.419047619047619, 0.1
525, 3903.0, 8, 7.420152091254753, 0.1
526, 3910.0, 7, 7.419354838709677, 0.1
527, 3917.0, 7, 7.418560606060606, 0.1
528, 3919.0, 2, 7.408317580340265, 0.1
529, 3927.0, 8, 7.409433962264151, 0.1
530, 3934.0, 7, 7.4086629001883235, 0.1
531, 3941.0, 7, 7.407894736842105, 0.1
532, 3949.0, 8, 7.409005628517824, 0.1
533, 3957.0, 8, 7.410112359550562, 0.1
534, 3965.0, 8, 7.411214953271028, 0.1
535, 3972.0, 7, 7.41044776119403, 0.1
536, 3980.0, 8, 7.411545623836127, 0.1
537, 3987.0, 7, 7.410780669144981, 0.1
538, 3994.0, 7, 7.410018552875695, 0.1
539, 4001.0, 7, 7.409259259259259, 0.1
540, 4009.0, 8, 7.410351201478743, 0.1
541, 4016.0, 7, 7.409594095940959, 0.1
542, 4022.0, 6, 7.406998158379374, 0.1
543, 4029.0, 7, 7.40625, 0.1
544, 4032.0, 3, 7.398165137614679, 0.1
545, 4040.0, 8, 7.3992673992674, 0.1
546, 4048.0, 8, 7.4003656307129795, 0.1
547, 4056.0, 8, 7.401459854014599, 0.1
548, 4063.0, 7, 7.400728597449909, 0.1
549, 4071.0, 8, 7.401818181818181, 0.1
550, 4079.0, 8, 7.402903811252268, 0.1
551, 4085.0, 6, 7.40036231884058, 0.1
552, 4093.0, 8, 7.401446654611211, 0.1
553, 4099.0, 6, 7.398916967509026, 0.1
554, 4106.0, 7, 7.398198198198198, 0.1
555, 4114.0, 8, 7.399280575539568, 0.1
556, 4122.0, 8, 7.400359066427289, 0.1
557, 4130.0, 8, 7.401433691756273, 0.1
558, 4137.0, 7, 7.400715563506261, 0.1
559, 4145.0, 8, 7.401785714285714, 0.1
560, 4152.0, 7, 7.401069518716578, 0.1
561, 4160.0, 8, 7.402135231316726, 0.1
562, 4167.0, 7, 7.4014209591474245, 0.1
563, 4175.0, 8, 7.402482269503546, 0.1
564, 4182.0, 7, 7.401769911504425, 0.1
565, 4190.0, 8, 7.402826855123675, 0.1
566, 4197.0, 7, 7.402116402116402, 0.1
567, 4205.0, 8, 7.403169014084507, 0.1
568, 4213.0, 8, 7.404217926186292, 0.1
569, 4214.0, 1, 7.392982456140351, 0.1
570, 4220.0, 6, 7.390542907180385, 0.1
571, 4227.0, 7, 7.38986013986014, 0.1
572, 4234.0, 7, 7.389179755671902, 0.1
573, 4241.0, 7, 7.388501742160279, 0.1
574, 4248.0, 7, 7.3878260869565215, 0.1
575, 4256.0, 8, 7.388888888888889, 0.1
576, 4263.0, 7, 7.388214904679376, 0.1
577, 4271.0, 8, 7.389273356401384, 0.1
578, 4278.0, 7, 7.38860103626943, 0.1
579, 4286.0, 8, 7.389655172413793, 0.1
580, 4294.0, 8, 7.3907056798623065, 0.1
581, 4301.0, 7, 7.390034364261169, 0.1
582, 4309.0, 8, 7.391080617495712, 0.1
583, 4317.0, 8, 7.392123287671233, 0.1
584, 4323.0, 6, 7.38974358974359, 0.1
585, 4330.0, 7, 7.389078498293515, 0.1
586, 4337.0, 7, 7.388415672913117, 0.1
587, 4345.0, 8, 7.389455782312925, 0.1
588, 4352.0, 7, 7.388794567062818, 0.1
589, 4359.0, 7, 7.388135593220339, 0.1
590, 4366.0, 7, 7.387478849407783, 0.1
591, 4373.0, 7, 7.386824324324325, 0.1
592, 4378.0, 5, 7.382799325463743, 0.1
593, 4386.0, 8, 7.383838383838384, 0.1
594, 4394.0, 8, 7.384873949579832, 0.1
595, 4402.0, 8, 7.385906040268456, 0.1
596, 4410.0, 8, 7.386934673366834, 0.1
597, 4418.0, 8, 7.3879598662207355, 0.1
598, 4420.0, 2, 7.378964941569282, 0.1
599, 4428.0, 8, 7.38, 0.1
600, 4436.0, 8, 7.381031613976705, 0.1
601, 4443.0, 7, 7.380398671096345, 0.1
602, 4451.0, 8, 7.381426202321725, 0.1
603, 4458.0, 7, 7.380794701986755, 0.1
604, 4464.0, 6, 7.378512396694215, 0.1
605, 4466.0, 2, 7.36963696369637, 0.1
606, 4474.0, 8, 7.370675453047776, 0.1
607, 4479.0, 5, 7.3667763157894735, 0.1
608, 4487.0, 8, 7.367816091954023, 0.1
609, 4495.0, 8, 7.368852459016393, 0.1
610, 4503.0, 8, 7.369885433715221, 0.1
611, 4511.0, 8, 7.370915032679738, 0.1
612, 4519.0, 8, 7.371941272430669, 0.1
613, 4527.0, 8, 7.372964169381108, 0.1
614, 4535.0, 8, 7.373983739837398, 0.1
615, 4535.0, 0, 7.362012987012987, 0.1
616, 4542.0, 7, 7.361426256077796, 0.1
617, 4550.0, 8, 7.3624595469255665, 0.1
618, 4558.0, 8, 7.363489499192245, 0.1
619, 4566.0, 8, 7.364516129032258, 0.1
620, 4574.0, 8, 7.365539452495974, 0.1
621, 4582.0, 8, 7.366559485530547, 0.1
622, 4588.0, 6, 7.364365971107544, 0.1
623, 4594.0, 6, 7.362179487179487, 0.1
624, 4600.0, 6, 7.36, 0.1
625, 4608.0, 8, 7.361022364217252, 0.1
626, 4616.0, 8, 7.362041467304625, 0.1
627, 4624.0, 8, 7.3630573248407645, 0.1
628, 4631.0, 7, 7.36248012718601, 0.1
629, 4639.0, 8, 7.363492063492063, 0.1
630, 4645.0, 6, 7.361331220285262, 0.1
631, 4653.0, 8, 7.362341772151899, 0.1
632, 4660.0, 7, 7.361769352290679, 0.1
633, 4668.0, 8, 7.3627760252365935, 0.1
634, 4676.0, 8, 7.363779527559055, 0.1
635, 4684.0, 8, 7.364779874213837, 0.1
636, 4691.0, 7, 7.364207221350078, 0.1
637, 4698.0, 7, 7.363636363636363, 0.1
638, 4704.0, 6, 7.36150234741784, 0.1
639, 4711.0, 7, 7.3609375, 0.1
640, 4719.0, 8, 7.361934477379095, 0.1
641, 4723.0, 4, 7.3566978193146415, 0.1
642, 4730.0, 7, 7.356143079315707, 0.1
643, 4738.0, 8, 7.357142857142857, 0.1
644, 4744.0, 6, 7.355038759689922, 0.1
645, 4752.0, 8, 7.356037151702786, 0.1
646, 4760.0, 8, 7.357032457496136, 0.1
647, 4767.0, 7, 7.356481481481482, 0.1
648, 4775.0, 8, 7.3574730354391376, 0.1
649, 4783.0, 8, 7.358461538461539, 0.1
650, 4788.0, 5, 7.354838709677419, 0.1
651, 4795.0, 7, 7.354294478527607, 0.1
652, 4803.0, 8, 7.355283307810107, 0.1
653, 4809.0, 6, 7.353211009174312, 0.1
654, 4816.0, 7, 7.352671755725191, 0.1
655, 4823.0, 7, 7.352134146341464, 0.1
656, 4831.0, 8, 7.353120243531203, 0.1
657, 4832.0, 1, 7.343465045592705, 0.1
658, 4838.0, 6, 7.341426403641882, 0.1
659, 4845.0, 7, 7.340909090909091, 0.1
660, 4852.0, 7, 7.340393343419062, 0.1
661, 4859.0, 7, 7.33987915407855, 0.1
662, 4867.0, 8, 7.340874811463046, 0.1
663, 4875.0, 8, 7.341867469879518, 0.1
664, 4883.0, 8, 7.3428571428571425, 0.1
665, 4891.0, 8, 7.343843843843844, 0.1
666, 4898.0, 7, 7.3433283358320836, 0.1
667, 4904.0, 6, 7.341317365269461, 0.1
668, 4910.0, 6, 7.339312406576981, 0.1
669, 4916.0, 6, 7.3373134328358205, 0.1
670, 4922.0, 6, 7.3353204172876305, 0.1
671, 4930.0, 8, 7.336309523809524, 0.1
672, 4937.0, 7, 7.335809806835067, 0.1
673, 4945.0, 8, 7.336795252225519, 0.1
674, 4953.0, 8, 7.337777777777778, 0.1
675, 4960.0, 7, 7.337278106508876, 0.1
676, 4967.0, 7, 7.336779911373707, 0.1
677, 4974.0, 7, 7.336283185840708, 0.1
678, 4977.0, 3, 7.329896907216495, 0.1
679, 4985.0, 8, 7.330882352941177, 0.1
680, 4993.0, 8, 7.33186490455213, 0.1
681, 5001.0, 8, 7.332844574780059, 0.1
682, 5008.0, 7, 7.332357247437774, 0.1
683, 5015.0, 7, 7.331871345029239, 0.1
684, 5022.0, 7, 7.331386861313868, 0.1
685, 5030.0, 8, 7.332361516034985, 0.1
686, 5035.0, 5, 7.328966521106259, 0.1
687, 5035.0, 0, 7.318313953488372, 0.1
688, 5042.0, 7, 7.317851959361393, 0.1
689, 5050.0, 8, 7.318840579710145, 0.1
690, 5058.0, 8, 7.319826338639652, 0.1
691, 5066.0, 8, 7.320809248554913, 0.1
692, 5073.0, 7, 7.32034632034632, 0.1
693, 5079.0, 6, 7.318443804034582, 0.1
694, 5084.0, 5, 7.315107913669065, 0.1
695, 5084.0, 0, 7.304597701149425, 0.1
696, 5090.0, 6, 7.302725968436155, 0.1
697, 5097.0, 7, 7.302292263610315, 0.1
698, 5102.0, 5, 7.298998569384835, 0.1
699, 5109.0, 7, 7.298571428571429, 0.1
700, 5117.0, 8, 7.299572039942938, 0.1
701, 5124.0, 7, 7.299145299145299, 0.1
702, 5132.0, 8, 7.300142247510669, 0.1
703, 5139.0, 7, 7.299715909090909, 0.1
704, 5146.0, 7, 7.299290780141844, 0.1
705, 5154.0, 8, 7.30028328611898, 0.1
706, 5162.0, 8, 7.301272984441301, 0.1
707, 5169.0, 7, 7.3008474576271185, 0.1
708, 5176.0, 7, 7.300423131170663, 0.1
709, 5182.0, 6, 7.298591549295774, 0.1
710, 5189.0, 7, 7.298171589310829, 0.1
711, 5196.0, 7, 7.297752808988764, 0.1
712, 5204.0, 8, 7.298737727910239, 0.1
713, 5210.0, 6, 7.296918767507003, 0.1
714, 5218.0, 8, 7.297902097902098, 0.1
715, 5226.0, 8, 7.298882681564246, 0.1
716, 5232.0, 6, 7.297071129707113, 0.1
717, 5240.0, 8, 7.298050139275766, 0.1
718, 5248.0, 8, 7.299026425591099, 0.1
719, 5255.0, 7, 7.298611111111111, 0.1
720, 5262.0, 7, 7.298196948682386, 0.1
721, 5270.0, 8, 7.299168975069252, 0.1
722, 5278.0, 8, 7.300138312586445, 0.1
723, 5285.0, 7, 7.2997237569060776, 0.1
724, 5292.0, 7, 7.299310344827586, 0.1
725, 5298.0, 6, 7.297520661157025, 0.1
726, 5305.0, 7, 7.297111416781293, 0.1
727, 5312.0, 7, 7.2967032967032965, 0.1
728, 5318.0, 6, 7.2949245541838135, 0.1
729, 5326.0, 8, 7.295890410958904, 0.1
730, 5334.0, 8, 7.296853625170999, 0.1
731, 5340.0, 6, 7.295081967213115, 0.1
732, 5348.0, 8, 7.296043656207367, 0.1
733, 5355.0, 7, 7.295640326975477, 0.1
734, 5359.0, 4, 7.291156462585034, 0.1
735, 5365.0, 6, 7.289402173913044, 0.1
736, 5373.0, 8, 7.290366350067843, 0.1
737, 5379.0, 6, 7.288617886178862, 0.1
738, 5382.0, 3, 7.282814614343708, 0.1
739, 5390.0, 8, 7.283783783783784, 0.1
740, 5397.0, 7, 7.283400809716599, 0.1
741, 5404.0, 7, 7.283018867924528, 0.1
742, 5411.0, 7, 7.282637954239569, 0.1
743, 5419.0, 8, 7.283602150537634, 0.1
744, 5427.0, 8, 7.284563758389262, 0.1
745, 5435.0, 8, 7.285522788203753, 0.1
746, 5443.0, 8, 7.286479250334672, 0.1
747, 5451.0, 8, 7.287433155080214, 0.1
748, 5459.0, 8, 7.288384512683578, 0.1
749, 5466.0, 7, 7.288, 0.1
750, 5474.0, 8, 7.288948069241012, 0.1
751, 5481.0, 7, 7.288563829787234, 0.1
752, 5488.0, 7, 7.288180610889774, 0.1
753, 5495.0, 7, 7.287798408488063, 0.1
754, 5503.0, 8, 7.288741721854304, 0.1
755, 5510.0, 7, 7.288359788359788, 0.1
756, 5517.0, 7, 7.2879788639365914, 0.1
757, 5525.0, 8, 7.288918205804749, 0.1
758, 5533.0, 8, 7.2898550724637685, 0.1
759, 5538.0, 5, 7.286842105263158, 0.1
760, 5546.0, 8, 7.287779237844941, 0.1
761, 5548.0, 2, 7.2808398950131235, 0.1
762, 5555.0, 7, 7.280471821756225, 0.1
763, 5561.0, 6, 7.278795811518324, 0.1
764, 5568.0, 7, 7.2784313725490195, 0.1
765, 5576.0, 8, 7.2793733681462145, 0.1
766, 5582.0, 6, 7.277705345501956, 0.1
767, 5590.0, 8, 7.278645833333333, 0.1
768, 5597.0, 7, 7.278283485045514, 0.1
769, 5604.0, 7, 7.277922077922078, 0.1
770, 5611.0, 7, 7.277561608300908, 0.1
771, 5618.0, 7, 7.27720207253886, 0.1
772, 5624.0, 6, 7.275549805950841, 0.1
773, 5631.0, 7, 7.275193798449612, 0.1
774, 5638.0, 7, 7.274838709677419, 0.1
775, 5646.0, 8, 7.275773195876289, 0.1
776, 5653.0, 7, 7.275418275418275, 0.1
777, 5657.0, 4, 7.27120822622108, 0.1
778, 5665.0, 8, 7.2721437740693196, 0.1
779, 5673.0, 8, 7.273076923076923, 0.1
780, 5680.0, 7, 7.2727272727272725, 0.1
781, 5688.0, 8, 7.273657289002558, 0.1
782, 5695.0, 7, 7.27330779054917, 0.1
783, 5703.0, 8, 7.274234693877551, 0.1
784, 5710.0, 7, 7.273885350318471, 0.1
785, 5715.0, 5, 7.270992366412214, 0.1
786, 5723.0, 8, 7.271918678526048, 0.1
787, 5729.0, 6, 7.270304568527918, 0.1
788, 5735.0, 6, 7.268694550063372, 0.1
789, 5742.0, 7, 7.2683544303797465, 0.1
790, 5750.0, 8, 7.269279393173198, 0.1
791, 5757.0, 7, 7.268939393939394, 0.1
792, 5765.0, 8, 7.269861286254729, 0.1
793, 5772.0, 7, 7.269521410579345, 0.1
794, 5778.0, 6, 7.2679245283018865, 0.1
795, 5785.0, 7, 7.267587939698492, 0.1
796, 5793.0, 8, 7.268506900878293, 0.1
797, 5800.0, 7, 7.268170426065163, 0.1
798, 5808.0, 8, 7.269086357947434, 0.1
799, 5813.0, 5, 7.26625, 0.1
800, 5815.0, 2, 7.259675405742821, 0.1
801, 5823.0, 8, 7.260598503740648, 0.1
802, 5831.0, 8, 7.261519302615193, 0.1
803, 5831.0, 0, 7.252487562189055, 0.1
804, 5831.0, 0, 7.243478260869566, 0.1
805, 5839.0, 8, 7.244416873449132, 0.1
806, 5847.0, 8, 7.245353159851301, 0.1
807, 5854.0, 7, 7.2450495049504955, 0.1
808, 5862.0, 8, 7.245982694684796, 0.1
809, 5869.0, 7, 7.245679012345679, 0.1
810, 5875.0, 6, 7.244143033292231, 0.1
811, 5881.0, 6, 7.2426108374384235, 0.1
812, 5888.0, 7, 7.242312423124231, 0.1
813, 5895.0, 7, 7.242014742014742, 0.1
814, 5902.0, 7, 7.241717791411043, 0.1
815, 5909.0, 7, 7.241421568627451, 0.1
816, 5917.0, 8, 7.24235006119951, 0.1
817, 5925.0, 8, 7.243276283618582, 0.1
818, 5933.0, 8, 7.244200244200244, 0.1
819, 5938.0, 5, 7.241463414634146, 0.1
820, 5945.0, 7, 7.241169305724726, 0.1
821, 5950.0, 5, 7.238442822384428, 0.1
822, 5957.0, 7, 7.238153098420413, 0.1
823, 5965.0, 8, 7.239077669902913, 0.1
824, 5973.0, 8, 7.24, 0.1
825, 5981.0, 8, 7.2409200968523, 0.1
826, 5985.0, 4, 7.237001209189843, 0.1
827, 5992.0, 7, 7.236714975845411, 0.1
828, 5997.0, 5, 7.234016887816646, 0.1
829, 6005.0, 8, 7.234939759036145, 0.1
830, 6011.0, 6, 7.233453670276775, 0.1
831, 6012.0, 1, 7.225961538461538, 0.1
832, 6018.0, 6, 7.224489795918367, 0.1
833, 6025.0, 7, 7.224220623501199, 0.1
834, 6032.0, 7, 7.223952095808383, 0.1
835, 6040.0, 8, 7.22488038277512, 0.1
836, 6048.0, 8, 7.225806451612903, 0.1
837, 6055.0, 7, 7.225536992840095, 0.1
838, 6061.0, 6, 7.224076281287247, 0.1
839, 6068.0, 7, 7.223809523809524, 0.1
840, 6076.0, 8, 7.224732461355529, 0.1
841, 6082.0, 6, 7.223277909738718, 0.1
842, 6090.0, 8, 7.224199288256227, 0.1
843, 6098.0, 8, 7.225118483412322, 0.1
844, 6106.0, 8, 7.22603550295858, 0.1
845, 6113.0, 7, 7.225768321513002, 0.1
846, 6120.0, 7, 7.225501770956316, 0.1
847, 6127.0, 7, 7.225235849056604, 0.1
848, 6135.0, 8, 7.226148409893993, 0.1
849, 6142.0, 7, 7.225882352941176, 0.1
850, 6148.0, 6, 7.224441833137485, 0.1
851, 6156.0, 8, 7.225352112676056, 0.1
852, 6162.0, 6, 7.223915592028136, 0.1
853, 6166.0, 4, 7.220140515222482, 0.1
854, 6174.0, 8, 7.221052631578948, 0.1
855, 6179.0, 5, 7.218457943925234, 0.1
856, 6187.0, 8, 7.219369894982497, 0.1
857, 6194.0, 7, 7.2191142191142195, 0.1
858, 6202.0, 8, 7.220023282887078, 0.1
859, 6208.0, 6, 7.21860465116279, 0.1
860, 6216.0, 8, 7.219512195121951, 0.1
861, 6224.0, 8, 7.220417633410673, 0.1
862, 6232.0, 8, 7.221320973348783, 0.1
863, 6240.0, 8, 7.222222222222222, 0.1
864, 6248.0, 8, 7.223121387283237, 0.1
865, 6255.0, 7, 7.222863741339492, 0.1
866, 6263.0, 8, 7.223760092272203, 0.1
867, 6270.0, 7, 7.223502304147465, 0.1
868, 6278.0, 8, 7.2243958573072495, 0.1
869, 6286.0, 8, 7.225287356321839, 0.1
870, 6294.0, 8, 7.22617680826636, 0.1
871, 6296.0, 2, 7.220183486238532, 0.1
872, 6303.0, 7, 7.219931271477663, 0.1
873, 6310.0, 7, 7.219679633867277, 0.1
874, 6316.0, 6, 7.218285714285714, 0.1
875, 6322.0, 6, 7.21689497716895, 0.1
876, 6330.0, 8, 7.217787913340935, 0.1
877, 6337.0, 7, 7.21753986332574, 0.1
878, 6340.0, 3, 7.212741751990899, 0.1
879, 6348.0, 8, 7.213636363636364, 0.1
880, 6355.0, 7, 7.213393870601589, 0.1
881, 6363.0, 8, 7.214285714285714, 0.1
882, 6369.0, 6, 7.2129105322763305, 0.1
883, 6377.0, 8, 7.213800904977376, 0.1
884, 6384.0, 7, 7.213559322033898, 0.1
885, 6391.0, 7, 7.213318284424379, 0.1
886, 6397.0, 6, 7.2119503945885, 0.1
887, 6404.0, 7, 7.211711711711712, 0.1
888, 6412.0, 8, 7.21259842519685, 0.1
889, 6420.0, 8, 7.213483146067416, 0.1
890, 6428.0, 8, 7.214365881032547, 0.1
891, 6435.0, 7, 7.2141255605381165, 0.1
892, 6441.0, 6, 7.212765957446808, 0.1
893, 6449.0, 8, 7.213646532438479, 0.1
894, 6456.0, 7, 7.21340782122905, 0.1
895, 6464.0, 8, 7.214285714285714, 0.1
896, 6471.0, 7, 7.214046822742475, 0.1
897, 6477.0, 6, 7.212694877505568, 0.1
898, 6482.0, 5, 7.210233592880979, 0.1
899, 6487.0, 5, 7.207777777777777, 0.1
900, 6494.0, 7, 7.2075471698113205, 0.1
901, 6501.0, 7, 7.2073170731707314, 0.1
902, 6509.0, 8, 7.208194905869324, 0.1
903, 6516.0, 7, 7.207964601769912, 0.1
904, 6524.0, 8, 7.208839779005525, 0.1
905, 6530.0, 6, 7.207505518763797, 0.1
906, 6536.0, 6, 7.206174200661522, 0.1
907, 6543.0, 7, 7.205947136563877, 0.1
908, 6550.0, 7, 7.2057205720572055, 0.1
909, 6558.0, 8, 7.206593406593407, 0.1
910, 6566.0, 8, 7.207464324917673, 0.1
911, 6573.0, 7, 7.207236842105263, 0.1
912, 6580.0, 7, 7.207009857612268, 0.1
913, 6587.0, 7, 7.206783369803063, 0.1
914, 6593.0, 6, 7.205464480874317, 0.1
915, 6600.0, 7, 7.205240174672489, 0.1
916, 6607.0, 7, 7.205016357688113, 0.1
917, 6614.0, 7, 7.20479302832244, 0.1
918, 6621.0, 7, 7.204570184983678, 0.1
919, 6629.0, 8, 7.2054347826086955, 0.1
920, 6637.0, 8, 7.206297502714441, 0.1
921, 6643.0, 6, 7.204989154013015, 0.1
922, 6651.0, 8, 7.205850487540628, 0.1
923, 6658.0, 7, 7.205627705627705, 0.1
924, 6666.0, 8, 7.206486486486487, 0.1
925, 6674.0, 8, 7.207343412526998, 0.1
926, 6681.0, 7, 7.207119741100324, 0.1
927, 6689.0, 8, 7.207974137931035, 0.1
928, 6696.0, 7, 7.207750269106566, 0.1
929, 6704.0, 8, 7.208602150537635, 0.1
930, 6711.0, 7, 7.208378088077336, 0.1
931, 6716.0, 5, 7.206008583690987, 0.1
932, 6724.0, 8, 7.206859592711683, 0.1
933, 6732.0, 8, 7.207708779443255, 0.1
934, 6738.0, 6, 7.206417112299465, 0.1
935, 6746.0, 8, 7.207264957264957, 0.1
936, 6753.0, 7, 7.207043756670224, 0.1
937, 6761.0, 8, 7.207889125799573, 0.1
938, 6767.0, 6, 7.206602768903088, 0.1
939, 6775.0, 8, 7.207446808510638, 0.1
940, 6781.0, 6, 7.206163655685441, 0.1
941, 6784.0, 3, 7.201698513800425, 0.1
942, 6792.0, 8, 7.20254506892895, 0.1
943, 6800.0, 8, 7.203389830508475, 0.1
944, 6807.0, 7, 7.203174603174603, 0.1
945, 6814.0, 7, 7.202959830866807, 0.1
946, 6820.0, 6, 7.2016895459345305, 0.1
947, 6828.0, 8, 7.2025316455696204, 0.1
948, 6836.0, 8, 7.203371970495258, 0.1
949, 6844.0, 8, 7.20421052631579, 0.1
950, 6844.0, 0, 7.196635120925341, 0.1
951, 6851.0, 7, 7.196428571428571, 0.1
952, 6858.0, 7, 7.196222455403987, 0.1
953, 6866.0, 8, 7.19706498951782, 0.1
954, 6874.0, 8, 7.197905759162303, 0.1
955, 6882.0, 8, 7.198744769874477, 0.1
956, 6889.0, 7, 7.1985370950888194, 0.1
957, 6895.0, 6, 7.197286012526096, 0.1
958, 6903.0, 8, 7.198123044838374, 0.1
959, 6911.0, 8, 7.198958333333334, 0.1
960, 6919.0, 8, 7.1997918834547345, 0.1
961, 6927.0, 8, 7.200623700623701, 0.1
962, 6935.0, 8, 7.201453790238837, 0.1
963, 6936.0, 1, 7.195020746887967, 0.1
964, 6943.0, 7, 7.194818652849741, 0.1
965, 6951.0, 8, 7.195652173913044, 0.1
966, 6958.0, 7, 7.195449844881075, 0.1
967, 6959.0, 1, 7.18904958677686, 0.1
968, 6967.0, 8, 7.189886480908153, 0.1
969, 6974.0, 7, 7.189690721649485, 0.1
970, 6981.0, 7, 7.189495365602472, 0.1
971, 6987.0, 6, 7.188271604938271, 0.1
972, 6995.0, 8, 7.189105858170606, 0.1
973, 7003.0, 8, 7.189938398357289, 0.1
974, 7009.0, 6, 7.188717948717949, 0.1
975, 7017.0, 8, 7.189549180327869, 0.1
976, 7024.0, 7, 7.18935516888434, 0.1
977, 7032.0, 8, 7.190184049079755, 0.1
978, 7040.0, 8, 7.191011235955056, 0.1
979, 7048.0, 8, 7.191836734693878, 0.1
980, 7056.0, 8, 7.192660550458716, 0.1
981, 7061.0, 5, 7.1904276985743385, 0.1
982, 7068.0, 7, 7.190233977619532, 0.1
983, 7076.0, 8, 7.191056910569106, 0.1
984, 7081.0, 5, 7.188832487309645, 0.1
985, 7088.0, 7, 7.188640973630831, 0.1
986, 7096.0, 8, 7.189463019250253, 0.1
987, 7103.0, 7, 7.189271255060729, 0.1
988, 7110.0, 7, 7.189079878665319, 0.1
989, 7118.0, 8, 7.18989898989899, 0.1
990, 7126.0, 8, 7.1907164480322905, 0.1
991, 7132.0, 6, 7.189516129032258, 0.1
992, 7140.0, 8, 7.190332326283988, 0.1
993, 7148.0, 8, 7.191146881287726, 0.1
994, 7155.0, 7, 7.190954773869347, 0.1
995, 7162.0, 7, 7.190763052208835, 0.1
996, 7169.0, 7, 7.1905717151454365, 0.1
997, 7176.0, 7, 7.190380761523046, 0.1
998, 7184.0, 8, 7.191191191191191, 0.1
999, 7192.0, 8, 7.192, 0.1
1000, 7199.0, 7, 7.1918081918081915, 0.1
1001, 7201.0, 2, 7.186626746506986, 0.1
1002, 7208.0, 7, 7.186440677966102, 0.1
1003, 7213.0, 5, 7.184262948207171, 0.1
1004, 7221.0, 8, 7.1850746268656716, 0.1
1005, 7227.0, 6, 7.18389662027833, 0.1
1006, 7232.0, 5, 7.181727904667329, 0.1
1007, 7233.0, 1, 7.175595238095238, 0.1
1008, 7241.0, 8, 7.176412289395441, 0.1
1009, 7248.0, 7, 7.176237623762376, 0.1
1010, 7256.0, 8, 7.177052423343224, 0.1
1011, 7264.0, 8, 7.177865612648222, 0.1
1012, 7272.0, 8, 7.178677196446199, 0.1
1013, 7280.0, 8, 7.17948717948718, 0.1
1014, 7287.0, 7, 7.179310344827586, 0.1
1015, 7294.0, 7, 7.179133858267717, 0.1
1016, 7302.0, 8, 7.179941002949852, 0.1
1017, 7310.0, 8, 7.180746561886051, 0.1
1018, 7310.0, 0, 7.1736997055937195, 0.1
1019, 7317.0, 7, 7.173529411764706, 0.1
1020, 7319.0, 2, 7.168462291870715, 0.1
1021, 7324.0, 5, 7.166340508806262, 0.1
1022, 7331.0, 7, 7.166177908113392, 0.1
1023, 7338.0, 7, 7.166015625, 0.1
1024, 7345.0, 7, 7.1658536585365855, 0.1
1025, 7352.0, 7, 7.165692007797271, 0.1
1026, 7359.0, 7, 7.165530671859786, 0.1
1027, 7366.0, 7, 7.165369649805448, 0.1
1028, 7372.0, 6, 7.164237123420797, 0.1
1029, 7380.0, 8, 7.165048543689321, 0.1
1030, 7388.0, 8, 7.165858389912706, 0.1
1031, 7396.0, 8, 7.166666666666667, 0.1
1032, 7402.0, 6, 7.165537270087125, 0.1
1033, 7409.0, 7, 7.165377176015474, 0.1
1034, 7416.0, 7, 7.165217391304348, 0.1
1035, 7424.0, 8, 7.166023166023166, 0.1
1036, 7429.0, 5, 7.163934426229508, 0.1
1037, 7431.0, 2, 7.158959537572255, 0.1
1038, 7436.0, 5, 7.156881616939365, 0.1
1039, 7443.0, 7, 7.156730769230769, 0.1
1040, 7450.0, 7, 7.156580211335254, 0.1
1041, 7455.0, 5, 7.154510556621881, 0.1
1042, 7462.0, 7, 7.154362416107382, 0.1
1043, 7469.0, 7, 7.154214559386973, 0.1
1044, 7477.0, 8, 7.155023923444976, 0.1
1045, 7483.0, 6, 7.153919694072658, 0.1
1046, 7491.0, 8, 7.154727793696275, 0.1
1047, 7498.0, 7, 7.154580152671755, 0.1
1048, 7506.0, 8, 7.155386081982841, 0.1
1049, 7514.0, 8, 7.156190476190476, 0.1
1050, 7521.0, 7, 7.156041864890581, 0.1
1051, 7528.0, 7, 7.155893536121673, 0.1
1052, 7534.0, 6, 7.154795821462488, 0.1
1053, 7542.0, 8, 7.1555977229601515, 0.1
1054, 7547.0, 5, 7.153554502369668, 0.1
1055, 7554.0, 7, 7.153409090909091, 0.1
1056, 7560.0, 6, 7.152317880794702, 0.1
1057, 7567.0, 7, 7.1521739130434785, 0.1
1058, 7575.0, 8, 7.152974504249292, 0.1
1059, 7582.0, 7, 7.152830188679245, 0.1
1060, 7589.0, 7, 7.152686145146089, 0.1
1061, 7597.0, 8, 7.153483992467043, 0.1
1062, 7604.0, 7, 7.153339604891816, 0.1
1063, 7612.0, 8, 7.154135338345864, 0.1
1064, 7620.0, 8, 7.154929577464789, 0.1
1065, 7625.0, 5, 7.152908067542214, 0.1
1066, 7633.0, 8, 7.153701968134958, 0.1
1067, 7634.0, 1, 7.147940074906367, 0.1
1068, 7642.0, 8, 7.148737137511693, 0.1
1069, 7650.0, 8, 7.149532710280374, 0.1
1070, 7658.0, 8, 7.150326797385621, 0.1
1071, 7664.0, 6, 7.149253731343284, 0.1
1072, 7669.0, 5, 7.147250698974837, 0.1
1073, 7677.0, 8, 7.148044692737431, 0.1
1074, 7685.0, 8, 7.148837209302326, 0.1
1075, 7692.0, 7, 7.148698884758364, 0.1
1076, 7699.0, 7, 7.148560817084494, 0.1
1077, 7707.0, 8, 7.14935064935065, 0.1
1078, 7715.0, 8, 7.150139017608897, 0.1
1079, 7719.0, 4, 7.147222222222222, 0.1
1080, 7727.0, 8, 7.148011100832562, 0.1
1081, 7735.0, 8, 7.148798521256932, 0.1
1082, 7743.0, 8, 7.149584487534626, 0.1
1083, 7748.0, 5, 7.14760147601476, 0.1
1084, 7754.0, 6, 7.146543778801843, 0.1
1085, 7761.0, 7, 7.1464088397790055, 0.1
1086, 7768.0, 7, 7.1462741490340385, 0.1
1087, 7776.0, 8, 7.147058823529412, 0.1
1088, 7783.0, 7, 7.14692378328742, 0.1
1089, 7791.0, 8, 7.147706422018349, 0.1
1090, 7799.0, 8, 7.148487626031164, 0.1
1091, 7807.0, 8, 7.1492673992674, 0.1
1092, 7815.0, 8, 7.150045745654163, 0.1
1093, 7817.0, 2, 7.145338208409506, 0.1
1094, 7824.0, 7, 7.145205479452055, 0.1
1095, 7832.0, 8, 7.145985401459854, 0.1
1096, 7839.0, 7, 7.145852324521422, 0.1
1097, 7845.0, 6, 7.144808743169399, 0.1
1098, 7853.0, 8, 7.145586897179254, 0.1
1099, 7858.0, 5, 7.143636363636364, 0.1
1100, 7864.0, 6, 7.142597638510445, 0.1
1101, 7871.0, 7, 7.142468239564428, 0.1
1102, 7873.0, 2, 7.13780598368087, 0.1
1103, 7881.0, 8, 7.138586956521739, 0.1
1104, 7888.0, 7, 7.138461538461539, 0.1
1105, 7894.0, 6, 7.137432188065099, 0.1
1106, 7901.0, 7, 7.137308039747064, 0.1
1107, 7901.0, 0, 7.13086642599278, 0.1
1108, 7907.0, 6, 7.129846708746618, 0.1
1109, 7915.0, 8, 7.13063063063063, 0.1
1110, 7922.0, 7, 7.1305130513051305, 0.1
1111, 7929.0, 7, 7.130395683453237, 0.1
1112, 7937.0, 8, 7.131176999101528, 0.1
1113, 7944.0, 7, 7.131059245960503, 0.1
1114, 7951.0, 7, 7.130941704035874, 0.1
1115, 7957.0, 6, 7.129928315412187, 0.1
1116, 7957.0, 0, 7.12354521038496, 0.1
1117, 7965.0, 8, 7.124329159212881, 0.1
1118, 7972.0, 7, 7.124218051831993, 0.1
1119, 7980.0, 8, 7.125, 0.1
1120, 7987.0, 7, 7.124888492417484, 0.1
1121, 7987.0, 0, 7.118538324420677, 0.1
1122, 7995.0, 8, 7.119323241317899, 0.1
1123, 8002.0, 7, 7.119217081850533, 0.1
1124, 8010.0, 8, 7.12, 0.1
1125, 8017.0, 7, 7.119893428063943, 0.1
1126, 8025.0, 8, 7.120674356699201, 0.1
1127, 8033.0, 8, 7.12145390070922, 0.1
1128, 8040.0, 7, 7.121346324180691, 0.1
1129, 8047.0, 7, 7.121238938053097, 0.1
1130, 8054.0, 7, 7.121131741821397, 0.1
1131, 8062.0, 8, 7.1219081272084805, 0.1
1132, 8063.0, 1, 7.116504854368932, 0.1
1133, 8070.0, 7, 7.116402116402116, 0.1
1134, 8078.0, 8, 7.117180616740088, 0.1
1135, 8086.0, 8, 7.117957746478873, 0.1
1136, 8093.0, 7, 7.117854001759015, 0.1
1137, 8101.0, 8, 7.118629173989455, 0.1
1138, 8109.0, 8, 7.119402985074627, 0.1
1139, 8116.0, 7, 7.1192982456140355, 0.1
1140, 8123.0, 7, 7.1191936897458366, 0.1
1141, 8131.0, 8, 7.119964973730298, 0.1
1142, 8139.0, 8, 7.120734908136483, 0.1
1143, 8139.0, 0, 7.114510489510489, 0.1
1144, 8146.0, 7, 7.114410480349345, 0.1
1145, 8153.0, 7, 7.114310645724259, 0.1
1146, 8161.0, 8, 7.115082824760244, 0.1
1147, 8169.0, 8, 7.115853658536586, 0.1
1148, 8176.0, 7, 7.1157528285465625, 0.1
1149, 8183.0, 7, 7.115652173913044, 0.1
1150, 8190.0, 7, 7.115551694178975, 0.1
1151, 8196.0, 6, 7.114583333333333, 0.1
1152, 8203.0, 7, 7.11448395490026, 0.1
1153, 8211.0, 8, 7.1152512998266895, 0.1
1154, 8216.0, 5, 7.113419913419913, 0.1
1155, 8223.0, 7, 7.1133217993079585, 0.1
1156, 8231.0, 8, 7.114088159031979, 0.1
1157, 8239.0, 8, 7.114853195164076, 0.1
1158, 8247.0, 8, 7.115616911130285, 0.1
1159, 8255.0, 8, 7.116379310344827, 0.1
1160, 8261.0, 6, 7.11541774332472, 0.1
1161, 8269.0, 8, 7.116179001721171, 0.1
1162, 8276.0, 7, 7.116079105760963, 0.1
1163, 8277.0, 1, 7.110824742268041, 0.1
1164, 8284.0, 7, 7.1107296137339056, 0.1
1165, 8290.0, 6, 7.109777015437393, 0.1
1166, 8297.0, 7, 7.10968294772922, 0.1
1167, 8305.0, 8, 7.1104452054794525, 0.1
1168, 8312.0, 7, 7.110350727117194, 0.1
1169, 8320.0, 8, 7.111111111111111, 0.1
1170, 8328.0, 8, 7.111870196413322, 0.1
1171, 8336.0, 8, 7.112627986348123, 0.1
1172, 8344.0, 8, 7.113384484228474, 0.1
1173, 8352.0, 8, 7.114139693356048, 0.1
1174, 8359.0, 7, 7.1140425531914895, 0.1
1175, 8367.0, 8, 7.114795918367347, 0.1
1176, 8368.0, 1, 7.109600679694138, 0.1
1177, 8375.0, 7, 7.109507640067911, 0.1
1178, 8381.0, 6, 7.108566581849025, 0.1
1179, 8388.0, 7, 7.1084745762711865, 0.1
1180, 8396.0, 8, 7.109229466553768, 0.1
1181, 8403.0, 7, 7.1091370558375635, 0.1
1182, 8410.0, 7, 7.109044801352494, 0.1
1183, 8417.0, 7, 7.108952702702703, 0.1
1184, 8425.0, 8, 7.109704641350211, 0.1
1185, 8433.0, 8, 7.110455311973019, 0.1
1186, 8440.0, 7, 7.1103622577927545, 0.1
1187, 8447.0, 7, 7.11026936026936, 0.1
1188, 8450.0, 3, 7.1068124474348195, 0.1
1189, 8457.0, 7, 7.10672268907563, 0.1
1190, 8464.0, 7, 7.106633081444165, 0.1
1191, 8471.0, 7, 7.106543624161074, 0.1
1192, 8479.0, 8, 7.107292539815591, 0.1
1193, 8487.0, 8, 7.108040201005025, 0.1
1194, 8487.0, 0, 7.102092050209205, 0.1
1195, 8495.0, 8, 7.102842809364549, 0.1
1196, 8503.0, 8, 7.10359231411863, 0.1
1197, 8510.0, 7, 7.103505843071786, 0.1
1198, 8518.0, 8, 7.1042535446205175, 0.1
1199, 8525.0, 7, 7.104166666666667, 0.1
1200, 8532.0, 7, 7.104079933388842, 0.1
1201, 8539.0, 7, 7.103993344425957, 0.1
1202, 8547.0, 8, 7.104738154613466, 0.1
1203, 8555.0, 8, 7.105481727574751, 0.1
1204, 8563.0, 8, 7.106224066390041, 0.1
1205, 8570.0, 7, 7.106135986733002, 0.1
1206, 8576.0, 6, 7.105219552609777, 0.1
1207, 8583.0, 7, 7.1051324503311255, 0.1
1208, 8587.0, 4, 7.102564102564102, 0.1
1209, 8595.0, 8, 7.103305785123967, 0.1
1210, 8603.0, 8, 7.104046242774566, 0.1
1211, 8611.0, 8, 7.104785478547854, 0.1
1212, 8619.0, 8, 7.105523495465787, 0.1
1213, 8627.0, 8, 7.106260296540363, 0.1
1214, 8634.0, 7, 7.106172839506173, 0.1
1215, 8641.0, 7, 7.106085526315789, 0.1
1216, 8648.0, 7, 7.105998356614626, 0.1
1217, 8656.0, 8, 7.106732348111659, 0.1
1218, 8664.0, 8, 7.10746513535685, 0.1
1219, 8672.0, 8, 7.108196721311476, 0.1
1220, 8680.0, 8, 7.108927108927109, 0.1
1221, 8688.0, 8, 7.109656301145663, 0.1
1222, 8696.0, 8, 7.110384300899428, 0.1
1223, 8704.0, 8, 7.111111111111111, 0.1
1224, 8711.0, 7, 7.111020408163266, 0.1
1225, 8719.0, 8, 7.111745513866231, 0.1
1226, 8727.0, 8, 7.112469437652812, 0.1
1227, 8733.0, 6, 7.111563517915309, 0.1
1228, 8741.0, 8, 7.112286411716843, 0.1
1229, 8744.0, 3, 7.108943089430895, 0.1
1230, 8752.0, 8, 7.109666937449228, 0.1
1231, 8759.0, 7, 7.109577922077922, 0.1
1232, 8767.0, 8, 7.110300081103, 0.1
1233, 8774.0, 7, 7.110210696920584, 0.1
1234, 8781.0, 7, 7.110121457489878, 0.1
1235, 8784.0, 3, 7.106796116504855, 0.1
1236, 8791.0, 7, 7.106709781729992, 0.1
1237, 8798.0, 7, 7.106623586429725, 0.1
1238, 8806.0, 8, 7.107344632768362, 0.1
1239, 8812.0, 6, 7.106451612903226, 0.1
1240, 8820.0, 8, 7.107171635777599, 0.1
1241, 8826.0, 6, 7.106280193236715, 0.1
1242, 8831.0, 5, 7.1045856798069185, 0.1
1243, 8839.0, 8, 7.105305466237942, 0.1
1244, 8845.0, 6, 7.104417670682731, 0.1
1245, 8851.0, 6, 7.103531300160514, 0.1
1246, 8859.0, 8, 7.104250200481155, 0.1
1247, 8866.0, 7, 7.104166666666667, 0.1
1248, 8874.0, 8, 7.104883907125701, 0.1
1249, 8880.0, 6, 7.104, 0.1
1250, 8887.0, 7, 7.103916866506794, 0.1
1251, 8893.0, 6, 7.103035143769968, 0.1
1252, 8901.0, 8, 7.103750997605746, 0.1
1253, 8909.0, 8, 7.104465709728868, 0.1
1254, 8915.0, 6, 7.103585657370518, 0.1
1255, 8922.0, 7, 7.103503184713376, 0.1
1256, 8929.0, 7, 7.103420843277645, 0.1
1257, 8934.0, 5, 7.101748807631161, 0.1
1258, 8937.0, 3, 7.098490865766482, 0.1
1259, 8943.0, 6, 7.097619047619047, 0.1
1260, 8949.0, 6, 7.096748612212529, 0.1
1261, 8957.0, 8, 7.0974643423137875, 0.1
1262, 8964.0, 7, 7.097387173396674, 0.1
1263, 8972.0, 8, 7.098101265822785, 0.1
1264, 8973.0, 1, 7.0932806324110675, 0.1
1265, 8980.0, 7, 7.093206951026856, 0.1
1266, 8987.0, 7, 7.093133385951066, 0.1
1267, 8995.0, 8, 7.09384858044164, 0.1
1268, 9001.0, 6, 7.092986603624902, 0.1
1269, 9008.0, 7, 7.092913385826772, 0.1
1270, 9016.0, 8, 7.093627065302911, 0.1
1271, 9022.0, 6, 7.0927672955974845, 0.1
1272, 9022.0, 0, 7.087195600942655, 0.1
1273, 9030.0, 8, 7.087912087912088, 0.1
1274, 9036.0, 6, 7.087058823529412, 0.1
1275, 9044.0, 8, 7.087774294670846, 0.1
1276, 9044.0, 0, 7.082223962411903, 0.1
1277, 9051.0, 7, 7.082159624413146, 0.1
1278, 9059.0, 8, 7.082877247849883, 0.1
1279, 9066.0, 7, 7.0828125, 0.1
1280, 9074.0, 8, 7.083528493364559, 0.1
1281, 9081.0, 7, 7.083463338533542, 0.1
1282, 9089.0, 8, 7.084177708495713, 0.1
1283, 9096.0, 7, 7.08411214953271, 0.1
1284, 9101.0, 5, 7.082490272373541, 0.1
1285, 9107.0, 6, 7.0816485225505446, 0.1
1286, 9115.0, 8, 7.082362082362082, 0.1
1287, 9123.0, 8, 7.083074534161491, 0.1
1288, 9130.0, 7, 7.083010085337471, 0.1
1289, 9138.0, 8, 7.083720930232558, 0.1
1290, 9145.0, 7, 7.083656080557708, 0.1
1291, 9152.0, 7, 7.08359133126935, 0.1
1292, 9159.0, 7, 7.083526682134571, 0.1
1293, 9166.0, 7, 7.083462132921174, 0.1
1294, 9174.0, 8, 7.084169884169884, 0.1
1295, 9181.0, 7, 7.084104938271605, 0.1
1296, 9188.0, 7, 7.084040092521203, 0.1
1297, 9194.0, 6, 7.083204930662558, 0.1
1298, 9201.0, 7, 7.083140877598153, 0.1
1299, 9209.0, 8, 7.083846153846154, 0.1
1300, 9216.0, 7, 7.083781706379708, 0.1
1301, 9224.0, 8, 7.084485407066052, 0.1
1302, 9232.0, 8, 7.08518802762855, 0.1
1303, 9239.0, 7, 7.085122699386503, 0.1
1304, 9240.0, 1, 7.080459770114943, 0.1
1305, 9246.0, 6, 7.079632465543645, 0.1
1306, 9253.0, 7, 7.079571537872992, 0.1
1307, 9261.0, 8, 7.080275229357798, 0.1
1308, 9269.0, 8, 7.080977845683728, 0.1
1309, 9277.0, 8, 7.081679389312977, 0.1
1310, 9284.0, 7, 7.081617086193745, 0.1
1311, 9284.0, 0, 7.076219512195122, 0.1
1312, 9292.0, 8, 7.076923076923077, 0.1
1313, 9300.0, 8, 7.077625570776256, 0.1
1314, 9308.0, 8, 7.078326996197719, 0.1
1315, 9315.0, 7, 7.078267477203648, 0.1
1316, 9322.0, 7, 7.078208048595292, 0.1
1317, 9329.0, 7, 7.07814871016692, 0.1
1318, 9337.0, 8, 7.0788476118271415, 0.1
1319, 9345.0, 8, 7.079545454545454, 0.1
1320, 9347.0, 2, 7.075700227100682, 0.1
1321, 9355.0, 8, 7.076399394856279, 0.1
1322, 9362.0, 7, 7.076341647770219, 0.1
1323, 9370.0, 8, 7.077039274924472, 0.1
1324, 9378.0, 8, 7.077735849056603, 0.1
1325, 9385.0, 7, 7.077677224736048, 0.1
1326, 9391.0, 6, 7.076865109269028, 0.1
1327, 9398.0, 7, 7.076807228915663, 0.1
1328, 9403.0, 5, 7.075244544770504, 0.1
1329, 9411.0, 8, 7.07593984962406, 0.1
1330, 9419.0, 8, 7.076634109691961, 0.1
1331, 9425.0, 6, 7.0758258258258255, 0.1
1332, 9431.0, 6, 7.0750187546886725, 0.1
1333, 9437.0, 6, 7.074212893553224, 0.1
1334, 9444.0, 7, 7.074157303370787, 0.1
1335, 9451.0, 7, 7.074101796407185, 0.1
1336, 9458.0, 7, 7.074046372475692, 0.1
1337, 9466.0, 8, 7.074738415545591, 0.1
1338, 9473.0, 7, 7.0746825989544435, 0.1
1339, 9479.0, 6, 7.073880597014925, 0.1
1340, 9487.0, 8, 7.0745712155108125, 0.1
1341, 9494.0, 7, 7.07451564828614, 0.1
1342, 9500.0, 6, 7.073715562174237, 0.1
1343, 9500.0, 0, 7.068452380952381, 0.1
1344, 9508.0, 8, 7.06914498141264, 0.1
1345, 9510.0, 2, 7.065378900445765, 0.1
1346, 9518.0, 8, 7.066072754268745, 0.1
1347, 9526.0, 8, 7.066765578635015, 0.1
1348, 9533.0, 7, 7.066716085989622, 0.1
1349, 9541.0, 8, 7.067407407407408, 0.1
1350, 9548.0, 7, 7.067357512953368, 0.1
1351, 9556.0, 8, 7.068047337278107, 0.1
1352, 9563.0, 7, 7.0679970436068, 0.1
1353, 9571.0, 8, 7.068685376661743, 0.1
1354, 9577.0, 6, 7.06789667896679, 0.1
1355, 9584.0, 7, 7.067846607669616, 0.1
1356, 9592.0, 8, 7.068533529845247, 0.1
1357, 9598.0, 6, 7.067746686303387, 0.1
1358, 9605.0, 7, 7.067696835908756, 0.1
1359, 9612.0, 7, 7.067647058823529, 0.1
1360, 9619.0, 7, 7.0675973548861135, 0.1
1361, 9627.0, 8, 7.068281938325991, 0.1
1362, 9627.0, 0, 7.063096111518709, 0.1
1363, 9634.0, 7, 7.063049853372434, 0.1
1364, 9642.0, 8, 7.0637362637362635, 0.1
1365, 9649.0, 7, 7.063689604685212, 0.1
1366, 9656.0, 7, 7.063643013899049, 0.1
1367, 9662.0, 6, 7.062865497076023, 0.1
1368, 9670.0, 8, 7.06355003652301, 0.1
1369, 9678.0, 8, 7.064233576642335, 0.1
1370, 9684.0, 6, 7.063457330415755, 0.1
1371, 9688.0, 4, 7.061224489795919, 0.1
1372, 9695.0, 7, 7.061179898033504, 0.1
1373, 9699.0, 4, 7.058951965065503, 0.1
1374, 9707.0, 8, 7.059636363636364, 0.1
1375, 9715.0, 8, 7.06031976744186, 0.1
1376, 9722.0, 7, 7.060275962236746, 0.1
1377, 9730.0, 8, 7.060957910014514, 0.1
1378, 9738.0, 8, 7.061638868745468, 0.1
1379, 9746.0, 8, 7.06231884057971, 0.1
1380, 9753.0, 7, 7.062273714699493, 0.1
1381, 9761.0, 8, 7.062952243125904, 0.1
1382, 9768.0, 7, 7.06290672451193, 0.1
1383, 9775.0, 7, 7.062861271676301, 0.1
1384, 9782.0, 7, 7.062815884476534, 0.1
1385, 9790.0, 8, 7.063492063492063, 0.1
1386, 9795.0, 5, 7.062004325883201, 0.1
1387, 9802.0, 7, 7.061959654178675, 0.1
1388, 9809.0, 7, 7.061915046796257, 0.1
1389, 9815.0, 6, 7.061151079136691, 0.1
1390, 9821.0, 6, 7.06038820992092, 0.1
1391, 9829.0, 8, 7.061063218390805, 0.1
1392, 9836.0, 7, 7.061019382627423, 0.1
1393, 9844.0, 8, 7.061692969870875, 0.1
1394, 9847.0, 3, 7.058781362007169, 0.1
1395, 9855.0, 8, 7.05945558739255, 0.1
1396, 9863.0, 8, 7.0601288475304225, 0.1
1397, 9871.0, 8, 7.060801144492132, 0.1
1398, 9878.0, 7, 7.060757684060043, 0.1
1399, 9885.0, 7, 7.060714285714286, 0.1
1400, 9892.0, 7, 7.060670949321913, 0.1
1401, 9897.0, 5, 7.0592011412268185, 0.1
1402, 9904.0, 7, 7.0591589451176056, 0.1
1403, 9912.0, 8, 7.05982905982906, 0.1
1404, 9918.0, 6, 7.059074733096085, 0.1
1405, 9925.0, 7, 7.059032716927454, 0.1
1406, 9933.0, 8, 7.059701492537314, 0.1
1407, 9939.0, 6, 7.058948863636363, 0.1
1408, 9946.0, 7, 7.058907026259758, 0.1
1409, 9954.0, 8, 7.059574468085106, 0.1
1410, 9962.0, 8, 7.0602409638554215, 0.1
1411, 9970.0, 8, 7.0609065155807365, 0.1
1412, 9978.0, 8, 7.0615711252653925, 0.1
1413, 9985.0, 7, 7.061527581329561, 0.1
1414, 9992.0, 7, 7.061484098939929, 0.1
1415, 10000.0, 8, 7.062146892655368, 0.1
1416, 10007.0, 7, 7.062103034580098, 0.1
1417, 10013.0, 6, 7.061354019746121, 0.1
1418, 10020.0, 7, 7.061310782241015, 0.1
1419, 10028.0, 8, 7.061971830985915, 0.1
1420, 10035.0, 7, 7.061928219563687, 0.1
1421, 10041.0, 6, 7.061181434599156, 0.1
1422, 10049.0, 8, 7.061841180604357, 0.1
1423, 10057.0, 8, 7.0625, 0.1
1424, 10062.0, 5, 7.0610526315789475, 0.1
1425, 10070.0, 8, 7.061711079943899, 0.1
1426, 10078.0, 8, 7.062368605466013, 0.1
1427, 10086.0, 8, 7.063025210084033, 0.1
1428, 10093.0, 7, 7.0629811056683, 0.1
1429, 10100.0, 7, 7.062937062937063, 0.1
1430, 10107.0, 7, 7.062893081761007, 0.1
1431, 10114.0, 7, 7.062849162011173, 0.1
1432, 10122.0, 8, 7.063503140265178, 0.1
1433, 10130.0, 8, 7.06415620641562, 0.1
1434, 10138.0, 8, 7.064808362369338, 0.1
1435, 10146.0, 8, 7.0654596100278555, 0.1
1436, 10153.0, 7, 7.065414057063326, 0.1
1437, 10161.0, 8, 7.066063977746871, 0.1
1438, 10169.0, 8, 7.066712995135511, 0.1
1439, 10177.0, 8, 7.067361111111111, 0.1
1440, 10183.0, 6, 7.066620402498265, 0.1
1441, 10191.0, 8, 7.067267683772538, 0.1
1442, 10199.0, 8, 7.067914067914068, 0.1
1443, 10205.0, 6, 7.0671745152354575, 0.1
1444, 10211.0, 6, 7.06643598615917, 0.1
1445, 10218.0, 7, 7.066390041493776, 0.1
1446, 10218.0, 0, 7.061506565307533, 0.1
1447, 10226.0, 8, 7.0621546961325965, 0.1
1448, 10234.0, 8, 7.06280193236715, 0.1
1449, 10242.0, 8, 7.063448275862069, 0.1
1450, 10249.0, 7, 7.063404548587181, 0.1
1451, 10257.0, 8, 7.06404958677686, 0.1
1452, 10265.0, 8, 7.064693737095664, 0.1
1453, 10272.0, 7, 7.0646492434663, 0.1
1454, 10280.0, 8, 7.065292096219931, 0.1
1455, 10284.0, 4, 7.063186813186813, 0.1
1456, 10291.0, 7, 7.063143445435827, 0.1
1457, 10298.0, 7, 7.063100137174211, 0.1
1458, 10306.0, 8, 7.0637422892392046, 0.1
1459, 10309.0, 3, 7.060958904109589, 0.1
1460, 10316.0, 7, 7.060917180013689, 0.1
1461, 10324.0, 8, 7.06155950752394, 0.1
1462, 10331.0, 7, 7.061517429938482, 0.1
1463, 10339.0, 8, 7.062158469945355, 0.1
1464, 10346.0, 7, 7.062116040955631, 0.1
1465, 10353.0, 7, 7.062073669849932, 0.1
1466, 10361.0, 8, 7.062713019768235, 0.1
1467, 10369.0, 8, 7.063351498637602, 0.1
1468, 10376.0, 7, 7.0633083730428865, 0.1
1469, 10384.0, 8, 7.0639455782312925, 0.1
1470, 10391.0, 7, 7.063902107409925, 0.1
1471, 10398.0, 7, 7.063858695652174, 0.1
1472, 10406.0, 8, 7.06449422946368, 0.1
1473, 10413.0, 7, 7.064450474898236, 0.1
1474, 10420.0, 7, 7.064406779661017, 0.1
1475, 10426.0, 6, 7.063685636856369, 0.1
1476, 10432.0, 6, 7.062965470548409, 0.1
1477, 10439.0, 7, 7.062922868741542, 0.1
1478, 10446.0, 7, 7.0628803245436105, 0.1
1479, 10454.0, 8, 7.063513513513514, 0.1
1480, 10462.0, 8, 7.064145847400405, 0.1
1481, 10469.0, 7, 7.064102564102564, 0.1
1482, 10476.0, 7, 7.064059339177343, 0.1
1483, 10483.0, 7, 7.064016172506738, 0.1
1484, 10490.0, 7, 7.063973063973064, 0.1
1485, 10496.0, 6, 7.063257065948856, 0.1
1486, 10504.0, 8, 7.063887020847344, 0.1
1487, 10510.0, 6, 7.063172043010753, 0.1
1488, 10516.0, 6, 7.062458025520484, 0.1
1489, 10524.0, 8, 7.063087248322148, 0.1
1490, 10531.0, 7, 7.063044936284373, 0.1
1491, 10537.0, 6, 7.0623324396782845, 0.1
1492, 10539.0, 2, 7.0589417280643, 0.1
1493, 10543.0, 4, 7.056894243641231, 0.1
1494, 10550.0, 7, 7.05685618729097, 0.1
1495, 10558.0, 8, 7.057486631016043, 0.1
1496, 10565.0, 7, 7.057448229792919, 0.1
1497, 10570.0, 5, 7.05607476635514, 0.1
1498, 10578.0, 8, 7.056704469646431, 0.1
1499, 10579.0, 1, 7.052666666666667, 0.1
1500, 10587.0, 8, 7.05329780146569, 0.1
1501, 10587.0, 0, 7.048601864181092, 0.1
1502, 10594.0, 7, 7.048569527611444, 0.1
1503, 10594.0, 0, 7.0438829787234045, 0.1
1504, 10600.0, 6, 7.043189368770764, 0.1
1505, 10607.0, 7, 7.0431606905710495, 0.1
1506, 10615.0, 8, 7.043795620437956, 0.1
1507, 10622.0, 7, 7.043766578249337, 0.1
1508, 10630.0, 8, 7.044400265076209, 0.1
1509, 10638.0, 8, 7.045033112582781, 0.1
1510, 10645.0, 7, 7.045003309066844, 0.1
1511, 10653.0, 8, 7.045634920634921, 0.1
1512, 10661.0, 8, 7.046265697290152, 0.1
1513, 10669.0, 8, 7.046895640686922, 0.1
1514, 10677.0, 8, 7.047524752475248, 0.1
1515, 10685.0, 8, 7.048153034300792, 0.1
1516, 10693.0, 8, 7.048780487804878, 0.1
1517, 10700.0, 7, 7.048748353096179, 0.1
1518, 10707.0, 7, 7.0487162606978275, 0.1
1519, 10713.0, 6, 7.048026315789474, 0.1
1520, 10720.0, 7, 7.047994740302433, 0.1
1521, 10727.0, 7, 7.04796320630749, 0.1
1522, 10733.0, 6, 7.047275114904793, 0.1
1523, 10741.0, 8, 7.047900262467191, 0.1
1524, 10746.0, 5, 7.04655737704918, 0.1
1525, 10753.0, 7, 7.046526867627785, 0.1
1526, 10760.0, 7, 7.046496398166339, 0.1
1527, 10766.0, 6, 7.045811518324608, 0.1
1528, 10773.0, 7, 7.045781556572924, 0.1
1529, 10779.0, 6, 7.045098039215686, 0.1
1530, 10786.0, 7, 7.045068582625735, 0.1
1531, 10793.0, 7, 7.045039164490862, 0.1
1532, 10799.0, 6, 7.0443574690150035, 0.1
1533, 10805.0, 6, 7.04367666232073, 0.1
1534, 10812.0, 7, 7.0436482084690555, 0.1
1535, 10820.0, 8, 7.044270833333333, 0.1
1536, 10828.0, 8, 7.044892648015614, 0.1
1537, 10835.0, 7, 7.044863459037711, 0.1
1538, 10836.0, 1, 7.04093567251462, 0.1
1539, 10844.0, 8, 7.041558441558442, 0.1
1540, 10852.0, 8, 7.042180402336145, 0.1
1541, 10859.0, 7, 7.042153047989624, 0.1
1542, 10864.0, 5, 7.040829552819184, 0.1
1543, 10872.0, 8, 7.041450777202073, 0.1
1544, 10878.0, 6, 7.040776699029126, 0.1
1545, 10885.0, 7, 7.040750323415265, 0.1
1546, 10893.0, 8, 7.041370394311571, 0.1
1547, 10900.0, 7, 7.041343669250646, 0.1
1548, 10908.0, 8, 7.041962556488057, 0.1
1549, 10912.0, 4, 7.04, 0.1
1550, 10918.0, 6, 7.03932946486138, 0.1
1551, 10923.0, 5, 7.038015463917525, 0.1
1552, 10929.0, 6, 7.037347070186735, 0.1
1553, 10937.0, 8, 7.037966537966538, 0.1
1554, 10945.0, 8, 7.038585209003215, 0.1
1555, 10952.0, 7, 7.038560411311054, 0.1
1556, 10960.0, 8, 7.03917790622993, 0.1
1557, 10967.0, 7, 7.039152759948652, 0.1
1558, 10972.0, 5, 7.0378447722899296, 0.1
1559, 10975.0, 3, 7.035256410256411, 0.1
1560, 10982.0, 7, 7.035233824471493, 0.1
1561, 10988.0, 6, 7.034571062740077, 0.1
1562, 10992.0, 4, 7.032629558541267, 0.1
1563, 11000.0, 8, 7.033248081841432, 0.1
1564, 11008.0, 8, 7.033865814696486, 0.1
1565, 11014.0, 6, 7.033205619412516, 0.1
1566, 11021.0, 7, 7.033184428844927, 0.1
1567, 11029.0, 8, 7.033801020408164, 0.1
1568, 11035.0, 6, 7.033142128744423, 0.1
1569, 11043.0, 8, 7.033757961783439, 0.1
1570, 11050.0, 7, 7.033736473583705, 0.1
1571, 11058.0, 8, 7.034351145038168, 0.1
1572, 11064.0, 6, 7.0336935791481245, 0.1
1573, 11068.0, 4, 7.031766200762389, 0.1
1574, 11076.0, 8, 7.032380952380953, 0.1
1575, 11083.0, 7, 7.032360406091371, 0.1
1576, 11091.0, 8, 7.032974001268231, 0.1
1577, 11099.0, 8, 7.033586818757922, 0.1
1578, 11101.0, 2, 7.030398986700443, 0.1
1579, 11107.0, 6, 7.029746835443038, 0.1
1580, 11113.0, 6, 7.029095509171411, 0.1
1581, 11117.0, 4, 7.027180783817952, 0.1
1582, 11124.0, 7, 7.027163613392293, 0.1
1583, 11132.0, 8, 7.027777777777778, 0.1
1584, 11138.0, 6, 7.027129337539432, 0.1
1585, 11146.0, 8, 7.027742749054225, 0.1
1586, 11153.0, 7, 7.027725267800882, 0.1
1587, 11160.0, 7, 7.027707808564232, 0.1
1588, 11168.0, 8, 7.028319697923222, 0.1
1589, 11176.0, 8, 7.028930817610063, 0.1
1590, 11183.0, 7, 7.028912633563796, 0.1
1591, 11189.0, 6, 7.028266331658291, 0.1
1592, 11196.0, 7, 7.028248587570621, 0.1
1593, 11204.0, 8, 7.028858218318695, 0.1
1594, 11206.0, 2, 7.025705329153605, 0.1
1595, 11213.0, 7, 7.025689223057644, 0.1
1596, 11219.0, 6, 7.025046963055729, 0.1
1597, 11226.0, 7, 7.025031289111389, 0.1
1598, 11232.0, 6, 7.024390243902439, 0.1
1599, 11240.0, 8, 7.025, 0.1
1600, 11248.0, 8, 7.025608994378514, 0.1
1601, 11255.0, 7, 7.025593008739076, 0.1
1602, 11263.0, 8, 7.026200873362446, 0.1
1603, 11271.0, 8, 7.026807980049876, 0.1
1604, 11273.0, 2, 7.023676012461059, 0.1
1605, 11279.0, 6, 7.023038605230386, 0.1
1606, 11286.0, 7, 7.023024268823895, 0.1
1607, 11294.0, 8, 7.02363184079602, 0.1
1608, 11301.0, 7, 7.0236171535114975, 0.1
1609, 11302.0, 1, 7.019875776397516, 0.1
1610, 11310.0, 8, 7.02048417132216, 0.1
1611, 11318.0, 8, 7.021091811414392, 0.1
1612, 11325.0, 7, 7.021078735275884, 0.1
1613, 11333.0, 8, 7.021685254027261, 0.1
1614, 11340.0, 7, 7.021671826625387, 0.1
1615, 11348.0, 8, 7.022277227722772, 0.1
1616, 11356.0, 8, 7.0228818800247375, 0.1
1617, 11363.0, 7, 7.022867737948084, 0.1
1618, 11370.0, 7, 7.022853613341569, 0.1
1619, 11378.0, 8, 7.023456790123457, 0.1
1620, 11386.0, 8, 7.024059222702036, 0.1
1621, 11394.0, 8, 7.0246609124537605, 0.1
1622, 11401.0, 7, 7.024645717806531, 0.1
1623, 11409.0, 8, 7.025246305418719, 0.1
1624, 11416.0, 7, 7.025230769230769, 0.1
1625, 11423.0, 7, 7.025215252152521, 0.1
1626, 11430.0, 7, 7.02519975414874, 0.1
1627, 11436.0, 6, 7.024570024570025, 0.1
1628, 11444.0, 8, 7.025168815224064, 0.1
1629, 11451.0, 7, 7.0251533742331285, 0.1
1630, 11458.0, 7, 7.025137952176578, 0.1
1631, 11466.0, 8, 7.025735294117647, 0.1
1632, 11473.0, 7, 7.025719534598898, 0.1
1633, 11481.0, 8, 7.026315789473684, 0.1
1634, 11486.0, 5, 7.0250764525993885, 0.1
1635, 11494.0, 8, 7.025672371638142, 0.1
1636, 11502.0, 8, 7.026267562614539, 0.1
1637, 11509.0, 7, 7.026251526251526, 0.1
1638, 11513.0, 4, 7.024405125076266, 0.1
1639, 11521.0, 8, 7.025, 0.1
1640, 11527.0, 6, 7.024375380865326, 0.1
1641, 11529.0, 2, 7.021315468940316, 0.1
1642, 11536.0, 7, 7.0213024954351795, 0.1
1643, 11544.0, 8, 7.021897810218978, 0.1
1644, 11551.0, 7, 7.021884498480243, 0.1
1645, 11558.0, 7, 7.02187120291616, 0.1
1646, 11559.0, 1, 7.018214936247723, 0.1
1647, 11567.0, 8, 7.018810679611651, 0.1
1648, 11574.0, 7, 7.018799272286234, 0.1
1649, 11580.0, 6, 7.0181818181818185, 0.1
1650, 11587.0, 7, 7.01817080557238, 0.1
1651, 11595.0, 8, 7.018765133171913, 0.1
1652, 11602.0, 7, 7.018753781004235, 0.1
1653, 11609.0, 7, 7.018742442563482, 0.1
1654, 11617.0, 8, 7.019335347432024, 0.1
1655, 11625.0, 8, 7.019927536231884, 0.1
1656, 11633.0, 8, 7.020519010259505, 0.1
1657, 11640.0, 7, 7.020506634499397, 0.1
1658, 11648.0, 8, 7.0210970464135025, 0.1
1659, 11656.0, 8, 7.021686746987951, 0.1
1660, 11662.0, 6, 7.0210716435882, 0.1
1661, 11668.0, 6, 7.020457280385078, 0.1
1662, 11674.0, 6, 7.019843656043295, 0.1
1663, 11682.0, 8, 7.0204326923076925, 0.1
1664, 11689.0, 7, 7.020420420420421, 0.1
1665, 11697.0, 8, 7.0210084033613445, 0.1
1666, 11705.0, 8, 7.021595680863827, 0.1
1667, 11712.0, 7, 7.0215827338129495, 0.1
1668, 11719.0, 7, 7.0215698022768125, 0.1
1669, 11719.0, 0, 7.017365269461078, 0.1
1670, 11725.0, 6, 7.016756433273489, 0.1
1671, 11733.0, 8, 7.017344497607655, 0.1
1672, 11739.0, 6, 7.01673640167364, 0.1
1673, 11747.0, 8, 7.0173237753882916, 0.1
1674, 11754.0, 7, 7.017313432835821, 0.1
1675, 11759.0, 5, 7.016109785202864, 0.1
1676, 11767.0, 8, 7.016696481812761, 0.1
1677, 11774.0, 7, 7.01668653158522, 0.1
1678, 11782.0, 8, 7.017272185824896, 0.1
1679, 11789.0, 7, 7.017261904761905, 0.1
1680, 11795.0, 6, 7.016656751933373, 0.1
1681, 11803.0, 8, 7.017241379310345, 0.1
1682, 11810.0, 7, 7.017231134878194, 0.1
1683, 11817.0, 7, 7.017220902612826, 0.1
1684, 11818.0, 1, 7.013649851632048, 0.1
1685, 11825.0, 7, 7.013641755634638, 0.1
1686, 11832.0, 7, 7.013633669235329, 0.1
1687, 11839.0, 7, 7.013625592417061, 0.1
1688, 11847.0, 8, 7.014209591474245, 0.1
1689, 11854.0, 7, 7.014201183431953, 0.1
1690, 11861.0, 7, 7.014192785334122, 0.1
1691, 11868.0, 7, 7.01418439716312, 0.1
1692, 11870.0, 2, 7.011222681630242, 0.1
1693, 11878.0, 8, 7.011806375442739, 0.1
1694, 11886.0, 8, 7.012389380530974, 0.1
1695, 11894.0, 8, 7.0129716981132075, 0.1
1696, 11900.0, 6, 7.012374779021803, 0.1
1697, 11907.0, 7, 7.012367491166078, 0.1
1698, 11915.0, 8, 7.012948793407887, 0.1
1699, 11922.0, 7, 7.012941176470588, 0.1
1700, 11928.0, 6, 7.012345679012346, 0.1
1701, 11936.0, 8, 7.012925969447709, 0.1
1702, 11943.0, 7, 7.012918379330593, 0.1
1703, 11950.0, 7, 7.012910798122066, 0.1
1704, 11954.0, 4, 7.011143695014662, 0.1
1705, 11954.0, 0, 7.007033997655334, 0.1
1706, 11962.0, 8, 7.007615700058582, 0.1
1707, 11969.0, 7, 7.007611241217798, 0.1
1708, 11976.0, 7, 7.007606787595085, 0.1
1709, 11976.0, 0, 7.003508771929824, 0.1
1710, 11982.0, 6, 7.002922267679719, 0.1
1711, 11989.0, 7, 7.002920560747664, 0.1
1712, 11995.0, 6, 7.002335084646819, 0.1
1713, 12003.0, 8, 7.00291715285881, 0.1
1714, 12011.0, 8, 7.003498542274053, 0.1
1715, 12017.0, 6, 7.002913752913753, 0.1
1716, 12018.0, 1, 6.999417588817705, 0.1
1717, 12025.0, 7, 6.99941792782305, 0.1
1718, 12033.0, 8, 7.0, 0.1
1719, 12040.0, 7, 7.0, 0.1
1720, 12047.0, 7, 7.0, 0.1
1721, 12055.0, 8, 7.000580720092915, 0.1
1722, 12061.0, 6, 7.0, 0.1
1723, 12069.0, 8, 7.000580046403712, 0.1
1724, 12076.0, 7, 7.000579710144928, 0.1
1725, 12081.0, 5, 6.999420625724218, 0.1
1726, 12088.0, 7, 6.9994209612044, 0.1
1727, 12096.0, 8, 7.0, 0.1
1728, 12104.0, 8, 7.000578368999421, 0.1
1729, 12111.0, 7, 7.000578034682081, 0.1
1730, 12118.0, 7, 7.000577700751011, 0.1
1731, 12126.0, 8, 7.001154734411085, 0.1
1732, 12134.0, 8, 7.001731102135026, 0.1
1733, 12141.0, 7, 7.001730103806229, 0.1
1734, 12148.0, 7, 7.001729106628242, 0.1
1735, 12156.0, 8, 7.002304147465438, 0.1
1736, 12162.0, 6, 7.001727115716753, 0.1
1737, 12169.0, 7, 7.001726121979287, 0.1
1738, 12176.0, 7, 7.001725129384704, 0.1
1739, 12184.0, 8, 7.002298850574713, 0.1
1740, 12192.0, 8, 7.002871912693854, 0.1
1741, 12198.0, 6, 7.002296211251435, 0.1
1742, 12202.0, 4, 7.00057372346529, 0.1
1743, 12208.0, 6, 7.0, 0.1
1744, 12216.0, 8, 7.000573065902579, 0.1
1745, 12217.0, 1, 6.997136311569301, 0.1
1746, 12225.0, 8, 6.9977103606182025, 0.1
1747, 12233.0, 8, 6.998283752860412, 0.1
1748, 12241.0, 8, 6.998856489422527, 0.1
1749, 12247.0, 6, 6.998285714285714, 0.1
1750, 12255.0, 8, 6.998857795545403, 0.1
1751, 12262.0, 7, 6.998858447488584, 0.1
1752, 12269.0, 7, 6.998859098687963, 0.1
1753, 12277.0, 8, 6.999429874572406, 0.1
1754, 12278.0, 1, 6.996011396011396, 0.1
1755, 12285.0, 7, 6.996013667425968, 0.1
1756, 12291.0, 6, 6.995446784291405, 0.1
1757, 12298.0, 7, 6.995449374288965, 0.1
1758, 12305.0, 7, 6.995451961341671, 0.1
1759, 12311.0, 6, 6.994886363636364, 0.1
1760, 12319.0, 8, 6.995457126632595, 0.1
1761, 12327.0, 8, 6.996027241770715, 0.1
1762, 12331.0, 4, 6.994327850255247, 0.1
1763, 12339.0, 8, 6.994897959183674, 0.1
1764, 12345.0, 6, 6.994334277620396, 0.1
1765, 12353.0, 8, 6.994903737259343, 0.1
1766, 12361.0, 8, 6.995472552348613, 0.1
1767, 12368.0, 7, 6.995475113122172, 0.1
1768, 12375.0, 7, 6.9954776710005655, 0.1
1769, 12381.0, 6, 6.994915254237288, 0.1
1770, 12388.0, 7, 6.994918125352908, 0.1
1771, 12392.0, 4, 6.993227990970655, 0.1
1772, 12399.0, 7, 6.993231810490694, 0.1
1773, 12404.0, 5, 6.992108229988726, 0.1
1774, 12412.0, 8, 6.992676056338028, 0.1
1775, 12419.0, 7, 6.99268018018018, 0.1
1776, 12424.0, 5, 6.991558806978053, 0.1
1777, 12430.0, 6, 6.991001124859393, 0.1
1778, 12437.0, 7, 6.9910061832490165, 0.1
1779, 12445.0, 8, 6.991573033707865, 0.1
1780, 12453.0, 8, 6.9921392476137, 0.1
1781, 12461.0, 8, 6.9927048260381595, 0.1
1782, 12463.0, 2, 6.989904655075715, 0.1
1783, 12470.0, 7, 6.989910313901345, 0.1
1784, 12478.0, 8, 6.9904761904761905, 0.1
1785, 12486.0, 8, 6.99104143337066, 0.1
1786, 12493.0, 7, 6.991046446558478, 0.1
1787, 12501.0, 8, 6.991610738255034, 0.1
1788, 12507.0, 6, 6.991056456120738, 0.1
1789, 12515.0, 8, 6.9916201117318435, 0.1
1790, 12523.0, 8, 6.992183137911781, 0.1
1791, 12531.0, 8, 6.992745535714286, 0.1
1792, 12538.0, 7, 6.9927495817066365, 0.1
1793, 12545.0, 7, 6.992753623188406, 0.1
1794, 12551.0, 6, 6.992200557103064, 0.1
1795, 12558.0, 7, 6.992204899777283, 0.1
1796, 12565.0, 7, 6.992209237618253, 0.1
1797, 12572.0, 7, 6.992213570634038, 0.1
1798, 12580.0, 8, 6.992773763201779, 0.1
1799, 12588.0, 8, 6.993333333333333, 0.1
1800, 12596.0, 8, 6.993892282065519, 0.1
1801, 12604.0, 8, 6.994450610432852, 0.1
1802, 12611.0, 7, 6.994453688297282, 0.1
1803, 12619.0, 8, 6.995011086474501, 0.1
1804, 12624.0, 5, 6.993905817174515, 0.1
1805, 12631.0, 7, 6.99390919158361, 0.1
1806, 12638.0, 7, 6.993912562257886, 0.1
1807, 12646.0, 8, 6.994469026548672, 0.1
1808, 12653.0, 7, 6.994472084024323, 0.1
1809, 12660.0, 7, 6.994475138121547, 0.1
1810, 12668.0, 8, 6.995030369961348, 0.1
1811, 12676.0, 8, 6.995584988962473, 0.1
1812, 12679.0, 3, 6.993381136238279, 0.1
1813, 12686.0, 7, 6.993384785005513, 0.1
1814, 12689.0, 3, 6.991184573002755, 0.1
1815, 12694.0, 5, 6.990088105726873, 0.1
1816, 12702.0, 8, 6.990643918547056, 0.1
1817, 12709.0, 7, 6.99064906490649, 0.1
1818, 12717.0, 8, 6.991203958218802, 0.1
1819, 12725.0, 8, 6.991758241758242, 0.1
1820, 12732.0, 7, 6.99176276771005, 0.1
1821, 12740.0, 8, 6.992316136114161, 0.1
1822, 12746.0, 6, 6.991771804717499, 0.1
1823, 12754.0, 8, 6.9923245614035086, 0.1
1824, 12762.0, 8, 6.992876712328767, 0.1
1825, 12770.0, 8, 6.9934282584885, 0.1
1826, 12777.0, 7, 6.993431855500821, 0.1
1827, 12785.0, 8, 6.993982494529541, 0.1
1828, 12792.0, 7, 6.993985784581739, 0.1
1829, 12796.0, 4, 6.992349726775957, 0.1
1830, 12804.0, 8, 6.992900054614965, 0.1
1831, 12812.0, 8, 6.993449781659389, 0.1
1832, 12820.0, 8, 6.993998908892526, 0.1
1833, 12828.0, 8, 6.9945474372955285, 0.1
1834, 12834.0, 6, 6.99400544959128, 0.1
1835, 12841.0, 7, 6.99400871459695, 0.1
1836, 12849.0, 8, 6.994556341861731, 0.1
1837, 12856.0, 7, 6.99455930359086, 0.1
1838, 12863.0, 7, 6.994562262098967, 0.1
1839, 12868.0, 5, 6.993478260869566, 0.1
1840, 12876.0, 8, 6.994024986420424, 0.1
1841, 12884.0, 8, 6.99457111834962, 0.1
1842, 12891.0, 7, 6.994574064026044, 0.1
1843, 12899.0, 8, 6.995119305856833, 0.1
1844, 12907.0, 8, 6.995663956639566, 0.1
1845, 12908.0, 1, 6.992416034669556, 0.1
1846, 12914.0, 6, 6.991878722252301, 0.1
1847, 12922.0, 8, 6.992424242424242, 0.1
1848, 12930.0, 8, 6.992969172525689, 0.1
1849, 12938.0, 8, 6.993513513513514, 0.1
1850, 12945.0, 7, 6.993517017828201, 0.1
1851, 12953.0, 8, 6.994060475161987, 0.1
1852, 12960.0, 7, 6.994063680518079, 0.1
1853, 12963.0, 3, 6.991909385113269, 0.1
1854, 12963.0, 0, 6.988140161725068, 0.1
1855, 12970.0, 7, 6.988146551724138, 0.1
1856, 12978.0, 8, 6.988691437802908, 0.1
1857, 12986.0, 8, 6.989235737351992, 0.1
1858, 12991.0, 5, 6.988165680473373, 0.1
1859, 12998.0, 7, 6.988172043010753, 0.1
1860, 13004.0, 6, 6.987641053197206, 0.1
1861, 13011.0, 7, 6.987647690655209, 0.1
1862, 13018.0, 7, 6.987654320987654, 0.1
1863, 13025.0, 7, 6.9876609442060085, 0.1
1864, 13032.0, 7, 6.987667560321716, 0.1
1865, 13035.0, 3, 6.985530546623794, 0.1
1866, 13042.0, 7, 6.985538296732726, 0.1
1867, 13049.0, 7, 6.985546038543897, 0.1
1868, 13057.0, 8, 6.986088817549492, 0.1
1869, 13065.0, 8, 6.9866310160427805, 0.1
1870, 13073.0, 8, 6.98717263495457, 0.1
1871, 13079.0, 6, 6.986645299145299, 0.1
1872, 13087.0, 8, 6.9871863320875605, 0.1
1873, 13093.0, 6, 6.98665955176094, 0.1
1874, 13101.0, 8, 6.9872, 0.1
1875, 13109.0, 8, 6.98773987206823, 0.1
1876, 13115.0, 6, 6.9872136387852954, 0.1
1877, 13122.0, 7, 6.987220447284345, 0.1
1878, 13128.0, 6, 6.986695050558808, 0.1
1879, 13135.0, 7, 6.986702127659575, 0.1
1880, 13142.0, 7, 6.986709197235513, 0.1
1881, 13149.0, 7, 6.9867162592986185, 0.1
1882, 13157.0, 8, 6.987254381306426, 0.1
1883, 13164.0, 7, 6.987261146496815, 0.1
1884, 13172.0, 8, 6.9877984084880636, 0.1
1885, 13179.0, 7, 6.987804878048781, 0.1
1886, 13186.0, 7, 6.9878113407525175, 0.1
1887, 13193.0, 7, 6.9878177966101696, 0.1
1888, 13199.0, 6, 6.98729486500794, 0.1
1889, 13205.0, 6, 6.9867724867724865, 0.1
1890, 13213.0, 8, 6.987308302485458, 0.1
1891, 13220.0, 7, 6.987315010570825, 0.1
1892, 13227.0, 7, 6.9873217115689386, 0.1
1893, 13234.0, 7, 6.9873284054910245, 0.1
1894, 13241.0, 7, 6.987335092348285, 0.1
1895, 13248.0, 7, 6.987341772151899, 0.1
1896, 13256.0, 8, 6.987875593041645, 0.1
1897, 13264.0, 8, 6.98840885142255, 0.1
1898, 13272.0, 8, 6.988941548183254, 0.1
1899, 13279.0, 7, 6.988947368421052, 0.1
1900, 13287.0, 8, 6.989479221462388, 0.1
1901, 13295.0, 8, 6.990010515247108, 0.1
1902, 13303.0, 8, 6.990541250656857, 0.1
1903, 13311.0, 8, 6.991071428571429, 0.1
1904, 13318.0, 7, 6.991076115485565, 0.1
1905, 13326.0, 8, 6.991605456453305, 0.1
1906, 13334.0, 8, 6.9921342422653385, 0.1
1907, 13342.0, 8, 6.9926624737945495, 0.1
1908, 13345.0, 3, 6.990570979570456, 0.1
1909, 13352.0, 7, 6.990575916230367, 0.1
1910, 13359.0, 7, 6.990580847723705, 0.1
1911, 13364.0, 5, 6.989539748953975, 0.1
1912, 13372.0, 8, 6.990067956089911, 0.1
1913, 13379.0, 7, 6.990073145245559, 0.1
1914, 13386.0, 7, 6.990078328981723, 0.1
1915, 13394.0, 8, 6.990605427974947, 0.1
1916, 13401.0, 7, 6.990610328638498, 0.1
1917, 13408.0, 7, 6.990615224191867, 0.1
1918, 13416.0, 8, 6.991141219385097, 0.1
1919, 13424.0, 8, 6.991666666666666, 0.1
1920, 13430.0, 6, 6.991150442477876, 0.1
1921, 13438.0, 8, 6.991675338189386, 0.1
1922, 13445.0, 7, 6.991679667186688, 0.1
1923, 13453.0, 8, 6.992203742203742, 0.1
1924, 13460.0, 7, 6.992207792207792, 0.1
1925, 13467.0, 7, 6.992211838006231, 0.1
1926, 13472.0, 5, 6.991177996886352, 0.1
1927, 13479.0, 7, 6.9911825726141075, 0.1
1928, 13486.0, 7, 6.991187143597719, 0.1
1929, 13494.0, 8, 6.991709844559585, 0.1
1930, 13499.0, 5, 6.990678404971518, 0.1
1931, 13506.0, 7, 6.990683229813665, 0.1
1932, 13514.0, 8, 6.991205380237972, 0.1
1933, 13519.0, 5, 6.990175801447776, 0.1
1934, 13525.0, 6, 6.989664082687338, 0.1
1935, 13533.0, 8, 6.990185950413223, 0.1
1936, 13533.0, 0, 6.9865771812080535, 0.1
1937, 13541.0, 8, 6.987100103199174, 0.1
1938, 13549.0, 8, 6.987622485817432, 0.1
1939, 13556.0, 7, 6.9876288659793815, 0.1
1940, 13557.0, 1, 6.984544049459042, 0.1
1941, 13565.0, 8, 6.985066941297632, 0.1
1942, 13568.0, 3, 6.983015954709213, 0.1
1943, 13575.0, 7, 6.9830246913580245, 0.1
1944, 13577.0, 2, 6.980462724935733, 0.1
1945, 13585.0, 8, 6.980986639260021, 0.1
1946, 13592.0, 7, 6.980996404725218, 0.1
1947, 13599.0, 7, 6.981006160164271, 0.1
1948, 13607.0, 8, 6.981528989225244, 0.1
1949, 13615.0, 8, 6.982051282051282, 0.1
1950, 13623.0, 8, 6.98257303946694, 0.1
1951, 13630.0, 7, 6.982581967213115, 0.1
1952, 13638.0, 8, 6.983102918586789, 0.1
1953, 13644.0, 6, 6.982599795291709, 0.1
1954, 13652.0, 8, 6.983120204603581, 0.1
1955, 13659.0, 7, 6.983128834355829, 0.1
1956, 13665.0, 6, 6.982626469085335, 0.1
1957, 13673.0, 8, 6.98314606741573, 0.1
1958, 13681.0, 8, 6.983665135273099, 0.1
1959, 13688.0, 7, 6.983673469387755, 0.1
1960, 13696.0, 8, 6.98419173890872, 0.1
1961, 13703.0, 7, 6.9841997961264015, 0.1
1962, 13711.0, 8, 6.984717269485482, 0.1
1963, 13717.0, 6, 6.984215885947047, 0.1
1964, 13724.0, 7, 6.984223918575063, 0.1
1965, 13732.0, 8, 6.984740590030519, 0.1
1966, 13740.0, 8, 6.9852567361464155, 0.1
1967, 13746.0, 6, 6.984756097560975, 0.1
1968, 13752.0, 6, 6.984255967496191, 0.1
1969, 13760.0, 8, 6.9847715736040605, 0.1
1970, 13768.0, 8, 6.985286656519533, 0.1
1971, 13774.0, 6, 6.984787018255578, 0.1
1972, 13781.0, 7, 6.984794728839331, 0.1
1973, 13787.0, 6, 6.984295845997973, 0.1
1974, 13788.0, 1, 6.981265822784811, 0.1
1975, 13796.0, 8, 6.981781376518219, 0.1
1976, 13803.0, 7, 6.981790591805766, 0.1
1977, 13809.0, 6, 6.981294236602629, 0.1
1978, 13816.0, 7, 6.981303688731683, 0.1
1979, 13824.0, 8, 6.9818181818181815, 0.1
1980, 13831.0, 7, 6.981827359919233, 0.1
1981, 13838.0, 7, 6.981836528758829, 0.1
1982, 13846.0, 8, 6.982349974785678, 0.1
1983, 13854.0, 8, 6.982862903225806, 0.1
1984, 13861.0, 7, 6.98287153652393, 0.1
1985, 13868.0, 7, 6.982880161127896, 0.1
1986, 13876.0, 8, 6.983392048314041, 0.1
1987, 13881.0, 5, 6.982394366197183, 0.1
1988, 13886.0, 5, 6.98139768728004, 0.1
1989, 13893.0, 7, 6.981407035175879, 0.1
1990, 13901.0, 8, 6.981918633852335, 0.1
1991, 13908.0, 7, 6.981927710843373, 0.1
1992, 13916.0, 8, 6.982438534872053, 0.1
1993, 13923.0, 7, 6.982447342026078, 0.1
1994, 13928.0, 5, 6.981453634085213, 0.1
1995, 13936.0, 8, 6.981963927855712, 0.1
1996, 13943.0, 7, 6.981972959439159, 0.1
1997, 13946.0, 3, 6.97997997997998, 0.1
1998, 13953.0, 7, 6.979989994997498, 0.1
1999, 13959.0, 6, 6.9795, 0.1
