0, 8.0, 8, 8.0, 0.2
1, 16.0, 8, 8.0, 0.2
2, 24.0, 8, 8.0, 0.2
3, 32.0, 8, 8.0, 0.2
4, 40.0, 8, 8.0, 0.2
5, 48.0, 8, 8.0, 0.2
6, 56.0, 8, 8.0, 0.2
7, 64.0, 8, 8.0, 0.2
8, 72.0, 8, 8.0, 0.2
9, 80.0, 8, 8.0, 0.2
10, 88.0, 8, 8.0, 0.2
11, 96.0, 8, 8.0, 0.2
12, 104.0, 8, 8.0, 0.2
13, 112.0, 8, 8.0, 0.2
14, 120.0, 8, 8.0, 0.2
15, 128.0, 8, 8.0, 0.2
16, 136.0, 8, 8.0, 0.2
17, 144.0, 8, 8.0, 0.2
18, 152.0, 8, 8.0, 0.2
19, 160.0, 8, 8.0, 0.2
20, 168.0, 8, 8.0, 0.2
21, 176.0, 8, 8.0, 0.2
22, 184.0, 8, 8.0, 0.2
23, 192.0, 8, 8.0, 0.2
24, 200.0, 8, 8.0, 0.2
25, 208.0, 8, 8.0, 0.2
26, 216.0, 8, 8.0, 0.2
27, 224.0, 8, 8.0, 0.2
28, 232.0, 8, 8.0, 0.2
29, 240.0, 8, 8.0, 0.2
30, 248.0, 8, 8.0, 0.2
31, 256.0, 8, 8.0, 0.2
32, 264.0, 8, 8.0, 0.2
33, 272.0, 8, 8.0, 0.2
34, 280.0, 8, 8.0, 0.2
35, 288.0, 8, 8.0, 0.2
36, 296.0, 8, 8.0, 0.2
37, 304.0, 8, 8.0, 0.2
38, 312.0, 8, 8.0, 0.2
39, 320.0, 8, 8.0, 0.2
40, 328.0, 8, 8.0, 0.2
41, 336.0, 8, 8.0, 0.2
42, 344.0, 8, 8.0, 0.2
43, 352.0, 8, 8.0, 0.2
44, 360.0, 8, 8.0, 0.2
45, 368.0, 8, 8.0, 0.2
46, 376.0, 8, 8.0, 0.2
47, 384.0, 8, 8.0, 0.2
48, 392.0, 8, 8.0, 0.2
49, 400.0, 8, 8.0, 0.2
50, 408.0, 8, 8.0, 0.2
51, 416.0, 8, 8.0, 0.2
52, 424.0, 8, 8.0, 0.2
53, 432.0, 8, 8.0, 0.2
54, 440.0, 8, 8.0, 0.2
55, 448.0, 8, 8.0, 0.2
56, 456.0, 8, 8.0, 0.2
57, 464.0, 8, 8.0, 0.2
58, 472.0, 8, 8.0, 0.2
59, 480.0, 8, 8.0, 0.2
60, 488.0, 8, 8.0, 0.2
61, 496.0, 8, 8.0, 0.2
62, 504.0, 8, 8.0, 0.2
63, 512.0, 8, 8.0, 0.2
64, 520.0, 8, 8.0, 0.2
65, 528.0, 8, 8.0, 0.2
66, 536.0, 8, 8.0, 0.2
67, 544.0, 8, 8.0, 0.2
68, 552.0, 8, 8.0, 0.2
69, 560.0, 8, 8.0, 0.2
70, 568.0, 8, 8.0, 0.2
71, 576.0, 8, 8.0, 0.2
72, 584.0, 8, 8.0, 0.2
73, 592.0, 8, 8.0, 0.2
74, 600.0, 8, 8.0, 0.2
75, 608.0, 8, 8.0, 0.2
76, 616.0, 8, 8.0, 0.2
77, 624.0, 8, 8.0, 0.2
78, 632.0, 8, 8.0, 0.2
79, 640.0, 8, 8.0, 0.2
80, 648.0, 8, 8.0, 0.2
81, 656.0, 8, 8.0, 0.2
82, 664.0, 8, 8.0, 0.2
83, 672.0, 8, 8.0, 0.2
84, 680.0, 8, 8.0, 0.2
85, 688.0, 8, 8.0, 0.2
86, 696.0, 8, 8.0, 0.2
87, 704.0, 8, 8.0, 0.2
88, 712.0, 8, 8.0, 0.2
89, 720.0, 8, 8.0, 0.2
90, 728.0, 8, 8.0, 0.2
91, 736.0, 8, 8.0, 0.2
92, 744.0, 8, 8.0, 0.2
93, 752.0, 8, 8.0, 0.2
94, 760.0, 8, 8.0, 0.2
95, 768.0, 8, 8.0, 0.2
96, 776.0, 8, 8.0, 0.2
97, 784.0, 8, 8.0, 0.2
98, 792.0, 8, 8.0, 0.2
99, 800.0, 8, 8.0, 0.2
100, 808.0, 8, 8.0, 0.2
101, 816.0, 8, 8.0, 0.2
102, 824.0, 8, 8.0, 0.2
103, 832.0, 8, 8.0, 0.2
104, 840.0, 8, 8.0, 0.2
105, 848.0, 8, 8.0, 0.2
106, 856.0, 8, 8.0, 0.2
107, 864.0, 8, 8.0, 0.2
108, 872.0, 8, 8.0, 0.2
109, 880.0, 8, 8.0, 0.2
110, 888.0, 8, 8.0, 0.2
111, 896.0, 8, 8.0, 0.2
112, 904.0, 8, 8.0, 0.2
113, 912.0, 8, 8.0, 0.2
114, 917.0, 5, 7.973913043478261, 0.2
115, 924.0, 7, 7.9655172413793105, 0.2
116, 929.0, 5, 7.94017094017094, 0.2
117, 936.0, 7, 7.932203389830509, 0.2
118, 942.0, 6, 7.915966386554622, 0.2
119, 948.0, 6, 7.9, 0.2
120, 954.0, 6, 7.884297520661157, 0.2
121, 962.0, 8, 7.885245901639344, 0.2
122, 969.0, 7, 7.878048780487805, 0.2
123, 975.0, 6, 7.862903225806452, 0.2
124, 983.0, 8, 7.864, 0.2
125, 989.0, 6, 7.849206349206349, 0.2
126, 993.0, 4, 7.818897637795276, 0.2
127, 1001.0, 8, 7.8203125, 0.2
128, 1007.0, 6, 7.8062015503875966, 0.2
129, 1015.0, 8, 7.8076923076923075, 0.2
130, 1021.0, 6, 7.793893129770993, 0.2
131, 1025.0, 4, 7.765151515151516, 0.2
132, 1033.0, 8, 7.7669172932330826, 0.2
133, 1035.0, 2, 7.723880597014926, 0.2
134, 1042.0, 7, 7.718518518518518, 0.2
135, 1045.0, 3, 7.6838235294117645, 0.2
136, 1052.0, 7, 7.678832116788321, 0.2
137, 1057.0, 5, 7.659420289855072, 0.2
138, 1065.0, 8, 7.661870503597123, 0.2
139, 1072.0, 7, 7.6571428571428575, 0.2
140, 1079.0, 7, 7.652482269503546, 0.2
141, 1084.0, 5, 7.633802816901408, 0.2
142, 1092.0, 8, 7.636363636363637, 0.2
143, 1098.0, 6, 7.625, 0.2
144, 1103.0, 5, 7.606896551724138, 0.2
145, 1109.0, 6, 7.595890410958904, 0.2
146, 1115.0, 6, 7.585034013605442, 0.2
147, 1121.0, 6, 7.574324324324325, 0.2
148, 1127.0, 6, 7.563758389261745, 0.2
149, 1135.0, 8, 7.566666666666666, 0.2
150, 1140.0, 5, 7.549668874172186, 0.2
151, 1146.0, 6, 7.5394736842105265, 0.2
152, 1151.0, 5, 7.522875816993464, 0.2
153, 1157.0, 6, 7.512987012987013, 0.2
154, 1163.0, 6, 7.503225806451613, 0.2
155, 1170.0, 7, 7.5, 0.2
156, 1172.0, 2, 7.464968152866242, 0.2
157, 1177.0, 5, 7.449367088607595, 0.2
158, 1185.0, 8, 7.452830188679245, 0.2
159, 1192.0, 7, 7.45, 0.2
160, 1199.0, 7, 7.447204968944099, 0.2
161, 1206.0, 7, 7.444444444444445, 0.2
162, 1211.0, 5, 7.429447852760736, 0.2
163, 1218.0, 7, 7.426829268292683, 0.2
164, 1224.0, 6, 7.418181818181818, 0.2
165, 1227.0, 3, 7.391566265060241, 0.2
166, 1232.0, 5, 7.377245508982036, 0.2
167, 1240.0, 8, 7.380952380952381, 0.2
168, 1245.0, 5, 7.366863905325443, 0.2
169, 1253.0, 8, 7.370588235294117, 0.2
170, 1255.0, 2, 7.3391812865497075, 0.2
171, 1261.0, 6, 7.3313953488372094, 0.2
172, 1268.0, 7, 7.329479768786127, 0.2
173, 1274.0, 6, 7.32183908045977, 0.2
174, 1281.0, 7, 7.32, 0.2
175, 1282.0, 1, 7.284090909090909, 0.2
176, 1289.0, 7, 7.2824858757062145, 0.2
177, 1294.0, 5, 7.269662921348314, 0.2
178, 1296.0, 2, 7.240223463687151, 0.2
179, 1301.0, 5, 7.227777777777778, 0.2
180, 1301.0, 0, 7.1878453038674035, 0.2
181, 1309.0, 8, 7.1923076923076925, 0.2
182, 1316.0, 7, 7.191256830601093, 0.2
183, 1322.0, 6, 7.184782608695652, 0.2
184, 1329.0, 7, 7.183783783783784, 0.2
185, 1336.0, 7, 7.182795698924731, 0.2
186, 1339.0, 3, 7.160427807486631, 0.2
187, 1346.0, 7, 7.159574468085107, 0.2
188, 1352.0, 6, 7.1534391534391535, 0.2
189, 1359.0, 7, 7.152631578947369, 0.2
190, 1366.0, 7, 7.151832460732984, 0.2
191, 1371.0, 5, 7.140625, 0.2
192, 1377.0, 6, 7.134715025906735, 0.2
193, 1383.0, 6, 7.128865979381444, 0.2
194, 1391.0, 8, 7.133333333333334, 0.2
195, 1398.0, 7, 7.13265306122449, 0.2
196, 1404.0, 6, 7.126903553299492, 0.2
197, 1408.0, 4, 7.111111111111111, 0.2
198, 1415.0, 7, 7.110552763819095, 0.2
199, 1420.0, 5, 7.1, 0.2
200, 1426.0, 6, 7.0945273631840795, 0.2
201, 1426.0, 0, 7.0594059405940595, 0.2
202, 1433.0, 7, 7.059113300492611, 0.2
203, 1441.0, 8, 7.063725490196078, 0.2
204, 1447.0, 6, 7.058536585365854, 0.2
205, 1453.0, 6, 7.053398058252427, 0.2
206, 1460.0, 7, 7.053140096618358, 0.2
207, 1464.0, 4, 7.038461538461538, 0.2
208, 1470.0, 6, 7.033492822966507, 0.2
209, 1476.0, 6, 7.0285714285714285, 0.2
210, 1481.0, 5, 7.018957345971564, 0.2
211, 1488.0, 7, 7.018867924528302, 0.2
212, 1488.0, 0, 6.985915492957746, 0.2
213, 1494.0, 6, 6.981308411214953, 0.2
214, 1500.0, 6, 6.976744186046512, 0.2
215, 1505.0, 5, 6.967592592592593, 0.2
216, 1512.0, 7, 6.967741935483871, 0.2
217, 1516.0, 4, 6.954128440366972, 0.2
218, 1524.0, 8, 6.958904109589041, 0.2
219, 1524.0, 0, 6.927272727272728, 0.2
220, 1529.0, 5, 6.918552036199095, 0.2
221, 1536.0, 7, 6.918918918918919, 0.2
222, 1543.0, 7, 6.9192825112107625, 0.2
223, 1550.0, 7, 6.919642857142857, 0.2
224, 1554.0, 4, 6.906666666666666, 0.2
225, 1560.0, 6, 6.902654867256637, 0.2
226, 1567.0, 7, 6.903083700440528, 0.2
227, 1574.0, 7, 6.9035087719298245, 0.2
228, 1580.0, 6, 6.899563318777292, 0.2
229, 1588.0, 8, 6.904347826086957, 0.2
230, 1595.0, 7, 6.904761904761905, 0.2
231, 1603.0, 8, 6.9094827586206895, 0.2
232, 1608.0, 5, 6.901287553648069, 0.2
233, 1613.0, 5, 6.8931623931623935, 0.2
234, 1620.0, 7, 6.8936170212765955, 0.2
235, 1628.0, 8, 6.898305084745763, 0.2
236, 1635.0, 7, 6.89873417721519, 0.2
237, 1642.0, 7, 6.899159663865547, 0.2
238, 1649.0, 7, 6.899581589958159, 0.2
239, 1652.0, 3, 6.883333333333334, 0.2
240, 1659.0, 7, 6.8838174273858925, 0.2
241, 1666.0, 7, 6.884297520661157, 0.2
242, 1673.0, 7, 6.88477366255144, 0.2
243, 1674.0, 1, 6.860655737704918, 0.2
244, 1681.0, 7, 6.8612244897959185, 0.2
245, 1686.0, 5, 6.853658536585366, 0.2
246, 1686.0, 0, 6.825910931174089, 0.2
247, 1689.0, 3, 6.810483870967742, 0.2
248, 1697.0, 8, 6.815261044176707, 0.2
249, 1705.0, 8, 6.82, 0.2
250, 1711.0, 6, 6.816733067729084, 0.2
251, 1717.0, 6, 6.813492063492063, 0.2
252, 1722.0, 5, 6.8063241106719365, 0.2
253, 1730.0, 8, 6.811023622047244, 0.2
254, 1731.0, 1, 6.788235294117647, 0.2
255, 1737.0, 6, 6.78515625, 0.2
256, 1742.0, 5, 6.778210116731517, 0.2
257, 1748.0, 6, 6.775193798449612, 0.2
258, 1754.0, 6, 6.772200772200772, 0.2
259, 1761.0, 7, 6.773076923076923, 0.2
260, 1766.0, 5, 6.766283524904215, 0.2
261, 1773.0, 7, 6.767175572519084, 0.2
262, 1778.0, 5, 6.760456273764259, 0.2
263, 1779.0, 1, 6.738636363636363, 0.2
264, 1780.0, 1, 6.716981132075472, 0.2
265, 1784.0, 4, 6.706766917293233, 0.2
266, 1792.0, 8, 6.711610486891386, 0.2
267, 1794.0, 2, 6.6940298507462686, 0.2
268, 1794.0, 0, 6.669144981412639, 0.2
269, 1802.0, 8, 6.674074074074074, 0.2
270, 1810.0, 8, 6.678966789667896, 0.2
271, 1815.0, 5, 6.672794117647059, 0.2
272, 1821.0, 6, 6.670329670329671, 0.2
273, 1821.0, 0, 6.645985401459854, 0.2
274, 1828.0, 7, 6.647272727272727, 0.2
275, 1829.0, 1, 6.6268115942028984, 0.2
276, 1835.0, 6, 6.624548736462094, 0.2
277, 1842.0, 7, 6.625899280575539, 0.2
278, 1849.0, 7, 6.627240143369176, 0.2
279, 1856.0, 7, 6.628571428571429, 0.2
280, 1862.0, 6, 6.6263345195729535, 0.2
281, 1866.0, 4, 6.617021276595745, 0.2
282, 1871.0, 5, 6.6113074204946995, 0.2
283, 1873.0, 2, 6.595070422535211, 0.2
284, 1880.0, 7, 6.5964912280701755, 0.2
285, 1884.0, 4, 6.5874125874125875, 0.2
286, 1891.0, 7, 6.588850174216028, 0.2
287, 1896.0, 5, 6.583333333333333, 0.2
288, 1902.0, 6, 6.581314878892734, 0.2
289, 1909.0, 7, 6.582758620689655, 0.2
290, 1917.0, 8, 6.587628865979381, 0.2
291, 1924.0, 7, 6.589041095890411, 0.2
292, 1930.0, 6, 6.587030716723549, 0.2
293, 1930.0, 0, 6.5646258503401365, 0.2
294, 1930.0, 0, 6.5423728813559325, 0.2
295, 1938.0, 8, 6.547297297297297, 0.2
296, 1940.0, 2, 6.531986531986532, 0.2
297, 1947.0, 7, 6.533557046979865, 0.2
298, 1953.0, 6, 6.531772575250836, 0.2
299, 1961.0, 8, 6.536666666666667, 0.2
300, 1963.0, 2, 6.5215946843853825, 0.2
301, 1967.0, 4, 6.513245033112582, 0.2
302, 1974.0, 7, 6.514851485148514, 0.2
303, 1981.0, 7, 6.516447368421052, 0.2
304, 1989.0, 8, 6.521311475409836, 0.2
305, 1992.0, 3, 6.509803921568627, 0.2
306, 1998.0, 6, 6.50814332247557, 0.2
307, 2001.0, 3, 6.496753246753247, 0.2
308, 2008.0, 7, 6.498381877022654, 0.2
309, 2016.0, 8, 6.503225806451613, 0.2
310, 2022.0, 6, 6.501607717041801, 0.2
311, 2029.0, 7, 6.503205128205129, 0.2
312, 2034.0, 5, 6.498402555910543, 0.2
313, 2038.0, 4, 6.490445859872612, 0.2
314, 2045.0, 7, 6.492063492063492, 0.2
315, 2047.0, 2, 6.477848101265823, 0.2
316, 2054.0, 7, 6.479495268138801, 0.2
317, 2061.0, 7, 6.481132075471698, 0.2
318, 2067.0, 6, 6.47962382445141, 0.2
319, 2075.0, 8, 6.484375, 0.2
320, 2081.0, 6, 6.482866043613707, 0.2
321, 2088.0, 7, 6.484472049689441, 0.2
322, 2094.0, 6, 6.4829721362229105, 0.2
323, 2101.0, 7, 6.484567901234568, 0.2
324, 2108.0, 7, 6.486153846153846, 0.2
325, 2114.0, 6, 6.484662576687117, 0.2
326, 2118.0, 4, 6.477064220183486, 0.2
327, 2125.0, 7, 6.478658536585366, 0.2
328, 2133.0, 8, 6.4832826747720365, 0.2
329, 2139.0, 6, 6.4818181818181815, 0.2
330, 2145.0, 6, 6.480362537764351, 0.2
331, 2153.0, 8, 6.484939759036145, 0.2
332, 2161.0, 8, 6.48948948948949, 0.2
333, 2166.0, 5, 6.485029940119761, 0.2
334, 2173.0, 7, 6.486567164179104, 0.2
335, 2178.0, 5, 6.482142857142857, 0.2
336, 2183.0, 5, 6.4777448071216615, 0.2
337, 2190.0, 7, 6.479289940828402, 0.2
338, 2195.0, 5, 6.474926253687316, 0.2
339, 2202.0, 7, 6.476470588235294, 0.2
340, 2208.0, 6, 6.475073313782991, 0.2
341, 2216.0, 8, 6.47953216374269, 0.2
342, 2222.0, 6, 6.478134110787172, 0.2
343, 2230.0, 8, 6.482558139534884, 0.2
344, 2238.0, 8, 6.48695652173913, 0.2
345, 2244.0, 6, 6.485549132947977, 0.2
346, 2251.0, 7, 6.487031700288185, 0.2
347, 2255.0, 4, 6.4798850574712645, 0.2
348, 2263.0, 8, 6.484240687679083, 0.2
349, 2268.0, 5, 6.48, 0.2
350, 2275.0, 7, 6.481481481481482, 0.2
351, 2280.0, 5, 6.4772727272727275, 0.2
352, 2286.0, 6, 6.475920679886686, 0.2
353, 2291.0, 5, 6.471751412429379, 0.2
354, 2298.0, 7, 6.473239436619719, 0.2
355, 2305.0, 7, 6.474719101123595, 0.2
356, 2311.0, 6, 6.473389355742297, 0.2
357, 2318.0, 7, 6.4748603351955305, 0.2
358, 2325.0, 7, 6.476323119777159, 0.2
359, 2330.0, 5, 6.472222222222222, 0.2
360, 2338.0, 8, 6.476454293628809, 0.2
361, 2344.0, 6, 6.475138121546961, 0.2
362, 2352.0, 8, 6.479338842975206, 0.2
363, 2359.0, 7, 6.480769230769231, 0.2
364, 2364.0, 5, 6.476712328767123, 0.2
365, 2372.0, 8, 6.48087431693989, 0.2
366, 2376.0, 4, 6.474114441416893, 0.2
367, 2384.0, 8, 6.478260869565218, 0.2
368, 2390.0, 6, 6.476964769647696, 0.2
369, 2392.0, 2, 6.464864864864865, 0.2
370, 2399.0, 7, 6.466307277628032, 0.2
371, 2405.0, 6, 6.46505376344086, 0.2
372, 2411.0, 6, 6.463806970509383, 0.2
373, 2416.0, 5, 6.459893048128342, 0.2
374, 2423.0, 7, 6.461333333333333, 0.2
375, 2430.0, 7, 6.462765957446808, 0.2
376, 2433.0, 3, 6.453580901856764, 0.2
377, 2433.0, 0, 6.436507936507937, 0.2
378, 2439.0, 6, 6.435356200527704, 0.2
379, 2446.0, 7, 6.436842105263158, 0.2
380, 2453.0, 7, 6.438320209973753, 0.2
381, 2460.0, 7, 6.439790575916231, 0.2
382, 2462.0, 2, 6.4281984334203655, 0.2
383, 2469.0, 7, 6.4296875, 0.2
384, 2472.0, 3, 6.420779220779221, 0.2
385, 2479.0, 7, 6.422279792746114, 0.2
386, 2484.0, 5, 6.4186046511627906, 0.2
387, 2491.0, 7, 6.420103092783505, 0.2
388, 2498.0, 7, 6.42159383033419, 0.2
389, 2503.0, 5, 6.417948717948718, 0.2
390, 2510.0, 7, 6.419437340153452, 0.2
391, 2512.0, 2, 6.408163265306122, 0.2
392, 2519.0, 7, 6.409669211195928, 0.2
393, 2527.0, 8, 6.413705583756345, 0.2
394, 2532.0, 5, 6.410126582278481, 0.2
395, 2540.0, 8, 6.414141414141414, 0.2
396, 2547.0, 7, 6.415617128463476, 0.2
397, 2553.0, 6, 6.414572864321608, 0.2
398, 2559.0, 6, 6.413533834586466, 0.2
399, 2565.0, 6, 6.4125, 0.2
400, 2571.0, 6, 6.41147132169576, 0.2
401, 2579.0, 8, 6.41542288557214, 0.2
402, 2585.0, 6, 6.41439205955335, 0.2
403, 2590.0, 5, 6.410891089108911, 0.2
404, 2593.0, 3, 6.402469135802469, 0.2
405, 2598.0, 5, 6.399014778325123, 0.2
406, 2602.0, 4, 6.393120393120393, 0.2
407, 2605.0, 3, 6.384803921568627, 0.2
408, 2608.0, 3, 6.376528117359413, 0.2
409, 2613.0, 5, 6.373170731707317, 0.2
410, 2613.0, 0, 6.357664233576642, 0.2
411, 2619.0, 6, 6.356796116504855, 0.2
412, 2623.0, 4, 6.351089588377724, 0.2
413, 2630.0, 7, 6.352657004830918, 0.2
414, 2638.0, 8, 6.356626506024097, 0.2
415, 2639.0, 1, 6.34375, 0.2
416, 2645.0, 6, 6.342925659472422, 0.2
417, 2651.0, 6, 6.342105263157895, 0.2
418, 2652.0, 1, 6.329355608591886, 0.2
419, 2658.0, 6, 6.328571428571428, 0.2
420, 2665.0, 7, 6.330166270783848, 0.2
421, 2671.0, 6, 6.329383886255924, 0.2
422, 2675.0, 4, 6.32387706855792, 0.2
423, 2681.0, 6, 6.32311320754717, 0.2
424, 2688.0, 7, 6.324705882352941, 0.2
425, 2691.0, 3, 6.316901408450704, 0.2
426, 2699.0, 8, 6.320843091334894, 0.2
427, 2702.0, 3, 6.313084112149533, 0.2
428, 2708.0, 6, 6.312354312354312, 0.2
429, 2712.0, 4, 6.306976744186047, 0.2
430, 2718.0, 6, 6.306264501160093, 0.2
431, 2723.0, 5, 6.3032407407407405, 0.2
432, 2731.0, 8, 6.30715935334873, 0.2
433, 2735.0, 4, 6.3018433179723505, 0.2
434, 2737.0, 2, 6.291954022988506, 0.2
435, 2743.0, 6, 6.291284403669724, 0.2
436, 2747.0, 4, 6.28604118993135, 0.2
437, 2752.0, 5, 6.28310502283105, 0.2
438, 2757.0, 5, 6.280182232346242, 0.2
439, 2764.0, 7, 6.281818181818182, 0.2
440, 2770.0, 6, 6.2811791383219955, 0.2
441, 2776.0, 6, 6.280542986425339, 0.2
442, 2780.0, 4, 6.275395033860045, 0.2
443, 2786.0, 6, 6.274774774774775, 0.2
444, 2794.0, 8, 6.278651685393259, 0.2
445, 2799.0, 5, 6.2757847533632285, 0.2
446, 2803.0, 4, 6.27069351230425, 0.2
447, 2809.0, 6, 6.270089285714286, 0.2
448, 2816.0, 7, 6.271714922048997, 0.2
449, 2824.0, 8, 6.275555555555556, 0.2
450, 2826.0, 2, 6.266075388026607, 0.2
451, 2829.0, 3, 6.258849557522124, 0.2
452, 2833.0, 4, 6.253863134657837, 0.2
453, 2835.0, 2, 6.244493392070485, 0.2
454, 2842.0, 7, 6.246153846153846, 0.2
455, 2849.0, 7, 6.24780701754386, 0.2
456, 2855.0, 6, 6.2472647702407, 0.2
457, 2860.0, 5, 6.244541484716157, 0.2
458, 2866.0, 6, 6.24400871459695, 0.2
459, 2874.0, 8, 6.247826086956522, 0.2
460, 2881.0, 7, 6.249457700650759, 0.2
461, 2888.0, 7, 6.251082251082251, 0.2
462, 2891.0, 3, 6.244060475161987, 0.2
463, 2897.0, 6, 6.243534482758621, 0.2
464, 2902.0, 5, 6.240860215053764, 0.2
465, 2910.0, 8, 6.244635193133047, 0.2
466, 2916.0, 6, 6.244111349036403, 0.2
467, 2923.0, 7, 6.245726495726496, 0.2
468, 2925.0, 2, 6.2366737739872065, 0.2
469, 2926.0, 1, 6.225531914893617, 0.2
470, 2931.0, 5, 6.222929936305732, 0.2
471, 2933.0, 2, 6.213983050847458, 0.2
472, 2935.0, 2, 6.20507399577167, 0.2
473, 2940.0, 5, 6.2025316455696204, 0.2
474, 2948.0, 8, 6.206315789473684, 0.2
475, 2953.0, 5, 6.203781512605042, 0.2
476, 2960.0, 7, 6.20545073375262, 0.2
477, 2966.0, 6, 6.205020920502092, 0.2
478, 2974.0, 8, 6.208768267223382, 0.2
479, 2982.0, 8, 6.2125, 0.2
480, 2987.0, 5, 6.20997920997921, 0.2
481, 2992.0, 5, 6.20746887966805, 0.2
482, 2995.0, 3, 6.200828157349896, 0.2
483, 3002.0, 7, 6.202479338842975, 0.2
484, 3008.0, 6, 6.202061855670103, 0.2
485, 3015.0, 7, 6.203703703703703, 0.2
486, 3020.0, 5, 6.201232032854209, 0.2
487, 3028.0, 8, 6.204918032786885, 0.2
488, 3035.0, 7, 6.206543967280163, 0.2
489, 3042.0, 7, 6.208163265306123, 0.2
490, 3047.0, 5, 6.205702647657841, 0.2
491, 3052.0, 5, 6.203252032520325, 0.2
492, 3056.0, 4, 6.198782961460446, 0.2
493, 3057.0, 1, 6.1882591093117405, 0.2
494, 3062.0, 5, 6.185858585858586, 0.2
495, 3068.0, 6, 6.185483870967742, 0.2
496, 3074.0, 6, 6.185110663983903, 0.2
497, 3079.0, 5, 6.182730923694779, 0.2
498, 3082.0, 3, 6.176352705410822, 0.2
499, 3089.0, 7, 6.178, 0.2
500, 3097.0, 8, 6.181636726546906, 0.2
501, 3098.0, 1, 6.171314741035856, 0.2
502, 3104.0, 6, 6.170974155069582, 0.2
503, 3108.0, 4, 6.166666666666667, 0.2
504, 3114.0, 6, 6.1663366336633665, 0.2
505, 3119.0, 5, 6.164031620553359, 0.2
506, 3127.0, 8, 6.167652859960552, 0.2
507, 3132.0, 5, 6.165354330708661, 0.2
508, 3139.0, 7, 6.166994106090374, 0.2
509, 3140.0, 1, 6.1568627450980395, 0.2
510, 3146.0, 6, 6.156555772994129, 0.2
511, 3154.0, 8, 6.16015625, 0.2
512, 3162.0, 8, 6.16374269005848, 0.2
513, 3169.0, 7, 6.165369649805448, 0.2
514, 3174.0, 5, 6.163106796116505, 0.2
515, 3181.0, 7, 6.1647286821705425, 0.2
516, 3189.0, 8, 6.1682785299806575, 0.2
517, 3195.0, 6, 6.167953667953668, 0.2
518, 3203.0, 8, 6.171483622350674, 0.2
519, 3210.0, 7, 6.173076923076923, 0.2
520, 3214.0, 4, 6.1689059500959695, 0.2
521, 3214.0, 0, 6.157088122605364, 0.2
522, 3222.0, 8, 6.160611854684513, 0.2
523, 3225.0, 3, 6.154580152671755, 0.2
524, 3232.0, 7, 6.156190476190476, 0.2
525, 3238.0, 6, 6.155893536121673, 0.2
526, 3245.0, 7, 6.157495256166983, 0.2
527, 3251.0, 6, 6.15719696969697, 0.2
528, 3259.0, 8, 6.160680529300567, 0.2
529, 3267.0, 8, 6.164150943396226, 0.2
530, 3273.0, 6, 6.163841807909605, 0.2
531, 3280.0, 7, 6.165413533834586, 0.2
532, 3286.0, 6, 6.165103189493434, 0.2
533, 3294.0, 8, 6.168539325842697, 0.2
534, 3302.0, 8, 6.17196261682243, 0.2
535, 3309.0, 7, 6.173507462686567, 0.2
536, 3317.0, 8, 6.176908752327747, 0.2
537, 3322.0, 5, 6.174721189591078, 0.2
538, 3329.0, 7, 6.176252319109462, 0.2
539, 3336.0, 7, 6.177777777777778, 0.2
540, 3344.0, 8, 6.181146025878004, 0.2
541, 3344.0, 0, 6.169741697416974, 0.2
542, 3346.0, 2, 6.162062615101289, 0.2
543, 3352.0, 6, 6.161764705882353, 0.2
544, 3355.0, 3, 6.155963302752293, 0.2
545, 3361.0, 6, 6.155677655677656, 0.2
546, 3368.0, 7, 6.157221206581353, 0.2
547, 3373.0, 5, 6.155109489051095, 0.2
548, 3380.0, 7, 6.156648451730419, 0.2
549, 3386.0, 6, 6.156363636363636, 0.2
550, 3390.0, 4, 6.152450090744102, 0.2
551, 3397.0, 7, 6.153985507246377, 0.2
552, 3401.0, 4, 6.1500904159132, 0.2
553, 3406.0, 5, 6.148014440433213, 0.2
554, 3414.0, 8, 6.151351351351352, 0.2
555, 3421.0, 7, 6.152877697841727, 0.2
556, 3423.0, 2, 6.145421903052065, 0.2
557, 3430.0, 7, 6.146953405017921, 0.2
558, 3437.0, 7, 6.148479427549195, 0.2
559, 3440.0, 3, 6.142857142857143, 0.2
560, 3446.0, 6, 6.142602495543672, 0.2
561, 3452.0, 6, 6.142348754448399, 0.2
562, 3460.0, 8, 6.145648312611012, 0.2
563, 3468.0, 8, 6.148936170212766, 0.2
564, 3470.0, 2, 6.1415929203539825, 0.2
565, 3476.0, 6, 6.141342756183746, 0.2
566, 3482.0, 6, 6.141093474426808, 0.2
567, 3487.0, 5, 6.139084507042254, 0.2
568, 3491.0, 4, 6.135325131810193, 0.2
569, 3498.0, 7, 6.136842105263158, 0.2
570, 3505.0, 7, 6.138353765323993, 0.2
571, 3512.0, 7, 6.13986013986014, 0.2
572, 3517.0, 5, 6.137870855148342, 0.2
573, 3523.0, 6, 6.137630662020906, 0.2
574, 3523.0, 0, 6.126956521739131, 0.2
575, 3529.0, 6, 6.126736111111111, 0.2
576, 3534.0, 5, 6.124783362218371, 0.2
577, 3541.0, 7, 6.126297577854671, 0.2
578, 3545.0, 4, 6.122625215889465, 0.2
579, 3551.0, 6, 6.122413793103449, 0.2
580, 3559.0, 8, 6.125645438898451, 0.2
581, 3564.0, 5, 6.123711340206185, 0.2
582, 3572.0, 8, 6.126929674099485, 0.2
583, 3579.0, 7, 6.1284246575342465, 0.2
584, 3581.0, 2, 6.121367521367521, 0.2
585, 3588.0, 7, 6.122866894197952, 0.2
586, 3594.0, 6, 6.122657580919932, 0.2
587, 3600.0, 6, 6.122448979591836, 0.2
588, 3607.0, 7, 6.1239388794567065, 0.2
589, 3611.0, 4, 6.120338983050847, 0.2
590, 3617.0, 6, 6.120135363790186, 0.2
591, 3621.0, 4, 6.116554054054054, 0.2
592, 3628.0, 7, 6.118043844856661, 0.2
593, 3634.0, 6, 6.117845117845118, 0.2
594, 3639.0, 5, 6.115966386554621, 0.2
595, 3646.0, 7, 6.117449664429531, 0.2
596, 3653.0, 7, 6.11892797319933, 0.2
597, 3661.0, 8, 6.122073578595318, 0.2
598, 3667.0, 6, 6.121869782971619, 0.2
599, 3672.0, 5, 6.12, 0.2
600, 3679.0, 7, 6.121464226289517, 0.2
601, 3686.0, 7, 6.122923588039867, 0.2
602, 3694.0, 8, 6.126036484245439, 0.2
603, 3700.0, 6, 6.125827814569536, 0.2
604, 3707.0, 7, 6.127272727272727, 0.2
605, 3712.0, 5, 6.125412541254126, 0.2
606, 3720.0, 8, 6.128500823723229, 0.2
607, 3726.0, 6, 6.128289473684211, 0.2
608, 3730.0, 4, 6.124794745484401, 0.2
609, 3735.0, 5, 6.122950819672131, 0.2
610, 3743.0, 8, 6.126022913256956, 0.2
611, 3750.0, 7, 6.127450980392157, 0.2
612, 3756.0, 6, 6.127243066884176, 0.2
613, 3764.0, 8, 6.130293159609121, 0.2
614, 3772.0, 8, 6.133333333333334, 0.2
615, 3779.0, 7, 6.134740259740259, 0.2
616, 3786.0, 7, 6.136142625607779, 0.2
617, 3793.0, 7, 6.1375404530744335, 0.2
618, 3799.0, 6, 6.1373182552504035, 0.2
619, 3806.0, 7, 6.138709677419355, 0.2
620, 3812.0, 6, 6.138486312399356, 0.2
621, 3816.0, 4, 6.135048231511254, 0.2
622, 3821.0, 5, 6.13322632423756, 0.2
623, 3828.0, 7, 6.134615384615385, 0.2
624, 3835.0, 7, 6.136, 0.2
625, 3841.0, 6, 6.135782747603834, 0.2
626, 3848.0, 7, 6.137161084529506, 0.2
627, 3855.0, 7, 6.138535031847134, 0.2
628, 3856.0, 1, 6.130365659777424, 0.2
629, 3863.0, 7, 6.131746031746032, 0.2
630, 3870.0, 7, 6.133122028526149, 0.2
631, 3876.0, 6, 6.132911392405063, 0.2
632, 3883.0, 7, 6.134281200631912, 0.2
633, 3890.0, 7, 6.135646687697161, 0.2
634, 3895.0, 5, 6.133858267716535, 0.2
635, 3901.0, 6, 6.133647798742138, 0.2
636, 3907.0, 6, 6.133437990580847, 0.2
637, 3915.0, 8, 6.136363636363637, 0.2
638, 3918.0, 3, 6.131455399061033, 0.2
639, 3924.0, 6, 6.13125, 0.2
640, 3924.0, 0, 6.121684867394696, 0.2
641, 3928.0, 4, 6.118380062305296, 0.2
642, 3935.0, 7, 6.119751166407465, 0.2
643, 3940.0, 5, 6.118012422360248, 0.2
644, 3948.0, 8, 6.120930232558139, 0.2
645, 3955.0, 7, 6.122291021671827, 0.2
646, 3962.0, 7, 6.123647604327666, 0.2
647, 3969.0, 7, 6.125, 0.2
648, 3976.0, 7, 6.126348228043144, 0.2
649, 3982.0, 6, 6.126153846153846, 0.2
650, 3988.0, 6, 6.125960061443933, 0.2
651, 3995.0, 7, 6.127300613496932, 0.2
652, 4001.0, 6, 6.1271056661562024, 0.2
653, 4008.0, 7, 6.128440366972477, 0.2
654, 4016.0, 8, 6.131297709923664, 0.2
655, 4023.0, 7, 6.132621951219512, 0.2
656, 4027.0, 4, 6.12937595129376, 0.2
657, 4033.0, 6, 6.12917933130699, 0.2
658, 4036.0, 3, 6.1244309559939305, 0.2
659, 4041.0, 5, 6.122727272727273, 0.2
660, 4049.0, 8, 6.125567322239032, 0.2
661, 4054.0, 5, 6.123867069486405, 0.2
662, 4061.0, 7, 6.125188536953243, 0.2
663, 4067.0, 6, 6.125, 0.2
664, 4073.0, 6, 6.124812030075188, 0.2
665, 4079.0, 6, 6.124624624624625, 0.2
666, 4087.0, 8, 6.127436281859071, 0.2
667, 4094.0, 7, 6.12874251497006, 0.2
668, 4098.0, 4, 6.125560538116592, 0.2
669, 4104.0, 6, 6.125373134328358, 0.2
670, 4112.0, 8, 6.128166915052161, 0.2
671, 4119.0, 7, 6.129464285714286, 0.2
672, 4126.0, 7, 6.130757800891531, 0.2
673, 4131.0, 5, 6.129080118694362, 0.2
674, 4138.0, 7, 6.13037037037037, 0.2
675, 4144.0, 6, 6.1301775147929, 0.2
676, 4148.0, 4, 6.127031019202363, 0.2
677, 4155.0, 7, 6.128318584070796, 0.2
678, 4162.0, 7, 6.1296023564064805, 0.2
679, 4170.0, 8, 6.132352941176471, 0.2
680, 4175.0, 5, 6.130690161527166, 0.2
681, 4175.0, 0, 6.121700879765396, 0.2
682, 4180.0, 5, 6.120058565153734, 0.2
683, 4188.0, 8, 6.12280701754386, 0.2
684, 4193.0, 5, 6.121167883211679, 0.2
685, 4196.0, 3, 6.11661807580175, 0.2
686, 4204.0, 8, 6.119359534206696, 0.2
687, 4211.0, 7, 6.120639534883721, 0.2
688, 4217.0, 6, 6.120464441219158, 0.2
689, 4224.0, 7, 6.121739130434783, 0.2
690, 4230.0, 6, 6.121562952243126, 0.2
691, 4235.0, 5, 6.119942196531792, 0.2
692, 4241.0, 6, 6.11976911976912, 0.2
693, 4247.0, 6, 6.119596541786744, 0.2
694, 4254.0, 7, 6.120863309352518, 0.2
695, 4260.0, 6, 6.120689655172414, 0.2
696, 4268.0, 8, 6.12338593974175, 0.2
697, 4276.0, 8, 6.126074498567335, 0.2
698, 4282.0, 6, 6.125894134477825, 0.2
699, 4289.0, 7, 6.127142857142857, 0.2
700, 4297.0, 8, 6.12981455064194, 0.2
701, 4304.0, 7, 6.131054131054131, 0.2
702, 4308.0, 4, 6.128022759601707, 0.2
703, 4315.0, 7, 6.129261363636363, 0.2
704, 4322.0, 7, 6.130496453900709, 0.2
705, 4328.0, 6, 6.1303116147308785, 0.2
706, 4333.0, 5, 6.128712871287129, 0.2
707, 4335.0, 2, 6.122881355932203, 0.2
708, 4337.0, 2, 6.117066290550071, 0.2
709, 4344.0, 7, 6.118309859154929, 0.2
710, 4351.0, 7, 6.119549929676512, 0.2
711, 4356.0, 5, 6.117977528089888, 0.2
712, 4362.0, 6, 6.11781206171108, 0.2
713, 4368.0, 6, 6.117647058823529, 0.2
714, 4372.0, 4, 6.114685314685315, 0.2
715, 4377.0, 5, 6.113128491620111, 0.2
716, 4383.0, 6, 6.112970711297071, 0.2
717, 4388.0, 5, 6.111420612813371, 0.2
718, 4393.0, 5, 6.109874826147427, 0.2
719, 4399.0, 6, 6.1097222222222225, 0.2
720, 4406.0, 7, 6.110957004160888, 0.2
721, 4413.0, 7, 6.11218836565097, 0.2
722, 4415.0, 2, 6.106500691562932, 0.2
723, 4422.0, 7, 6.107734806629834, 0.2
724, 4429.0, 7, 6.108965517241379, 0.2
725, 4436.0, 7, 6.110192837465565, 0.2
726, 4442.0, 6, 6.110041265474553, 0.2
727, 4449.0, 7, 6.111263736263736, 0.2
728, 4455.0, 6, 6.111111111111111, 0.2
729, 4461.0, 6, 6.110958904109589, 0.2
730, 4467.0, 6, 6.110807113543092, 0.2
731, 4469.0, 2, 6.105191256830601, 0.2
732, 4475.0, 6, 6.105047748976808, 0.2
733, 4482.0, 7, 6.106267029972752, 0.2
734, 4490.0, 8, 6.108843537414966, 0.2
735, 4490.0, 0, 6.100543478260869, 0.2
736, 4496.0, 6, 6.100407055630936, 0.2
737, 4502.0, 6, 6.100271002710027, 0.2
738, 4504.0, 2, 6.094722598105548, 0.2
739, 4510.0, 6, 6.094594594594595, 0.2
740, 4516.0, 6, 6.0944669365722, 0.2
741, 4516.0, 0, 6.086253369272237, 0.2
742, 4523.0, 7, 6.087483176312247, 0.2
743, 4531.0, 8, 6.09005376344086, 0.2
744, 4532.0, 1, 6.083221476510067, 0.2
745, 4533.0, 1, 6.076407506702413, 0.2
746, 4540.0, 7, 6.07764390896921, 0.2
747, 4545.0, 5, 6.07620320855615, 0.2
748, 4552.0, 7, 6.077436582109479, 0.2
749, 4558.0, 6, 6.077333333333334, 0.2
750, 4566.0, 8, 6.079893475366179, 0.2
751, 4571.0, 5, 6.07845744680851, 0.2
752, 4571.0, 0, 6.0703851261620185, 0.2
753, 4576.0, 5, 6.068965517241379, 0.2
754, 4582.0, 6, 6.0688741721854305, 0.2
755, 4589.0, 7, 6.0701058201058204, 0.2
756, 4597.0, 8, 6.072655217965654, 0.2
757, 4600.0, 3, 6.068601583113456, 0.2
758, 4606.0, 6, 6.0685111989459815, 0.2
759, 4607.0, 1, 6.061842105263158, 0.2
760, 4611.0, 4, 6.059132720105125, 0.2
761, 4617.0, 6, 6.059055118110236, 0.2
762, 4624.0, 7, 6.0602883355176935, 0.2
763, 4629.0, 5, 6.05890052356021, 0.2
764, 4631.0, 2, 6.05359477124183, 0.2
765, 4639.0, 8, 6.056135770234987, 0.2
766, 4646.0, 7, 6.057366362451108, 0.2
767, 4651.0, 5, 6.055989583333333, 0.2
768, 4657.0, 6, 6.05591677503251, 0.2
769, 4662.0, 5, 6.054545454545455, 0.2
770, 4669.0, 7, 6.055771725032425, 0.2
771, 4670.0, 1, 6.049222797927461, 0.2
772, 4670.0, 0, 6.041397153945666, 0.2
773, 4676.0, 6, 6.041343669250646, 0.2
774, 4680.0, 4, 6.038709677419355, 0.2
775, 4687.0, 7, 6.039948453608248, 0.2
776, 4694.0, 7, 6.041184041184041, 0.2
777, 4700.0, 6, 6.041131105398458, 0.2
778, 4701.0, 1, 6.034659820282413, 0.2
779, 4701.0, 0, 6.026923076923077, 0.2
780, 4705.0, 4, 6.024327784891165, 0.2
781, 4711.0, 6, 6.024296675191816, 0.2
782, 4711.0, 0, 6.016602809706258, 0.2
783, 4718.0, 7, 6.017857142857143, 0.2
784, 4724.0, 6, 6.017834394904459, 0.2
785, 4730.0, 6, 6.017811704834606, 0.2
786, 4735.0, 5, 6.016518424396442, 0.2
787, 4741.0, 6, 6.016497461928934, 0.2
788, 4746.0, 5, 6.015209125475285, 0.2
789, 4753.0, 7, 6.016455696202532, 0.2
790, 4758.0, 5, 6.015170670037927, 0.2
791, 4765.0, 7, 6.016414141414141, 0.2
792, 4772.0, 7, 6.01765447667087, 0.2
793, 4779.0, 7, 6.0188916876574305, 0.2
794, 4787.0, 8, 6.021383647798742, 0.2
795, 4794.0, 7, 6.022613065326633, 0.2
796, 4802.0, 8, 6.025094102885822, 0.2
797, 4809.0, 7, 6.026315789473684, 0.2
798, 4816.0, 7, 6.027534418022528, 0.2
799, 4821.0, 5, 6.02625, 0.2
800, 4829.0, 8, 6.028714107365793, 0.2
801, 4836.0, 7, 6.029925187032419, 0.2
802, 4841.0, 5, 6.028642590286426, 0.2
803, 4845.0, 4, 6.026119402985074, 0.2
804, 4851.0, 6, 6.026086956521739, 0.2
805, 4857.0, 6, 6.02605459057072, 0.2
806, 4865.0, 8, 6.028500619578686, 0.2
807, 4871.0, 6, 6.028465346534653, 0.2
808, 4877.0, 6, 6.028430160692213, 0.2
809, 4885.0, 8, 6.030864197530864, 0.2
810, 4891.0, 6, 6.030826140567201, 0.2
811, 4898.0, 7, 6.032019704433497, 0.2
812, 4901.0, 3, 6.028290282902829, 0.2
813, 4908.0, 7, 6.0294840294840295, 0.2
814, 4914.0, 6, 6.029447852760736, 0.2
815, 4921.0, 7, 6.0306372549019605, 0.2
816, 4928.0, 7, 6.031823745410037, 0.2
817, 4933.0, 5, 6.030562347188264, 0.2
818, 4941.0, 8, 6.032967032967033, 0.2
819, 4947.0, 6, 6.032926829268293, 0.2
820, 4954.0, 7, 6.034104750304507, 0.2
821, 4961.0, 7, 6.035279805352798, 0.2
822, 4966.0, 5, 6.034021871202916, 0.2
823, 4971.0, 5, 6.032766990291262, 0.2
824, 4979.0, 8, 6.035151515151515, 0.2
825, 4984.0, 5, 6.033898305084746, 0.2
826, 4986.0, 2, 6.029020556227327, 0.2
827, 4989.0, 3, 6.02536231884058, 0.2
828, 4996.0, 7, 6.026537997587455, 0.2
829, 5001.0, 5, 6.025301204819277, 0.2
830, 5008.0, 7, 6.02647412755716, 0.2
831, 5014.0, 6, 6.0264423076923075, 0.2
832, 5022.0, 8, 6.028811524609844, 0.2
833, 5022.0, 0, 6.0215827338129495, 0.2
834, 5027.0, 5, 6.020359281437126, 0.2
835, 5028.0, 1, 6.014354066985646, 0.2
836, 5035.0, 7, 6.015531660692951, 0.2
837, 5041.0, 6, 6.015513126491647, 0.2
838, 5043.0, 2, 6.01072705601907, 0.2
839, 5048.0, 5, 6.0095238095238095, 0.2
840, 5056.0, 8, 6.011890606420928, 0.2
841, 5063.0, 7, 6.013064133016627, 0.2
842, 5065.0, 2, 6.008303677342823, 0.2
843, 5071.0, 6, 6.008293838862559, 0.2
844, 5073.0, 2, 6.0035502958579885, 0.2
845, 5074.0, 1, 5.997635933806147, 0.2
846, 5081.0, 7, 5.998819362455726, 0.2
847, 5088.0, 7, 6.0, 0.2
848, 5088.0, 0, 5.992932862190813, 0.2
849, 5094.0, 6, 5.992941176470588, 0.2
850, 5099.0, 5, 5.991774383078731, 0.2
851, 5104.0, 5, 5.990610328638498, 0.2
852, 5104.0, 0, 5.98358733880422, 0.2
853, 5112.0, 8, 5.985948477751757, 0.2
854, 5120.0, 8, 5.988304093567251, 0.2
855, 5127.0, 7, 5.989485981308412, 0.2
856, 5133.0, 6, 5.9894982497082845, 0.2
857, 5139.0, 6, 5.989510489510489, 0.2
858, 5141.0, 2, 5.984866123399302, 0.2
859, 5147.0, 6, 5.984883720930233, 0.2
860, 5154.0, 7, 5.986062717770035, 0.2
861, 5162.0, 8, 5.9883990719257545, 0.2
862, 5170.0, 8, 5.990730011587486, 0.2
863, 5175.0, 5, 5.989583333333333, 0.2
864, 5177.0, 2, 5.984971098265896, 0.2
865, 5179.0, 2, 5.980369515011548, 0.2
866, 5185.0, 6, 5.980392156862745, 0.2
867, 5191.0, 6, 5.9804147465437785, 0.2
868, 5191.0, 0, 5.973532796317606, 0.2
869, 5192.0, 1, 5.967816091954023, 0.2
870, 5197.0, 5, 5.966704936854191, 0.2
871, 5203.0, 6, 5.966743119266055, 0.2
872, 5206.0, 3, 5.963344788087056, 0.2
873, 5211.0, 5, 5.962242562929061, 0.2
874, 5214.0, 3, 5.958857142857143, 0.2
875, 5215.0, 1, 5.953196347031963, 0.2
876, 5221.0, 6, 5.953249714937286, 0.2
877, 5227.0, 6, 5.953302961275626, 0.2
878, 5230.0, 3, 5.949943117178612, 0.2
879, 5235.0, 5, 5.948863636363637, 0.2
880, 5243.0, 8, 5.951191827468786, 0.2
881, 5250.0, 7, 5.9523809523809526, 0.2
882, 5250.0, 0, 5.94563986409966, 0.2
883, 5258.0, 8, 5.947963800904978, 0.2
884, 5264.0, 6, 5.948022598870057, 0.2
885, 5270.0, 6, 5.948081264108352, 0.2
886, 5277.0, 7, 5.949267192784667, 0.2
887, 5285.0, 8, 5.951576576576577, 0.2
888, 5288.0, 3, 5.9482564679415075, 0.2
889, 5290.0, 2, 5.943820224719101, 0.2
890, 5295.0, 5, 5.942760942760943, 0.2
891, 5301.0, 6, 5.942825112107624, 0.2
892, 5301.0, 0, 5.9361702127659575, 0.2
893, 5308.0, 7, 5.937360178970917, 0.2
894, 5315.0, 7, 5.93854748603352, 0.2
895, 5323.0, 8, 5.940848214285714, 0.2
896, 5326.0, 3, 5.937569676700112, 0.2
897, 5331.0, 5, 5.936525612472161, 0.2
898, 5336.0, 5, 5.935483870967742, 0.2
899, 5341.0, 5, 5.934444444444445, 0.2
900, 5349.0, 8, 5.936736958934517, 0.2
901, 5357.0, 8, 5.939024390243903, 0.2
902, 5365.0, 8, 5.941306755260244, 0.2
903, 5370.0, 5, 5.9402654867256635, 0.2
904, 5376.0, 6, 5.9403314917127075, 0.2
905, 5377.0, 1, 5.934878587196468, 0.2
906, 5378.0, 1, 5.929437706725468, 0.2
907, 5384.0, 6, 5.929515418502203, 0.2
908, 5385.0, 1, 5.924092409240924, 0.2
909, 5391.0, 6, 5.9241758241758244, 0.2
910, 5397.0, 6, 5.924259055982437, 0.2
911, 5405.0, 8, 5.926535087719298, 0.2
912, 5409.0, 4, 5.924424972617744, 0.2
913, 5415.0, 6, 5.924507658643326, 0.2
914, 5419.0, 4, 5.922404371584699, 0.2
915, 5423.0, 4, 5.920305676855895, 0.2
916, 5430.0, 7, 5.921483097055616, 0.2
917, 5437.0, 7, 5.9226579520697165, 0.2
918, 5444.0, 7, 5.923830250272035, 0.2
919, 5446.0, 2, 5.9195652173913045, 0.2
920, 5450.0, 4, 5.917480998914224, 0.2
921, 5456.0, 6, 5.917570498915401, 0.2
922, 5457.0, 1, 5.912242686890575, 0.2
923, 5462.0, 5, 5.911255411255412, 0.2
924, 5466.0, 4, 5.909189189189189, 0.2
925, 5468.0, 2, 5.9049676025917925, 0.2
926, 5474.0, 6, 5.905070118662351, 0.2
927, 5482.0, 8, 5.907327586206897, 0.2
928, 5489.0, 7, 5.9085037674919265, 0.2
929, 5497.0, 8, 5.910752688172043, 0.2
930, 5503.0, 6, 5.910848549946294, 0.2
931, 5509.0, 6, 5.910944206008583, 0.2
932, 5516.0, 7, 5.912111468381565, 0.2
933, 5522.0, 6, 5.91220556745182, 0.2
934, 5527.0, 5, 5.911229946524064, 0.2
935, 5529.0, 2, 5.907051282051282, 0.2
936, 5531.0, 2, 5.9028815368196375, 0.2
937, 5533.0, 2, 5.898720682302772, 0.2
938, 5539.0, 6, 5.898828541001065, 0.2
939, 5542.0, 3, 5.895744680851064, 0.2
940, 5548.0, 6, 5.895855472901169, 0.2
941, 5549.0, 1, 5.8906581740976645, 0.2
942, 5556.0, 7, 5.8918345705196185, 0.2
943, 5559.0, 3, 5.888771186440678, 0.2
944, 5565.0, 6, 5.888888888888889, 0.2
945, 5569.0, 4, 5.886892177589852, 0.2
946, 5570.0, 1, 5.881731784582893, 0.2
947, 5577.0, 7, 5.882911392405063, 0.2
948, 5583.0, 6, 5.883034773445733, 0.2
949, 5591.0, 8, 5.8852631578947365, 0.2
950, 5597.0, 6, 5.885383806519453, 0.2
951, 5603.0, 6, 5.885504201680672, 0.2
952, 5609.0, 6, 5.885624344176286, 0.2
953, 5615.0, 6, 5.885744234800838, 0.2
954, 5621.0, 6, 5.885863874345549, 0.2
955, 5624.0, 3, 5.882845188284519, 0.2
956, 5625.0, 1, 5.877742946708464, 0.2
957, 5631.0, 6, 5.877870563674321, 0.2
958, 5638.0, 7, 5.879040667361835, 0.2
959, 5641.0, 3, 5.876041666666667, 0.2
960, 5649.0, 8, 5.878251821019771, 0.2
961, 5657.0, 8, 5.88045738045738, 0.2
962, 5664.0, 7, 5.881619937694704, 0.2
963, 5672.0, 8, 5.8838174273858925, 0.2
964, 5677.0, 5, 5.882901554404145, 0.2
965, 5683.0, 6, 5.883022774327122, 0.2
966, 5684.0, 1, 5.877973112719752, 0.2
967, 5684.0, 0, 5.871900826446281, 0.2
968, 5691.0, 7, 5.8730650154798765, 0.2
969, 5697.0, 6, 5.873195876288659, 0.2
970, 5702.0, 5, 5.872296601441812, 0.2
971, 5706.0, 4, 5.87037037037037, 0.2
972, 5712.0, 6, 5.870503597122302, 0.2
973, 5714.0, 2, 5.86652977412731, 0.2
974, 5720.0, 6, 5.866666666666666, 0.2
975, 5724.0, 4, 5.864754098360656, 0.2
976, 5726.0, 2, 5.860798362333674, 0.2
977, 5733.0, 7, 5.861963190184049, 0.2
978, 5741.0, 8, 5.86414708886619, 0.2
979, 5748.0, 7, 5.865306122448979, 0.2
980, 5755.0, 7, 5.8664627930682975, 0.2
981, 5762.0, 7, 5.867617107942974, 0.2
982, 5768.0, 6, 5.867751780264497, 0.2
983, 5768.0, 0, 5.861788617886178, 0.2
984, 5769.0, 1, 5.856852791878173, 0.2
985, 5775.0, 6, 5.856997971602434, 0.2
986, 5781.0, 6, 5.857142857142857, 0.2
987, 5781.0, 0, 5.851214574898785, 0.2
988, 5787.0, 6, 5.851365015166835, 0.2
989, 5789.0, 2, 5.847474747474747, 0.2
990, 5790.0, 1, 5.842583249243189, 0.2
991, 5790.0, 0, 5.836693548387097, 0.2
992, 5792.0, 2, 5.832829808660624, 0.2
993, 5798.0, 6, 5.832997987927565, 0.2
994, 5801.0, 3, 5.830150753768844, 0.2
995, 5801.0, 0, 5.82429718875502, 0.2
996, 5807.0, 6, 5.824473420260782, 0.2
997, 5810.0, 3, 5.8216432865731464, 0.2
998, 5815.0, 5, 5.8208208208208205, 0.2
999, 5821.0, 6, 5.821, 0.2
1000, 5826.0, 5, 5.8201798201798205, 0.2
1001, 5833.0, 7, 5.8213572854291415, 0.2
1002, 5835.0, 2, 5.817547357926221, 0.2
1003, 5837.0, 2, 5.813745019920319, 0.2
1004, 5844.0, 7, 5.8149253731343284, 0.2
1005, 5852.0, 8, 5.817097415506958, 0.2
1006, 5860.0, 8, 5.819265143992055, 0.2
1007, 5864.0, 4, 5.817460317460317, 0.2
1008, 5870.0, 6, 5.817641228939544, 0.2
1009, 5878.0, 8, 5.81980198019802, 0.2
1010, 5883.0, 5, 5.818991097922849, 0.2
1011, 5890.0, 7, 5.820158102766799, 0.2
1012, 5895.0, 5, 5.819348469891412, 0.2
1013, 5902.0, 7, 5.82051282051282, 0.2
1014, 5903.0, 1, 5.8157635467980295, 0.2
1015, 5909.0, 6, 5.815944881889764, 0.2
1016, 5909.0, 0, 5.810226155358898, 0.2
1017, 5916.0, 7, 5.81139489194499, 0.2
1018, 5917.0, 1, 5.806673209028459, 0.2
1019, 5924.0, 7, 5.807843137254902, 0.2
1020, 5931.0, 7, 5.809010773751225, 0.2
1021, 5933.0, 2, 5.805283757338552, 0.2
1022, 5937.0, 4, 5.803519061583578, 0.2
1023, 5941.0, 4, 5.8017578125, 0.2
1024, 5949.0, 8, 5.80390243902439, 0.2
1025, 5956.0, 7, 5.8050682261208575, 0.2
1026, 5961.0, 5, 5.804284323271665, 0.2
1027, 5968.0, 7, 5.80544747081712, 0.2
1028, 5970.0, 2, 5.801749271137027, 0.2
1029, 5977.0, 7, 5.802912621359224, 0.2
1030, 5984.0, 7, 5.804073714839961, 0.2
1031, 5992.0, 8, 5.8062015503875966, 0.2
1032, 5997.0, 5, 5.805421103581801, 0.2
1033, 5997.0, 0, 5.799806576402321, 0.2
1034, 6004.0, 7, 5.80096618357488, 0.2
1035, 6012.0, 8, 5.803088803088803, 0.2
1036, 6015.0, 3, 5.800385728061716, 0.2
1037, 6016.0, 1, 5.795761078998074, 0.2
1038, 6022.0, 6, 5.795957651588066, 0.2
1039, 6029.0, 7, 5.797115384615385, 0.2
1040, 6036.0, 7, 5.7982708933717575, 0.2
1041, 6040.0, 4, 5.796545105566219, 0.2
1042, 6047.0, 7, 5.797698945349952, 0.2
1043, 6050.0, 3, 5.795019157088123, 0.2
1044, 6051.0, 1, 5.79043062200957, 0.2
1045, 6056.0, 5, 5.789674952198853, 0.2
1046, 6063.0, 7, 5.7908309455587395, 0.2
1047, 6070.0, 7, 5.791984732824427, 0.2
1048, 6077.0, 7, 5.793136320305052, 0.2
1049, 6084.0, 7, 5.7942857142857145, 0.2
1050, 6091.0, 7, 5.795432921027593, 0.2
1051, 6095.0, 4, 5.7937262357414445, 0.2
1052, 6102.0, 7, 5.794871794871795, 0.2
1053, 6109.0, 7, 5.7960151802656545, 0.2
1054, 6113.0, 4, 5.794312796208531, 0.2
1055, 6118.0, 5, 5.793560606060606, 0.2
1056, 6126.0, 8, 5.795648060548722, 0.2
1057, 6132.0, 6, 5.7958412098298675, 0.2
1058, 6139.0, 7, 5.796978281397545, 0.2
1059, 6143.0, 4, 5.7952830188679245, 0.2
1060, 6147.0, 4, 5.793590951932139, 0.2
1061, 6153.0, 6, 5.793785310734464, 0.2
1062, 6156.0, 3, 5.791157102539981, 0.2
1063, 6162.0, 6, 5.791353383458647, 0.2
1064, 6169.0, 7, 5.7924882629107985, 0.2
1065, 6174.0, 5, 5.791744840525328, 0.2
1066, 6181.0, 7, 5.792877225866917, 0.2
1067, 6188.0, 7, 5.794007490636704, 0.2
1068, 6193.0, 5, 5.793264733395697, 0.2
1069, 6201.0, 8, 5.795327102803738, 0.2
1070, 6201.0, 0, 5.7899159663865545, 0.2
1071, 6206.0, 5, 5.789179104477612, 0.2
1072, 6212.0, 6, 5.789375582479031, 0.2
1073, 6219.0, 7, 5.790502793296089, 0.2
1074, 6220.0, 1, 5.786046511627907, 0.2
1075, 6225.0, 5, 5.7853159851301115, 0.2
1076, 6231.0, 6, 5.7855153203342615, 0.2
1077, 6237.0, 6, 5.785714285714286, 0.2
1078, 6240.0, 3, 5.783132530120482, 0.2
1079, 6240.0, 0, 5.777777777777778, 0.2
1080, 6244.0, 4, 5.776133209990749, 0.2
1081, 6250.0, 6, 5.77634011090573, 0.2
1082, 6257.0, 7, 5.77746999076639, 0.2
1083, 6263.0, 6, 5.777675276752768, 0.2
1084, 6269.0, 6, 5.7778801843317975, 0.2
1085, 6275.0, 6, 5.778084714548803, 0.2
1086, 6282.0, 7, 5.779208831646734, 0.2
1087, 6289.0, 7, 5.780330882352941, 0.2
1088, 6293.0, 4, 5.778696051423324, 0.2
1089, 6294.0, 1, 5.774311926605504, 0.2
1090, 6298.0, 4, 5.772685609532539, 0.2
1091, 6304.0, 6, 5.772893772893773, 0.2
1092, 6305.0, 1, 5.768526989935956, 0.2
1093, 6312.0, 7, 5.769652650822669, 0.2
1094, 6316.0, 4, 5.768036529680366, 0.2
1095, 6319.0, 3, 5.765510948905109, 0.2
1096, 6326.0, 7, 5.7666362807657245, 0.2
1097, 6326.0, 0, 5.761384335154827, 0.2
1098, 6330.0, 4, 5.759781619654231, 0.2
1099, 6335.0, 5, 5.759090909090909, 0.2
1100, 6338.0, 3, 5.756584922797457, 0.2
1101, 6342.0, 4, 5.754990925589837, 0.2
1102, 6342.0, 0, 5.749773345421578, 0.2
1103, 6350.0, 8, 5.7518115942028984, 0.2
1104, 6357.0, 7, 5.752941176470588, 0.2
1105, 6359.0, 2, 5.749547920433996, 0.2
1106, 6365.0, 6, 5.7497741644083105, 0.2
1107, 6366.0, 1, 5.745487364620939, 0.2
1108, 6373.0, 7, 5.7466185752930565, 0.2
1109, 6378.0, 5, 5.745945945945946, 0.2
1110, 6380.0, 2, 5.742574257425742, 0.2
1111, 6386.0, 6, 5.7428057553956835, 0.2
1112, 6392.0, 6, 5.74303683737646, 0.2
1113, 6397.0, 5, 5.742369838420108, 0.2
1114, 6402.0, 5, 5.74170403587444, 0.2
1115, 6405.0, 3, 5.739247311827957, 0.2
1116, 6413.0, 8, 5.741271262309758, 0.2
1117, 6421.0, 8, 5.743291592128801, 0.2
1118, 6425.0, 4, 5.741733690795353, 0.2
1119, 6430.0, 5, 5.741071428571429, 0.2
1120, 6433.0, 3, 5.738626226583408, 0.2
1121, 6438.0, 5, 5.737967914438503, 0.2
1122, 6438.0, 0, 5.732858414959929, 0.2
1123, 6439.0, 1, 5.7286476868327405, 0.2
1124, 6445.0, 6, 5.728888888888889, 0.2
1125, 6449.0, 4, 5.727353463587922, 0.2
1126, 6454.0, 5, 5.726708074534161, 0.2
1127, 6460.0, 6, 5.726950354609929, 0.2
1128, 6465.0, 5, 5.726306465899025, 0.2
1129, 6472.0, 7, 5.727433628318584, 0.2
1130, 6474.0, 2, 5.724137931034483, 0.2
1131, 6479.0, 5, 5.7234982332155475, 0.2
1132, 6486.0, 7, 5.724624889673433, 0.2
1133, 6493.0, 7, 5.725749559082892, 0.2
1134, 6499.0, 6, 5.7259911894273126, 0.2
1135, 6506.0, 7, 5.727112676056338, 0.2
1136, 6512.0, 6, 5.727352682497801, 0.2
1137, 6519.0, 7, 5.72847100175747, 0.2
1138, 6525.0, 6, 5.728709394205444, 0.2
1139, 6532.0, 7, 5.729824561403508, 0.2
1140, 6538.0, 6, 5.730061349693251, 0.2
1141, 6543.0, 5, 5.729422066549913, 0.2
1142, 6549.0, 6, 5.729658792650919, 0.2
1143, 6557.0, 8, 5.731643356643357, 0.2
1144, 6565.0, 8, 5.7336244541484715, 0.2
1145, 6566.0, 1, 5.729493891797556, 0.2
1146, 6572.0, 6, 5.72972972972973, 0.2
1147, 6578.0, 6, 5.729965156794425, 0.2
1148, 6585.0, 7, 5.731070496083551, 0.2
1149, 6592.0, 7, 5.732173913043479, 0.2
1150, 6594.0, 2, 5.728931364031277, 0.2
1151, 6600.0, 6, 5.729166666666667, 0.2
1152, 6604.0, 4, 5.727666955767563, 0.2
1153, 6609.0, 5, 5.727036395147314, 0.2
1154, 6613.0, 4, 5.725541125541126, 0.2
1155, 6620.0, 7, 5.726643598615917, 0.2
1156, 6626.0, 6, 5.726879861711322, 0.2
1157, 6628.0, 2, 5.723661485319516, 0.2
1158, 6634.0, 6, 5.723899913718723, 0.2
1159, 6640.0, 6, 5.724137931034483, 0.2
1160, 6646.0, 6, 5.724375538329027, 0.2
1161, 6646.0, 0, 5.719449225473322, 0.2
1162, 6647.0, 1, 5.7153912295786755, 0.2
1163, 6652.0, 5, 5.714776632302406, 0.2
1164, 6659.0, 7, 5.71587982832618, 0.2
1165, 6665.0, 6, 5.716123499142367, 0.2
1166, 6671.0, 6, 5.716366752356469, 0.2
1167, 6678.0, 7, 5.717465753424658, 0.2
1168, 6684.0, 6, 5.71770744225834, 0.2
1169, 6689.0, 5, 5.717094017094017, 0.2
1170, 6694.0, 5, 5.716481639624253, 0.2
1171, 6702.0, 8, 5.7184300341296925, 0.2
1172, 6708.0, 6, 5.718670076726343, 0.2
1173, 6715.0, 7, 5.719761499148211, 0.2
1174, 6720.0, 5, 5.719148936170213, 0.2
1175, 6727.0, 7, 5.720238095238095, 0.2
1176, 6733.0, 6, 5.720475785896347, 0.2
1177, 6736.0, 3, 5.718166383701188, 0.2
1178, 6743.0, 7, 5.719253604749788, 0.2
1179, 6749.0, 6, 5.719491525423729, 0.2
1180, 6757.0, 8, 5.7214225232853515, 0.2
1181, 6761.0, 4, 5.719966159052453, 0.2
1182, 6767.0, 6, 5.720202874049028, 0.2
1183, 6771.0, 4, 5.71875, 0.2
1184, 6776.0, 5, 5.718143459915612, 0.2
1185, 6783.0, 7, 5.719224283305228, 0.2
1186, 6790.0, 7, 5.720303285593935, 0.2
1187, 6793.0, 3, 5.718013468013468, 0.2
1188, 6793.0, 0, 5.713204373423045, 0.2
1189, 6800.0, 7, 5.714285714285714, 0.2
1190, 6806.0, 6, 5.714525608732158, 0.2
1191, 6813.0, 7, 5.715604026845638, 0.2
1192, 6819.0, 6, 5.715842414082146, 0.2
1193, 6822.0, 3, 5.71356783919598, 0.2
1194, 6828.0, 6, 5.713807531380753, 0.2
1195, 6835.0, 7, 5.714882943143813, 0.2
1196, 6835.0, 0, 5.710108604845447, 0.2
1197, 6841.0, 6, 5.710350584307179, 0.2
1198, 6848.0, 7, 5.7114261884904085, 0.2
1199, 6854.0, 6, 5.711666666666667, 0.2
1200, 6856.0, 2, 5.708576186511241, 0.2
1201, 6862.0, 6, 5.708818635607321, 0.2
1202, 6865.0, 3, 5.706566916043225, 0.2
1203, 6872.0, 7, 5.707641196013289, 0.2
1204, 6878.0, 6, 5.707883817427386, 0.2
1205, 6883.0, 5, 5.707296849087894, 0.2
1206, 6884.0, 1, 5.703396851698426, 0.2
1207, 6890.0, 6, 5.703642384105961, 0.2
1208, 6896.0, 6, 5.703887510339123, 0.2
1209, 6903.0, 7, 5.70495867768595, 0.2
1210, 6903.0, 0, 5.7002477291494635, 0.2
1211, 6910.0, 7, 5.701320132013201, 0.2
1212, 6912.0, 2, 5.698268755152514, 0.2
1213, 6918.0, 6, 5.6985172981878085, 0.2
1214, 6922.0, 4, 5.697119341563786, 0.2
1215, 6928.0, 6, 5.697368421052632, 0.2
1216, 6936.0, 8, 5.699260476581759, 0.2
1217, 6943.0, 7, 5.700328407224959, 0.2
1218, 6949.0, 6, 5.700574241181296, 0.2
1219, 6950.0, 1, 5.69672131147541, 0.2
1220, 6956.0, 6, 5.696969696969697, 0.2
1221, 6957.0, 1, 5.6931260229132565, 0.2
1222, 6965.0, 8, 5.6950122649223225, 0.2
1223, 6972.0, 7, 5.696078431372549, 0.2
1224, 6976.0, 4, 5.69469387755102, 0.2
1225, 6977.0, 1, 5.690864600326265, 0.2
1226, 6983.0, 6, 5.6911165444172775, 0.2
1227, 6988.0, 5, 5.690553745928339, 0.2
1228, 6996.0, 8, 5.692432872253865, 0.2
1229, 7003.0, 7, 5.6934959349593495, 0.2
1230, 7010.0, 7, 5.694557270511779, 0.2
1231, 7017.0, 7, 5.695616883116883, 0.2
1232, 7021.0, 4, 5.694241686942417, 0.2
1233, 7027.0, 6, 5.694489465153971, 0.2
1234, 7033.0, 6, 5.6947368421052635, 0.2
1235, 7039.0, 6, 5.694983818770226, 0.2
1236, 7047.0, 8, 5.696847210994341, 0.2
1237, 7051.0, 4, 5.695476575121163, 0.2
1238, 7057.0, 6, 5.695722356739306, 0.2
1239, 7063.0, 6, 5.695967741935484, 0.2
1240, 7065.0, 2, 5.692989524576954, 0.2
1241, 7067.0, 2, 5.690016103059581, 0.2
1242, 7075.0, 8, 5.691874497184232, 0.2
1243, 7080.0, 5, 5.691318327974277, 0.2
1244, 7086.0, 6, 5.691566265060241, 0.2
1245, 7092.0, 6, 5.691813804173354, 0.2
1246, 7096.0, 4, 5.690457097032879, 0.2
1247, 7096.0, 0, 5.685897435897436, 0.2
1248, 7103.0, 7, 5.686949559647718, 0.2
1249, 7109.0, 6, 5.6872, 0.2
1250, 7116.0, 7, 5.6882494004796165, 0.2
1251, 7124.0, 8, 5.6900958466453675, 0.2
1252, 7125.0, 1, 5.686352753391859, 0.2
1253, 7127.0, 2, 5.68341307814992, 0.2
1254, 7131.0, 4, 5.68207171314741, 0.2
1255, 7139.0, 8, 5.683917197452229, 0.2
1256, 7145.0, 6, 5.684168655529038, 0.2
1257, 7145.0, 0, 5.6796502384737675, 0.2
1258, 7152.0, 7, 5.680698967434472, 0.2
1259, 7156.0, 4, 5.67936507936508, 0.2
1260, 7164.0, 8, 5.681205392545599, 0.2
1261, 7166.0, 2, 5.678288431061807, 0.2
1262, 7166.0, 0, 5.673792557403009, 0.2
1263, 7171.0, 5, 5.673259493670886, 0.2
1264, 7175.0, 4, 5.67193675889328, 0.2
1265, 7179.0, 4, 5.670616113744076, 0.2
1266, 7183.0, 4, 5.669297553275454, 0.2
1267, 7187.0, 4, 5.667981072555205, 0.2
1268, 7187.0, 0, 5.663514578408195, 0.2
1269, 7194.0, 7, 5.6645669291338585, 0.2
1270, 7196.0, 2, 5.66168371361133, 0.2
1271, 7202.0, 6, 5.661949685534591, 0.2
1272, 7208.0, 6, 5.662215239591516, 0.2
1273, 7215.0, 7, 5.663265306122449, 0.2
1274, 7218.0, 3, 5.661176470588235, 0.2
1275, 7225.0, 7, 5.662225705329154, 0.2
1276, 7230.0, 5, 5.661707126076743, 0.2
1277, 7237.0, 7, 5.662754303599374, 0.2
1278, 7244.0, 7, 5.663799843627834, 0.2
1279, 7252.0, 8, 5.665625, 0.2
1280, 7259.0, 7, 5.666666666666667, 0.2
1281, 7264.0, 5, 5.666146645865835, 0.2
1282, 7271.0, 7, 5.667186282151208, 0.2
1283, 7277.0, 6, 5.667445482866044, 0.2
1284, 7278.0, 1, 5.663813229571985, 0.2
1285, 7284.0, 6, 5.664074650077761, 0.2
1286, 7290.0, 6, 5.664335664335664, 0.2
1287, 7297.0, 7, 5.665372670807454, 0.2
1288, 7305.0, 8, 5.667183863460046, 0.2
1289, 7306.0, 1, 5.663565891472868, 0.2
1290, 7311.0, 5, 5.66305189775368, 0.2
1291, 7319.0, 8, 5.664860681114551, 0.2
1292, 7324.0, 5, 5.664346481051817, 0.2
1293, 7325.0, 1, 5.660741885625966, 0.2
1294, 7325.0, 0, 5.656370656370656, 0.2
1295, 7332.0, 7, 5.657407407407407, 0.2
1296, 7339.0, 7, 5.658442559753277, 0.2
1297, 7345.0, 6, 5.658705701078582, 0.2
1298, 7352.0, 7, 5.659738260200154, 0.2
1299, 7359.0, 7, 5.6607692307692306, 0.2
1300, 7361.0, 2, 5.657955418908532, 0.2
1301, 7368.0, 7, 5.658986175115207, 0.2
1302, 7375.0, 7, 5.660015349194167, 0.2
1303, 7380.0, 5, 5.659509202453988, 0.2
1304, 7381.0, 1, 5.655938697318008, 0.2
1305, 7388.0, 7, 5.656967840735069, 0.2
1306, 7391.0, 3, 5.654934965570008, 0.2
1307, 7392.0, 1, 5.651376146788991, 0.2
1308, 7400.0, 8, 5.653170359052712, 0.2
1309, 7404.0, 4, 5.651908396946565, 0.2
1310, 7406.0, 2, 5.649122807017544, 0.2
1311, 7410.0, 4, 5.647865853658536, 0.2
1312, 7416.0, 6, 5.6481340441736485, 0.2
1313, 7423.0, 7, 5.649162861491629, 0.2
1314, 7430.0, 7, 5.650190114068441, 0.2
1315, 7437.0, 7, 5.651215805471125, 0.2
1316, 7439.0, 2, 5.648443432042521, 0.2
1317, 7446.0, 7, 5.649468892261002, 0.2
1318, 7446.0, 0, 5.645185746777862, 0.2
1319, 7453.0, 7, 5.6462121212121215, 0.2
1320, 7460.0, 7, 5.647236941710825, 0.2
1321, 7467.0, 7, 5.648260211800302, 0.2
1322, 7474.0, 7, 5.649281934996221, 0.2
1323, 7481.0, 7, 5.650302114803625, 0.2
1324, 7485.0, 4, 5.649056603773585, 0.2
1325, 7492.0, 7, 5.6500754147812975, 0.2
1326, 7499.0, 7, 5.6510926902788245, 0.2
1327, 7506.0, 7, 5.65210843373494, 0.2
1328, 7506.0, 0, 5.6478555304740405, 0.2
1329, 7513.0, 7, 5.648872180451128, 0.2
1330, 7514.0, 1, 5.645379413974455, 0.2
1331, 7521.0, 7, 5.646396396396397, 0.2
1332, 7528.0, 7, 5.64741185296324, 0.2
1333, 7528.0, 0, 5.643178410794603, 0.2
1334, 7533.0, 5, 5.642696629213483, 0.2
1335, 7541.0, 8, 5.644461077844311, 0.2
1336, 7546.0, 5, 5.643979057591623, 0.2
1337, 7551.0, 5, 5.643497757847534, 0.2
1338, 7558.0, 7, 5.644510828976848, 0.2
1339, 7562.0, 4, 5.643283582089552, 0.2
1340, 7569.0, 7, 5.644295302013423, 0.2
1341, 7574.0, 5, 5.64381520119225, 0.2
1342, 7580.0, 6, 5.644080416976918, 0.2
1343, 7584.0, 4, 5.642857142857143, 0.2
1344, 7590.0, 6, 5.643122676579925, 0.2
1345, 7595.0, 5, 5.642644873699852, 0.2
1346, 7596.0, 1, 5.639198218262806, 0.2
1347, 7603.0, 7, 5.640207715133531, 0.2
1348, 7607.0, 4, 5.638991845811712, 0.2
1349, 7614.0, 7, 5.64, 0.2
1350, 7616.0, 2, 5.637305699481865, 0.2
1351, 7623.0, 7, 5.638313609467455, 0.2
1352, 7624.0, 1, 5.634885439763488, 0.2
1353, 7631.0, 7, 5.63589364844904, 0.2
1354, 7635.0, 4, 5.634686346863469, 0.2
1355, 7640.0, 5, 5.6342182890855455, 0.2
1356, 7645.0, 5, 5.633750921149595, 0.2
1357, 7652.0, 7, 5.634756995581738, 0.2
1358, 7659.0, 7, 5.635761589403973, 0.2
1359, 7663.0, 4, 5.634558823529412, 0.2
1360, 7664.0, 1, 5.631153563556209, 0.2
1361, 7664.0, 0, 5.627019089574156, 0.2
1362, 7667.0, 3, 5.625091709464416, 0.2
1363, 7671.0, 4, 5.623900293255132, 0.2
1364, 7674.0, 3, 5.6219780219780215, 0.2
1365, 7681.0, 7, 5.62298682284041, 0.2
1366, 7686.0, 5, 5.622531089978054, 0.2
1367, 7692.0, 6, 5.62280701754386, 0.2
1368, 7699.0, 7, 5.623813002191381, 0.2
1369, 7702.0, 3, 5.621897810218978, 0.2
1370, 7710.0, 8, 5.6236323851203505, 0.2
1371, 7717.0, 7, 5.62463556851312, 0.2
1372, 7723.0, 6, 5.6249089584850696, 0.2
1373, 7730.0, 7, 5.625909752547307, 0.2
1374, 7735.0, 5, 5.625454545454545, 0.2
1375, 7743.0, 8, 5.62718023255814, 0.2
1376, 7750.0, 7, 5.628177196804648, 0.2
1377, 7750.0, 0, 5.6240928882438315, 0.2
1378, 7751.0, 1, 5.620739666424946, 0.2
1379, 7753.0, 2, 5.618115942028986, 0.2
1380, 7759.0, 6, 5.618392469225199, 0.2
1381, 7760.0, 1, 5.615050651230101, 0.2
1382, 7766.0, 6, 5.615328994938539, 0.2
1383, 7771.0, 5, 5.6148843930635834, 0.2
1384, 7776.0, 5, 5.614440433212996, 0.2
1385, 7781.0, 5, 5.613997113997114, 0.2
1386, 7784.0, 3, 5.61211247296323, 0.2
1387, 7788.0, 4, 5.610951008645533, 0.2
1388, 7794.0, 6, 5.611231101511879, 0.2
1389, 7799.0, 5, 5.610791366906475, 0.2
1390, 7805.0, 6, 5.6110711718188355, 0.2
1391, 7808.0, 3, 5.609195402298851, 0.2
1392, 7811.0, 3, 5.607322325915291, 0.2
1393, 7816.0, 5, 5.606886657101865, 0.2
1394, 7820.0, 4, 5.60573476702509, 0.2
1395, 7827.0, 7, 5.606733524355301, 0.2
1396, 7834.0, 7, 5.60773085182534, 0.2
1397, 7838.0, 4, 5.606580829756796, 0.2
1398, 7841.0, 3, 5.604717655468192, 0.2
1399, 7849.0, 8, 5.606428571428571, 0.2
1400, 7855.0, 6, 5.606709493219129, 0.2
1401, 7861.0, 6, 5.606990014265335, 0.2
1402, 7862.0, 1, 5.603706343549537, 0.2
1403, 7869.0, 7, 5.604700854700854, 0.2
1404, 7876.0, 7, 5.605693950177936, 0.2
1405, 7879.0, 3, 5.603840682788051, 0.2
1406, 7879.0, 0, 5.599857853589197, 0.2
1407, 7882.0, 3, 5.598011363636363, 0.2
1408, 7888.0, 6, 5.598296664300922, 0.2
1409, 7888.0, 0, 5.594326241134752, 0.2
1410, 7896.0, 8, 5.59603118355776, 0.2
1411, 7900.0, 4, 5.594900849858357, 0.2
1412, 7901.0, 1, 5.5916489738145785, 0.2
1413, 7905.0, 4, 5.59052333804809, 0.2
1414, 7910.0, 5, 5.590106007067138, 0.2
1415, 7918.0, 8, 5.59180790960452, 0.2
1416, 7920.0, 2, 5.589273112208892, 0.2
1417, 7926.0, 6, 5.589562764456982, 0.2
1418, 7928.0, 2, 5.587033121916843, 0.2
1419, 7929.0, 1, 5.583802816901408, 0.2
1420, 7933.0, 4, 5.582688247712878, 0.2
1421, 7939.0, 6, 5.5829817158931085, 0.2
1422, 7946.0, 7, 5.583977512297962, 0.2
1423, 7949.0, 3, 5.582162921348314, 0.2
1424, 7954.0, 5, 5.581754385964913, 0.2
1425, 7954.0, 0, 5.577840112201963, 0.2
1426, 7958.0, 4, 5.576734407848633, 0.2
1427, 7964.0, 6, 5.57703081232493, 0.2
1428, 7969.0, 5, 5.576627011896431, 0.2
1429, 7976.0, 7, 5.577622377622378, 0.2
1430, 7976.0, 0, 5.5737246680642905, 0.2
1431, 7982.0, 6, 5.574022346368715, 0.2
1432, 7985.0, 3, 5.572226099092812, 0.2
1433, 7992.0, 7, 5.573221757322176, 0.2
1434, 7997.0, 5, 5.572822299651568, 0.2
1435, 8003.0, 6, 5.573119777158774, 0.2
1436, 8004.0, 1, 5.569937369519833, 0.2
1437, 8012.0, 8, 5.571627260083449, 0.2
1438, 8016.0, 4, 5.570535093815149, 0.2
1439, 8022.0, 6, 5.570833333333334, 0.2
1440, 8029.0, 7, 5.571825121443442, 0.2
1441, 8036.0, 7, 5.572815533980583, 0.2
1442, 8041.0, 5, 5.572418572418573, 0.2
1443, 8048.0, 7, 5.573407202216067, 0.2
1444, 8054.0, 6, 5.573702422145328, 0.2
1445, 8060.0, 6, 5.573997233748271, 0.2
1446, 8061.0, 1, 5.570836212854181, 0.2
1447, 8066.0, 5, 5.570441988950276, 0.2
1448, 8066.0, 0, 5.566597653554175, 0.2
1449, 8074.0, 8, 5.568275862068965, 0.2
1450, 8078.0, 4, 5.567195037904893, 0.2
1451, 8085.0, 7, 5.568181818181818, 0.2
1452, 8085.0, 0, 5.5643496214728145, 0.2
1453, 8085.0, 0, 5.560522696011004, 0.2
1454, 8093.0, 8, 5.562199312714776, 0.2
1455, 8097.0, 4, 5.561126373626373, 0.2
1456, 8103.0, 6, 5.561427590940288, 0.2
1457, 8107.0, 4, 5.560356652949245, 0.2
1458, 8109.0, 2, 5.557916381082934, 0.2
1459, 8116.0, 7, 5.558904109589041, 0.2
1460, 8122.0, 6, 5.559206023271732, 0.2
1461, 8127.0, 5, 5.5588235294117645, 0.2
1462, 8132.0, 5, 5.558441558441558, 0.2
1463, 8136.0, 4, 5.557377049180328, 0.2
1464, 8140.0, 4, 5.5563139931740615, 0.2
1465, 8147.0, 7, 5.557298772169168, 0.2
1466, 8155.0, 8, 5.558963871847308, 0.2
1467, 8155.0, 0, 5.555177111716621, 0.2
1468, 8156.0, 1, 5.552076242341729, 0.2
1469, 8157.0, 1, 5.548979591836734, 0.2
1470, 8163.0, 6, 5.549286199864038, 0.2
1471, 8168.0, 5, 5.548913043478261, 0.2
1472, 8173.0, 5, 5.5485403937542435, 0.2
1473, 8174.0, 1, 5.545454545454546, 0.2
1474, 8180.0, 6, 5.545762711864406, 0.2
1475, 8185.0, 5, 5.5453929539295395, 0.2
1476, 8192.0, 7, 5.54637779282329, 0.2
1477, 8196.0, 4, 5.545331529093369, 0.2
1478, 8198.0, 2, 5.5429344151453686, 0.2
1479, 8199.0, 1, 5.539864864864865, 0.2
1480, 8200.0, 1, 5.536799459824443, 0.2
1481, 8207.0, 7, 5.53778677462888, 0.2
1482, 8211.0, 4, 5.536749831422791, 0.2
1483, 8218.0, 7, 5.537735849056604, 0.2
1484, 8222.0, 4, 5.536700336700337, 0.2
1485, 8224.0, 2, 5.534320323014805, 0.2
1486, 8232.0, 8, 5.535978480161399, 0.2
1487, 8235.0, 3, 5.534274193548387, 0.2
1488, 8237.0, 2, 5.531900604432505, 0.2
1489, 8242.0, 5, 5.531543624161074, 0.2
1490, 8246.0, 4, 5.530516431924883, 0.2
1491, 8250.0, 4, 5.529490616621984, 0.2
1492, 8251.0, 1, 5.526456798392498, 0.2
1493, 8258.0, 7, 5.527443105756359, 0.2
1494, 8264.0, 6, 5.527759197324415, 0.2
1495, 8271.0, 7, 5.528743315508021, 0.2
1496, 8278.0, 7, 5.529726118904476, 0.2
1497, 8280.0, 2, 5.527369826435247, 0.2
1498, 8286.0, 6, 5.52768512341561, 0.2
1499, 8292.0, 6, 5.528, 0.2
1500, 8298.0, 6, 5.528314457028648, 0.2
1501, 8301.0, 3, 5.526631158455393, 0.2
1502, 8302.0, 1, 5.523619427811044, 0.2
1503, 8303.0, 1, 5.52061170212766, 0.2
1504, 8307.0, 4, 5.519601328903654, 0.2
1505, 8315.0, 8, 5.52124833997344, 0.2
1506, 8318.0, 3, 5.519575315195753, 0.2
1507, 8321.0, 3, 5.517904509283819, 0.2
1508, 8326.0, 5, 5.517561298873426, 0.2
1509, 8328.0, 2, 5.51523178807947, 0.2
1510, 8331.0, 3, 5.513567174056916, 0.2
1511, 8339.0, 8, 5.51521164021164, 0.2
1512, 8346.0, 7, 5.516192994051553, 0.2
1513, 8347.0, 1, 5.513210039630119, 0.2
1514, 8351.0, 4, 5.512211221122112, 0.2
1515, 8357.0, 6, 5.512532981530343, 0.2
1516, 8365.0, 8, 5.514172709294661, 0.2
1517, 8366.0, 1, 5.511198945981555, 0.2
1518, 8367.0, 1, 5.508229098090849, 0.2
1519, 8368.0, 1, 5.505263157894737, 0.2
1520, 8373.0, 5, 5.504930966469428, 0.2
1521, 8377.0, 4, 5.503942181340341, 0.2
1522, 8377.0, 0, 5.500328299409061, 0.2
1523, 8385.0, 8, 5.501968503937008, 0.2
1524, 8391.0, 6, 5.502295081967213, 0.2
1525, 8391.0, 0, 5.498689384010485, 0.2
1526, 8392.0, 1, 5.495743287491814, 0.2
1527, 8398.0, 6, 5.4960732984293195, 0.2
1528, 8402.0, 4, 5.4950948332243295, 0.2
1529, 8408.0, 6, 5.495424836601307, 0.2
1530, 8413.0, 5, 5.495101241018942, 0.2
1531, 8420.0, 7, 5.496083550913838, 0.2
1532, 8426.0, 6, 5.496412263535551, 0.2
1533, 8432.0, 6, 5.496740547588005, 0.2
1534, 8438.0, 6, 5.497068403908795, 0.2
1535, 8444.0, 6, 5.497395833333333, 0.2
1536, 8451.0, 7, 5.498373454782043, 0.2
1537, 8453.0, 2, 5.496098829648894, 0.2
1538, 8459.0, 6, 5.496426250812216, 0.2
1539, 8466.0, 7, 5.497402597402598, 0.2
1540, 8473.0, 7, 5.4983776768332255, 0.2
1541, 8475.0, 2, 5.496108949416342, 0.2
1542, 8481.0, 6, 5.496435515230071, 0.2
1543, 8488.0, 7, 5.4974093264248705, 0.2
1544, 8496.0, 8, 5.499029126213593, 0.2
1545, 8499.0, 3, 5.497412677878396, 0.2
1546, 8504.0, 5, 5.497091144149968, 0.2
1547, 8509.0, 5, 5.496770025839793, 0.2
1548, 8516.0, 7, 5.497740477727566, 0.2
1549, 8520.0, 4, 5.496774193548387, 0.2
1550, 8528.0, 8, 5.4983881366860095, 0.2
1551, 8534.0, 6, 5.498711340206185, 0.2
1552, 8540.0, 6, 5.499034127495171, 0.2
1553, 8547.0, 7, 5.5, 0.2
1554, 8549.0, 2, 5.497749196141479, 0.2
1555, 8554.0, 5, 5.497429305912596, 0.2
1556, 8557.0, 3, 5.49582530507386, 0.2
1557, 8564.0, 7, 5.496790757381258, 0.2
1558, 8564.0, 0, 5.49326491340603, 0.2
1559, 8570.0, 6, 5.493589743589744, 0.2
1560, 8571.0, 1, 5.490711082639334, 0.2
1561, 8572.0, 1, 5.4878361075544175, 0.2
1562, 8577.0, 5, 5.487523992322457, 0.2
1563, 8578.0, 1, 5.484654731457801, 0.2
1564, 8582.0, 4, 5.48370607028754, 0.2
1565, 8589.0, 7, 5.484674329501916, 0.2
1566, 8594.0, 5, 5.484365028717294, 0.2
1567, 8598.0, 4, 5.483418367346939, 0.2
1568, 8606.0, 8, 5.48502230720204, 0.2
1569, 8613.0, 7, 5.485987261146497, 0.2
1570, 8616.0, 3, 5.484404837683004, 0.2
1571, 8621.0, 5, 5.484096692111959, 0.2
1572, 8627.0, 6, 5.484424666242848, 0.2
1573, 8634.0, 7, 5.485387547649301, 0.2
1574, 8640.0, 6, 5.485714285714286, 0.2
1575, 8645.0, 5, 5.4854060913705585, 0.2
1576, 8651.0, 6, 5.4857324032974, 0.2
1577, 8659.0, 8, 5.487325728770596, 0.2
1578, 8665.0, 6, 5.487650411652945, 0.2
1579, 8672.0, 7, 5.488607594936709, 0.2
1580, 8680.0, 8, 5.490196078431373, 0.2
1581, 8681.0, 1, 5.487357774968395, 0.2
1582, 8688.0, 7, 5.488313329121921, 0.2
1583, 8689.0, 1, 5.485479797979798, 0.2
1584, 8693.0, 4, 5.484542586750789, 0.2
1585, 8700.0, 7, 5.485498108448928, 0.2
1586, 8705.0, 5, 5.485192186515438, 0.2
1587, 8706.0, 1, 5.482367758186398, 0.2
1588, 8713.0, 7, 5.483322844556325, 0.2
1589, 8721.0, 8, 5.4849056603773585, 0.2
1590, 8726.0, 5, 5.484600879949717, 0.2
1591, 8730.0, 4, 5.483668341708543, 0.2
1592, 8736.0, 6, 5.483992467043315, 0.2
1593, 8741.0, 5, 5.483688833124216, 0.2
1594, 8744.0, 3, 5.482131661442006, 0.2
1595, 8751.0, 7, 5.4830827067669174, 0.2
1596, 8752.0, 1, 5.480275516593613, 0.2
1597, 8758.0, 6, 5.480600750938673, 0.2
1598, 8763.0, 5, 5.480300187617261, 0.2
1599, 8771.0, 8, 5.481875, 0.2
1600, 8777.0, 6, 5.482198625858838, 0.2
1601, 8780.0, 3, 5.480649188514357, 0.2
1602, 8786.0, 6, 5.480973175296319, 0.2
1603, 8788.0, 2, 5.478802992518704, 0.2
1604, 8795.0, 7, 5.479750778816199, 0.2
1605, 8796.0, 1, 5.476961394769614, 0.2
1606, 8804.0, 8, 5.478531425015557, 0.2
1607, 8804.0, 0, 5.475124378109452, 0.2
1608, 8809.0, 5, 5.474829086389062, 0.2
1609, 8812.0, 3, 5.473291925465839, 0.2
1610, 8814.0, 2, 5.471135940409684, 0.2
1611, 8822.0, 8, 5.472704714640199, 0.2
1612, 8830.0, 8, 5.474271543707378, 0.2
1613, 8831.0, 1, 5.471499380421314, 0.2
1614, 8835.0, 4, 5.470588235294118, 0.2
1615, 8835.0, 0, 5.46720297029703, 0.2
1616, 8842.0, 7, 5.468150896722325, 0.2
1617, 8850.0, 8, 5.4697156983930775, 0.2
1618, 8858.0, 8, 5.471278567016677, 0.2
1619, 8863.0, 5, 5.470987654320988, 0.2
1620, 8869.0, 6, 5.471314003701419, 0.2
1621, 8875.0, 6, 5.471639950678175, 0.2
1622, 8879.0, 4, 5.470733210104744, 0.2
1623, 8884.0, 5, 5.470443349753695, 0.2
1624, 8891.0, 7, 5.471384615384616, 0.2
1625, 8894.0, 3, 5.469864698646987, 0.2
1626, 8902.0, 8, 5.471419791026429, 0.2
1627, 8906.0, 4, 5.4705159705159705, 0.2
1628, 8910.0, 4, 5.469613259668508, 0.2
1629, 8912.0, 2, 5.4674846625766875, 0.2
1630, 8917.0, 5, 5.467198038013489, 0.2
1631, 8923.0, 6, 5.467524509803922, 0.2
1632, 8930.0, 7, 5.46846295162278, 0.2
1633, 8931.0, 1, 5.465728274173807, 0.2
1634, 8939.0, 8, 5.467278287461774, 0.2
1635, 8942.0, 3, 5.465770171149145, 0.2
1636, 8945.0, 3, 5.464263897373244, 0.2
1637, 8947.0, 2, 5.462148962148962, 0.2
1638, 8953.0, 6, 5.462477120195241, 0.2
1639, 8957.0, 4, 5.461585365853659, 0.2
1640, 8961.0, 4, 5.460694698354661, 0.2
1641, 8967.0, 6, 5.461023142509135, 0.2
1642, 8975.0, 8, 5.462568472306756, 0.2
1643, 8982.0, 7, 5.463503649635037, 0.2
1644, 8989.0, 7, 5.464437689969605, 0.2
1645, 8992.0, 3, 5.4629404617253945, 0.2
1646, 8999.0, 7, 5.463873709775349, 0.2
1647, 9003.0, 4, 5.462985436893204, 0.2
1648, 9006.0, 3, 5.4614918132201336, 0.2
1649, 9011.0, 5, 5.461212121212121, 0.2
1650, 9019.0, 8, 5.46274984857662, 0.2
1651, 9023.0, 4, 5.461864406779661, 0.2
1652, 9028.0, 5, 5.461584996975197, 0.2
1653, 9035.0, 7, 5.462515114873035, 0.2
1654, 9038.0, 3, 5.461027190332326, 0.2
1655, 9045.0, 7, 5.461956521739131, 0.2
1656, 9045.0, 0, 5.458660229330115, 0.2
1657, 9051.0, 6, 5.458986731001207, 0.2
1658, 9057.0, 6, 5.459312839059675, 0.2
1659, 9057.0, 0, 5.456024096385542, 0.2
1660, 9063.0, 6, 5.456351595424443, 0.2
1661, 9068.0, 5, 5.456077015643802, 0.2
1662, 9074.0, 6, 5.45640408899579, 0.2
1663, 9080.0, 6, 5.456730769230769, 0.2
1664, 9085.0, 5, 5.456456456456457, 0.2
1665, 9091.0, 6, 5.456782713085234, 0.2
1666, 9098.0, 7, 5.457708458308338, 0.2
1667, 9098.0, 0, 5.454436450839329, 0.2
1668, 9104.0, 6, 5.454763331336129, 0.2
1669, 9110.0, 6, 5.455089820359281, 0.2
1670, 9116.0, 6, 5.45541591861161, 0.2
1671, 9116.0, 0, 5.452153110047847, 0.2
1672, 9118.0, 2, 5.45008965929468, 0.2
1673, 9123.0, 5, 5.449820788530466, 0.2
1674, 9125.0, 2, 5.447761194029851, 0.2
1675, 9132.0, 7, 5.448687350835322, 0.2
1676, 9137.0, 5, 5.4484197972570065, 0.2
1677, 9142.0, 5, 5.448152562574493, 0.2
1678, 9145.0, 3, 5.446694460988684, 0.2
1679, 9151.0, 6, 5.4470238095238095, 0.2
1680, 9155.0, 4, 5.446162998215348, 0.2
1681, 9161.0, 6, 5.446492271105827, 0.2
1682, 9168.0, 7, 5.447415329768271, 0.2
1683, 9174.0, 6, 5.447743467933492, 0.2
1684, 9177.0, 3, 5.446290801186944, 0.2
1685, 9183.0, 6, 5.44661921708185, 0.2
1686, 9189.0, 6, 5.446947243627742, 0.2
1687, 9190.0, 1, 5.444312796208531, 0.2
1688, 9197.0, 7, 5.445233866193013, 0.2
1689, 9200.0, 3, 5.443786982248521, 0.2
1690, 9205.0, 5, 5.443524541691307, 0.2
1691, 9213.0, 8, 5.445035460992908, 0.2
1692, 9216.0, 3, 5.443591258121677, 0.2
1693, 9218.0, 2, 5.441558441558442, 0.2
1694, 9223.0, 5, 5.441297935103245, 0.2
1695, 9229.0, 6, 5.441627358490566, 0.2
1696, 9230.0, 1, 5.439010017678256, 0.2
1697, 9231.0, 1, 5.436395759717315, 0.2
1698, 9236.0, 5, 5.4361389052383755, 0.2
1699, 9243.0, 7, 5.437058823529412, 0.2
1700, 9243.0, 0, 5.4338624338624335, 0.2
1701, 9249.0, 6, 5.434195064629847, 0.2
1702, 9249.0, 0, 5.431004110393423, 0.2
1703, 9253.0, 4, 5.430164319248826, 0.2
1704, 9260.0, 7, 5.431085043988269, 0.2
1705, 9266.0, 6, 5.4314185228604925, 0.2
1706, 9273.0, 7, 5.4323374340949035, 0.2
1707, 9273.0, 0, 5.429156908665106, 0.2
1708, 9280.0, 7, 5.430076067875951, 0.2
1709, 9286.0, 6, 5.430409356725146, 0.2
1710, 9293.0, 7, 5.4313267095265925, 0.2
1711, 9298.0, 5, 5.43107476635514, 0.2
1712, 9299.0, 1, 5.428488032691185, 0.2
1713, 9303.0, 4, 5.427654609101517, 0.2
1714, 9306.0, 3, 5.426239067055394, 0.2
1715, 9311.0, 5, 5.425990675990676, 0.2
1716, 9317.0, 6, 5.42632498543972, 0.2
1717, 9321.0, 4, 5.425494761350407, 0.2
1718, 9323.0, 2, 5.4235020360674815, 0.2
1719, 9331.0, 8, 5.425, 0.2
1720, 9334.0, 3, 5.423590935502615, 0.2
1721, 9336.0, 2, 5.421602787456446, 0.2
1722, 9336.0, 0, 5.418456181079512, 0.2
1723, 9339.0, 3, 5.417053364269141, 0.2
1724, 9341.0, 2, 5.415072463768116, 0.2
1725, 9348.0, 7, 5.415990730011588, 0.2
1726, 9356.0, 8, 5.417486971627099, 0.2
1727, 9363.0, 7, 5.418402777777778, 0.2
1728, 9364.0, 1, 5.4158473105841525, 0.2
1729, 9366.0, 2, 5.413872832369942, 0.2
1730, 9367.0, 1, 5.4113229347198155, 0.2
1731, 9374.0, 7, 5.412240184757506, 0.2
1732, 9377.0, 3, 5.410848240046163, 0.2
1733, 9377.0, 0, 5.4077277970011535, 0.2
1734, 9377.0, 0, 5.404610951008646, 0.2
1735, 9382.0, 5, 5.404377880184332, 0.2
1736, 9386.0, 4, 5.403569372481289, 0.2
1737, 9393.0, 7, 5.404487917146145, 0.2
1738, 9399.0, 6, 5.4048303622771705, 0.2
1739, 9402.0, 3, 5.403448275862069, 0.2
1740, 9408.0, 6, 5.403790924755888, 0.2
1741, 9410.0, 2, 5.401836969001148, 0.2
1742, 9415.0, 5, 5.401606425702811, 0.2
1743, 9415.0, 0, 5.3985091743119265, 0.2
1744, 9420.0, 5, 5.3982808022922635, 0.2
1745, 9426.0, 6, 5.398625429553265, 0.2
1746, 9426.0, 0, 5.395535203205495, 0.2
1747, 9428.0, 2, 5.393592677345538, 0.2
1748, 9433.0, 5, 5.393367638650657, 0.2
1749, 9439.0, 6, 5.393714285714286, 0.2
1750, 9440.0, 1, 5.3912050256996, 0.2
1751, 9441.0, 1, 5.388698630136986, 0.2
1752, 9443.0, 2, 5.386765544780377, 0.2
1753, 9448.0, 5, 5.38654503990878, 0.2
1754, 9455.0, 7, 5.387464387464387, 0.2
1755, 9459.0, 4, 5.386674259681094, 0.2
1756, 9464.0, 5, 5.386454183266932, 0.2
1757, 9464.0, 0, 5.383390216154721, 0.2
1758, 9466.0, 2, 5.381466742467311, 0.2
1759, 9472.0, 6, 5.381818181818182, 0.2
1760, 9474.0, 2, 5.379897785349233, 0.2
1761, 9480.0, 6, 5.380249716231555, 0.2
1762, 9485.0, 5, 5.380034032898468, 0.2
1763, 9493.0, 8, 5.3815192743764175, 0.2
1764, 9496.0, 3, 5.380169971671388, 0.2
1765, 9499.0, 3, 5.378822197055492, 0.2
1766, 9507.0, 8, 5.380305602716469, 0.2
1767, 9515.0, 8, 5.381787330316742, 0.2
1768, 9521.0, 6, 5.3821368004522325, 0.2
1769, 9527.0, 6, 5.382485875706215, 0.2
1770, 9531.0, 4, 5.381705251270469, 0.2
1771, 9537.0, 6, 5.382054176072235, 0.2
1772, 9537.0, 0, 5.3790186125211505, 0.2
1773, 9539.0, 2, 5.3771138669673055, 0.2
1774, 9542.0, 3, 5.375774647887324, 0.2
1775, 9544.0, 2, 5.373873873873874, 0.2
1776, 9546.0, 2, 5.371975239167136, 0.2
1777, 9553.0, 7, 5.37289088863892, 0.2
1778, 9558.0, 5, 5.372681281618887, 0.2
1779, 9563.0, 5, 5.37247191011236, 0.2
1780, 9568.0, 5, 5.372262773722627, 0.2
1781, 9574.0, 6, 5.372615039281706, 0.2
1782, 9578.0, 4, 5.371845204711161, 0.2
1783, 9583.0, 5, 5.371636771300448, 0.2
1784, 9590.0, 7, 5.372549019607843, 0.2
1785, 9592.0, 2, 5.3706606942889135, 0.2
1786, 9592.0, 0, 5.367655288192501, 0.2
1787, 9598.0, 6, 5.368008948545861, 0.2
1788, 9605.0, 7, 5.368921185019564, 0.2
1789, 9608.0, 3, 5.367597765363128, 0.2
1790, 9612.0, 4, 5.366834170854271, 0.2
1791, 9617.0, 5, 5.366629464285714, 0.2
1792, 9620.0, 3, 5.365309537088678, 0.2
1793, 9624.0, 4, 5.364548494983278, 0.2
1794, 9629.0, 5, 5.364345403899722, 0.2
1795, 9633.0, 4, 5.36358574610245, 0.2
1796, 9635.0, 2, 5.3617139677239845, 0.2
1797, 9640.0, 5, 5.361512791991101, 0.2
1798, 9643.0, 3, 5.360200111172873, 0.2
1799, 9650.0, 7, 5.361111111111111, 0.2
1800, 9654.0, 4, 5.3603553581343695, 0.2
1801, 9660.0, 6, 5.360710321864595, 0.2
1802, 9660.0, 0, 5.357737104825291, 0.2
1803, 9666.0, 6, 5.35809312638581, 0.2
1804, 9667.0, 1, 5.355678670360111, 0.2
1805, 9667.0, 0, 5.352713178294573, 0.2
1806, 9669.0, 2, 5.350857775318207, 0.2
1807, 9674.0, 5, 5.350663716814159, 0.2
1808, 9674.0, 0, 5.347705914870094, 0.2
1809, 9676.0, 2, 5.34585635359116, 0.2
1810, 9681.0, 5, 5.345665378244064, 0.2
1811, 9685.0, 4, 5.3449227373068435, 0.2
1812, 9693.0, 8, 5.34638720353006, 0.2
1813, 9698.0, 5, 5.34619625137817, 0.2
1814, 9704.0, 6, 5.346556473829201, 0.2
1815, 9709.0, 5, 5.34636563876652, 0.2
1816, 9716.0, 7, 5.347275729223996, 0.2
1817, 9716.0, 0, 5.344334433443344, 0.2
1818, 9723.0, 7, 5.34524463991204, 0.2
1819, 9726.0, 3, 5.343956043956044, 0.2
1820, 9732.0, 6, 5.344316309719934, 0.2
1821, 9734.0, 2, 5.342480790340286, 0.2
1822, 9742.0, 8, 5.343938562808558, 0.2
1823, 9743.0, 1, 5.34155701754386, 0.2
1824, 9750.0, 7, 5.342465753424658, 0.2
1825, 9756.0, 6, 5.342825848849945, 0.2
1826, 9762.0, 6, 5.343185550082102, 0.2
1827, 9763.0, 1, 5.340809628008753, 0.2
1828, 9766.0, 3, 5.339529797703663, 0.2
1829, 9769.0, 3, 5.338251366120218, 0.2
1830, 9776.0, 7, 5.339158929546696, 0.2
1831, 9780.0, 4, 5.3384279475982535, 0.2
1832, 9782.0, 2, 5.336606655755592, 0.2
1833, 9788.0, 6, 5.336968375136314, 0.2
1834, 9788.0, 0, 5.334059945504087, 0.2
1835, 9796.0, 8, 5.335511982570806, 0.2
1836, 9804.0, 8, 5.336962438758846, 0.2
1837, 9809.0, 5, 5.336779107725789, 0.2
1838, 9811.0, 2, 5.334964654703644, 0.2
1839, 9815.0, 4, 5.334239130434782, 0.2
1840, 9821.0, 6, 5.334600760456274, 0.2
1841, 9822.0, 1, 5.3322475570032575, 0.2
1842, 9823.0, 1, 5.329896907216495, 0.2
1843, 9824.0, 1, 5.327548806941432, 0.2
1844, 9826.0, 2, 5.325745257452574, 0.2
1845, 9829.0, 3, 5.324485373781148, 0.2
1846, 9833.0, 4, 5.323768272874933, 0.2
1847, 9839.0, 6, 5.324134199134199, 0.2
1848, 9847.0, 8, 5.325581395348837, 0.2
1849, 9852.0, 5, 5.325405405405405, 0.2
1850, 9856.0, 4, 5.324689357104268, 0.2
1851, 9861.0, 5, 5.32451403887689, 0.2
1852, 9866.0, 5, 5.324338909875877, 0.2
1853, 9873.0, 7, 5.325242718446602, 0.2
1854, 9879.0, 6, 5.325606469002696, 0.2
1855, 9886.0, 7, 5.326508620689655, 0.2
1856, 9888.0, 2, 5.324717285945073, 0.2
1857, 9888.0, 0, 5.321851453175458, 0.2
1858, 9892.0, 4, 5.321140398063475, 0.2
1859, 9899.0, 7, 5.322043010752688, 0.2
1860, 9904.0, 5, 5.321869962385814, 0.2
1861, 9911.0, 7, 5.322771213748657, 0.2
1862, 9912.0, 1, 5.320450885668277, 0.2
1863, 9919.0, 7, 5.321351931330472, 0.2
1864, 9919.0, 0, 5.318498659517426, 0.2
1865, 9925.0, 6, 5.318863879957128, 0.2
1866, 9930.0, 5, 5.31869309051955, 0.2
1867, 9930.0, 0, 5.315845824411135, 0.2
1868, 9931.0, 1, 5.313536650615302, 0.2
1869, 9933.0, 2, 5.311764705882353, 0.2
1870, 9935.0, 2, 5.309994655264564, 0.2
1871, 9941.0, 6, 5.310363247863248, 0.2
1872, 9944.0, 3, 5.309129738387614, 0.2
1873, 9951.0, 7, 5.310032017075773, 0.2
1874, 9958.0, 7, 5.310933333333334, 0.2
1875, 9959.0, 1, 5.30863539445629, 0.2
1876, 9965.0, 6, 5.3090037293553545, 0.2
1877, 9966.0, 1, 5.306709265175719, 0.2
1878, 9974.0, 8, 5.308142629058009, 0.2
1879, 9982.0, 8, 5.309574468085106, 0.2
1880, 9988.0, 6, 5.309941520467836, 0.2
1881, 9993.0, 5, 5.309776833156217, 0.2
1882, 9995.0, 2, 5.3080191184280405, 0.2
1883, 10002.0, 7, 5.308917197452229, 0.2
1884, 10003.0, 1, 5.3066312997347485, 0.2
1885, 10010.0, 7, 5.307529162248144, 0.2
1886, 10017.0, 7, 5.3084260731319555, 0.2
1887, 10017.0, 0, 5.305614406779661, 0.2
1888, 10024.0, 7, 5.30651138168343, 0.2
1889, 10028.0, 4, 5.305820105820106, 0.2
1890, 10030.0, 2, 5.304071919619249, 0.2
1891, 10036.0, 6, 5.304439746300211, 0.2
1892, 10044.0, 8, 5.305863708399366, 0.2
1893, 10044.0, 0, 5.303062302006336, 0.2
1894, 10050.0, 6, 5.303430079155673, 0.2
1895, 10056.0, 6, 5.30379746835443, 0.2
1896, 10058.0, 2, 5.302055877701634, 0.2
1897, 10064.0, 6, 5.302423603793467, 0.2
1898, 10066.0, 2, 5.300684570826751, 0.2
1899, 10069.0, 3, 5.299473684210526, 0.2
1900, 10075.0, 6, 5.299842188321936, 0.2
1901, 10076.0, 1, 5.297581493165089, 0.2
1902, 10083.0, 7, 5.298476090383605, 0.2
1903, 10089.0, 6, 5.298844537815126, 0.2
1904, 10089.0, 0, 5.296062992125984, 0.2
1905, 10097.0, 8, 5.297481636935991, 0.2
1906, 10105.0, 8, 5.2988987939171475, 0.2
1907, 10106.0, 1, 5.29664570230608, 0.2
1908, 10109.0, 3, 5.29544264012572, 0.2
1909, 10111.0, 2, 5.293717277486911, 0.2
1910, 10119.0, 8, 5.295133437990581, 0.2
1911, 10120.0, 1, 5.292887029288703, 0.2
1912, 10128.0, 8, 5.294302143230528, 0.2
1913, 10129.0, 1, 5.292058516196447, 0.2
1914, 10133.0, 4, 5.2913838120104435, 0.2
1915, 10140.0, 7, 5.292275574112735, 0.2
1916, 10142.0, 2, 5.2905581637976, 0.2
1917, 10149.0, 7, 5.291449426485923, 0.2
1918, 10155.0, 6, 5.291818655549766, 0.2
1919, 10159.0, 4, 5.291145833333333, 0.2
1920, 10161.0, 2, 5.289432587194169, 0.2
1921, 10169.0, 8, 5.290842872008325, 0.2
1922, 10175.0, 6, 5.291211648465938, 0.2
1923, 10181.0, 6, 5.291580041580041, 0.2
1924, 10182.0, 1, 5.2893506493506495, 0.2
1925, 10187.0, 5, 5.28920041536864, 0.2
1926, 10194.0, 7, 5.290088220031136, 0.2
1927, 10200.0, 6, 5.29045643153527, 0.2
1928, 10206.0, 6, 5.290824261275272, 0.2
1929, 10212.0, 6, 5.2911917098445596, 0.2
1930, 10216.0, 4, 5.290523045054376, 0.2
1931, 10221.0, 5, 5.290372670807454, 0.2
1932, 10227.0, 6, 5.290739782721158, 0.2
1933, 10233.0, 6, 5.291106514994829, 0.2
1934, 10239.0, 6, 5.291472868217054, 0.2
1935, 10242.0, 3, 5.2902892561983474, 0.2
1936, 10248.0, 6, 5.29065565307176, 0.2
1937, 10254.0, 6, 5.291021671826625, 0.2
1938, 10261.0, 7, 5.29190304280557, 0.2
1939, 10269.0, 8, 5.293298969072165, 0.2
1940, 10275.0, 6, 5.293663060278207, 0.2
1941, 10276.0, 1, 5.29145211122554, 0.2
1942, 10284.0, 8, 5.292846114256305, 0.2
1943, 10289.0, 5, 5.292695473251029, 0.2
1944, 10296.0, 7, 5.293573264781491, 0.2
1945, 10301.0, 5, 5.293422404933196, 0.2
1946, 10305.0, 4, 5.292758089368259, 0.2
1947, 10309.0, 4, 5.292094455852156, 0.2
1948, 10317.0, 8, 5.293483837865572, 0.2
1949, 10322.0, 5, 5.293333333333333, 0.2
1950, 10328.0, 6, 5.293695540748335, 0.2
1951, 10330.0, 2, 5.292008196721311, 0.2
1952, 10336.0, 6, 5.2923707117255505, 0.2
1953, 10338.0, 2, 5.290685772773798, 0.2
1954, 10342.0, 4, 5.2900255754475705, 0.2
1955, 10349.0, 7, 5.290899795501023, 0.2
1956, 10351.0, 2, 5.28921819110884, 0.2
1957, 10357.0, 6, 5.289581205311542, 0.2
1958, 10364.0, 7, 5.290454313425217, 0.2
1959, 10371.0, 7, 5.291326530612245, 0.2
1960, 10375.0, 4, 5.290668026517083, 0.2
1961, 10382.0, 7, 5.291539245667686, 0.2
1962, 10387.0, 5, 5.291390728476821, 0.2
1963, 10387.0, 0, 5.288696537678208, 0.2
1964, 10392.0, 5, 5.28854961832061, 0.2
1965, 10397.0, 5, 5.288402848423194, 0.2
1966, 10404.0, 7, 5.289273004575496, 0.2
1967, 10410.0, 6, 5.289634146341464, 0.2
1968, 10415.0, 5, 5.2894870492635855, 0.2
1969, 10423.0, 8, 5.290862944162437, 0.2
1970, 10430.0, 7, 5.2917300862506345, 0.2
1971, 10438.0, 8, 5.293103448275862, 0.2
1972, 10445.0, 7, 5.293968575772935, 0.2
1973, 10452.0, 7, 5.2948328267477205, 0.2
1974, 10459.0, 7, 5.295696202531645, 0.2
1975, 10462.0, 3, 5.294534412955466, 0.2
1976, 10468.0, 6, 5.294891249367729, 0.2
1977, 10473.0, 5, 5.29474216380182, 0.2
1978, 10478.0, 5, 5.294593228903486, 0.2
1979, 10485.0, 7, 5.295454545454546, 0.2
1980, 10491.0, 6, 5.295810196870267, 0.2
1981, 10497.0, 6, 5.2961654894046415, 0.2
1982, 10500.0, 3, 5.295007564296521, 0.2
1983, 10506.0, 6, 5.295362903225806, 0.2
1984, 10512.0, 6, 5.295717884130982, 0.2
1985, 10514.0, 2, 5.294058408862035, 0.2
1986, 10520.0, 6, 5.294413688978359, 0.2
1987, 10528.0, 8, 5.295774647887324, 0.2
1988, 10532.0, 4, 5.2951231774761185, 0.2
1989, 10539.0, 7, 5.295979899497487, 0.2
1990, 10545.0, 6, 5.2963335007533905, 0.2
1991, 10552.0, 7, 5.2971887550200805, 0.2
1992, 10559.0, 7, 5.2980431510286, 0.2
1993, 10562.0, 3, 5.2968906720160485, 0.2
1994, 10567.0, 5, 5.296741854636592, 0.2
1995, 10574.0, 7, 5.297595190380761, 0.2
1996, 10576.0, 2, 5.295943915873811, 0.2
1997, 10577.0, 1, 5.293793793793794, 0.2
1998, 10581.0, 4, 5.293146573286643, 0.2
1999, 10588.0, 7, 5.294, 0.2
