0, 8.0, 8, 8.0, 0.2
1, 16.0, 8, 8.0, 0.2
2, 24.0, 8, 8.0, 0.2
3, 32.0, 8, 8.0, 0.2
4, 40.0, 8, 8.0, 0.2
5, 48.0, 8, 8.0, 0.2
6, 56.0, 8, 8.0, 0.2
7, 64.0, 8, 8.0, 0.2
8, 72.0, 8, 8.0, 0.2
9, 80.0, 8, 8.0, 0.2
10, 88.0, 8, 8.0, 0.2
11, 96.0, 8, 8.0, 0.2
12, 104.0, 8, 8.0, 0.2
13, 112.0, 8, 8.0, 0.2
14, 120.0, 8, 8.0, 0.2
15, 128.0, 8, 8.0, 0.2
16, 136.0, 8, 8.0, 0.2
17, 144.0, 8, 8.0, 0.2
18, 152.0, 8, 8.0, 0.2
19, 160.0, 8, 8.0, 0.2
20, 168.0, 8, 8.0, 0.2
21, 176.0, 8, 8.0, 0.2
22, 184.0, 8, 8.0, 0.2
23, 192.0, 8, 8.0, 0.2
24, 200.0, 8, 8.0, 0.2
25, 208.0, 8, 8.0, 0.2
26, 216.0, 8, 8.0, 0.2
27, 224.0, 8, 8.0, 0.2
28, 232.0, 8, 8.0, 0.2
29, 240.0, 8, 8.0, 0.2
30, 248.0, 8, 8.0, 0.2
31, 256.0, 8, 8.0, 0.2
32, 264.0, 8, 8.0, 0.2
33, 272.0, 8, 8.0, 0.2
34, 280.0, 8, 8.0, 0.2
35, 288.0, 8, 8.0, 0.2
36, 296.0, 8, 8.0, 0.2
37, 304.0, 8, 8.0, 0.2
38, 312.0, 8, 8.0, 0.2
39, 320.0, 8, 8.0, 0.2
40, 328.0, 8, 8.0, 0.2
41, 336.0, 8, 8.0, 0.2
42, 344.0, 8, 8.0, 0.2
43, 352.0, 8, 8.0, 0.2
44, 360.0, 8, 8.0, 0.2
45, 368.0, 8, 8.0, 0.2
46, 376.0, 8, 8.0, 0.2
47, 384.0, 8, 8.0, 0.2
48, 392.0, 8, 8.0, 0.2
49, 400.0, 8, 8.0, 0.2
50, 408.0, 8, 8.0, 0.2
51, 416.0, 8, 8.0, 0.2
52, 424.0, 8, 8.0, 0.2
53, 432.0, 8, 8.0, 0.2
54, 440.0, 8, 8.0, 0.2
55, 448.0, 8, 8.0, 0.2
56, 456.0, 8, 8.0, 0.2
57, 464.0, 8, 8.0, 0.2
58, 472.0, 8, 8.0, 0.2
59, 480.0, 8, 8.0, 0.2
60, 488.0, 8, 8.0, 0.2
61, 496.0, 8, 8.0, 0.2
62, 504.0, 8, 8.0, 0.2
63, 512.0, 8, 8.0, 0.2
64, 520.0, 8, 8.0, 0.2
65, 528.0, 8, 8.0, 0.2
66, 536.0, 8, 8.0, 0.2
67, 544.0, 8, 8.0, 0.2
68, 552.0, 8, 8.0, 0.2
69, 560.0, 8, 8.0, 0.2
70, 568.0, 8, 8.0, 0.2
71, 576.0, 8, 8.0, 0.2
72, 584.0, 8, 8.0, 0.2
73, 592.0, 8, 8.0, 0.2
74, 600.0, 8, 8.0, 0.2
75, 608.0, 8, 8.0, 0.2
76, 616.0, 8, 8.0, 0.2
77, 624.0, 8, 8.0, 0.2
78, 632.0, 8, 8.0, 0.2
79, 640.0, 8, 8.0, 0.2
80, 648.0, 8, 8.0, 0.2
81, 656.0, 8, 8.0, 0.2
82, 664.0, 8, 8.0, 0.2
83, 672.0, 8, 8.0, 0.2
84, 680.0, 8, 8.0, 0.2
85, 688.0, 8, 8.0, 0.2
86, 696.0, 8, 8.0, 0.2
87, 704.0, 8, 8.0, 0.2
88, 712.0, 8, 8.0, 0.2
89, 720.0, 8, 8.0, 0.2
90, 728.0, 8, 8.0, 0.2
91, 736.0, 8, 8.0, 0.2
92, 744.0, 8, 8.0, 0.2
93, 752.0, 8, 8.0, 0.2
94, 760.0, 8, 8.0, 0.2
95, 768.0, 8, 8.0, 0.2
96, 776.0, 8, 8.0, 0.2
97, 784.0, 8, 8.0, 0.2
98, 792.0, 8, 8.0, 0.2
99, 800.0, 8, 8.0, 0.2
100, 808.0, 8, 8.0, 0.2
101, 816.0, 8, 8.0, 0.2
102, 824.0, 8, 8.0, 0.2
103, 832.0, 8, 8.0, 0.2
104, 840.0, 8, 8.0, 0.2
105, 848.0, 8, 8.0, 0.2
106, 856.0, 8, 8.0, 0.2
107, 864.0, 8, 8.0, 0.2
108, 872.0, 8, 8.0, 0.2
109, 880.0, 8, 8.0, 0.2
110, 888.0, 8, 8.0, 0.2
111, 896.0, 8, 8.0, 0.2
112, 904.0, 8, 8.0, 0.2
113, 912.0, 8, 8.0, 0.2
114, 920.0, 8, 8.0, 0.2
115, 928.0, 8, 8.0, 0.2
116, 936.0, 8, 8.0, 0.2
117, 944.0, 8, 8.0, 0.2
118, 952.0, 8, 8.0, 0.2
119, 960.0, 8, 8.0, 0.2
120, 968.0, 8, 8.0, 0.2
121, 976.0, 8, 8.0, 0.2
122, 984.0, 8, 8.0, 0.2
123, 992.0, 8, 8.0, 0.2
124, 1000.0, 8, 8.0, 0.2
125, 1008.0, 8, 8.0, 0.2
126, 1016.0, 8, 8.0, 0.2
127, 1024.0, 8, 8.0, 0.2
128, 1032.0, 8, 8.0, 0.2
129, 1040.0, 8, 8.0, 0.2
130, 1048.0, 8, 8.0, 0.2
131, 1056.0, 8, 8.0, 0.2
132, 1064.0, 8, 8.0, 0.2
133, 1072.0, 8, 8.0, 0.2
134, 1080.0, 8, 8.0, 0.2
135, 1088.0, 8, 8.0, 0.2
136, 1096.0, 8, 8.0, 0.2
137, 1104.0, 8, 8.0, 0.2
138, 1112.0, 8, 8.0, 0.2
139, 1120.0, 8, 8.0, 0.2
140, 1128.0, 8, 8.0, 0.2
141, 1136.0, 8, 8.0, 0.2
142, 1144.0, 8, 8.0, 0.2
143, 1152.0, 8, 8.0, 0.2
144, 1160.0, 8, 8.0, 0.2
145, 1168.0, 8, 8.0, 0.2
146, 1176.0, 8, 8.0, 0.2
147, 1184.0, 8, 8.0, 0.2
148, 1192.0, 8, 8.0, 0.2
149, 1200.0, 8, 8.0, 0.2
150, 1208.0, 8, 8.0, 0.2
151, 1216.0, 8, 8.0, 0.2
152, 1224.0, 8, 8.0, 0.2
153, 1232.0, 8, 8.0, 0.2
154, 1240.0, 8, 8.0, 0.2
155, 1248.0, 8, 8.0, 0.2
156, 1256.0, 8, 8.0, 0.2
157, 1264.0, 8, 8.0, 0.2
158, 1272.0, 8, 8.0, 0.2
159, 1280.0, 8, 8.0, 0.2
160, 1288.0, 8, 8.0, 0.2
161, 1296.0, 8, 8.0, 0.2
162, 1304.0, 8, 8.0, 0.2
163, 1312.0, 8, 8.0, 0.2
164, 1320.0, 8, 8.0, 0.2
165, 1328.0, 8, 8.0, 0.2
166, 1336.0, 8, 8.0, 0.2
167, 1344.0, 8, 8.0, 0.2
168, 1352.0, 8, 8.0, 0.2
169, 1360.0, 8, 8.0, 0.2
170, 1368.0, 8, 8.0, 0.2
171, 1376.0, 8, 8.0, 0.2
172, 1384.0, 8, 8.0, 0.2
173, 1392.0, 8, 8.0, 0.2
174, 1400.0, 8, 8.0, 0.2
175, 1408.0, 8, 8.0, 0.2
176, 1416.0, 8, 8.0, 0.2
177, 1424.0, 8, 8.0, 0.2
178, 1432.0, 8, 8.0, 0.2
179, 1440.0, 8, 8.0, 0.2
180, 1448.0, 8, 8.0, 0.2
181, 1456.0, 8, 8.0, 0.2
182, 1464.0, 8, 8.0, 0.2
183, 1472.0, 8, 8.0, 0.2
184, 1480.0, 8, 8.0, 0.2
185, 1488.0, 8, 8.0, 0.2
186, 1496.0, 8, 8.0, 0.2
187, 1504.0, 8, 8.0, 0.2
188, 1512.0, 8, 8.0, 0.2
189, 1520.0, 8, 8.0, 0.2
190, 1528.0, 8, 8.0, 0.2
191, 1536.0, 8, 8.0, 0.2
192, 1544.0, 8, 8.0, 0.2
193, 1552.0, 8, 8.0, 0.2
194, 1560.0, 8, 8.0, 0.2
195, 1568.0, 8, 8.0, 0.2
196, 1576.0, 8, 8.0, 0.2
197, 1584.0, 8, 8.0, 0.2
198, 1592.0, 8, 8.0, 0.2
199, 1600.0, 8, 8.0, 0.2
200, 1608.0, 8, 8.0, 0.2
201, 1616.0, 8, 8.0, 0.2
202, 1624.0, 8, 8.0, 0.2
203, 1632.0, 8, 8.0, 0.2
204, 1640.0, 8, 8.0, 0.2
205, 1648.0, 8, 8.0, 0.2
206, 1656.0, 8, 8.0, 0.2
207, 1664.0, 8, 8.0, 0.2
208, 1672.0, 8, 8.0, 0.2
209, 1680.0, 8, 8.0, 0.2
210, 1688.0, 8, 8.0, 0.2
211, 1696.0, 8, 8.0, 0.2
212, 1704.0, 8, 8.0, 0.2
213, 1712.0, 8, 8.0, 0.2
214, 1720.0, 8, 8.0, 0.2
215, 1728.0, 8, 8.0, 0.2
216, 1736.0, 8, 8.0, 0.2
217, 1744.0, 8, 8.0, 0.2
218, 1752.0, 8, 8.0, 0.2
219, 1760.0, 8, 8.0, 0.2
220, 1768.0, 8, 8.0, 0.2
221, 1776.0, 8, 8.0, 0.2
222, 1784.0, 8, 8.0, 0.2
223, 1792.0, 8, 8.0, 0.2
224, 1800.0, 8, 8.0, 0.2
225, 1808.0, 8, 8.0, 0.2
226, 1816.0, 8, 8.0, 0.2
227, 1824.0, 8, 8.0, 0.2
228, 1832.0, 8, 8.0, 0.2
229, 1840.0, 8, 8.0, 0.2
230, 1848.0, 8, 8.0, 0.2
231, 1856.0, 8, 8.0, 0.2
232, 1864.0, 8, 8.0, 0.2
233, 1872.0, 8, 8.0, 0.2
234, 1880.0, 8, 8.0, 0.2
235, 1888.0, 8, 8.0, 0.2
236, 1896.0, 8, 8.0, 0.2
237, 1904.0, 8, 8.0, 0.2
238, 1912.0, 8, 8.0, 0.2
239, 1920.0, 8, 8.0, 0.2
240, 1928.0, 8, 8.0, 0.2
241, 1936.0, 8, 8.0, 0.2
242, 1944.0, 8, 8.0, 0.2
243, 1952.0, 8, 8.0, 0.2
244, 1960.0, 8, 8.0, 0.2
245, 1968.0, 8, 8.0, 0.2
246, 1976.0, 8, 8.0, 0.2
247, 1984.0, 8, 8.0, 0.2
248, 1992.0, 8, 8.0, 0.2
249, 2000.0, 8, 8.0, 0.2
250, 2008.0, 8, 8.0, 0.2
251, 2016.0, 8, 8.0, 0.2
252, 2024.0, 8, 8.0, 0.2
253, 2032.0, 8, 8.0, 0.2
254, 2040.0, 8, 8.0, 0.2
255, 2048.0, 8, 8.0, 0.2
256, 2056.0, 8, 8.0, 0.2
257, 2064.0, 8, 8.0, 0.2
258, 2072.0, 8, 8.0, 0.2
259, 2080.0, 8, 8.0, 0.2
260, 2088.0, 8, 8.0, 0.2
261, 2096.0, 8, 8.0, 0.2
262, 2104.0, 8, 8.0, 0.2
263, 2112.0, 8, 8.0, 0.2
264, 2120.0, 8, 8.0, 0.2
265, 2128.0, 8, 8.0, 0.2
266, 2136.0, 8, 8.0, 0.2
267, 2144.0, 8, 8.0, 0.2
268, 2152.0, 8, 8.0, 0.2
269, 2160.0, 8, 8.0, 0.2
270, 2168.0, 8, 8.0, 0.2
271, 2176.0, 8, 8.0, 0.2
272, 2184.0, 8, 8.0, 0.2
273, 2192.0, 8, 8.0, 0.2
274, 2200.0, 8, 8.0, 0.2
275, 2208.0, 8, 8.0, 0.2
276, 2216.0, 8, 8.0, 0.2
277, 2224.0, 8, 8.0, 0.2
278, 2232.0, 8, 8.0, 0.2
279, 2240.0, 8, 8.0, 0.2
280, 2248.0, 8, 8.0, 0.2
281, 2256.0, 8, 8.0, 0.2
282, 2264.0, 8, 8.0, 0.2
283, 2272.0, 8, 8.0, 0.2
284, 2280.0, 8, 8.0, 0.2
285, 2288.0, 8, 8.0, 0.2
286, 2296.0, 8, 8.0, 0.2
287, 2304.0, 8, 8.0, 0.2
288, 2312.0, 8, 8.0, 0.2
289, 2320.0, 8, 8.0, 0.2
290, 2328.0, 8, 8.0, 0.2
291, 2336.0, 8, 8.0, 0.2
292, 2344.0, 8, 8.0, 0.2
293, 2352.0, 8, 8.0, 0.2
294, 2360.0, 8, 8.0, 0.2
295, 2368.0, 8, 8.0, 0.2
296, 2376.0, 8, 8.0, 0.2
297, 2384.0, 8, 8.0, 0.2
298, 2392.0, 8, 8.0, 0.2
299, 2400.0, 8, 8.0, 0.2
300, 2408.0, 8, 8.0, 0.2
301, 2416.0, 8, 8.0, 0.2
302, 2424.0, 8, 8.0, 0.2
303, 2432.0, 8, 8.0, 0.2
304, 2440.0, 8, 8.0, 0.2
305, 2448.0, 8, 8.0, 0.2
306, 2456.0, 8, 8.0, 0.2
307, 2464.0, 8, 8.0, 0.2
308, 2472.0, 8, 8.0, 0.2
309, 2480.0, 8, 8.0, 0.2
310, 2488.0, 8, 8.0, 0.2
311, 2496.0, 8, 8.0, 0.2
312, 2504.0, 8, 8.0, 0.2
313, 2512.0, 8, 8.0, 0.2
314, 2520.0, 8, 8.0, 0.2
315, 2528.0, 8, 8.0, 0.2
316, 2536.0, 8, 8.0, 0.2
317, 2544.0, 8, 8.0, 0.2
318, 2552.0, 8, 8.0, 0.2
319, 2560.0, 8, 8.0, 0.2
320, 2568.0, 8, 8.0, 0.2
321, 2576.0, 8, 8.0, 0.2
322, 2584.0, 8, 8.0, 0.2
323, 2592.0, 8, 8.0, 0.2
324, 2600.0, 8, 8.0, 0.2
325, 2608.0, 8, 8.0, 0.2
326, 2616.0, 8, 8.0, 0.2
327, 2624.0, 8, 8.0, 0.2
328, 2632.0, 8, 8.0, 0.2
329, 2640.0, 8, 8.0, 0.2
330, 2648.0, 8, 8.0, 0.2
331, 2656.0, 8, 8.0, 0.2
332, 2664.0, 8, 8.0, 0.2
333, 2672.0, 8, 8.0, 0.2
334, 2680.0, 8, 8.0, 0.2
335, 2688.0, 8, 8.0, 0.2
336, 2696.0, 8, 8.0, 0.2
337, 2704.0, 8, 8.0, 0.2
338, 2712.0, 8, 8.0, 0.2
339, 2720.0, 8, 8.0, 0.2
340, 2728.0, 8, 8.0, 0.2
341, 2736.0, 8, 8.0, 0.2
342, 2744.0, 8, 8.0, 0.2
343, 2752.0, 8, 8.0, 0.2
344, 2760.0, 8, 8.0, 0.2
345, 2768.0, 8, 8.0, 0.2
346, 2776.0, 8, 8.0, 0.2
347, 2784.0, 8, 8.0, 0.2
348, 2792.0, 8, 8.0, 0.2
349, 2800.0, 8, 8.0, 0.2
350, 2808.0, 8, 8.0, 0.2
351, 2816.0, 8, 8.0, 0.2
352, 2824.0, 8, 8.0, 0.2
353, 2832.0, 8, 8.0, 0.2
354, 2840.0, 8, 8.0, 0.2
355, 2848.0, 8, 8.0, 0.2
356, 2856.0, 8, 8.0, 0.2
357, 2864.0, 8, 8.0, 0.2
358, 2872.0, 8, 8.0, 0.2
359, 2880.0, 8, 8.0, 0.2
360, 2888.0, 8, 8.0, 0.2
361, 2896.0, 8, 8.0, 0.2
362, 2904.0, 8, 8.0, 0.2
363, 2912.0, 8, 8.0, 0.2
364, 2920.0, 8, 8.0, 0.2
365, 2928.0, 8, 8.0, 0.2
366, 2936.0, 8, 8.0, 0.2
367, 2944.0, 8, 8.0, 0.2
368, 2952.0, 8, 8.0, 0.2
369, 2960.0, 8, 8.0, 0.2
370, 2968.0, 8, 8.0, 0.2
371, 2976.0, 8, 8.0, 0.2
372, 2984.0, 8, 8.0, 0.2
373, 2992.0, 8, 8.0, 0.2
374, 3000.0, 8, 8.0, 0.2
375, 3008.0, 8, 8.0, 0.2
376, 3016.0, 8, 8.0, 0.2
377, 3024.0, 8, 8.0, 0.2
378, 3032.0, 8, 8.0, 0.2
379, 3040.0, 8, 8.0, 0.2
380, 3048.0, 8, 8.0, 0.2
381, 3056.0, 8, 8.0, 0.2
382, 3064.0, 8, 8.0, 0.2
383, 3072.0, 8, 8.0, 0.2
384, 3080.0, 8, 8.0, 0.2
385, 3088.0, 8, 8.0, 0.2
386, 3096.0, 8, 8.0, 0.2
387, 3104.0, 8, 8.0, 0.2
388, 3112.0, 8, 8.0, 0.2
389, 3120.0, 8, 8.0, 0.2
390, 3128.0, 8, 8.0, 0.2
391, 3136.0, 8, 8.0, 0.2
392, 3144.0, 8, 8.0, 0.2
393, 3152.0, 8, 8.0, 0.2
394, 3160.0, 8, 8.0, 0.2
395, 3168.0, 8, 8.0, 0.2
396, 3176.0, 8, 8.0, 0.2
397, 3184.0, 8, 8.0, 0.2
398, 3192.0, 8, 8.0, 0.2
399, 3200.0, 8, 8.0, 0.2
400, 3208.0, 8, 8.0, 0.2
401, 3216.0, 8, 8.0, 0.2
402, 3224.0, 8, 8.0, 0.2
403, 3232.0, 8, 8.0, 0.2
404, 3240.0, 8, 8.0, 0.2
405, 3248.0, 8, 8.0, 0.2
406, 3256.0, 8, 8.0, 0.2
407, 3264.0, 8, 8.0, 0.2
408, 3272.0, 8, 8.0, 0.2
409, 3280.0, 8, 8.0, 0.2
410, 3288.0, 8, 8.0, 0.2
411, 3296.0, 8, 8.0, 0.2
412, 3304.0, 8, 8.0, 0.2
413, 3312.0, 8, 8.0, 0.2
414, 3320.0, 8, 8.0, 0.2
415, 3328.0, 8, 8.0, 0.2
416, 3336.0, 8, 8.0, 0.2
417, 3344.0, 8, 8.0, 0.2
418, 3352.0, 8, 8.0, 0.2
419, 3360.0, 8, 8.0, 0.2
420, 3368.0, 8, 8.0, 0.2
421, 3376.0, 8, 8.0, 0.2
422, 3384.0, 8, 8.0, 0.2
423, 3392.0, 8, 8.0, 0.2
424, 3400.0, 8, 8.0, 0.2
425, 3408.0, 8, 8.0, 0.2
426, 3416.0, 8, 8.0, 0.2
427, 3424.0, 8, 8.0, 0.2
428, 3432.0, 8, 8.0, 0.2
429, 3440.0, 8, 8.0, 0.2
430, 3448.0, 8, 8.0, 0.2
431, 3456.0, 8, 8.0, 0.2
432, 3464.0, 8, 8.0, 0.2
433, 3472.0, 8, 8.0, 0.2
434, 3480.0, 8, 8.0, 0.2
435, 3488.0, 8, 8.0, 0.2
436, 3496.0, 8, 8.0, 0.2
437, 3504.0, 8, 8.0, 0.2
438, 3512.0, 8, 8.0, 0.2
439, 3520.0, 8, 8.0, 0.2
440, 3528.0, 8, 8.0, 0.2
441, 3536.0, 8, 8.0, 0.2
442, 3544.0, 8, 8.0, 0.2
443, 3552.0, 8, 8.0, 0.2
444, 3560.0, 8, 8.0, 0.2
445, 3568.0, 8, 8.0, 0.2
446, 3576.0, 8, 8.0, 0.2
447, 3584.0, 8, 8.0, 0.2
448, 3592.0, 8, 8.0, 0.2
449, 3600.0, 8, 8.0, 0.2
450, 3608.0, 8, 8.0, 0.2
451, 3616.0, 8, 8.0, 0.2
452, 3624.0, 8, 8.0, 0.2
453, 3632.0, 8, 8.0, 0.2
454, 3640.0, 8, 8.0, 0.2
455, 3646.0, 6, 7.995614035087719, 0.2
456, 3653.0, 7, 7.993435448577681, 0.2
457, 3660.0, 7, 7.991266375545852, 0.2
458, 3667.0, 7, 7.989106753812636, 0.2
459, 3675.0, 8, 7.989130434782608, 0.2
460, 3682.0, 7, 7.9869848156182215, 0.2
461, 3690.0, 8, 7.987012987012987, 0.2
462, 3696.0, 6, 7.982721382289417, 0.2
463, 3702.0, 6, 7.978448275862069, 0.2
464, 3709.0, 7, 7.976344086021506, 0.2
465, 3714.0, 5, 7.969957081545064, 0.2
466, 3719.0, 5, 7.963597430406852, 0.2
467, 3726.0, 7, 7.961538461538462, 0.2
468, 3732.0, 6, 7.957356076759062, 0.2
469, 3737.0, 5, 7.951063829787234, 0.2
470, 3744.0, 7, 7.949044585987261, 0.2
471, 3751.0, 7, 7.947033898305085, 0.2
472, 3756.0, 5, 7.940803382663848, 0.2
473, 3764.0, 8, 7.940928270042194, 0.2
474, 3770.0, 6, 7.936842105263158, 0.2
475, 3777.0, 7, 7.934873949579832, 0.2
476, 3782.0, 5, 7.928721174004193, 0.2
477, 3788.0, 6, 7.924686192468619, 0.2
478, 3795.0, 7, 7.922755741127348, 0.2
479, 3803.0, 8, 7.922916666666667, 0.2
480, 3809.0, 6, 7.918918918918919, 0.2
481, 3814.0, 5, 7.912863070539419, 0.2
482, 3821.0, 7, 7.910973084886129, 0.2
483, 3827.0, 6, 7.9070247933884295, 0.2
484, 3835.0, 8, 7.907216494845361, 0.2
485, 3841.0, 6, 7.903292181069959, 0.2
486, 3848.0, 7, 7.901437371663245, 0.2
487, 3854.0, 6, 7.897540983606557, 0.2
488, 3860.0, 6, 7.893660531697342, 0.2
489, 3867.0, 7, 7.891836734693878, 0.2
490, 3875.0, 8, 7.892057026476579, 0.2
491, 3879.0, 4, 7.884146341463414, 0.2
492, 3886.0, 7, 7.882352941176471, 0.2
493, 3892.0, 6, 7.8785425101214575, 0.2
494, 3898.0, 6, 7.874747474747474, 0.2
495, 3902.0, 4, 7.866935483870968, 0.2
496, 3907.0, 5, 7.861167002012072, 0.2
497, 3914.0, 7, 7.859437751004016, 0.2
498, 3918.0, 4, 7.851703406813627, 0.2
499, 3924.0, 6, 7.848, 0.2
500, 3930.0, 6, 7.844311377245509, 0.2
501, 3938.0, 8, 7.844621513944223, 0.2
502, 3946.0, 8, 7.844930417495029, 0.2
503, 3953.0, 7, 7.843253968253968, 0.2
504, 3961.0, 8, 7.843564356435643, 0.2
505, 3969.0, 8, 7.8438735177865615, 0.2
506, 3975.0, 6, 7.840236686390533, 0.2
507, 3983.0, 8, 7.840551181102362, 0.2
508, 3987.0, 4, 7.833005893909626, 0.2
509, 3993.0, 6, 7.829411764705882, 0.2
510, 3999.0, 6, 7.825831702544031, 0.2
511, 4006.0, 7, 7.82421875, 0.2
512, 4009.0, 3, 7.814814814814815, 0.2
513, 4015.0, 6, 7.811284046692607, 0.2
514, 4019.0, 4, 7.803883495145631, 0.2
515, 4026.0, 7, 7.8023255813953485, 0.2
516, 4032.0, 6, 7.7988394584139265, 0.2
517, 4037.0, 5, 7.793436293436294, 0.2
518, 4042.0, 5, 7.788053949903661, 0.2
519, 4047.0, 5, 7.782692307692308, 0.2
520, 4053.0, 6, 7.779270633397313, 0.2
521, 4058.0, 5, 7.773946360153257, 0.2
522, 4063.0, 5, 7.768642447418738, 0.2
523, 4071.0, 8, 7.769083969465649, 0.2
524, 4078.0, 7, 7.767619047619047, 0.2
525, 4084.0, 6, 7.76425855513308, 0.2
526, 4092.0, 8, 7.764705882352941, 0.2
527, 4100.0, 8, 7.765151515151516, 0.2
528, 4107.0, 7, 7.763705103969754, 0.2
529, 4112.0, 5, 7.758490566037736, 0.2
530, 4119.0, 7, 7.757062146892656, 0.2
531, 4125.0, 6, 7.753759398496241, 0.2
532, 4132.0, 7, 7.75234521575985, 0.2
533, 4139.0, 7, 7.750936329588015, 0.2
534, 4146.0, 7, 7.7495327102803735, 0.2
535, 4152.0, 6, 7.746268656716418, 0.2
536, 4155.0, 3, 7.737430167597766, 0.2
537, 4161.0, 6, 7.734200743494424, 0.2
538, 4167.0, 6, 7.7309833024118735, 0.2
539, 4173.0, 6, 7.727777777777778, 0.2
540, 4178.0, 5, 7.7227356746765246, 0.2
541, 4185.0, 7, 7.72140221402214, 0.2
542, 4193.0, 8, 7.721915285451197, 0.2
543, 4199.0, 6, 7.71875, 0.2
544, 4204.0, 5, 7.713761467889908, 0.2
545, 4210.0, 6, 7.710622710622711, 0.2
546, 4217.0, 7, 7.709323583180987, 0.2
547, 4219.0, 2, 7.6989051094890515, 0.2
548, 4223.0, 4, 7.692167577413479, 0.2
549, 4229.0, 6, 7.689090909090909, 0.2
550, 4237.0, 8, 7.689655172413793, 0.2
551, 4241.0, 4, 7.682971014492754, 0.2
552, 4248.0, 7, 7.681735985533454, 0.2
553, 4254.0, 6, 7.67870036101083, 0.2
554, 4258.0, 4, 7.672072072072072, 0.2
555, 4265.0, 7, 7.670863309352518, 0.2
556, 4272.0, 7, 7.669658886894076, 0.2
557, 4280.0, 8, 7.670250896057348, 0.2
558, 4286.0, 6, 7.667262969588551, 0.2
559, 4291.0, 5, 7.6625, 0.2
560, 4297.0, 6, 7.659536541889483, 0.2
561, 4301.0, 4, 7.653024911032029, 0.2
562, 4302.0, 1, 7.641207815275311, 0.2
563, 4308.0, 6, 7.638297872340425, 0.2
564, 4316.0, 8, 7.638938053097345, 0.2
565, 4322.0, 6, 7.636042402826855, 0.2
566, 4329.0, 7, 7.634920634920635, 0.2
567, 4335.0, 6, 7.632042253521127, 0.2
568, 4343.0, 8, 7.632688927943761, 0.2
569, 4344.0, 1, 7.621052631578947, 0.2
570, 4351.0, 7, 7.619964973730298, 0.2
571, 4355.0, 4, 7.613636363636363, 0.2
572, 4362.0, 7, 7.612565445026178, 0.2
573, 4370.0, 8, 7.613240418118467, 0.2
574, 4377.0, 7, 7.6121739130434785, 0.2
575, 4384.0, 7, 7.611111111111111, 0.2
576, 4391.0, 7, 7.610051993067591, 0.2
577, 4399.0, 8, 7.610726643598616, 0.2
578, 4404.0, 5, 7.606217616580311, 0.2
579, 4411.0, 7, 7.605172413793103, 0.2
580, 4419.0, 8, 7.605851979345955, 0.2
581, 4426.0, 7, 7.6048109965635735, 0.2
582, 4431.0, 5, 7.600343053173241, 0.2
583, 4438.0, 7, 7.5993150684931505, 0.2
584, 4444.0, 6, 7.596581196581196, 0.2
585, 4451.0, 7, 7.59556313993174, 0.2
586, 4457.0, 6, 7.592844974446337, 0.2
587, 4461.0, 4, 7.586734693877551, 0.2
588, 4467.0, 6, 7.584040747028863, 0.2
589, 4472.0, 5, 7.579661016949153, 0.2
590, 4478.0, 6, 7.576988155668359, 0.2
591, 4482.0, 4, 7.570945945945946, 0.2
592, 4490.0, 8, 7.571669477234401, 0.2
593, 4497.0, 7, 7.570707070707071, 0.2
594, 4504.0, 7, 7.569747899159664, 0.2
595, 4510.0, 6, 7.567114093959732, 0.2
596, 4517.0, 7, 7.566164154103853, 0.2
597, 4522.0, 5, 7.561872909698996, 0.2
598, 4528.0, 6, 7.559265442404007, 0.2
599, 4533.0, 5, 7.555, 0.2
600, 4540.0, 7, 7.554076539101498, 0.2
601, 4546.0, 6, 7.5514950166112955, 0.2
602, 4554.0, 8, 7.552238805970149, 0.2
603, 4561.0, 7, 7.551324503311259, 0.2
604, 4569.0, 8, 7.5520661157024795, 0.2
605, 4573.0, 4, 7.5462046204620465, 0.2
606, 4580.0, 7, 7.545304777594728, 0.2
607, 4588.0, 8, 7.546052631578948, 0.2
608, 4594.0, 6, 7.543513957307061, 0.2
609, 4602.0, 8, 7.5442622950819676, 0.2
610, 4609.0, 7, 7.543371522094926, 0.2
611, 4616.0, 7, 7.542483660130719, 0.2
612, 4623.0, 7, 7.541598694942904, 0.2
613, 4631.0, 8, 7.542345276872964, 0.2
614, 4638.0, 7, 7.541463414634146, 0.2
615, 4646.0, 8, 7.542207792207792, 0.2
616, 4653.0, 7, 7.541329011345219, 0.2
617, 4659.0, 6, 7.538834951456311, 0.2
618, 4664.0, 5, 7.534733441033926, 0.2
619, 4671.0, 7, 7.533870967741936, 0.2
620, 4679.0, 8, 7.534621578099839, 0.2
621, 4684.0, 5, 7.530546623794212, 0.2
622, 4692.0, 8, 7.531300160513644, 0.2
623, 4698.0, 6, 7.528846153846154, 0.2
624, 4704.0, 6, 7.5264, 0.2
625, 4711.0, 7, 7.52555910543131, 0.2
626, 4717.0, 6, 7.523125996810207, 0.2
627, 4723.0, 6, 7.520700636942675, 0.2
628, 4729.0, 6, 7.518282988871224, 0.2
629, 4733.0, 4, 7.512698412698413, 0.2
630, 4736.0, 3, 7.505546751188589, 0.2
631, 4744.0, 8, 7.506329113924051, 0.2
632, 4750.0, 6, 7.503949447077409, 0.2
633, 4756.0, 6, 7.5015772870662465, 0.2
634, 4764.0, 8, 7.50236220472441, 0.2
635, 4767.0, 3, 7.495283018867925, 0.2
636, 4772.0, 5, 7.491365777080063, 0.2
637, 4779.0, 7, 7.490595611285267, 0.2
638, 4787.0, 8, 7.491392801251957, 0.2
639, 4789.0, 2, 7.4828125, 0.2
640, 4795.0, 6, 7.480499219968799, 0.2
641, 4801.0, 6, 7.478193146417445, 0.2
642, 4809.0, 8, 7.47900466562986, 0.2
643, 4815.0, 6, 7.476708074534161, 0.2
644, 4822.0, 7, 7.475968992248062, 0.2
645, 4830.0, 8, 7.476780185758514, 0.2
646, 4830.0, 0, 7.4652241112828435, 0.2
647, 4836.0, 6, 7.462962962962963, 0.2
648, 4843.0, 7, 7.462249614791988, 0.2
649, 4851.0, 8, 7.463076923076923, 0.2
650, 4859.0, 8, 7.463901689708141, 0.2
651, 4864.0, 5, 7.460122699386503, 0.2
652, 4871.0, 7, 7.459418070444104, 0.2
653, 4872.0, 1, 7.4495412844036695, 0.2
654, 4879.0, 7, 7.448854961832061, 0.2
655, 4886.0, 7, 7.448170731707317, 0.2
656, 4893.0, 7, 7.447488584474886, 0.2
657, 4900.0, 7, 7.446808510638298, 0.2
658, 4906.0, 6, 7.444613050075873, 0.2
659, 4914.0, 8, 7.445454545454545, 0.2
660, 4921.0, 7, 7.444780635400908, 0.2
661, 4925.0, 4, 7.4395770392749245, 0.2
662, 4933.0, 8, 7.440422322775264, 0.2
663, 4940.0, 7, 7.4397590361445785, 0.2
664, 4946.0, 6, 7.437593984962406, 0.2
665, 4952.0, 6, 7.435435435435435, 0.2
666, 4958.0, 6, 7.43328335832084, 0.2
667, 4965.0, 7, 7.432634730538922, 0.2
668, 4972.0, 7, 7.431988041853513, 0.2
669, 4979.0, 7, 7.431343283582089, 0.2
670, 4986.0, 7, 7.43070044709389, 0.2
671, 4993.0, 7, 7.430059523809524, 0.2
672, 4999.0, 6, 7.4279346210995545, 0.2
673, 5003.0, 4, 7.422848664688427, 0.2
674, 5009.0, 6, 7.420740740740741, 0.2
675, 5014.0, 5, 7.4171597633136095, 0.2
676, 5016.0, 2, 7.409158050221566, 0.2
677, 5022.0, 6, 7.407079646017699, 0.2
678, 5029.0, 7, 7.406480117820324, 0.2
679, 5035.0, 6, 7.404411764705882, 0.2
680, 5043.0, 8, 7.405286343612334, 0.2
681, 5051.0, 8, 7.406158357771261, 0.2
682, 5057.0, 6, 7.404099560761347, 0.2
683, 5065.0, 8, 7.404970760233918, 0.2
684, 5073.0, 8, 7.405839416058394, 0.2
685, 5080.0, 7, 7.405247813411079, 0.2
686, 5088.0, 8, 7.406113537117904, 0.2
687, 5093.0, 5, 7.402616279069767, 0.2
688, 5098.0, 5, 7.399129172714078, 0.2
689, 5106.0, 8, 7.4, 0.2
690, 5114.0, 8, 7.400868306801737, 0.2
691, 5120.0, 6, 7.398843930635838, 0.2
692, 5128.0, 8, 7.3997113997114, 0.2
693, 5136.0, 8, 7.400576368876081, 0.2
694, 5144.0, 8, 7.401438848920863, 0.2
695, 5151.0, 7, 7.400862068965517, 0.2
696, 5159.0, 8, 7.401721664275466, 0.2
697, 5166.0, 7, 7.401146131805158, 0.2
698, 5172.0, 6, 7.399141630901288, 0.2
699, 5179.0, 7, 7.398571428571429, 0.2
700, 5184.0, 5, 7.395149786019972, 0.2
701, 5190.0, 6, 7.3931623931623935, 0.2
702, 5196.0, 6, 7.391180654338549, 0.2
703, 5202.0, 6, 7.389204545454546, 0.2
704, 5208.0, 6, 7.3872340425531915, 0.2
705, 5215.0, 7, 7.386685552407932, 0.2
706, 5223.0, 8, 7.387553041018387, 0.2
707, 5231.0, 8, 7.388418079096045, 0.2
708, 5236.0, 5, 7.385049365303244, 0.2
709, 5242.0, 6, 7.383098591549296, 0.2
710, 5248.0, 6, 7.381153305203938, 0.2
711, 5250.0, 2, 7.373595505617978, 0.2
712, 5257.0, 7, 7.373071528751753, 0.2
713, 5265.0, 8, 7.373949579831932, 0.2
714, 5273.0, 8, 7.374825174825175, 0.2
715, 5279.0, 6, 7.372905027932961, 0.2
716, 5287.0, 8, 7.373779637377964, 0.2
717, 5293.0, 6, 7.371866295264624, 0.2
718, 5300.0, 7, 7.37134909596662, 0.2
719, 5308.0, 8, 7.372222222222222, 0.2
720, 5310.0, 2, 7.3647711511789185, 0.2
721, 5316.0, 6, 7.362880886426593, 0.2
722, 5322.0, 6, 7.360995850622406, 0.2
723, 5329.0, 7, 7.360497237569061, 0.2
724, 5336.0, 7, 7.36, 0.2
725, 5343.0, 7, 7.359504132231405, 0.2
726, 5345.0, 2, 7.35213204951857, 0.2
727, 5347.0, 2, 7.34478021978022, 0.2
728, 5352.0, 5, 7.341563786008231, 0.2
729, 5353.0, 1, 7.332876712328767, 0.2
730, 5360.0, 7, 7.332421340629275, 0.2
731, 5367.0, 7, 7.331967213114754, 0.2
732, 5373.0, 6, 7.330150068212824, 0.2
733, 5381.0, 8, 7.331062670299728, 0.2
734, 5389.0, 8, 7.331972789115646, 0.2
735, 5396.0, 7, 7.331521739130435, 0.2
736, 5401.0, 5, 7.3283582089552235, 0.2
737, 5408.0, 7, 7.327913279132791, 0.2
738, 5410.0, 2, 7.320703653585927, 0.2
739, 5415.0, 5, 7.3175675675675675, 0.2
740, 5421.0, 6, 7.315789473684211, 0.2
741, 5427.0, 6, 7.314016172506738, 0.2
742, 5428.0, 1, 7.305518169582773, 0.2
743, 5436.0, 8, 7.306451612903226, 0.2
744, 5442.0, 6, 7.304697986577181, 0.2
745, 5445.0, 3, 7.298927613941019, 0.2
746, 5452.0, 7, 7.2985274431057565, 0.2
747, 5459.0, 7, 7.298128342245989, 0.2
748, 5466.0, 7, 7.297730307076101, 0.2
749, 5473.0, 7, 7.2973333333333334, 0.2
750, 5478.0, 5, 7.2942743009320905, 0.2
751, 5485.0, 7, 7.2938829787234045, 0.2
752, 5490.0, 5, 7.290836653386454, 0.2
753, 5495.0, 5, 7.287798408488063, 0.2
754, 5502.0, 7, 7.287417218543046, 0.2
755, 5509.0, 7, 7.287037037037037, 0.2
756, 5516.0, 7, 7.28665785997358, 0.2
757, 5523.0, 7, 7.286279683377309, 0.2
758, 5530.0, 7, 7.285902503293808, 0.2
759, 5530.0, 0, 7.276315789473684, 0.2
760, 5537.0, 7, 7.275952693823916, 0.2
761, 5542.0, 5, 7.272965879265092, 0.2
762, 5548.0, 6, 7.27129750982962, 0.2
763, 5554.0, 6, 7.269633507853404, 0.2
764, 5559.0, 5, 7.266666666666667, 0.2
765, 5564.0, 5, 7.263707571801566, 0.2
766, 5571.0, 7, 7.263363754889179, 0.2
767, 5574.0, 3, 7.2578125, 0.2
768, 5578.0, 4, 7.253576072821846, 0.2
769, 5586.0, 8, 7.254545454545455, 0.2
770, 5594.0, 8, 7.255512321660182, 0.2
771, 5602.0, 8, 7.256476683937824, 0.2
772, 5607.0, 5, 7.2535575679172055, 0.2
773, 5612.0, 5, 7.250645994832041, 0.2
774, 5616.0, 4, 7.2464516129032255, 0.2
775, 5622.0, 6, 7.244845360824742, 0.2
776, 5627.0, 5, 7.241956241956242, 0.2
777, 5634.0, 7, 7.241645244215938, 0.2
778, 5640.0, 6, 7.2400513478818995, 0.2
779, 5647.0, 7, 7.23974358974359, 0.2
780, 5652.0, 5, 7.236875800256082, 0.2
781, 5658.0, 6, 7.235294117647059, 0.2
782, 5666.0, 8, 7.236270753512133, 0.2
783, 5671.0, 5, 7.233418367346939, 0.2
784, 5674.0, 3, 7.228025477707006, 0.2
785, 5680.0, 6, 7.2264631043257, 0.2
786, 5685.0, 5, 7.223634053367217, 0.2
787, 5692.0, 7, 7.223350253807107, 0.2
788, 5698.0, 6, 7.221799746514575, 0.2
789, 5698.0, 0, 7.2126582278481015, 0.2
790, 5704.0, 6, 7.211125158027813, 0.2
791, 5712.0, 8, 7.212121212121212, 0.2
792, 5718.0, 6, 7.2105926860025225, 0.2
793, 5724.0, 6, 7.209068010075566, 0.2
794, 5731.0, 7, 7.208805031446541, 0.2
795, 5738.0, 7, 7.208542713567839, 0.2
796, 5744.0, 6, 7.20702634880803, 0.2
797, 5750.0, 6, 7.205513784461153, 0.2
798, 5756.0, 6, 7.204005006257822, 0.2
799, 5762.0, 6, 7.2025, 0.2
800, 5768.0, 6, 7.200998751560549, 0.2
801, 5775.0, 7, 7.2007481296758105, 0.2
802, 5783.0, 8, 7.2017434620174345, 0.2
803, 5788.0, 5, 7.199004975124378, 0.2
804, 5794.0, 6, 7.19751552795031, 0.2
805, 5802.0, 8, 7.198511166253102, 0.2
806, 5809.0, 7, 7.198265179677819, 0.2
807, 5815.0, 6, 7.196782178217822, 0.2
808, 5822.0, 7, 7.196538936959209, 0.2
809, 5827.0, 5, 7.193827160493827, 0.2
810, 5835.0, 8, 7.1948212083847105, 0.2
811, 5843.0, 8, 7.195812807881773, 0.2
812, 5849.0, 6, 7.194341943419434, 0.2
813, 5856.0, 7, 7.194103194103194, 0.2
814, 5863.0, 7, 7.193865030674846, 0.2
815, 5871.0, 8, 7.194852941176471, 0.2
816, 5877.0, 6, 7.193390452876377, 0.2
817, 5884.0, 7, 7.193154034229829, 0.2
818, 5887.0, 3, 7.188034188034188, 0.2
819, 5893.0, 6, 7.1865853658536585, 0.2
820, 5900.0, 7, 7.1863580998781975, 0.2
821, 5908.0, 8, 7.18734793187348, 0.2
822, 5915.0, 7, 7.187120291616039, 0.2
823, 5915.0, 0, 7.178398058252427, 0.2
824, 5922.0, 7, 7.178181818181818, 0.2
825, 5928.0, 6, 7.176755447941889, 0.2
826, 5935.0, 7, 7.176541717049576, 0.2
827, 5943.0, 8, 7.177536231884058, 0.2
828, 5951.0, 8, 7.178528347406514, 0.2
829, 5958.0, 7, 7.178313253012048, 0.2
830, 5965.0, 7, 7.178098676293622, 0.2
831, 5966.0, 1, 7.170673076923077, 0.2
832, 5972.0, 6, 7.169267707082833, 0.2
833, 5973.0, 1, 7.161870503597123, 0.2
834, 5979.0, 6, 7.160479041916168, 0.2
835, 5986.0, 7, 7.160287081339713, 0.2
836, 5991.0, 5, 7.157706093189964, 0.2
837, 5997.0, 6, 7.156324582338902, 0.2
838, 6003.0, 6, 7.154946364719905, 0.2
839, 6003.0, 0, 7.146428571428571, 0.2
840, 6010.0, 7, 7.146254458977408, 0.2
841, 6016.0, 6, 7.144893111638955, 0.2
842, 6024.0, 8, 7.145907473309609, 0.2
843, 6032.0, 8, 7.1469194312796205, 0.2
844, 6040.0, 8, 7.14792899408284, 0.2
845, 6047.0, 7, 7.1477541371158395, 0.2
846, 6052.0, 5, 7.14521841794569, 0.2
847, 6059.0, 7, 7.1450471698113205, 0.2
848, 6067.0, 8, 7.146054181389871, 0.2
849, 6075.0, 8, 7.147058823529412, 0.2
850, 6081.0, 6, 7.145710928319624, 0.2
851, 6087.0, 6, 7.144366197183099, 0.2
852, 6094.0, 7, 7.144196951934349, 0.2
853, 6095.0, 1, 7.1370023419203745, 0.2
854, 6102.0, 7, 7.136842105263158, 0.2
855, 6108.0, 6, 7.135514018691588, 0.2
856, 6116.0, 8, 7.136522753792299, 0.2
857, 6124.0, 8, 7.137529137529137, 0.2
858, 6132.0, 8, 7.138533178114086, 0.2
859, 6139.0, 7, 7.138372093023256, 0.2
860, 6146.0, 7, 7.138211382113822, 0.2
861, 6153.0, 7, 7.138051044083527, 0.2
862, 6160.0, 7, 7.137891077636153, 0.2
863, 6166.0, 6, 7.136574074074074, 0.2
864, 6169.0, 3, 7.131791907514451, 0.2
865, 6175.0, 6, 7.130484988452656, 0.2
866, 6180.0, 5, 7.1280276816609, 0.2
867, 6180.0, 0, 7.119815668202765, 0.2
868, 6181.0, 1, 7.112773302646721, 0.2
869, 6185.0, 4, 7.109195402298851, 0.2
870, 6192.0, 7, 7.109070034443169, 0.2
871, 6200.0, 8, 7.110091743119266, 0.2
872, 6206.0, 6, 7.108820160366552, 0.2
873, 6212.0, 6, 7.107551487414188, 0.2
874, 6220.0, 8, 7.1085714285714285, 0.2
875, 6228.0, 8, 7.109589041095891, 0.2
876, 6233.0, 5, 7.1071835803876855, 0.2
877, 6239.0, 6, 7.105922551252847, 0.2
878, 6242.0, 3, 7.1012514220705345, 0.2
879, 6248.0, 6, 7.1, 0.2
880, 6254.0, 6, 7.098751418842225, 0.2
881, 6259.0, 5, 7.096371882086168, 0.2
882, 6266.0, 7, 7.096262740656852, 0.2
883, 6272.0, 6, 7.095022624434389, 0.2
884, 6278.0, 6, 7.0937853107344635, 0.2
885, 6285.0, 7, 7.0936794582392775, 0.2
886, 6293.0, 8, 7.094701240135287, 0.2
887, 6298.0, 5, 7.092342342342342, 0.2
888, 6305.0, 7, 7.092238470191226, 0.2
889, 6313.0, 8, 7.093258426966292, 0.2
890, 6321.0, 8, 7.094276094276094, 0.2
891, 6327.0, 6, 7.09304932735426, 0.2
892, 6335.0, 8, 7.094064949608063, 0.2
893, 6343.0, 8, 7.0950782997762865, 0.2
894, 6346.0, 3, 7.090502793296089, 0.2
895, 6352.0, 6, 7.089285714285714, 0.2
896, 6358.0, 6, 7.088071348940914, 0.2
897, 6364.0, 6, 7.086859688195991, 0.2
898, 6369.0, 5, 7.084538375973303, 0.2
899, 6377.0, 8, 7.085555555555556, 0.2
900, 6380.0, 3, 7.081021087680355, 0.2
901, 6387.0, 7, 7.080931263858093, 0.2
902, 6387.0, 0, 7.073089700996678, 0.2
903, 6392.0, 5, 7.070796460176991, 0.2
904, 6399.0, 7, 7.070718232044199, 0.2
905, 6406.0, 7, 7.070640176600442, 0.2
906, 6413.0, 7, 7.070562293274532, 0.2
907, 6419.0, 6, 7.069383259911894, 0.2
908, 6424.0, 5, 7.067106710671067, 0.2
909, 6431.0, 7, 7.067032967032967, 0.2
910, 6438.0, 7, 7.066959385290889, 0.2
911, 6445.0, 7, 7.066885964912281, 0.2
912, 6452.0, 7, 7.066812705366922, 0.2
913, 6454.0, 2, 7.061269146608315, 0.2
914, 6459.0, 5, 7.059016393442623, 0.2
915, 6465.0, 6, 7.057860262008734, 0.2
916, 6472.0, 7, 7.057797164667393, 0.2
917, 6477.0, 5, 7.055555555555555, 0.2
918, 6484.0, 7, 7.055495103373231, 0.2
919, 6491.0, 7, 7.055434782608696, 0.2
920, 6498.0, 7, 7.055374592833876, 0.2
921, 6504.0, 6, 7.054229934924078, 0.2
922, 6511.0, 7, 7.0541711809317444, 0.2
923, 6517.0, 6, 7.053030303030303, 0.2
924, 6522.0, 5, 7.050810810810811, 0.2
925, 6529.0, 7, 7.050755939524838, 0.2
926, 6535.0, 6, 7.049622437971952, 0.2
927, 6539.0, 4, 7.046336206896552, 0.2
928, 6545.0, 6, 7.045209903121636, 0.2
929, 6553.0, 8, 7.046236559139785, 0.2
930, 6559.0, 6, 7.045112781954887, 0.2
931, 6564.0, 5, 7.042918454935623, 0.2
932, 6571.0, 7, 7.042872454448017, 0.2
933, 6572.0, 1, 7.036402569593148, 0.2
934, 6579.0, 7, 7.036363636363636, 0.2
935, 6587.0, 8, 7.037393162393163, 0.2
936, 6594.0, 7, 7.0373532550693705, 0.2
937, 6600.0, 6, 7.036247334754798, 0.2
938, 6608.0, 8, 7.0372736954206605, 0.2
939, 6615.0, 7, 7.037234042553192, 0.2
940, 6622.0, 7, 7.0371944739638685, 0.2
941, 6626.0, 4, 7.033970276008493, 0.2
942, 6633.0, 7, 7.033934252386002, 0.2
943, 6637.0, 4, 7.030720338983051, 0.2
944, 6644.0, 7, 7.030687830687831, 0.2
945, 6652.0, 8, 7.031712473572939, 0.2
946, 6659.0, 7, 7.031678986272439, 0.2
947, 6663.0, 4, 7.0284810126582276, 0.2
948, 6669.0, 6, 7.027397260273973, 0.2
949, 6675.0, 6, 7.026315789473684, 0.2
950, 6682.0, 7, 7.0262881177707674, 0.2
951, 6687.0, 5, 7.024159663865547, 0.2
952, 6693.0, 6, 7.02308499475341, 0.2
953, 6701.0, 8, 7.024109014675052, 0.2
954, 6708.0, 7, 7.024083769633508, 0.2
955, 6716.0, 8, 7.02510460251046, 0.2
956, 6723.0, 7, 7.025078369905956, 0.2
957, 6728.0, 5, 7.022964509394572, 0.2
958, 6735.0, 7, 7.022940563086548, 0.2
959, 6740.0, 5, 7.020833333333333, 0.2
960, 6747.0, 7, 7.020811654526534, 0.2
961, 6754.0, 7, 7.020790020790021, 0.2
962, 6761.0, 7, 7.020768431983385, 0.2
963, 6766.0, 5, 7.018672199170124, 0.2
964, 6771.0, 5, 7.016580310880829, 0.2
965, 6773.0, 2, 7.011387163561077, 0.2
966, 6780.0, 7, 7.011375387797311, 0.2
967, 6787.0, 7, 7.011363636363637, 0.2
968, 6794.0, 7, 7.011351909184727, 0.2
969, 6801.0, 7, 7.011340206185567, 0.2
970, 6806.0, 5, 7.009268795056642, 0.2
971, 6812.0, 6, 7.008230452674897, 0.2
972, 6818.0, 6, 7.0071942446043165, 0.2
973, 6824.0, 6, 7.006160164271047, 0.2
974, 6830.0, 6, 7.005128205128205, 0.2
975, 6837.0, 7, 7.005122950819672, 0.2
976, 6843.0, 6, 7.004094165813715, 0.2
977, 6851.0, 8, 7.005112474437627, 0.2
978, 6856.0, 5, 7.003064351378958, 0.2
979, 6862.0, 6, 7.002040816326531, 0.2
980, 6866.0, 4, 6.998980632008155, 0.2
981, 6873.0, 7, 6.9989816700611, 0.2
982, 6880.0, 7, 6.998982706002034, 0.2
983, 6886.0, 6, 6.997967479674797, 0.2
984, 6890.0, 4, 6.99492385786802, 0.2
985, 6895.0, 5, 6.99290060851927, 0.2
986, 6902.0, 7, 6.99290780141844, 0.2
987, 6908.0, 6, 6.991902834008097, 0.2
988, 6908.0, 0, 6.984833164812942, 0.2
989, 6916.0, 8, 6.985858585858586, 0.2
990, 6922.0, 6, 6.984863773965691, 0.2
991, 6927.0, 5, 6.982862903225806, 0.2
992, 6934.0, 7, 6.982880161127896, 0.2
993, 6942.0, 8, 6.983903420523139, 0.2
994, 6947.0, 5, 6.981909547738693, 0.2
995, 6954.0, 7, 6.981927710843373, 0.2
996, 6961.0, 7, 6.981945837512538, 0.2
997, 6967.0, 6, 6.980961923847695, 0.2
998, 6975.0, 8, 6.981981981981982, 0.2
999, 6981.0, 6, 6.981, 0.2
1000, 6987.0, 6, 6.98001998001998, 0.2
1001, 6993.0, 6, 6.979041916167665, 0.2
1002, 7000.0, 7, 6.979062811565304, 0.2
1003, 7003.0, 3, 6.975099601593626, 0.2
1004, 7011.0, 8, 6.976119402985074, 0.2
1005, 7016.0, 5, 6.974155069582505, 0.2
1006, 7023.0, 7, 6.974180734856008, 0.2
1007, 7030.0, 7, 6.974206349206349, 0.2
1008, 7035.0, 5, 6.9722497522299305, 0.2
1009, 7040.0, 5, 6.97029702970297, 0.2
1010, 7045.0, 5, 6.968348170128586, 0.2
1011, 7051.0, 6, 6.967391304347826, 0.2
1012, 7055.0, 4, 6.964461994076999, 0.2
1013, 7063.0, 8, 6.965483234714004, 0.2
1014, 7070.0, 7, 6.9655172413793105, 0.2
1015, 7077.0, 7, 6.965551181102362, 0.2
1016, 7079.0, 2, 6.960668633235005, 0.2
1017, 7085.0, 6, 6.959724950884087, 0.2
1018, 7092.0, 7, 6.959764474975466, 0.2
1019, 7098.0, 6, 6.958823529411765, 0.2
1020, 7102.0, 4, 6.955925563173359, 0.2
1021, 7108.0, 6, 6.954990215264188, 0.2
1022, 7115.0, 7, 6.955034213098729, 0.2
1023, 7121.0, 6, 6.9541015625, 0.2
1024, 7125.0, 4, 6.951219512195122, 0.2
1025, 7125.0, 0, 6.944444444444445, 0.2
1026, 7133.0, 8, 6.945472249269717, 0.2
1027, 7138.0, 5, 6.943579766536965, 0.2
1028, 7145.0, 7, 6.943634596695821, 0.2
1029, 7151.0, 6, 6.942718446601941, 0.2
1030, 7158.0, 7, 6.942774005819593, 0.2
1031, 7165.0, 7, 6.942829457364341, 0.2
1032, 7170.0, 5, 6.940948693126815, 0.2
1033, 7178.0, 8, 6.941972920696325, 0.2
1034, 7185.0, 7, 6.942028985507246, 0.2
1035, 7192.0, 7, 6.942084942084942, 0.2
1036, 7194.0, 2, 6.93731918997107, 0.2
1037, 7199.0, 5, 6.935452793834297, 0.2
1038, 7199.0, 0, 6.928777670837343, 0.2
1039, 7203.0, 4, 6.9259615384615385, 0.2
1040, 7211.0, 8, 6.926993275696446, 0.2
1041, 7217.0, 6, 6.926103646833013, 0.2
1042, 7225.0, 8, 6.927133269415148, 0.2
1043, 7232.0, 7, 6.9272030651340994, 0.2
1044, 7238.0, 6, 6.926315789473684, 0.2
1045, 7246.0, 8, 6.927342256214149, 0.2
1046, 7253.0, 7, 6.9274116523400195, 0.2
1047, 7260.0, 7, 6.927480916030534, 0.2
1048, 7267.0, 7, 6.927550047664442, 0.2
1049, 7274.0, 7, 6.927619047619047, 0.2
1050, 7279.0, 5, 6.925784966698383, 0.2
1051, 7285.0, 6, 6.92490494296578, 0.2
1052, 7293.0, 8, 6.925925925925926, 0.2
1053, 7300.0, 7, 6.925996204933586, 0.2
1054, 7307.0, 7, 6.926066350710901, 0.2
1055, 7310.0, 3, 6.922348484848484, 0.2
1056, 7316.0, 6, 6.921475875118259, 0.2
1057, 7322.0, 6, 6.920604914933837, 0.2
1058, 7329.0, 7, 6.920679886685552, 0.2
1059, 7335.0, 6, 6.919811320754717, 0.2
1060, 7341.0, 6, 6.918944392082941, 0.2
1061, 7349.0, 8, 6.919962335216573, 0.2
1062, 7355.0, 6, 6.9190968955785515, 0.2
1063, 7361.0, 6, 6.918233082706767, 0.2
1064, 7367.0, 6, 6.91737089201878, 0.2
1065, 7374.0, 7, 6.917448405253284, 0.2
1066, 7381.0, 7, 6.917525773195877, 0.2
1067, 7389.0, 8, 6.918539325842697, 0.2
1068, 7390.0, 1, 6.913002806361085, 0.2
1069, 7396.0, 6, 6.912149532710281, 0.2
1070, 7404.0, 8, 6.913165266106443, 0.2
1071, 7409.0, 5, 6.911380597014926, 0.2
1072, 7416.0, 7, 6.911463187325256, 0.2
1073, 7424.0, 8, 6.912476722532588, 0.2
1074, 7429.0, 5, 6.910697674418604, 0.2
1075, 7434.0, 5, 6.908921933085502, 0.2
1076, 7440.0, 6, 6.908077994428969, 0.2
1077, 7443.0, 3, 6.904452690166976, 0.2
1078, 7449.0, 6, 6.903614457831325, 0.2
1079, 7456.0, 7, 6.9037037037037035, 0.2
1080, 7464.0, 8, 6.904717853839038, 0.2
1081, 7470.0, 6, 6.903881700554528, 0.2
1082, 7478.0, 8, 6.904893813481071, 0.2
1083, 7484.0, 6, 6.904059040590406, 0.2
1084, 7486.0, 2, 6.8995391705069125, 0.2
1085, 7487.0, 1, 6.894106813996316, 0.2
1086, 7493.0, 6, 6.893284268629255, 0.2
1087, 7498.0, 5, 6.891544117647059, 0.2
1088, 7504.0, 6, 6.890725436179982, 0.2
1089, 7508.0, 4, 6.888073394495413, 0.2
1090, 7515.0, 7, 6.888175985334556, 0.2
1091, 7520.0, 5, 6.886446886446887, 0.2
1092, 7527.0, 7, 6.886550777676121, 0.2
1093, 7533.0, 6, 6.885740402193784, 0.2
1094, 7538.0, 5, 6.884018264840183, 0.2
1095, 7538.0, 0, 6.877737226277373, 0.2
1096, 7544.0, 6, 6.87693710118505, 0.2
1097, 7544.0, 0, 6.870673952641166, 0.2
1098, 7551.0, 7, 6.8707916287534125, 0.2
1099, 7557.0, 6, 6.87, 0.2
1100, 7557.0, 0, 6.863760217983652, 0.2
1101, 7565.0, 8, 6.864791288566243, 0.2
1102, 7571.0, 6, 6.86400725294651, 0.2
1103, 7578.0, 7, 6.864130434782608, 0.2
1104, 7584.0, 6, 6.863348416289592, 0.2
1105, 7592.0, 8, 6.864376130198915, 0.2
1106, 7599.0, 7, 6.86449864498645, 0.2
1107, 7605.0, 6, 6.863718411552346, 0.2
1108, 7613.0, 8, 6.864743011722273, 0.2
1109, 7620.0, 7, 6.864864864864865, 0.2
1110, 7620.0, 0, 6.858685868586859, 0.2
1111, 7628.0, 8, 6.859712230215828, 0.2
1112, 7635.0, 7, 6.859838274932614, 0.2
1113, 7641.0, 6, 6.859066427289049, 0.2
1114, 7649.0, 8, 6.860089686098655, 0.2
1115, 7654.0, 5, 6.858422939068101, 0.2
1116, 7660.0, 6, 6.857654431512981, 0.2
1117, 7665.0, 5, 6.855992844364938, 0.2
1118, 7670.0, 5, 6.8543342269883825, 0.2
1119, 7677.0, 7, 6.854464285714286, 0.2
1120, 7681.0, 4, 6.851917930419268, 0.2
1121, 7689.0, 8, 6.852941176470588, 0.2
1122, 7696.0, 7, 6.853072128227961, 0.2
1123, 7696.0, 0, 6.846975088967971, 0.2
1124, 7699.0, 3, 6.843555555555556, 0.2
1125, 7704.0, 5, 6.841918294849023, 0.2
1126, 7710.0, 6, 6.841171251109139, 0.2
1127, 7716.0, 6, 6.840425531914893, 0.2
1128, 7723.0, 7, 6.840566873339238, 0.2
1129, 7730.0, 7, 6.84070796460177, 0.2
1130, 7736.0, 6, 6.839964633068082, 0.2
1131, 7737.0, 1, 6.834805653710247, 0.2
1132, 7743.0, 6, 6.834068843777581, 0.2
1133, 7750.0, 7, 6.834215167548501, 0.2
1134, 7757.0, 7, 6.834361233480176, 0.2
1135, 7763.0, 6, 6.83362676056338, 0.2
1136, 7770.0, 7, 6.83377308707124, 0.2
1137, 7778.0, 8, 6.8347978910369065, 0.2
1138, 7784.0, 6, 6.8340649692712905, 0.2
1139, 7791.0, 7, 6.83421052631579, 0.2
1140, 7797.0, 6, 6.833479404031551, 0.2
1141, 7802.0, 5, 6.831873905429072, 0.2
1142, 7808.0, 6, 6.831146106736658, 0.2
1143, 7815.0, 7, 6.831293706293707, 0.2
1144, 7820.0, 5, 6.829694323144105, 0.2
1145, 7828.0, 8, 6.830715532286213, 0.2
1146, 7833.0, 5, 6.829119442022668, 0.2
1147, 7841.0, 8, 6.830139372822299, 0.2
1148, 7845.0, 4, 6.827676240208877, 0.2
1149, 7851.0, 6, 6.82695652173913, 0.2
1150, 7857.0, 6, 6.826238053866203, 0.2
1151, 7865.0, 8, 6.827256944444445, 0.2
1152, 7872.0, 7, 6.827406764960972, 0.2
1153, 7878.0, 6, 6.826689774696707, 0.2
1154, 7884.0, 6, 6.825974025974026, 0.2
1155, 7892.0, 8, 6.826989619377162, 0.2
1156, 7900.0, 8, 6.828003457216941, 0.2
1157, 7905.0, 5, 6.8264248704663215, 0.2
1158, 7913.0, 8, 6.827437446074202, 0.2
1159, 7920.0, 7, 6.827586206896552, 0.2
1160, 7928.0, 8, 6.828596037898364, 0.2
1161, 7936.0, 8, 6.82960413080895, 0.2
1162, 7944.0, 8, 6.83061049011178, 0.2
1163, 7951.0, 7, 6.830756013745704, 0.2
1164, 7954.0, 3, 6.827467811158798, 0.2
1165, 7962.0, 8, 6.828473413379074, 0.2
1166, 7970.0, 8, 6.8294772922022275, 0.2
1167, 7977.0, 7, 6.829623287671233, 0.2
1168, 7984.0, 7, 6.829769033361848, 0.2
1169, 7992.0, 8, 6.8307692307692305, 0.2
1170, 7998.0, 6, 6.830059777967549, 0.2
1171, 8005.0, 7, 6.830204778156997, 0.2
1172, 8013.0, 8, 6.831202046035806, 0.2
1173, 8018.0, 5, 6.829642248722317, 0.2
1174, 8021.0, 3, 6.826382978723404, 0.2
1175, 8024.0, 3, 6.8231292517006805, 0.2
1176, 8030.0, 6, 6.822429906542056, 0.2
1177, 8031.0, 1, 6.8174872665534805, 0.2
1178, 8038.0, 7, 6.817642069550467, 0.2
1179, 8046.0, 8, 6.81864406779661, 0.2
1180, 8052.0, 6, 6.8179508890770535, 0.2
1181, 8052.0, 0, 6.812182741116751, 0.2
1182, 8060.0, 8, 6.813186813186813, 0.2
1183, 8067.0, 7, 6.813344594594595, 0.2
1184, 8070.0, 3, 6.810126582278481, 0.2
1185, 8074.0, 4, 6.807757166947724, 0.2
1186, 8079.0, 5, 6.806234203875316, 0.2
1187, 8084.0, 5, 6.8047138047138045, 0.2
1188, 8092.0, 8, 6.805719091673676, 0.2
1189, 8099.0, 7, 6.805882352941176, 0.2
1190, 8106.0, 7, 6.806045340050378, 0.2
1191, 8112.0, 6, 6.805369127516778, 0.2
1192, 8120.0, 8, 6.806370494551551, 0.2
1193, 8127.0, 7, 6.806532663316583, 0.2
1194, 8134.0, 7, 6.806694560669456, 0.2
1195, 8137.0, 3, 6.803511705685619, 0.2
1196, 8138.0, 1, 6.798663324979114, 0.2
1197, 8145.0, 7, 6.798831385642738, 0.2
1198, 8146.0, 1, 6.793994995829858, 0.2
1199, 8147.0, 1, 6.789166666666667, 0.2
1200, 8154.0, 7, 6.789342214820983, 0.2
1201, 8162.0, 8, 6.790349417637271, 0.2
1202, 8167.0, 5, 6.788861180382377, 0.2
1203, 8168.0, 1, 6.78405315614618, 0.2
1204, 8175.0, 7, 6.784232365145228, 0.2
1205, 8182.0, 7, 6.784411276948591, 0.2
1206, 8189.0, 7, 6.784589892294946, 0.2
1207, 8196.0, 7, 6.78476821192053, 0.2
1208, 8202.0, 6, 6.784119106699752, 0.2
1209, 8209.0, 7, 6.784297520661157, 0.2
1210, 8216.0, 7, 6.78447563996697, 0.2
1211, 8221.0, 5, 6.783003300330033, 0.2
1212, 8226.0, 5, 6.781533388293488, 0.2
1213, 8234.0, 8, 6.782537067545305, 0.2
1214, 8242.0, 8, 6.783539094650206, 0.2
1215, 8244.0, 2, 6.779605263157895, 0.2
1216, 8250.0, 6, 6.778964667214462, 0.2
1217, 8254.0, 4, 6.776683087027915, 0.2
1218, 8259.0, 5, 6.775225594749795, 0.2
1219, 8264.0, 5, 6.773770491803279, 0.2
1220, 8267.0, 3, 6.770679770679771, 0.2
1221, 8269.0, 2, 6.766775777414075, 0.2
1222, 8277.0, 8, 6.76778413736713, 0.2
1223, 8282.0, 5, 6.766339869281046, 0.2
1224, 8290.0, 8, 6.7673469387755105, 0.2
1225, 8292.0, 2, 6.763458401305057, 0.2
1226, 8300.0, 8, 6.764466177669112, 0.2
1227, 8300.0, 0, 6.758957654723127, 0.2
1228, 8307.0, 7, 6.759153783563873, 0.2
1229, 8314.0, 7, 6.759349593495935, 0.2
1230, 8319.0, 5, 6.7579203899268885, 0.2
1231, 8326.0, 7, 6.758116883116883, 0.2
1232, 8332.0, 6, 6.75750202757502, 0.2
1233, 8336.0, 4, 6.755267423014587, 0.2
1234, 8337.0, 1, 6.750607287449393, 0.2
1235, 8342.0, 5, 6.749190938511327, 0.2
1236, 8349.0, 7, 6.749393694421989, 0.2
1237, 8357.0, 8, 6.750403877221324, 0.2
1238, 8357.0, 0, 6.744955609362389, 0.2
1239, 8361.0, 4, 6.742741935483871, 0.2
1240, 8367.0, 6, 6.742143432715552, 0.2
1241, 8373.0, 6, 6.741545893719807, 0.2
1242, 8381.0, 8, 6.742558326629123, 0.2
1243, 8385.0, 4, 6.740353697749196, 0.2
1244, 8392.0, 7, 6.7405622489959836, 0.2
1245, 8393.0, 1, 6.735955056179775, 0.2
1246, 8399.0, 6, 6.735364875701684, 0.2
1247, 8401.0, 2, 6.731570512820513, 0.2
1248, 8408.0, 7, 6.731785428342675, 0.2
1249, 8414.0, 6, 6.7312, 0.2
1250, 8421.0, 7, 6.7314148681055155, 0.2
1251, 8428.0, 7, 6.731629392971246, 0.2
1252, 8431.0, 3, 6.7286512370311256, 0.2
1253, 8434.0, 3, 6.725677830940989, 0.2
1254, 8442.0, 8, 6.7266932270916335, 0.2
1255, 8449.0, 7, 6.726910828025478, 0.2
1256, 8453.0, 4, 6.724741447891806, 0.2
1257, 8459.0, 6, 6.724165341812401, 0.2
1258, 8465.0, 6, 6.723590150913424, 0.2
1259, 8467.0, 2, 6.71984126984127, 0.2
1260, 8474.0, 7, 6.720063441712926, 0.2
1261, 8481.0, 7, 6.720285261489699, 0.2
1262, 8485.0, 4, 6.718131433095803, 0.2
1263, 8485.0, 0, 6.712816455696203, 0.2
1264, 8486.0, 1, 6.708300395256917, 0.2
1265, 8493.0, 7, 6.708530805687204, 0.2
1266, 8499.0, 6, 6.707971586424625, 0.2
1267, 8506.0, 7, 6.708201892744479, 0.2
1268, 8506.0, 0, 6.702915681639086, 0.2
1269, 8513.0, 7, 6.703149606299212, 0.2
1270, 8520.0, 7, 6.7033831628638865, 0.2
1271, 8526.0, 6, 6.702830188679245, 0.2
1272, 8532.0, 6, 6.7022780832678714, 0.2
1273, 8539.0, 7, 6.702511773940345, 0.2
1274, 8546.0, 7, 6.702745098039216, 0.2
1275, 8553.0, 7, 6.702978056426332, 0.2
1276, 8561.0, 8, 6.70399373531715, 0.2
1277, 8569.0, 8, 6.705007824726135, 0.2
1278, 8575.0, 6, 6.704456606724003, 0.2
1279, 8580.0, 5, 6.703125, 0.2
1280, 8584.0, 4, 6.7010148321623735, 0.2
1281, 8590.0, 6, 6.700468018720749, 0.2
1282, 8596.0, 6, 6.699922057677319, 0.2
1283, 8603.0, 7, 6.700155763239875, 0.2
1284, 8607.0, 4, 6.698054474708171, 0.2
1285, 8609.0, 2, 6.694401244167962, 0.2
1286, 8612.0, 3, 6.691530691530692, 0.2
1287, 8619.0, 7, 6.691770186335404, 0.2
1288, 8627.0, 8, 6.6927851047323506, 0.2
1289, 8634.0, 7, 6.693023255813953, 0.2
1290, 8639.0, 5, 6.691711851278079, 0.2
1291, 8647.0, 8, 6.692724458204334, 0.2
1292, 8654.0, 7, 6.692962103634957, 0.2
1293, 8662.0, 8, 6.693972179289026, 0.2
1294, 8668.0, 6, 6.693436293436293, 0.2
1295, 8671.0, 3, 6.690586419753086, 0.2
1296, 8679.0, 8, 6.69159599074788, 0.2
1297, 8685.0, 6, 6.691063174114022, 0.2
1298, 8691.0, 6, 6.690531177829099, 0.2
1299, 8698.0, 7, 6.690769230769231, 0.2
1300, 8705.0, 7, 6.691006917755573, 0.2
1301, 8706.0, 1, 6.686635944700461, 0.2
1302, 8712.0, 6, 6.686108979278588, 0.2
1303, 8718.0, 6, 6.685582822085889, 0.2
1304, 8719.0, 1, 6.681226053639847, 0.2
1305, 8723.0, 4, 6.679173047473201, 0.2
1306, 8731.0, 8, 6.680183626625861, 0.2
1307, 8737.0, 6, 6.6796636085626915, 0.2
1308, 8743.0, 6, 6.679144385026738, 0.2
1309, 8750.0, 7, 6.679389312977099, 0.2
1310, 8758.0, 8, 6.6803966437833715, 0.2
1311, 8765.0, 7, 6.680640243902439, 0.2
1312, 8772.0, 7, 6.680883472962681, 0.2
1313, 8774.0, 2, 6.677321156773211, 0.2
1314, 8779.0, 5, 6.676045627376426, 0.2
1315, 8787.0, 8, 6.677051671732523, 0.2
1316, 8793.0, 6, 6.676537585421412, 0.2
1317, 8800.0, 7, 6.676783004552352, 0.2
1318, 8804.0, 4, 6.67475360121304, 0.2
1319, 8811.0, 7, 6.675, 0.2
1320, 8817.0, 6, 6.67448902346707, 0.2
1321, 8823.0, 6, 6.673978819969743, 0.2
1322, 8831.0, 8, 6.674981103552532, 0.2
1323, 8836.0, 5, 6.673716012084592, 0.2
1324, 8840.0, 4, 6.6716981132075475, 0.2
1325, 8848.0, 8, 6.672699849170438, 0.2
1326, 8855.0, 7, 6.672946495855313, 0.2
1327, 8863.0, 8, 6.67394578313253, 0.2
1328, 8871.0, 8, 6.6749435665914225, 0.2
1329, 8877.0, 6, 6.674436090225564, 0.2
1330, 8884.0, 7, 6.674680691209617, 0.2
1331, 8890.0, 6, 6.6741741741741745, 0.2
1332, 8897.0, 7, 6.674418604651163, 0.2
1333, 8901.0, 4, 6.672413793103448, 0.2
1334, 8908.0, 7, 6.6726591760299625, 0.2
1335, 8914.0, 6, 6.672155688622754, 0.2
1336, 8921.0, 7, 6.672400897531787, 0.2
1337, 8929.0, 8, 6.67339312406577, 0.2
1338, 8937.0, 8, 6.674383868558626, 0.2
1339, 8944.0, 7, 6.674626865671642, 0.2
1340, 8951.0, 7, 6.674869500372856, 0.2
1341, 8959.0, 8, 6.675856929955291, 0.2
1342, 8966.0, 7, 6.676098287416233, 0.2
1343, 8972.0, 6, 6.675595238095238, 0.2
1344, 8978.0, 6, 6.675092936802974, 0.2
1345, 8986.0, 8, 6.676077265973254, 0.2
1346, 8994.0, 8, 6.67706013363029, 0.2
1347, 9001.0, 7, 6.677299703264095, 0.2
1348, 9006.0, 5, 6.676056338028169, 0.2
1349, 9014.0, 8, 6.677037037037037, 0.2
1350, 9014.0, 0, 6.672094744633605, 0.2
1351, 9018.0, 4, 6.670118343195266, 0.2
1352, 9025.0, 7, 6.670362158167036, 0.2
1353, 9033.0, 8, 6.671344165435746, 0.2
1354, 9037.0, 4, 6.669372693726937, 0.2
1355, 9042.0, 5, 6.668141592920354, 0.2
1356, 9050.0, 8, 6.669123065585851, 0.2
1357, 9057.0, 7, 6.669366715758469, 0.2
1358, 9057.0, 0, 6.664459161147903, 0.2
1359, 9065.0, 8, 6.665441176470588, 0.2
1360, 9073.0, 8, 6.666421748714181, 0.2
1361, 9080.0, 7, 6.666666666666667, 0.2
1362, 9086.0, 6, 6.666177549523111, 0.2
1363, 9092.0, 6, 6.665689149560118, 0.2
1364, 9099.0, 7, 6.665934065934066, 0.2
1365, 9107.0, 8, 6.666910688140557, 0.2
1366, 9113.0, 6, 6.666422823701536, 0.2
1367, 9114.0, 1, 6.662280701754386, 0.2
1368, 9122.0, 8, 6.663257852447042, 0.2
1369, 9122.0, 0, 6.658394160583941, 0.2
1370, 9129.0, 7, 6.658643326039387, 0.2
1371, 9136.0, 7, 6.658892128279883, 0.2
1372, 9137.0, 1, 6.654770575382375, 0.2
1373, 9144.0, 7, 6.655021834061135, 0.2
1374, 9150.0, 6, 6.654545454545454, 0.2
1375, 9156.0, 6, 6.65406976744186, 0.2
1376, 9161.0, 5, 6.65286855482934, 0.2
1377, 9168.0, 7, 6.653120464441219, 0.2
1378, 9173.0, 5, 6.651921682378535, 0.2
1379, 9175.0, 2, 6.648550724637682, 0.2
1380, 9181.0, 6, 6.6480811006517015, 0.2
1381, 9188.0, 7, 6.648335745296672, 0.2
1382, 9195.0, 7, 6.648590021691974, 0.2
1383, 9202.0, 7, 6.648843930635838, 0.2
1384, 9206.0, 4, 6.646931407942239, 0.2
1385, 9210.0, 4, 6.645021645021645, 0.2
1386, 9216.0, 6, 6.644556596971881, 0.2
1387, 9221.0, 5, 6.643371757925072, 0.2
1388, 9228.0, 7, 6.643628509719222, 0.2
1389, 9234.0, 6, 6.6431654676258995, 0.2
1390, 9239.0, 5, 6.6419841840402585, 0.2
1391, 9240.0, 1, 6.637931034482759, 0.2
1392, 9240.0, 0, 6.633165829145729, 0.2
1393, 9247.0, 7, 6.633428981348637, 0.2
1394, 9252.0, 5, 6.632258064516129, 0.2
1395, 9257.0, 5, 6.6310888252149, 0.2
1396, 9262.0, 5, 6.6299212598425195, 0.2
1397, 9268.0, 6, 6.629470672389127, 0.2
1398, 9276.0, 8, 6.630450321658327, 0.2
1399, 9282.0, 6, 6.63, 0.2
1400, 9282.0, 0, 6.625267665952891, 0.2
1401, 9287.0, 5, 6.624108416547789, 0.2
1402, 9294.0, 7, 6.624376336421953, 0.2
1403, 9297.0, 3, 6.621794871794871, 0.2
1404, 9305.0, 8, 6.622775800711744, 0.2
1405, 9310.0, 5, 6.621621621621622, 0.2
1406, 9314.0, 4, 6.619758351101635, 0.2
1407, 9322.0, 8, 6.620738636363637, 0.2
1408, 9327.0, 5, 6.61958836053939, 0.2
1409, 9333.0, 6, 6.6191489361702125, 0.2
1410, 9340.0, 7, 6.619418851878101, 0.2
1411, 9348.0, 8, 6.620396600566572, 0.2
1412, 9356.0, 8, 6.62137296532201, 0.2
1413, 9357.0, 1, 6.617397454031117, 0.2
1414, 9364.0, 7, 6.617667844522968, 0.2
1415, 9372.0, 8, 6.61864406779661, 0.2
1416, 9380.0, 8, 6.619618913196895, 0.2
1417, 9384.0, 4, 6.617771509167842, 0.2
1418, 9390.0, 6, 6.617336152219873, 0.2
1419, 9395.0, 5, 6.616197183098592, 0.2
1420, 9401.0, 6, 6.615763546798029, 0.2
1421, 9409.0, 8, 6.6167369901547115, 0.2
1422, 9414.0, 5, 6.615600843288826, 0.2
1423, 9419.0, 5, 6.614466292134831, 0.2
1424, 9426.0, 7, 6.6147368421052635, 0.2
1425, 9426.0, 0, 6.610098176718092, 0.2
1426, 9434.0, 8, 6.611072179397337, 0.2
1427, 9439.0, 5, 6.609943977591036, 0.2
1428, 9445.0, 6, 6.609517144856543, 0.2
1429, 9453.0, 8, 6.6104895104895105, 0.2
1430, 9459.0, 6, 6.610062893081761, 0.2
1431, 9462.0, 3, 6.60754189944134, 0.2
1432, 9466.0, 4, 6.6057222609909285, 0.2
1433, 9470.0, 4, 6.603905160390516, 0.2
1434, 9476.0, 6, 6.603484320557492, 0.2
1435, 9483.0, 7, 6.603760445682451, 0.2
1436, 9489.0, 6, 6.603340292275574, 0.2
1437, 9495.0, 6, 6.6029207232267035, 0.2
1438, 9502.0, 7, 6.603196664350243, 0.2
1439, 9505.0, 3, 6.600694444444445, 0.2
1440, 9513.0, 8, 6.601665510062457, 0.2
1441, 9515.0, 2, 6.598474341192788, 0.2
1442, 9521.0, 6, 6.598059598059598, 0.2
1443, 9521.0, 0, 6.5934903047091415, 0.2
1444, 9526.0, 5, 6.592387543252595, 0.2
1445, 9527.0, 1, 6.588520055325034, 0.2
1446, 9534.0, 7, 6.588804422944022, 0.2
1447, 9540.0, 6, 6.588397790055248, 0.2
1448, 9547.0, 7, 6.588681849551414, 0.2
1449, 9553.0, 6, 6.588275862068966, 0.2
1450, 9558.0, 5, 6.5871812543073744, 0.2
1451, 9564.0, 6, 6.586776859504132, 0.2
1452, 9565.0, 1, 6.5829318651066755, 0.2
1453, 9573.0, 8, 6.583906464924347, 0.2
1454, 9580.0, 7, 6.584192439862543, 0.2
1455, 9584.0, 4, 6.582417582417582, 0.2
1456, 9587.0, 3, 6.5799588194921075, 0.2
1457, 9593.0, 6, 6.579561042524006, 0.2
1458, 9600.0, 7, 6.579849211788897, 0.2
1459, 9604.0, 4, 6.578082191780822, 0.2
1460, 9609.0, 5, 6.577002053388091, 0.2
1461, 9614.0, 5, 6.575923392612859, 0.2
1462, 9614.0, 0, 6.571428571428571, 0.2
1463, 9621.0, 7, 6.57172131147541, 0.2
1464, 9627.0, 6, 6.571331058020478, 0.2
1465, 9633.0, 6, 6.570941336971351, 0.2
1466, 9638.0, 5, 6.569870483980913, 0.2
1467, 9643.0, 5, 6.5688010899182565, 0.2
1468, 9650.0, 7, 6.569094622191967, 0.2
1469, 9657.0, 7, 6.569387755102041, 0.2
1470, 9664.0, 7, 6.56968048946295, 0.2
1471, 9666.0, 2, 6.5665760869565215, 0.2
1472, 9674.0, 8, 6.56754921928038, 0.2
1473, 9682.0, 8, 6.568521031207599, 0.2
1474, 9690.0, 8, 6.569491525423729, 0.2
1475, 9696.0, 6, 6.569105691056911, 0.2
1476, 9700.0, 4, 6.567366283006093, 0.2
1477, 9706.0, 6, 6.566982408660352, 0.2
1478, 9710.0, 4, 6.565246788370521, 0.2
1479, 9717.0, 7, 6.565540540540541, 0.2
1480, 9725.0, 8, 6.566509115462526, 0.2
1481, 9731.0, 6, 6.566126855600539, 0.2
1482, 9738.0, 7, 6.5664194200944035, 0.2
1483, 9742.0, 4, 6.564690026954178, 0.2
1484, 9750.0, 8, 6.565656565656566, 0.2
1485, 9757.0, 7, 6.565948855989233, 0.2
1486, 9763.0, 6, 6.565568258238063, 0.2
1487, 9769.0, 6, 6.565188172043011, 0.2
1488, 9775.0, 6, 6.564808596373405, 0.2
1489, 9782.0, 7, 6.565100671140939, 0.2
1490, 9789.0, 7, 6.565392354124748, 0.2
1491, 9791.0, 2, 6.5623324396782845, 0.2
1492, 9798.0, 7, 6.562625586068319, 0.2
1493, 9804.0, 6, 6.562248995983936, 0.2
1494, 9808.0, 4, 6.560535117056856, 0.2
1495, 9813.0, 5, 6.559491978609626, 0.2
1496, 9820.0, 7, 6.559786239144956, 0.2
1497, 9820.0, 0, 6.5554072096128175, 0.2
1498, 9827.0, 7, 6.555703802535024, 0.2
1499, 9832.0, 5, 6.554666666666667, 0.2
1500, 9836.0, 4, 6.552964690206529, 0.2
1501, 9842.0, 6, 6.552596537949401, 0.2
1502, 9848.0, 6, 6.552228875582169, 0.2
1503, 9854.0, 6, 6.55186170212766, 0.2
1504, 9861.0, 7, 6.552159468438538, 0.2
1505, 9866.0, 5, 6.551128818061089, 0.2
1506, 9872.0, 6, 6.550763105507631, 0.2
1507, 9880.0, 8, 6.551724137931035, 0.2
1508, 9882.0, 2, 6.548707753479126, 0.2
1509, 9887.0, 5, 6.547682119205298, 0.2
1510, 9894.0, 7, 6.547981469225678, 0.2
1511, 9894.0, 0, 6.5436507936507935, 0.2
1512, 9901.0, 7, 6.543952412425645, 0.2
1513, 9908.0, 7, 6.544253632760898, 0.2
1514, 9915.0, 7, 6.544554455445544, 0.2
1515, 9921.0, 6, 6.544195250659631, 0.2
1516, 9921.0, 0, 6.539881344759394, 0.2
1517, 9929.0, 8, 6.540843214756258, 0.2
1518, 9931.0, 2, 6.537853851217906, 0.2
1519, 9938.0, 7, 6.538157894736842, 0.2
1520, 9944.0, 6, 6.537804076265615, 0.2
1521, 9951.0, 7, 6.538107752956636, 0.2
1522, 9958.0, 7, 6.538411030860145, 0.2
1523, 9964.0, 6, 6.5380577427821525, 0.2
1524, 9971.0, 7, 6.538360655737705, 0.2
1525, 9978.0, 7, 6.538663171690694, 0.2
1526, 9982.0, 4, 6.537000654878847, 0.2
1527, 9986.0, 4, 6.535340314136126, 0.2
1528, 9988.0, 2, 6.532374100719425, 0.2
1529, 9989.0, 1, 6.52875816993464, 0.2
1530, 9993.0, 4, 6.527106466361855, 0.2
1531, 10001.0, 8, 6.528067885117493, 0.2
1532, 10006.0, 5, 6.527071102413569, 0.2
1533, 10013.0, 7, 6.527379400260756, 0.2
1534, 10017.0, 4, 6.525732899022802, 0.2
1535, 10023.0, 6, 6.525390625, 0.2
1536, 10023.0, 0, 6.521145087833442, 0.2
1537, 10027.0, 4, 6.519505851755526, 0.2
1538, 10030.0, 3, 6.517218973359324, 0.2
1539, 10034.0, 4, 6.515584415584415, 0.2
1540, 10039.0, 5, 6.514600908500974, 0.2
1541, 10039.0, 0, 6.5103761348897535, 0.2
1542, 10042.0, 3, 6.508101101749838, 0.2
1543, 10050.0, 8, 6.509067357512953, 0.2
1544, 10055.0, 5, 6.508090614886731, 0.2
1545, 10060.0, 5, 6.507115135834411, 0.2
1546, 10067.0, 7, 6.50743374272786, 0.2
1547, 10074.0, 7, 6.507751937984496, 0.2
1548, 10081.0, 7, 6.508069722401549, 0.2
1549, 10088.0, 7, 6.508387096774194, 0.2
1550, 10095.0, 7, 6.508704061895552, 0.2
1551, 10102.0, 7, 6.509020618556701, 0.2
1552, 10107.0, 5, 6.508048937540245, 0.2
1553, 10112.0, 5, 6.507078507078507, 0.2
1554, 10115.0, 3, 6.504823151125402, 0.2
1555, 10123.0, 8, 6.505784061696658, 0.2
1556, 10130.0, 7, 6.506101477199743, 0.2
1557, 10135.0, 5, 6.505134788189987, 0.2
1558, 10142.0, 7, 6.505452212957024, 0.2
1559, 10149.0, 7, 6.505769230769231, 0.2
1560, 10156.0, 7, 6.506085842408712, 0.2
1561, 10163.0, 7, 6.50640204865557, 0.2
1562, 10169.0, 6, 6.5060780550223924, 0.2
1563, 10175.0, 6, 6.505754475703325, 0.2
1564, 10178.0, 3, 6.503514376996805, 0.2
1565, 10185.0, 7, 6.503831417624521, 0.2
1566, 10193.0, 8, 6.504786215698788, 0.2
1567, 10200.0, 7, 6.505102040816326, 0.2
1568, 10205.0, 5, 6.504142766093053, 0.2
1569, 10207.0, 2, 6.501273885350319, 0.2
1570, 10214.0, 7, 6.501591343093571, 0.2
1571, 10221.0, 7, 6.501908396946565, 0.2
1572, 10227.0, 6, 6.501589319771138, 0.2
1573, 10233.0, 6, 6.501270648030496, 0.2
1574, 10234.0, 1, 6.497777777777777, 0.2
1575, 10240.0, 6, 6.49746192893401, 0.2
1576, 10246.0, 6, 6.49714648065948, 0.2
1577, 10246.0, 0, 6.493029150823828, 0.2
1578, 10253.0, 7, 6.493350221659278, 0.2
1579, 10258.0, 5, 6.492405063291139, 0.2
1580, 10259.0, 1, 6.488931056293485, 0.2
1581, 10265.0, 6, 6.488621997471555, 0.2
1582, 10266.0, 1, 6.485154769425142, 0.2
1583, 10274.0, 8, 6.486111111111111, 0.2
1584, 10277.0, 3, 6.48391167192429, 0.2
1585, 10284.0, 7, 6.484237074401009, 0.2
1586, 10285.0, 1, 6.4807813484562065, 0.2
1587, 10287.0, 2, 6.477959697732998, 0.2
1588, 10287.0, 0, 6.473882945248584, 0.2
1589, 10295.0, 8, 6.4748427672955975, 0.2
1590, 10295.0, 0, 6.470773098680075, 0.2
1591, 10300.0, 5, 6.469849246231155, 0.2
1592, 10301.0, 1, 6.466415568110484, 0.2
1593, 10306.0, 5, 6.465495608531995, 0.2
1594, 10311.0, 5, 6.464576802507837, 0.2
1595, 10311.0, 0, 6.4605263157894735, 0.2
1596, 10317.0, 6, 6.46023794614903, 0.2
1597, 10324.0, 7, 6.460575719649562, 0.2
1598, 10330.0, 6, 6.460287679799875, 0.2
1599, 10335.0, 5, 6.459375, 0.2
1600, 10341.0, 6, 6.459088069956278, 0.2
1601, 10346.0, 5, 6.4581772784019975, 0.2
1602, 10346.0, 0, 6.454148471615721, 0.2
1603, 10353.0, 7, 6.454488778054863, 0.2
1604, 10353.0, 0, 6.450467289719626, 0.2
1605, 10361.0, 8, 6.4514321295143215, 0.2
1606, 10365.0, 4, 6.449906658369633, 0.2
1607, 10369.0, 4, 6.448383084577115, 0.2
1608, 10374.0, 5, 6.447482908638906, 0.2
1609, 10381.0, 7, 6.447826086956522, 0.2
1610, 10388.0, 7, 6.448168839230291, 0.2
1611, 10394.0, 6, 6.447890818858561, 0.2
1612, 10401.0, 7, 6.448233106013639, 0.2
1613, 10407.0, 6, 6.447955390334572, 0.2
1614, 10414.0, 7, 6.448297213622291, 0.2
1615, 10419.0, 5, 6.44740099009901, 0.2
1616, 10423.0, 4, 6.445887445887446, 0.2
1617, 10426.0, 3, 6.443757725587145, 0.2
1618, 10428.0, 2, 6.441012970969735, 0.2
1619, 10434.0, 6, 6.440740740740741, 0.2
1620, 10442.0, 8, 6.441702652683529, 0.2
1621, 10448.0, 6, 6.441430332922318, 0.2
1622, 10455.0, 7, 6.44177449168207, 0.2
1623, 10462.0, 7, 6.442118226600985, 0.2
1624, 10469.0, 7, 6.442461538461538, 0.2
1625, 10477.0, 8, 6.443419434194342, 0.2
1626, 10483.0, 6, 6.443146896127843, 0.2
1627, 10489.0, 6, 6.4428746928746925, 0.2
1628, 10493.0, 4, 6.441375076734193, 0.2
1629, 10499.0, 6, 6.441104294478528, 0.2
1630, 10505.0, 6, 6.4408338442673205, 0.2
1631, 10512.0, 7, 6.4411764705882355, 0.2
1632, 10517.0, 5, 6.440293937538273, 0.2
1633, 10523.0, 6, 6.440024479804162, 0.2
1634, 10531.0, 8, 6.440978593272171, 0.2
1635, 10532.0, 1, 6.4376528117359415, 0.2
1636, 10539.0, 7, 6.437996334758705, 0.2
1637, 10546.0, 7, 6.438339438339439, 0.2
1638, 10551.0, 5, 6.437461866992068, 0.2
1639, 10558.0, 7, 6.43780487804878, 0.2
1640, 10564.0, 6, 6.437538086532602, 0.2
1641, 10569.0, 5, 6.436662606577345, 0.2
1642, 10576.0, 7, 6.437005477784541, 0.2
1643, 10578.0, 2, 6.434306569343065, 0.2
1644, 10585.0, 7, 6.434650455927052, 0.2
1645, 10593.0, 8, 6.435601458080194, 0.2
1646, 10600.0, 7, 6.435944140862174, 0.2
1647, 10605.0, 5, 6.435072815533981, 0.2
1648, 10612.0, 7, 6.435415403274712, 0.2
1649, 10614.0, 2, 6.432727272727273, 0.2
1650, 10621.0, 7, 6.433070866141732, 0.2
1651, 10622.0, 1, 6.429782082324455, 0.2
1652, 10623.0, 1, 6.426497277676951, 0.2
1653, 10630.0, 7, 6.426844014510278, 0.2
1654, 10637.0, 7, 6.427190332326284, 0.2
1655, 10642.0, 5, 6.426328502415459, 0.2
1656, 10647.0, 5, 6.425467712733856, 0.2
1657, 10652.0, 5, 6.424607961399277, 0.2
1658, 10658.0, 6, 6.424352019288728, 0.2
1659, 10666.0, 8, 6.425301204819277, 0.2
1660, 10671.0, 5, 6.424443106562312, 0.2
1661, 10678.0, 7, 6.4247894103489775, 0.2
1662, 10685.0, 7, 6.42513529765484, 0.2
1663, 10688.0, 3, 6.423076923076923, 0.2
1664, 10694.0, 6, 6.422822822822823, 0.2
1665, 10701.0, 7, 6.423169267707083, 0.2
1666, 10705.0, 4, 6.421715656868626, 0.2
1667, 10707.0, 2, 6.419064748201439, 0.2
1668, 10713.0, 6, 6.4188136608747755, 0.2
1669, 10718.0, 5, 6.417964071856288, 0.2
1670, 10723.0, 5, 6.4171154997007775, 0.2
1671, 10730.0, 7, 6.417464114832536, 0.2
1672, 10738.0, 8, 6.418410041841004, 0.2
1673, 10743.0, 5, 6.417562724014337, 0.2
1674, 10750.0, 7, 6.417910447761194, 0.2
1675, 10755.0, 5, 6.417064439140812, 0.2
1676, 10762.0, 7, 6.417412045319022, 0.2
1677, 10769.0, 7, 6.417759237187128, 0.2
1678, 10775.0, 6, 6.417510422870756, 0.2
1679, 10781.0, 6, 6.417261904761904, 0.2
1680, 10787.0, 6, 6.4170136823319455, 0.2
1681, 10790.0, 3, 6.414982164090369, 0.2
1682, 10791.0, 1, 6.411764705882353, 0.2
1683, 10799.0, 8, 6.41270783847981, 0.2
1684, 10805.0, 6, 6.41246290801187, 0.2
1685, 10805.0, 0, 6.408659549228944, 0.2
1686, 10811.0, 6, 6.408417308832247, 0.2
1687, 10817.0, 6, 6.408175355450237, 0.2
1688, 10821.0, 4, 6.406749555950267, 0.2
1689, 10829.0, 8, 6.407692307692308, 0.2
1690, 10836.0, 7, 6.408042578356002, 0.2
1691, 10842.0, 6, 6.407801418439717, 0.2
1692, 10850.0, 8, 6.4087418783225045, 0.2
1693, 10856.0, 6, 6.408500590318772, 0.2
1694, 10861.0, 5, 6.407669616519174, 0.2
1695, 10869.0, 8, 6.408608490566038, 0.2
1696, 10871.0, 2, 6.406010606953447, 0.2
1697, 10878.0, 7, 6.406360424028269, 0.2
1698, 10884.0, 6, 6.406121247792819, 0.2
1699, 10890.0, 6, 6.405882352941177, 0.2
1700, 10897.0, 7, 6.406231628453851, 0.2
1701, 10903.0, 6, 6.4059929494712105, 0.2
1702, 10909.0, 6, 6.405754550792719, 0.2
1703, 10912.0, 3, 6.403755868544601, 0.2
1704, 10918.0, 6, 6.4035190615835775, 0.2
1705, 10923.0, 5, 6.402696365767878, 0.2
1706, 10931.0, 8, 6.403632103104862, 0.2
1707, 10939.0, 8, 6.404566744730679, 0.2
1708, 10943.0, 4, 6.403159742539497, 0.2
1709, 10950.0, 7, 6.4035087719298245, 0.2
1710, 10956.0, 6, 6.403272939801286, 0.2
1711, 10958.0, 2, 6.400700934579439, 0.2
1712, 10959.0, 1, 6.397548161120841, 0.2
1713, 10966.0, 7, 6.397899649941657, 0.2
1714, 10973.0, 7, 6.3982507288629735, 0.2
1715, 10978.0, 5, 6.397435897435898, 0.2
1716, 10981.0, 3, 6.395457192778101, 0.2
1717, 10987.0, 6, 6.395227008149011, 0.2
1718, 10993.0, 6, 6.394997091332169, 0.2
1719, 11000.0, 7, 6.395348837209302, 0.2
1720, 11007.0, 7, 6.395700174317257, 0.2
1721, 11013.0, 6, 6.395470383275262, 0.2
1722, 11020.0, 7, 6.395821242019733, 0.2
1723, 11027.0, 7, 6.396171693735499, 0.2
1724, 11034.0, 7, 6.396521739130435, 0.2
1725, 11041.0, 7, 6.3968713789107765, 0.2
1726, 11047.0, 6, 6.396641574985524, 0.2
1727, 11050.0, 3, 6.394675925925926, 0.2
1728, 11057.0, 7, 6.395026026604974, 0.2
1729, 11057.0, 0, 6.391329479768786, 0.2
1730, 11063.0, 6, 6.391103408434431, 0.2
1731, 11068.0, 5, 6.390300230946882, 0.2
1732, 11073.0, 5, 6.389497980380843, 0.2
1733, 11079.0, 6, 6.389273356401384, 0.2
1734, 11080.0, 1, 6.3861671469740635, 0.2
1735, 11083.0, 3, 6.384216589861751, 0.2
1736, 11090.0, 7, 6.384571099597006, 0.2
1737, 11092.0, 2, 6.38204833141542, 0.2
1738, 11100.0, 8, 6.382978723404255, 0.2
1739, 11100.0, 0, 6.379310344827586, 0.2
1740, 11107.0, 7, 6.379666858127513, 0.2
1741, 11114.0, 7, 6.380022962112514, 0.2
1742, 11122.0, 8, 6.380952380952381, 0.2
1743, 11129.0, 7, 6.381307339449541, 0.2
1744, 11131.0, 2, 6.3787965616045845, 0.2
1745, 11132.0, 1, 6.375715922107675, 0.2
1746, 11138.0, 6, 6.375500858614768, 0.2
1747, 11141.0, 3, 6.3735697940503435, 0.2
1748, 11147.0, 6, 6.3733562035448825, 0.2
1749, 11154.0, 7, 6.373714285714286, 0.2
1750, 11161.0, 7, 6.37407195888064, 0.2
1751, 11169.0, 8, 6.375, 0.2
1752, 11171.0, 2, 6.37250427837992, 0.2
1753, 11179.0, 8, 6.373432155074116, 0.2
1754, 11182.0, 3, 6.371509971509972, 0.2
1755, 11184.0, 2, 6.3690205011389525, 0.2
1756, 11190.0, 6, 6.36881047239613, 0.2
1757, 11193.0, 3, 6.3668941979522184, 0.2
1758, 11200.0, 7, 6.367254121660034, 0.2
1759, 11207.0, 7, 6.367613636363636, 0.2
1760, 11214.0, 7, 6.367972742759796, 0.2
1761, 11221.0, 7, 6.368331441543701, 0.2
1762, 11226.0, 5, 6.367555303460011, 0.2
1763, 11231.0, 5, 6.366780045351474, 0.2
1764, 11238.0, 7, 6.3671388101983, 0.2
1765, 11244.0, 6, 6.366930917327293, 0.2
1766, 11245.0, 1, 6.363893604980192, 0.2
1767, 11251.0, 6, 6.36368778280543, 0.2
1768, 11251.0, 0, 6.360090446579989, 0.2
1769, 11255.0, 4, 6.358757062146893, 0.2
1770, 11258.0, 3, 6.356860530773575, 0.2
1771, 11259.0, 1, 6.3538374717832955, 0.2
1772, 11264.0, 5, 6.35307388606881, 0.2
1773, 11269.0, 5, 6.352311161217587, 0.2
1774, 11275.0, 6, 6.352112676056338, 0.2
1775, 11280.0, 5, 6.351351351351352, 0.2
1776, 11286.0, 6, 6.351153629712999, 0.2
1777, 11289.0, 3, 6.349268841394825, 0.2
1778, 11294.0, 5, 6.348510399100618, 0.2
1779, 11298.0, 4, 6.347191011235955, 0.2
1780, 11303.0, 5, 6.3464345873105, 0.2
1781, 11308.0, 5, 6.345679012345679, 0.2
1782, 11313.0, 5, 6.344924284913068, 0.2
1783, 11320.0, 7, 6.345291479820628, 0.2
1784, 11326.0, 6, 6.345098039215686, 0.2
1785, 11334.0, 8, 6.346024636058231, 0.2
1786, 11340.0, 6, 6.345831001678791, 0.2
1787, 11345.0, 5, 6.3450782997762865, 0.2
1788, 11351.0, 6, 6.344885410844047, 0.2
1789, 11355.0, 4, 6.343575418994414, 0.2
1790, 11363.0, 8, 6.344500279173646, 0.2
1791, 11369.0, 6, 6.344308035714286, 0.2
1792, 11375.0, 6, 6.344116006692694, 0.2
1793, 11383.0, 8, 6.345039018952062, 0.2
1794, 11391.0, 8, 6.345961002785515, 0.2
1795, 11399.0, 8, 6.346881959910913, 0.2
1796, 11404.0, 5, 6.3461324429604895, 0.2
1797, 11412.0, 8, 6.347052280311457, 0.2
1798, 11413.0, 1, 6.344080044469149, 0.2
1799, 11420.0, 7, 6.344444444444444, 0.2
1800, 11427.0, 7, 6.344808439755691, 0.2
1801, 11434.0, 7, 6.345172031076582, 0.2
1802, 11439.0, 5, 6.344425956738768, 0.2
1803, 11443.0, 4, 6.343126385809312, 0.2
1804, 11451.0, 8, 6.34404432132964, 0.2
1805, 11457.0, 6, 6.343853820598007, 0.2
1806, 11463.0, 6, 6.34366353071389, 0.2
1807, 11467.0, 4, 6.342367256637168, 0.2
1808, 11472.0, 5, 6.3416252072968495, 0.2
1809, 11475.0, 3, 6.3397790055248615, 0.2
1810, 11483.0, 8, 6.340695748205412, 0.2
1811, 11489.0, 6, 6.3405077262693155, 0.2
1812, 11494.0, 5, 6.33976833976834, 0.2
1813, 11502.0, 8, 6.340683572216097, 0.2
1814, 11505.0, 3, 6.338842975206612, 0.2
1815, 11512.0, 7, 6.3392070484581495, 0.2
1816, 11518.0, 6, 6.339020363236103, 0.2
1817, 11524.0, 6, 6.338833883388339, 0.2
1818, 11528.0, 4, 6.337548103353491, 0.2
1819, 11536.0, 8, 6.338461538461538, 0.2
1820, 11542.0, 6, 6.3382756727073035, 0.2
1821, 11545.0, 3, 6.336443468715697, 0.2
1822, 11549.0, 4, 6.335161821173889, 0.2
1823, 11555.0, 6, 6.334978070175438, 0.2
1824, 11563.0, 8, 6.335890410958904, 0.2
1825, 11566.0, 3, 6.334063526834611, 0.2
1826, 11569.0, 3, 6.33223864258347, 0.2
1827, 11573.0, 4, 6.330962800875273, 0.2
1828, 11581.0, 8, 6.331875341716785, 0.2
1829, 11583.0, 2, 6.329508196721312, 0.2
1830, 11585.0, 2, 6.327143637356635, 0.2
1831, 11590.0, 5, 6.326419213973799, 0.2
1832, 11595.0, 5, 6.32569558101473, 0.2
1833, 11602.0, 7, 6.326063249727372, 0.2
1834, 11608.0, 6, 6.325885558583106, 0.2
1835, 11614.0, 6, 6.325708061002179, 0.2
1836, 11614.0, 0, 6.32226456178552, 0.2
1837, 11622.0, 8, 6.323177366702938, 0.2
1838, 11622.0, 0, 6.319738988580751, 0.2
1839, 11629.0, 7, 6.3201086956521735, 0.2
1840, 11636.0, 7, 6.320478001086366, 0.2
1841, 11637.0, 1, 6.317589576547231, 0.2
1842, 11642.0, 5, 6.316874660879002, 0.2
1843, 11649.0, 7, 6.3172451193058565, 0.2
1844, 11657.0, 8, 6.318157181571816, 0.2
1845, 11663.0, 6, 6.317984832069339, 0.2
1846, 11669.0, 6, 6.3178126691932865, 0.2
1847, 11675.0, 6, 6.317640692640692, 0.2
1848, 11676.0, 1, 6.314764737696052, 0.2
1849, 11677.0, 1, 6.311891891891892, 0.2
1850, 11684.0, 7, 6.312263641274987, 0.2
1851, 11684.0, 0, 6.308855291576674, 0.2
1852, 11692.0, 8, 6.309767943874798, 0.2
1853, 11694.0, 2, 6.307443365695793, 0.2
1854, 11699.0, 5, 6.306738544474394, 0.2
1855, 11705.0, 6, 6.306573275862069, 0.2
1856, 11711.0, 6, 6.306408185245019, 0.2
1857, 11713.0, 2, 6.3040904198062435, 0.2
1858, 11714.0, 1, 6.301237224314147, 0.2
1859, 11720.0, 6, 6.301075268817204, 0.2
1860, 11727.0, 7, 6.301450832885545, 0.2
1861, 11733.0, 6, 6.301288936627283, 0.2
1862, 11739.0, 6, 6.301127214170692, 0.2
1863, 11746.0, 7, 6.301502145922747, 0.2
1864, 11753.0, 7, 6.301876675603217, 0.2
1865, 11756.0, 3, 6.30010718113612, 0.2
1866, 11757.0, 1, 6.297268344938404, 0.2
1867, 11763.0, 6, 6.29710920770878, 0.2
1868, 11770.0, 7, 6.297485286249331, 0.2
1869, 11777.0, 7, 6.297860962566845, 0.2
1870, 11781.0, 4, 6.296632816675575, 0.2
1871, 11787.0, 6, 6.296474358974359, 0.2
1872, 11794.0, 7, 6.296849973304859, 0.2
1873, 11801.0, 7, 6.297225186766275, 0.2
1874, 11807.0, 6, 6.297066666666667, 0.2
1875, 11812.0, 5, 6.29637526652452, 0.2
1876, 11820.0, 8, 6.297282898241876, 0.2
1877, 11826.0, 6, 6.297124600638978, 0.2
1878, 11833.0, 7, 6.297498669505056, 0.2
1879, 11833.0, 0, 6.294148936170213, 0.2
1880, 11839.0, 6, 6.293992557150452, 0.2
1881, 11843.0, 4, 6.292773645058449, 0.2
1882, 11843.0, 0, 6.289431757833245, 0.2
1883, 11851.0, 8, 6.290339702760085, 0.2
1884, 11855.0, 4, 6.289124668435013, 0.2
1885, 11861.0, 6, 6.28897136797455, 0.2
1886, 11867.0, 6, 6.288818229994701, 0.2
1887, 11873.0, 6, 6.288665254237288, 0.2
1888, 11879.0, 6, 6.28851244044468, 0.2
1889, 11883.0, 4, 6.287301587301587, 0.2
1890, 11890.0, 7, 6.287678476996298, 0.2
1891, 11896.0, 6, 6.2875264270613105, 0.2
1892, 11898.0, 2, 6.2852614896988905, 0.2
1893, 11903.0, 5, 6.284582893347413, 0.2
1894, 11908.0, 5, 6.283905013192612, 0.2
1895, 11914.0, 6, 6.283755274261603, 0.2
1896, 11922.0, 8, 6.284659989457038, 0.2
1897, 11926.0, 4, 6.2834562697576395, 0.2
1898, 11928.0, 2, 6.281200631911532, 0.2
1899, 11934.0, 6, 6.281052631578947, 0.2
1900, 11941.0, 7, 6.281430825881115, 0.2
1901, 11948.0, 7, 6.281808622502629, 0.2
1902, 11950.0, 2, 6.27955859169732, 0.2
1903, 11957.0, 7, 6.279936974789916, 0.2
1904, 11963.0, 6, 6.279790026246719, 0.2
1905, 11968.0, 5, 6.279118572927597, 0.2
1906, 11973.0, 5, 6.278447823807027, 0.2
1907, 11978.0, 5, 6.277777777777778, 0.2
1908, 11982.0, 4, 6.276584599266632, 0.2
1909, 11988.0, 6, 6.276439790575917, 0.2
1910, 11992.0, 4, 6.275248560962846, 0.2
1911, 11999.0, 7, 6.275627615062762, 0.2
1912, 12000.0, 1, 6.2728698379508625, 0.2
1913, 12003.0, 3, 6.27115987460815, 0.2
1914, 12008.0, 5, 6.270496083550914, 0.2
1915, 12013.0, 5, 6.269832985386222, 0.2
1916, 12020.0, 7, 6.270213875847679, 0.2
1917, 12026.0, 6, 6.2700729927007295, 0.2
1918, 12033.0, 7, 6.270453361125586, 0.2
1919, 12033.0, 0, 6.2671875, 0.2
1920, 12040.0, 7, 6.267568974492452, 0.2
1921, 12041.0, 1, 6.264828303850156, 0.2
1922, 12047.0, 6, 6.264690587623505, 0.2
1923, 12054.0, 7, 6.265072765072765, 0.2
1924, 12054.0, 0, 6.261818181818182, 0.2
1925, 12061.0, 7, 6.262201453790238, 0.2
1926, 12067.0, 6, 6.2620653866113125, 0.2
1927, 12074.0, 7, 6.262448132780083, 0.2
1928, 12080.0, 6, 6.262312078797304, 0.2
1929, 12086.0, 6, 6.262176165803109, 0.2
1930, 12089.0, 3, 6.260486794407043, 0.2
1931, 12096.0, 7, 6.260869565217392, 0.2
1932, 12101.0, 5, 6.260217278841179, 0.2
1933, 12108.0, 7, 6.260599793174768, 0.2
1934, 12115.0, 7, 6.260981912144703, 0.2
1935, 12120.0, 5, 6.260330578512397, 0.2
1936, 12125.0, 5, 6.259679917398039, 0.2
1937, 12132.0, 7, 6.260061919504644, 0.2
1938, 12139.0, 7, 6.260443527591542, 0.2
1939, 12143.0, 4, 6.259278350515464, 0.2
1940, 12150.0, 7, 6.259659969088099, 0.2
1941, 12152.0, 2, 6.257466529351184, 0.2
1942, 12157.0, 5, 6.256819351518271, 0.2
1943, 12162.0, 5, 6.256172839506172, 0.2
1944, 12164.0, 2, 6.253984575835475, 0.2
1945, 12172.0, 8, 6.254881808838643, 0.2
1946, 12179.0, 7, 6.255264509501798, 0.2
1947, 12186.0, 7, 6.25564681724846, 0.2
1948, 12193.0, 7, 6.256028732683427, 0.2
1949, 12199.0, 6, 6.2558974358974355, 0.2
1950, 12205.0, 6, 6.255766273705792, 0.2
1951, 12209.0, 4, 6.254610655737705, 0.2
1952, 12215.0, 6, 6.254480286738351, 0.2
1953, 12222.0, 7, 6.254861821903787, 0.2
1954, 12227.0, 5, 6.254219948849105, 0.2
1955, 12231.0, 4, 6.2530674846625764, 0.2
1956, 12235.0, 4, 6.251916198262647, 0.2
1957, 12241.0, 6, 6.251787538304392, 0.2
1958, 12247.0, 6, 6.251659009698826, 0.2
1959, 12255.0, 8, 6.252551020408164, 0.2
1960, 12255.0, 0, 6.249362570117287, 0.2
1961, 12260.0, 5, 6.248725790010194, 0.2
1962, 12266.0, 6, 6.2485990830361695, 0.2
1963, 12273.0, 7, 6.2489816700611, 0.2
1964, 12278.0, 5, 6.248346055979644, 0.2
1965, 12280.0, 2, 6.24618514750763, 0.2
1966, 12287.0, 7, 6.246568378240976, 0.2
1967, 12293.0, 6, 6.246443089430894, 0.2
1968, 12298.0, 5, 6.245810055865922, 0.2
1969, 12305.0, 7, 6.246192893401015, 0.2
1970, 12312.0, 7, 6.2465753424657535, 0.2
1971, 12312.0, 0, 6.243407707910751, 0.2
1972, 12319.0, 7, 6.2437911809427264, 0.2
1973, 12325.0, 6, 6.243667679837893, 0.2
1974, 12327.0, 2, 6.241518987341772, 0.2
1975, 12334.0, 7, 6.241902834008097, 0.2
1976, 12334.0, 0, 6.238745574102175, 0.2
1977, 12341.0, 7, 6.239130434782608, 0.2
1978, 12348.0, 7, 6.239514906518444, 0.2
1979, 12356.0, 8, 6.240404040404041, 0.2
1980, 12362.0, 6, 6.240282685512367, 0.2
1981, 12370.0, 8, 6.24117053481332, 0.2
1982, 12376.0, 6, 6.241048915784165, 0.2
1983, 12381.0, 5, 6.240423387096774, 0.2
1984, 12387.0, 6, 6.2403022670025186, 0.2
1985, 12394.0, 7, 6.240684793554884, 0.2
1986, 12400.0, 6, 6.240563663814796, 0.2
1987, 12405.0, 5, 6.239939637826962, 0.2
1988, 12410.0, 5, 6.239316239316239, 0.2
1989, 12412.0, 2, 6.237185929648241, 0.2
1990, 12417.0, 5, 6.236564540431944, 0.2
1991, 12422.0, 5, 6.235943775100401, 0.2
1992, 12427.0, 5, 6.2353236327145005, 0.2
1993, 12435.0, 8, 6.236208625877633, 0.2
1994, 12442.0, 7, 6.236591478696742, 0.2
1995, 12448.0, 6, 6.236472945891784, 0.2
1996, 12453.0, 5, 6.235853780671007, 0.2
1997, 12459.0, 6, 6.2357357357357355, 0.2
1998, 12465.0, 6, 6.235617808904452, 0.2
1999, 12466.0, 1, 6.233, 0.2
