0, 8.0, 8, 8.0, 0.1
1, 16.0, 8, 8.0, 0.1
2, 24.0, 8, 8.0, 0.1
3, 32.0, 8, 8.0, 0.1
4, 40.0, 8, 8.0, 0.1
5, 48.0, 8, 8.0, 0.1
6, 56.0, 8, 8.0, 0.1
7, 64.0, 8, 8.0, 0.1
8, 72.0, 8, 8.0, 0.1
9, 80.0, 8, 8.0, 0.1
10, 88.0, 8, 8.0, 0.1
11, 96.0, 8, 8.0, 0.1
12, 104.0, 8, 8.0, 0.1
13, 112.0, 8, 8.0, 0.1
14, 120.0, 8, 8.0, 0.1
15, 128.0, 8, 8.0, 0.1
16, 136.0, 8, 8.0, 0.1
17, 144.0, 8, 8.0, 0.1
18, 152.0, 8, 8.0, 0.1
19, 160.0, 8, 8.0, 0.1
20, 168.0, 8, 8.0, 0.1
21, 176.0, 8, 8.0, 0.1
22, 184.0, 8, 8.0, 0.1
23, 192.0, 8, 8.0, 0.1
24, 200.0, 8, 8.0, 0.1
25, 208.0, 8, 8.0, 0.1
26, 216.0, 8, 8.0, 0.1
27, 224.0, 8, 8.0, 0.1
28, 232.0, 8, 8.0, 0.1
29, 240.0, 8, 8.0, 0.1
30, 248.0, 8, 8.0, 0.1
31, 256.0, 8, 8.0, 0.1
32, 264.0, 8, 8.0, 0.1
33, 272.0, 8, 8.0, 0.1
34, 280.0, 8, 8.0, 0.1
35, 288.0, 8, 8.0, 0.1
36, 296.0, 8, 8.0, 0.1
37, 304.0, 8, 8.0, 0.1
38, 312.0, 8, 8.0, 0.1
39, 320.0, 8, 8.0, 0.1
40, 328.0, 8, 8.0, 0.1
41, 336.0, 8, 8.0, 0.1
42, 344.0, 8, 8.0, 0.1
43, 352.0, 8, 8.0, 0.1
44, 360.0, 8, 8.0, 0.1
45, 368.0, 8, 8.0, 0.1
46, 376.0, 8, 8.0, 0.1
47, 384.0, 8, 8.0, 0.1
48, 392.0, 8, 8.0, 0.1
49, 400.0, 8, 8.0, 0.1
50, 408.0, 8, 8.0, 0.1
51, 416.0, 8, 8.0, 0.1
52, 424.0, 8, 8.0, 0.1
53, 432.0, 8, 8.0, 0.1
54, 440.0, 8, 8.0, 0.1
55, 448.0, 8, 8.0, 0.1
56, 456.0, 8, 8.0, 0.1
57, 464.0, 8, 8.0, 0.1
58, 472.0, 8, 8.0, 0.1
59, 480.0, 8, 8.0, 0.1
60, 488.0, 8, 8.0, 0.1
61, 496.0, 8, 8.0, 0.1
62, 504.0, 8, 8.0, 0.1
63, 512.0, 8, 8.0, 0.1
64, 520.0, 8, 8.0, 0.1
65, 528.0, 8, 8.0, 0.1
66, 536.0, 8, 8.0, 0.1
67, 544.0, 8, 8.0, 0.1
68, 552.0, 8, 8.0, 0.1
69, 560.0, 8, 8.0, 0.1
70, 568.0, 8, 8.0, 0.1
71, 576.0, 8, 8.0, 0.1
72, 584.0, 8, 8.0, 0.1
73, 592.0, 8, 8.0, 0.1
74, 600.0, 8, 8.0, 0.1
75, 608.0, 8, 8.0, 0.1
76, 616.0, 8, 8.0, 0.1
77, 624.0, 8, 8.0, 0.1
78, 632.0, 8, 8.0, 0.1
79, 640.0, 8, 8.0, 0.1
80, 648.0, 8, 8.0, 0.1
81, 656.0, 8, 8.0, 0.1
82, 664.0, 8, 8.0, 0.1
83, 672.0, 8, 8.0, 0.1
84, 680.0, 8, 8.0, 0.1
85, 688.0, 8, 8.0, 0.1
86, 696.0, 8, 8.0, 0.1
87, 704.0, 8, 8.0, 0.1
88, 712.0, 8, 8.0, 0.1
89, 720.0, 8, 8.0, 0.1
90, 728.0, 8, 8.0, 0.1
91, 736.0, 8, 8.0, 0.1
92, 744.0, 8, 8.0, 0.1
93, 752.0, 8, 8.0, 0.1
94, 760.0, 8, 8.0, 0.1
95, 768.0, 8, 8.0, 0.1
96, 776.0, 8, 8.0, 0.1
97, 784.0, 8, 8.0, 0.1
98, 792.0, 8, 8.0, 0.1
99, 800.0, 8, 8.0, 0.1
100, 808.0, 8, 8.0, 0.1
101, 816.0, 8, 8.0, 0.1
102, 824.0, 8, 8.0, 0.1
103, 832.0, 8, 8.0, 0.1
104, 840.0, 8, 8.0, 0.1
105, 848.0, 8, 8.0, 0.1
106, 856.0, 8, 8.0, 0.1
107, 864.0, 8, 8.0, 0.1
108, 872.0, 8, 8.0, 0.1
109, 880.0, 8, 8.0, 0.1
110, 888.0, 8, 8.0, 0.1
111, 896.0, 8, 8.0, 0.1
112, 904.0, 8, 8.0, 0.1
113, 912.0, 8, 8.0, 0.1
114, 920.0, 8, 8.0, 0.1
115, 928.0, 8, 8.0, 0.1
116, 936.0, 8, 8.0, 0.1
117, 944.0, 8, 8.0, 0.1
118, 952.0, 8, 8.0, 0.1
119, 960.0, 8, 8.0, 0.1
120, 968.0, 8, 8.0, 0.1
121, 976.0, 8, 8.0, 0.1
122, 984.0, 8, 8.0, 0.1
123, 992.0, 8, 8.0, 0.1
124, 1000.0, 8, 8.0, 0.1
125, 1008.0, 8, 8.0, 0.1
126, 1016.0, 8, 8.0, 0.1
127, 1024.0, 8, 8.0, 0.1
128, 1032.0, 8, 8.0, 0.1
129, 1040.0, 8, 8.0, 0.1
130, 1048.0, 8, 8.0, 0.1
131, 1056.0, 8, 8.0, 0.1
132, 1064.0, 8, 8.0, 0.1
133, 1072.0, 8, 8.0, 0.1
134, 1080.0, 8, 8.0, 0.1
135, 1088.0, 8, 8.0, 0.1
136, 1096.0, 8, 8.0, 0.1
137, 1104.0, 8, 8.0, 0.1
138, 1112.0, 8, 8.0, 0.1
139, 1120.0, 8, 8.0, 0.1
140, 1128.0, 8, 8.0, 0.1
141, 1136.0, 8, 8.0, 0.1
142, 1144.0, 8, 8.0, 0.1
143, 1152.0, 8, 8.0, 0.1
144, 1160.0, 8, 8.0, 0.1
145, 1168.0, 8, 8.0, 0.1
146, 1176.0, 8, 8.0, 0.1
147, 1184.0, 8, 8.0, 0.1
148, 1192.0, 8, 8.0, 0.1
149, 1200.0, 8, 8.0, 0.1
150, 1208.0, 8, 8.0, 0.1
151, 1216.0, 8, 8.0, 0.1
152, 1224.0, 8, 8.0, 0.1
153, 1232.0, 8, 8.0, 0.1
154, 1240.0, 8, 8.0, 0.1
155, 1248.0, 8, 8.0, 0.1
156, 1256.0, 8, 8.0, 0.1
157, 1264.0, 8, 8.0, 0.1
158, 1272.0, 8, 8.0, 0.1
159, 1280.0, 8, 8.0, 0.1
160, 1288.0, 8, 8.0, 0.1
161, 1296.0, 8, 8.0, 0.1
162, 1304.0, 8, 8.0, 0.1
163, 1312.0, 8, 8.0, 0.1
164, 1320.0, 8, 8.0, 0.1
165, 1328.0, 8, 8.0, 0.1
166, 1336.0, 8, 8.0, 0.1
167, 1344.0, 8, 8.0, 0.1
168, 1352.0, 8, 8.0, 0.1
169, 1360.0, 8, 8.0, 0.1
170, 1368.0, 8, 8.0, 0.1
171, 1376.0, 8, 8.0, 0.1
172, 1384.0, 8, 8.0, 0.1
173, 1392.0, 8, 8.0, 0.1
174, 1400.0, 8, 8.0, 0.1
175, 1408.0, 8, 8.0, 0.1
176, 1416.0, 8, 8.0, 0.1
177, 1424.0, 8, 8.0, 0.1
178, 1432.0, 8, 8.0, 0.1
179, 1440.0, 8, 8.0, 0.1
180, 1448.0, 8, 8.0, 0.1
181, 1456.0, 8, 8.0, 0.1
182, 1464.0, 8, 8.0, 0.1
183, 1472.0, 8, 8.0, 0.1
184, 1480.0, 8, 8.0, 0.1
185, 1488.0, 8, 8.0, 0.1
186, 1496.0, 8, 8.0, 0.1
187, 1504.0, 8, 8.0, 0.1
188, 1512.0, 8, 8.0, 0.1
189, 1520.0, 8, 8.0, 0.1
190, 1528.0, 8, 8.0, 0.1
191, 1536.0, 8, 8.0, 0.1
192, 1544.0, 8, 8.0, 0.1
193, 1552.0, 8, 8.0, 0.1
194, 1560.0, 8, 8.0, 0.1
195, 1568.0, 8, 8.0, 0.1
196, 1576.0, 8, 8.0, 0.1
197, 1584.0, 8, 8.0, 0.1
198, 1592.0, 8, 8.0, 0.1
199, 1600.0, 8, 8.0, 0.1
200, 1608.0, 8, 8.0, 0.1
201, 1616.0, 8, 8.0, 0.1
202, 1624.0, 8, 8.0, 0.1
203, 1632.0, 8, 8.0, 0.1
204, 1640.0, 8, 8.0, 0.1
205, 1648.0, 8, 8.0, 0.1
206, 1656.0, 8, 8.0, 0.1
207, 1664.0, 8, 8.0, 0.1
208, 1672.0, 8, 8.0, 0.1
209, 1680.0, 8, 8.0, 0.1
210, 1688.0, 8, 8.0, 0.1
211, 1696.0, 8, 8.0, 0.1
212, 1704.0, 8, 8.0, 0.1
213, 1712.0, 8, 8.0, 0.1
214, 1720.0, 8, 8.0, 0.1
215, 1728.0, 8, 8.0, 0.1
216, 1736.0, 8, 8.0, 0.1
217, 1744.0, 8, 8.0, 0.1
218, 1752.0, 8, 8.0, 0.1
219, 1760.0, 8, 8.0, 0.1
220, 1768.0, 8, 8.0, 0.1
221, 1776.0, 8, 8.0, 0.1
222, 1784.0, 8, 8.0, 0.1
223, 1792.0, 8, 8.0, 0.1
224, 1800.0, 8, 8.0, 0.1
225, 1808.0, 8, 8.0, 0.1
226, 1816.0, 8, 8.0, 0.1
227, 1824.0, 8, 8.0, 0.1
228, 1832.0, 8, 8.0, 0.1
229, 1840.0, 8, 8.0, 0.1
230, 1848.0, 8, 8.0, 0.1
231, 1856.0, 8, 8.0, 0.1
232, 1864.0, 8, 8.0, 0.1
233, 1872.0, 8, 8.0, 0.1
234, 1880.0, 8, 8.0, 0.1
235, 1888.0, 8, 8.0, 0.1
236, 1896.0, 8, 8.0, 0.1
237, 1904.0, 8, 8.0, 0.1
238, 1912.0, 8, 8.0, 0.1
239, 1920.0, 8, 8.0, 0.1
240, 1928.0, 8, 8.0, 0.1
241, 1936.0, 8, 8.0, 0.1
242, 1944.0, 8, 8.0, 0.1
243, 1952.0, 8, 8.0, 0.1
244, 1960.0, 8, 8.0, 0.1
245, 1968.0, 8, 8.0, 0.1
246, 1976.0, 8, 8.0, 0.1
247, 1984.0, 8, 8.0, 0.1
248, 1992.0, 8, 8.0, 0.1
249, 2000.0, 8, 8.0, 0.1
250, 2008.0, 8, 8.0, 0.1
251, 2016.0, 8, 8.0, 0.1
252, 2024.0, 8, 8.0, 0.1
253, 2032.0, 8, 8.0, 0.1
254, 2040.0, 8, 8.0, 0.1
255, 2048.0, 8, 8.0, 0.1
256, 2056.0, 8, 8.0, 0.1
257, 2064.0, 8, 8.0, 0.1
258, 2072.0, 8, 8.0, 0.1
259, 2080.0, 8, 8.0, 0.1
260, 2088.0, 8, 8.0, 0.1
261, 2096.0, 8, 8.0, 0.1
262, 2104.0, 8, 8.0, 0.1
263, 2112.0, 8, 8.0, 0.1
264, 2120.0, 8, 8.0, 0.1
265, 2128.0, 8, 8.0, 0.1
266, 2136.0, 8, 8.0, 0.1
267, 2144.0, 8, 8.0, 0.1
268, 2152.0, 8, 8.0, 0.1
269, 2160.0, 8, 8.0, 0.1
270, 2168.0, 8, 8.0, 0.1
271, 2176.0, 8, 8.0, 0.1
272, 2184.0, 8, 8.0, 0.1
273, 2192.0, 8, 8.0, 0.1
274, 2200.0, 8, 8.0, 0.1
275, 2208.0, 8, 8.0, 0.1
276, 2216.0, 8, 8.0, 0.1
277, 2224.0, 8, 8.0, 0.1
278, 2232.0, 8, 8.0, 0.1
279, 2240.0, 8, 8.0, 0.1
280, 2248.0, 8, 8.0, 0.1
281, 2256.0, 8, 8.0, 0.1
282, 2264.0, 8, 8.0, 0.1
283, 2272.0, 8, 8.0, 0.1
284, 2280.0, 8, 8.0, 0.1
285, 2288.0, 8, 8.0, 0.1
286, 2296.0, 8, 8.0, 0.1
287, 2304.0, 8, 8.0, 0.1
288, 2312.0, 8, 8.0, 0.1
289, 2320.0, 8, 8.0, 0.1
290, 2328.0, 8, 8.0, 0.1
291, 2336.0, 8, 8.0, 0.1
292, 2344.0, 8, 8.0, 0.1
293, 2352.0, 8, 8.0, 0.1
294, 2360.0, 8, 8.0, 0.1
295, 2368.0, 8, 8.0, 0.1
296, 2376.0, 8, 8.0, 0.1
297, 2384.0, 8, 8.0, 0.1
298, 2392.0, 8, 8.0, 0.1
299, 2400.0, 8, 8.0, 0.1
300, 2408.0, 8, 8.0, 0.1
301, 2416.0, 8, 8.0, 0.1
302, 2424.0, 8, 8.0, 0.1
303, 2432.0, 8, 8.0, 0.1
304, 2440.0, 8, 8.0, 0.1
305, 2448.0, 8, 8.0, 0.1
306, 2456.0, 8, 8.0, 0.1
307, 2464.0, 8, 8.0, 0.1
308, 2472.0, 8, 8.0, 0.1
309, 2480.0, 8, 8.0, 0.1
310, 2488.0, 8, 8.0, 0.1
311, 2496.0, 8, 8.0, 0.1
312, 2504.0, 8, 8.0, 0.1
313, 2512.0, 8, 8.0, 0.1
314, 2520.0, 8, 8.0, 0.1
315, 2528.0, 8, 8.0, 0.1
316, 2536.0, 8, 8.0, 0.1
317, 2544.0, 8, 8.0, 0.1
318, 2552.0, 8, 8.0, 0.1
319, 2560.0, 8, 8.0, 0.1
320, 2568.0, 8, 8.0, 0.1
321, 2576.0, 8, 8.0, 0.1
322, 2584.0, 8, 8.0, 0.1
323, 2592.0, 8, 8.0, 0.1
324, 2600.0, 8, 8.0, 0.1
325, 2608.0, 8, 8.0, 0.1
326, 2616.0, 8, 8.0, 0.1
327, 2624.0, 8, 8.0, 0.1
328, 2632.0, 8, 8.0, 0.1
329, 2640.0, 8, 8.0, 0.1
330, 2648.0, 8, 8.0, 0.1
331, 2656.0, 8, 8.0, 0.1
332, 2664.0, 8, 8.0, 0.1
333, 2672.0, 8, 8.0, 0.1
334, 2680.0, 8, 8.0, 0.1
335, 2688.0, 8, 8.0, 0.1
336, 2696.0, 8, 8.0, 0.1
337, 2704.0, 8, 8.0, 0.1
338, 2712.0, 8, 8.0, 0.1
339, 2720.0, 8, 8.0, 0.1
340, 2728.0, 8, 8.0, 0.1
341, 2736.0, 8, 8.0, 0.1
342, 2744.0, 8, 8.0, 0.1
343, 2752.0, 8, 8.0, 0.1
344, 2760.0, 8, 8.0, 0.1
345, 2768.0, 8, 8.0, 0.1
346, 2776.0, 8, 8.0, 0.1
347, 2784.0, 8, 8.0, 0.1
348, 2792.0, 8, 8.0, 0.1
349, 2800.0, 8, 8.0, 0.1
350, 2808.0, 8, 8.0, 0.1
351, 2816.0, 8, 8.0, 0.1
352, 2824.0, 8, 8.0, 0.1
353, 2832.0, 8, 8.0, 0.1
354, 2840.0, 8, 8.0, 0.1
355, 2848.0, 8, 8.0, 0.1
356, 2856.0, 8, 8.0, 0.1
357, 2864.0, 8, 8.0, 0.1
358, 2872.0, 8, 8.0, 0.1
359, 2880.0, 8, 8.0, 0.1
360, 2888.0, 8, 8.0, 0.1
361, 2896.0, 8, 8.0, 0.1
362, 2904.0, 8, 8.0, 0.1
363, 2912.0, 8, 8.0, 0.1
364, 2920.0, 8, 8.0, 0.1
365, 2928.0, 8, 8.0, 0.1
366, 2936.0, 8, 8.0, 0.1
367, 2944.0, 8, 8.0, 0.1
368, 2952.0, 8, 8.0, 0.1
369, 2960.0, 8, 8.0, 0.1
370, 2968.0, 8, 8.0, 0.1
371, 2976.0, 8, 8.0, 0.1
372, 2984.0, 8, 8.0, 0.1
373, 2992.0, 8, 8.0, 0.1
374, 3000.0, 8, 8.0, 0.1
375, 3008.0, 8, 8.0, 0.1
376, 3016.0, 8, 8.0, 0.1
377, 3024.0, 8, 8.0, 0.1
378, 3032.0, 8, 8.0, 0.1
379, 3040.0, 8, 8.0, 0.1
380, 3048.0, 8, 8.0, 0.1
381, 3056.0, 8, 8.0, 0.1
382, 3064.0, 8, 8.0, 0.1
383, 3072.0, 8, 8.0, 0.1
384, 3080.0, 8, 8.0, 0.1
385, 3088.0, 8, 8.0, 0.1
386, 3096.0, 8, 8.0, 0.1
387, 3104.0, 8, 8.0, 0.1
388, 3112.0, 8, 8.0, 0.1
389, 3120.0, 8, 8.0, 0.1
390, 3128.0, 8, 8.0, 0.1
391, 3136.0, 8, 8.0, 0.1
392, 3144.0, 8, 8.0, 0.1
393, 3152.0, 8, 8.0, 0.1
394, 3160.0, 8, 8.0, 0.1
395, 3168.0, 8, 8.0, 0.1
396, 3176.0, 8, 8.0, 0.1
397, 3184.0, 8, 8.0, 0.1
398, 3192.0, 8, 8.0, 0.1
399, 3200.0, 8, 8.0, 0.1
400, 3208.0, 8, 8.0, 0.1
401, 3216.0, 8, 8.0, 0.1
402, 3224.0, 8, 8.0, 0.1
403, 3232.0, 8, 8.0, 0.1
404, 3240.0, 8, 8.0, 0.1
405, 3248.0, 8, 8.0, 0.1
406, 3256.0, 8, 8.0, 0.1
407, 3264.0, 8, 8.0, 0.1
408, 3272.0, 8, 8.0, 0.1
409, 3280.0, 8, 8.0, 0.1
410, 3288.0, 8, 8.0, 0.1
411, 3296.0, 8, 8.0, 0.1
412, 3304.0, 8, 8.0, 0.1
413, 3312.0, 8, 8.0, 0.1
414, 3320.0, 8, 8.0, 0.1
415, 3328.0, 8, 8.0, 0.1
416, 3336.0, 8, 8.0, 0.1
417, 3344.0, 8, 8.0, 0.1
418, 3352.0, 8, 8.0, 0.1
419, 3360.0, 8, 8.0, 0.1
420, 3368.0, 8, 8.0, 0.1
421, 3376.0, 8, 8.0, 0.1
422, 3384.0, 8, 8.0, 0.1
423, 3392.0, 8, 8.0, 0.1
424, 3400.0, 8, 8.0, 0.1
425, 3408.0, 8, 8.0, 0.1
426, 3416.0, 8, 8.0, 0.1
427, 3424.0, 8, 8.0, 0.1
428, 3432.0, 8, 8.0, 0.1
429, 3440.0, 8, 8.0, 0.1
430, 3448.0, 8, 8.0, 0.1
431, 3456.0, 8, 8.0, 0.1
432, 3464.0, 8, 8.0, 0.1
433, 3472.0, 8, 8.0, 0.1
434, 3480.0, 8, 8.0, 0.1
435, 3488.0, 8, 8.0, 0.1
436, 3496.0, 8, 8.0, 0.1
437, 3504.0, 8, 8.0, 0.1
438, 3512.0, 8, 8.0, 0.1
439, 3520.0, 8, 8.0, 0.1
440, 3528.0, 8, 8.0, 0.1
441, 3536.0, 8, 8.0, 0.1
442, 3544.0, 8, 8.0, 0.1
443, 3552.0, 8, 8.0, 0.1
444, 3560.0, 8, 8.0, 0.1
445, 3568.0, 8, 8.0, 0.1
446, 3576.0, 8, 8.0, 0.1
447, 3584.0, 8, 8.0, 0.1
448, 3592.0, 8, 8.0, 0.1
449, 3600.0, 8, 8.0, 0.1
450, 3608.0, 8, 8.0, 0.1
451, 3616.0, 8, 8.0, 0.1
452, 3624.0, 8, 8.0, 0.1
453, 3632.0, 8, 8.0, 0.1
454, 3640.0, 8, 8.0, 0.1
455, 3647.0, 7, 7.99780701754386, 0.1
456, 3655.0, 8, 7.99781181619256, 0.1
457, 3663.0, 8, 7.997816593886463, 0.1
458, 3671.0, 8, 7.9978213507625275, 0.1
459, 3679.0, 8, 7.997826086956522, 0.1
460, 3687.0, 8, 7.997830802603037, 0.1
461, 3694.0, 7, 7.995670995670996, 0.1
462, 3701.0, 7, 7.993520518358531, 0.1
463, 3708.0, 7, 7.991379310344827, 0.1
464, 3716.0, 8, 7.991397849462365, 0.1
465, 3724.0, 8, 7.991416309012876, 0.1
466, 3729.0, 5, 7.985010706638116, 0.1
467, 3736.0, 7, 7.982905982905983, 0.1
468, 3743.0, 7, 7.980810234541578, 0.1
469, 3750.0, 7, 7.9787234042553195, 0.1
470, 3758.0, 8, 7.978768577494692, 0.1
471, 3766.0, 8, 7.978813559322034, 0.1
472, 3774.0, 8, 7.978858350951374, 0.1
473, 3782.0, 8, 7.9789029535864975, 0.1
474, 3790.0, 8, 7.978947368421053, 0.1
475, 3798.0, 8, 7.9789915966386555, 0.1
476, 3805.0, 7, 7.976939203354298, 0.1
477, 3813.0, 8, 7.976987447698745, 0.1
478, 3821.0, 8, 7.977035490605428, 0.1
479, 3829.0, 8, 7.977083333333334, 0.1
480, 3835.0, 6, 7.972972972972973, 0.1
481, 3842.0, 7, 7.970954356846473, 0.1
482, 3849.0, 7, 7.968944099378882, 0.1
483, 3855.0, 6, 7.964876033057851, 0.1
484, 3862.0, 7, 7.9628865979381445, 0.1
485, 3868.0, 6, 7.958847736625515, 0.1
486, 3875.0, 7, 7.95687885010267, 0.1
487, 3882.0, 7, 7.954918032786885, 0.1
488, 3889.0, 7, 7.952965235173824, 0.1
489, 3897.0, 8, 7.953061224489796, 0.1
490, 3905.0, 8, 7.95315682281059, 0.1
491, 3913.0, 8, 7.953252032520325, 0.1
492, 3921.0, 8, 7.953346855983773, 0.1
493, 3928.0, 7, 7.951417004048583, 0.1
494, 3935.0, 7, 7.94949494949495, 0.1
495, 3942.0, 7, 7.94758064516129, 0.1
496, 3950.0, 8, 7.9476861167002015, 0.1
497, 3958.0, 8, 7.947791164658635, 0.1
498, 3964.0, 6, 7.943887775551103, 0.1
499, 3972.0, 8, 7.944, 0.1
500, 3980.0, 8, 7.944111776447106, 0.1
501, 3988.0, 8, 7.944223107569721, 0.1
502, 3996.0, 8, 7.944333996023857, 0.1
503, 4003.0, 7, 7.942460317460317, 0.1
504, 4011.0, 8, 7.9425742574257425, 0.1
505, 4019.0, 8, 7.942687747035573, 0.1
506, 4027.0, 8, 7.942800788954635, 0.1
507, 4033.0, 6, 7.938976377952756, 0.1
508, 4040.0, 7, 7.93713163064833, 0.1
509, 4047.0, 7, 7.935294117647059, 0.1
510, 4055.0, 8, 7.935420743639922, 0.1
511, 4063.0, 8, 7.935546875, 0.1
512, 4070.0, 7, 7.9337231968810915, 0.1
513, 4077.0, 7, 7.9319066147859925, 0.1
514, 4085.0, 8, 7.932038834951456, 0.1
515, 4092.0, 7, 7.930232558139535, 0.1
516, 4100.0, 8, 7.93036750483559, 0.1
517, 4108.0, 8, 7.93050193050193, 0.1
518, 4116.0, 8, 7.930635838150289, 0.1
519, 4124.0, 8, 7.930769230769231, 0.1
520, 4131.0, 7, 7.928982725527831, 0.1
521, 4136.0, 5, 7.923371647509579, 0.1
522, 4144.0, 8, 7.923518164435946, 0.1
523, 4152.0, 8, 7.923664122137405, 0.1
524, 4159.0, 7, 7.921904761904762, 0.1
525, 4166.0, 7, 7.920152091254753, 0.1
526, 4172.0, 6, 7.916508538899431, 0.1
527, 4179.0, 7, 7.9147727272727275, 0.1
528, 4185.0, 6, 7.911153119092628, 0.1
529, 4193.0, 8, 7.911320754716981, 0.1
530, 4201.0, 8, 7.911487758945386, 0.1
531, 4209.0, 8, 7.911654135338346, 0.1
532, 4215.0, 6, 7.9080675422138835, 0.1
533, 4222.0, 7, 7.906367041198502, 0.1
534, 4229.0, 7, 7.904672897196262, 0.1
535, 4236.0, 7, 7.902985074626866, 0.1
536, 4244.0, 8, 7.9031657355679705, 0.1
537, 4252.0, 8, 7.903345724907063, 0.1
538, 4258.0, 6, 7.899814471243043, 0.1
539, 4266.0, 8, 7.9, 0.1
540, 4273.0, 7, 7.898336414048059, 0.1
541, 4281.0, 8, 7.898523985239852, 0.1
542, 4289.0, 8, 7.898710865561695, 0.1
543, 4296.0, 7, 7.897058823529412, 0.1
544, 4304.0, 8, 7.897247706422019, 0.1
545, 4312.0, 8, 7.897435897435898, 0.1
546, 4319.0, 7, 7.8957952468007315, 0.1
547, 4325.0, 6, 7.892335766423358, 0.1
548, 4332.0, 7, 7.890710382513661, 0.1
549, 4340.0, 8, 7.890909090909091, 0.1
550, 4348.0, 8, 7.891107078039927, 0.1
551, 4355.0, 7, 7.8894927536231885, 0.1
552, 4360.0, 5, 7.884267631103074, 0.1
553, 4367.0, 7, 7.882671480144404, 0.1
554, 4373.0, 6, 7.879279279279279, 0.1
555, 4381.0, 8, 7.879496402877698, 0.1
556, 4382.0, 1, 7.867145421903052, 0.1
557, 4385.0, 3, 7.858422939068101, 0.1
558, 4393.0, 8, 7.858676207513417, 0.1
559, 4400.0, 7, 7.857142857142857, 0.1
560, 4408.0, 8, 7.857397504456328, 0.1
561, 4415.0, 7, 7.855871886120997, 0.1
562, 4422.0, 7, 7.854351687388988, 0.1
563, 4430.0, 8, 7.8546099290780145, 0.1
564, 4437.0, 7, 7.853097345132744, 0.1
565, 4445.0, 8, 7.853356890459364, 0.1
566, 4453.0, 8, 7.853615520282187, 0.1
567, 4460.0, 7, 7.852112676056338, 0.1
568, 4467.0, 7, 7.8506151142355005, 0.1
569, 4473.0, 6, 7.847368421052631, 0.1
570, 4481.0, 8, 7.8476357267950965, 0.1
571, 4489.0, 8, 7.8479020979020975, 0.1
572, 4497.0, 8, 7.848167539267016, 0.1
573, 4505.0, 8, 7.848432055749129, 0.1
574, 4513.0, 8, 7.848695652173913, 0.1
575, 4520.0, 7, 7.847222222222222, 0.1
576, 4527.0, 7, 7.845753899480069, 0.1
577, 4535.0, 8, 7.846020761245675, 0.1
578, 4542.0, 7, 7.844559585492228, 0.1
579, 4547.0, 5, 7.839655172413793, 0.1
580, 4554.0, 7, 7.838209982788296, 0.1
581, 4562.0, 8, 7.838487972508591, 0.1
582, 4570.0, 8, 7.838765008576329, 0.1
583, 4578.0, 8, 7.839041095890411, 0.1
584, 4586.0, 8, 7.839316239316239, 0.1
585, 4593.0, 7, 7.837883959044369, 0.1
586, 4601.0, 8, 7.838160136286201, 0.1
587, 4608.0, 7, 7.836734693877551, 0.1
588, 4614.0, 6, 7.833616298811545, 0.1
589, 4622.0, 8, 7.8338983050847455, 0.1
590, 4629.0, 7, 7.83248730964467, 0.1
591, 4636.0, 7, 7.831081081081081, 0.1
592, 4642.0, 6, 7.827993254637437, 0.1
593, 4649.0, 7, 7.826599326599327, 0.1
594, 4657.0, 8, 7.826890756302521, 0.1
595, 4664.0, 7, 7.825503355704698, 0.1
596, 4671.0, 7, 7.824120603015075, 0.1
597, 4678.0, 7, 7.822742474916388, 0.1
598, 4686.0, 8, 7.823038397328881, 0.1
599, 4692.0, 6, 7.82, 0.1
600, 4698.0, 6, 7.816971713810316, 0.1
601, 4706.0, 8, 7.8172757475083055, 0.1
602, 4713.0, 7, 7.8159203980099505, 0.1
603, 4721.0, 8, 7.816225165562914, 0.1
604, 4729.0, 8, 7.816528925619835, 0.1
605, 4737.0, 8, 7.816831683168317, 0.1
606, 4744.0, 7, 7.815485996705107, 0.1
607, 4751.0, 7, 7.814144736842105, 0.1
608, 4757.0, 6, 7.811165845648604, 0.1
609, 4764.0, 7, 7.80983606557377, 0.1
610, 4769.0, 5, 7.805237315875614, 0.1
611, 4777.0, 8, 7.805555555555555, 0.1
612, 4785.0, 8, 7.805872756933116, 0.1
613, 4793.0, 8, 7.806188925081433, 0.1
614, 4799.0, 6, 7.803252032520326, 0.1
615, 4806.0, 7, 7.8019480519480515, 0.1
616, 4813.0, 7, 7.80064829821718, 0.1
617, 4820.0, 7, 7.799352750809062, 0.1
618, 4828.0, 8, 7.79967689822294, 0.1
619, 4835.0, 7, 7.798387096774194, 0.1
620, 4843.0, 8, 7.798711755233494, 0.1
621, 4851.0, 8, 7.79903536977492, 0.1
622, 4857.0, 6, 7.796147672552167, 0.1
623, 4864.0, 7, 7.794871794871795, 0.1
624, 4872.0, 8, 7.7952, 0.1
625, 4879.0, 7, 7.793929712460064, 0.1
626, 4886.0, 7, 7.7926634768740035, 0.1
627, 4894.0, 8, 7.792993630573249, 0.1
628, 4900.0, 6, 7.790143084260731, 0.1
629, 4908.0, 8, 7.79047619047619, 0.1
630, 4911.0, 3, 7.7828843106180665, 0.1
631, 4919.0, 8, 7.783227848101266, 0.1
632, 4925.0, 6, 7.78041074249605, 0.1
633, 4933.0, 8, 7.780757097791798, 0.1
634, 4941.0, 8, 7.781102362204725, 0.1
635, 4944.0, 3, 7.773584905660377, 0.1
636, 4952.0, 8, 7.773940345368917, 0.1
637, 4959.0, 7, 7.7727272727272725, 0.1
638, 4966.0, 7, 7.771517996870109, 0.1
639, 4973.0, 7, 7.7703125, 0.1
640, 4980.0, 7, 7.769110764430577, 0.1
641, 4987.0, 7, 7.76791277258567, 0.1
642, 4995.0, 8, 7.768273716951788, 0.1
643, 5003.0, 8, 7.7686335403726705, 0.1
644, 5010.0, 7, 7.767441860465116, 0.1
645, 5018.0, 8, 7.767801857585139, 0.1
646, 5025.0, 7, 7.76661514683153, 0.1
647, 5033.0, 8, 7.7669753086419755, 0.1
648, 5039.0, 6, 7.7642526964560865, 0.1
649, 5045.0, 6, 7.7615384615384615, 0.1
650, 5052.0, 7, 7.76036866359447, 0.1
651, 5058.0, 6, 7.757668711656442, 0.1
652, 5066.0, 8, 7.758039816232772, 0.1
653, 5072.0, 6, 7.755351681957187, 0.1
654, 5079.0, 7, 7.754198473282443, 0.1
655, 5083.0, 4, 7.748475609756097, 0.1
656, 5091.0, 8, 7.748858447488584, 0.1
657, 5097.0, 6, 7.746200607902735, 0.1
658, 5105.0, 8, 7.746585735963581, 0.1
659, 5112.0, 7, 7.745454545454545, 0.1
660, 5119.0, 7, 7.7443267776096825, 0.1
661, 5126.0, 7, 7.743202416918429, 0.1
662, 5134.0, 8, 7.743589743589744, 0.1
663, 5142.0, 8, 7.743975903614458, 0.1
664, 5149.0, 7, 7.742857142857143, 0.1
665, 5156.0, 7, 7.741741741741742, 0.1
666, 5163.0, 7, 7.740629685157422, 0.1
667, 5170.0, 7, 7.7395209580838324, 0.1
668, 5176.0, 6, 7.736920777279522, 0.1
669, 5182.0, 6, 7.7343283582089555, 0.1
670, 5190.0, 8, 7.734724292101341, 0.1
671, 5198.0, 8, 7.7351190476190474, 0.1
672, 5206.0, 8, 7.735512630014859, 0.1
673, 5213.0, 7, 7.734421364985163, 0.1
674, 5221.0, 8, 7.734814814814815, 0.1
675, 5229.0, 8, 7.735207100591716, 0.1
676, 5236.0, 7, 7.734121122599705, 0.1
677, 5244.0, 8, 7.734513274336283, 0.1
678, 5251.0, 7, 7.733431516936672, 0.1
679, 5257.0, 6, 7.730882352941176, 0.1
680, 5264.0, 7, 7.729809104258443, 0.1
681, 5271.0, 7, 7.728739002932551, 0.1
682, 5279.0, 8, 7.729136163982431, 0.1
683, 5286.0, 7, 7.728070175438597, 0.1
684, 5294.0, 8, 7.728467153284671, 0.1
685, 5302.0, 8, 7.728862973760933, 0.1
686, 5308.0, 6, 7.726346433770015, 0.1
687, 5314.0, 6, 7.723837209302325, 0.1
688, 5321.0, 7, 7.722786647314949, 0.1
689, 5329.0, 8, 7.723188405797101, 0.1
690, 5336.0, 7, 7.722141823444284, 0.1
691, 5343.0, 7, 7.721098265895954, 0.1
692, 5351.0, 8, 7.721500721500721, 0.1
693, 5358.0, 7, 7.720461095100864, 0.1
694, 5366.0, 8, 7.720863309352518, 0.1
695, 5374.0, 8, 7.721264367816092, 0.1
696, 5382.0, 8, 7.721664275466284, 0.1
697, 5388.0, 6, 7.71919770773639, 0.1
698, 5395.0, 7, 7.718168812589413, 0.1
699, 5403.0, 8, 7.718571428571429, 0.1
700, 5411.0, 8, 7.718972895863053, 0.1
701, 5412.0, 1, 7.7094017094017095, 0.1
702, 5418.0, 6, 7.70697012802276, 0.1
703, 5424.0, 6, 7.704545454545454, 0.1
704, 5431.0, 7, 7.70354609929078, 0.1
705, 5439.0, 8, 7.703966005665722, 0.1
706, 5447.0, 8, 7.7043847241867045, 0.1
707, 5454.0, 7, 7.703389830508475, 0.1
708, 5461.0, 7, 7.702397743300423, 0.1
709, 5468.0, 7, 7.701408450704226, 0.1
710, 5476.0, 8, 7.701828410689171, 0.1
711, 5483.0, 7, 7.700842696629214, 0.1
712, 5486.0, 3, 7.694249649368864, 0.1
713, 5492.0, 6, 7.69187675070028, 0.1
714, 5499.0, 7, 7.6909090909090905, 0.1
715, 5507.0, 8, 7.691340782122905, 0.1
716, 5515.0, 8, 7.691771269177127, 0.1
717, 5523.0, 8, 7.692200557103064, 0.1
718, 5523.0, 0, 7.681502086230876, 0.1
719, 5527.0, 4, 7.676388888888889, 0.1
720, 5535.0, 8, 7.676837725381414, 0.1
721, 5543.0, 8, 7.677285318559557, 0.1
722, 5550.0, 7, 7.676348547717843, 0.1
723, 5556.0, 6, 7.6740331491712706, 0.1
724, 5562.0, 6, 7.671724137931035, 0.1
725, 5570.0, 8, 7.672176308539945, 0.1
726, 5577.0, 7, 7.671251719394773, 0.1
727, 5585.0, 8, 7.6717032967032965, 0.1
728, 5592.0, 7, 7.670781893004115, 0.1
729, 5592.0, 0, 7.66027397260274, 0.1
730, 5600.0, 8, 7.660738714090288, 0.1
731, 5607.0, 7, 7.659836065573771, 0.1
732, 5615.0, 8, 7.660300136425648, 0.1
733, 5622.0, 7, 7.659400544959128, 0.1
734, 5630.0, 8, 7.659863945578231, 0.1
735, 5638.0, 8, 7.6603260869565215, 0.1
736, 5646.0, 8, 7.6607869742198105, 0.1
737, 5654.0, 8, 7.661246612466124, 0.1
738, 5662.0, 8, 7.6617050067659, 0.1
739, 5669.0, 7, 7.660810810810811, 0.1
740, 5677.0, 8, 7.661268556005398, 0.1
741, 5684.0, 7, 7.660377358490566, 0.1
742, 5689.0, 5, 7.656796769851952, 0.1
743, 5696.0, 7, 7.655913978494624, 0.1
744, 5704.0, 8, 7.6563758389261745, 0.1
745, 5711.0, 7, 7.6554959785522785, 0.1
746, 5712.0, 1, 7.646586345381526, 0.1
747, 5719.0, 7, 7.64572192513369, 0.1
748, 5727.0, 8, 7.646194926568758, 0.1
749, 5734.0, 7, 7.645333333333333, 0.1
750, 5742.0, 8, 7.645805592543276, 0.1
751, 5750.0, 8, 7.6462765957446805, 0.1
752, 5757.0, 7, 7.645418326693227, 0.1
753, 5762.0, 5, 7.641909814323608, 0.1
754, 5769.0, 7, 7.6410596026490065, 0.1
755, 5776.0, 7, 7.64021164021164, 0.1
756, 5782.0, 6, 7.638044914134743, 0.1
757, 5789.0, 7, 7.637203166226913, 0.1
758, 5796.0, 7, 7.636363636363637, 0.1
759, 5803.0, 7, 7.635526315789473, 0.1
760, 5804.0, 1, 7.6268068331143235, 0.1
761, 5811.0, 7, 7.625984251968504, 0.1
762, 5819.0, 8, 7.626474442988204, 0.1
763, 5825.0, 6, 7.62434554973822, 0.1
764, 5831.0, 6, 7.622222222222222, 0.1
765, 5839.0, 8, 7.622715404699739, 0.1
766, 5846.0, 7, 7.621903520208605, 0.1
767, 5854.0, 8, 7.622395833333333, 0.1
768, 5861.0, 7, 7.621586475942783, 0.1
769, 5867.0, 6, 7.619480519480519, 0.1
770, 5874.0, 7, 7.618677042801556, 0.1
771, 5881.0, 7, 7.617875647668394, 0.1
772, 5889.0, 8, 7.61836998706339, 0.1
773, 5896.0, 7, 7.6175710594315245, 0.1
774, 5903.0, 7, 7.6167741935483875, 0.1
775, 5909.0, 6, 7.614690721649485, 0.1
776, 5916.0, 7, 7.613899613899614, 0.1
777, 5923.0, 7, 7.613110539845758, 0.1
778, 5930.0, 7, 7.612323491655969, 0.1
779, 5934.0, 4, 7.607692307692307, 0.1
780, 5942.0, 8, 7.60819462227913, 0.1
781, 5950.0, 8, 7.608695652173913, 0.1
782, 5957.0, 7, 7.607918263090677, 0.1
783, 5964.0, 7, 7.607142857142857, 0.1
784, 5971.0, 7, 7.606369426751592, 0.1
785, 5978.0, 7, 7.6055979643765905, 0.1
786, 5986.0, 8, 7.606099110546379, 0.1
787, 5994.0, 8, 7.606598984771574, 0.1
788, 6002.0, 8, 7.607097591888467, 0.1
789, 6009.0, 7, 7.60632911392405, 0.1
790, 6013.0, 4, 7.601769911504425, 0.1
791, 6013.0, 0, 7.592171717171717, 0.1
792, 6020.0, 7, 7.591424968474149, 0.1
793, 6023.0, 3, 7.585642317380352, 0.1
794, 6031.0, 8, 7.586163522012579, 0.1
795, 6039.0, 8, 7.586683417085427, 0.1
796, 6047.0, 8, 7.587202007528231, 0.1
797, 6054.0, 7, 7.586466165413534, 0.1
798, 6061.0, 7, 7.585732165206508, 0.1
799, 6068.0, 7, 7.585, 0.1
800, 6069.0, 1, 7.5767790262172285, 0.1
801, 6076.0, 7, 7.576059850374065, 0.1
802, 6083.0, 7, 7.575342465753424, 0.1
803, 6090.0, 7, 7.574626865671642, 0.1
804, 6098.0, 8, 7.575155279503106, 0.1
805, 6104.0, 6, 7.573200992555831, 0.1
806, 6111.0, 7, 7.5724907063197024, 0.1
807, 6119.0, 8, 7.573019801980198, 0.1
808, 6126.0, 7, 7.572311495673671, 0.1
809, 6134.0, 8, 7.57283950617284, 0.1
810, 6141.0, 7, 7.57213316892725, 0.1
811, 6143.0, 2, 7.565270935960591, 0.1
812, 6150.0, 7, 7.564575645756458, 0.1
813, 6157.0, 7, 7.563882063882064, 0.1
814, 6158.0, 1, 7.555828220858896, 0.1
815, 6165.0, 7, 7.555147058823529, 0.1
816, 6165.0, 0, 7.5458996328029375, 0.1
817, 6172.0, 7, 7.54523227383863, 0.1
818, 6179.0, 7, 7.544566544566544, 0.1
819, 6187.0, 8, 7.545121951219512, 0.1
820, 6188.0, 1, 7.5371498172959805, 0.1
821, 6196.0, 8, 7.537712895377129, 0.1
822, 6204.0, 8, 7.538274605103281, 0.1
823, 6210.0, 6, 7.536407766990291, 0.1
824, 6218.0, 8, 7.536969696969697, 0.1
825, 6225.0, 7, 7.536319612590799, 0.1
826, 6232.0, 7, 7.535671100362757, 0.1
827, 6239.0, 7, 7.535024154589372, 0.1
828, 6247.0, 8, 7.535585042219542, 0.1
829, 6253.0, 6, 7.533734939759036, 0.1
830, 6259.0, 6, 7.5318892900120336, 0.1
831, 6266.0, 7, 7.53125, 0.1
832, 6274.0, 8, 7.531812725090036, 0.1
833, 6282.0, 8, 7.532374100719425, 0.1
834, 6284.0, 2, 7.525748502994012, 0.1
835, 6290.0, 6, 7.523923444976076, 0.1
836, 6297.0, 7, 7.523297491039426, 0.1
837, 6304.0, 7, 7.522673031026253, 0.1
838, 6311.0, 7, 7.522050059594756, 0.1
839, 6319.0, 8, 7.522619047619048, 0.1
840, 6326.0, 7, 7.5219976218787155, 0.1
841, 6328.0, 2, 7.515439429928741, 0.1
842, 6335.0, 7, 7.514827995255041, 0.1
843, 6343.0, 8, 7.515402843601896, 0.1
844, 6344.0, 1, 7.507692307692308, 0.1
845, 6352.0, 8, 7.508274231678487, 0.1
846, 6359.0, 7, 7.5076741440377806, 0.1
847, 6366.0, 7, 7.507075471698113, 0.1
848, 6373.0, 7, 7.506478209658422, 0.1
849, 6379.0, 6, 7.504705882352941, 0.1
850, 6386.0, 7, 7.5041128084606346, 0.1
851, 6388.0, 2, 7.497652582159624, 0.1
852, 6395.0, 7, 7.497069167643611, 0.1
853, 6402.0, 7, 7.496487119437939, 0.1
854, 6408.0, 6, 7.494736842105263, 0.1
855, 6416.0, 8, 7.4953271028037385, 0.1
856, 6424.0, 8, 7.495915985997666, 0.1
857, 6431.0, 7, 7.495337995337995, 0.1
858, 6439.0, 8, 7.495925494761351, 0.1
859, 6446.0, 7, 7.495348837209303, 0.1
860, 6454.0, 8, 7.495934959349594, 0.1
861, 6462.0, 8, 7.496519721577727, 0.1
862, 6470.0, 8, 7.497103128621089, 0.1
863, 6478.0, 8, 7.497685185185185, 0.1
864, 6486.0, 8, 7.498265895953757, 0.1
865, 6494.0, 8, 7.498845265588915, 0.1
866, 6501.0, 7, 7.498269896193771, 0.1
867, 6508.0, 7, 7.497695852534562, 0.1
868, 6516.0, 8, 7.498273878020713, 0.1
869, 6518.0, 2, 7.491954022988506, 0.1
870, 6524.0, 6, 7.4902411021814, 0.1
871, 6532.0, 8, 7.490825688073395, 0.1
872, 6540.0, 8, 7.491408934707904, 0.1
873, 6548.0, 8, 7.491990846681922, 0.1
874, 6555.0, 7, 7.491428571428571, 0.1
875, 6562.0, 7, 7.4908675799086755, 0.1
876, 6570.0, 8, 7.491448118586089, 0.1
877, 6574.0, 4, 7.4874715261958995, 0.1
878, 6582.0, 8, 7.488054607508532, 0.1
879, 6586.0, 4, 7.484090909090909, 0.1
880, 6593.0, 7, 7.483541430192963, 0.1
881, 6600.0, 7, 7.482993197278912, 0.1
882, 6605.0, 5, 7.480181200453001, 0.1
883, 6613.0, 8, 7.480769230769231, 0.1
884, 6621.0, 8, 7.48135593220339, 0.1
885, 6627.0, 6, 7.479683972911964, 0.1
886, 6635.0, 8, 7.480270574971815, 0.1
887, 6637.0, 2, 7.474099099099099, 0.1
888, 6645.0, 8, 7.474690663667042, 0.1
889, 6651.0, 6, 7.473033707865168, 0.1
890, 6657.0, 6, 7.4713804713804715, 0.1
891, 6665.0, 8, 7.471973094170403, 0.1
892, 6670.0, 5, 7.4692049272116465, 0.1
893, 6672.0, 2, 7.4630872483221475, 0.1
894, 6680.0, 8, 7.4636871508379885, 0.1
895, 6687.0, 7, 7.463169642857143, 0.1
896, 6694.0, 7, 7.4626532887402455, 0.1
897, 6701.0, 7, 7.4621380846325165, 0.1
898, 6709.0, 8, 7.462736373748609, 0.1
899, 6717.0, 8, 7.463333333333333, 0.1
900, 6725.0, 8, 7.4639289678135405, 0.1
901, 6733.0, 8, 7.464523281596453, 0.1
902, 6738.0, 5, 7.461794019933555, 0.1
903, 6744.0, 6, 7.460176991150442, 0.1
904, 6752.0, 8, 7.460773480662984, 0.1
905, 6760.0, 8, 7.4613686534216335, 0.1
906, 6768.0, 8, 7.461962513781698, 0.1
907, 6776.0, 8, 7.462555066079295, 0.1
908, 6776.0, 0, 7.4543454345434546, 0.1
909, 6784.0, 8, 7.454945054945055, 0.1
910, 6790.0, 6, 7.453347969264544, 0.1
911, 6797.0, 7, 7.452850877192983, 0.1
912, 6799.0, 2, 7.446878422782037, 0.1
913, 6807.0, 8, 7.447483588621444, 0.1
914, 6814.0, 7, 7.446994535519126, 0.1
915, 6820.0, 6, 7.445414847161572, 0.1
916, 6828.0, 8, 7.446019629225736, 0.1
917, 6836.0, 8, 7.446623093681917, 0.1
918, 6844.0, 8, 7.447225244831339, 0.1
919, 6852.0, 8, 7.447826086956522, 0.1
920, 6860.0, 8, 7.4484256243213895, 0.1
921, 6865.0, 5, 7.445770065075922, 0.1
922, 6872.0, 7, 7.445287107258938, 0.1
923, 6880.0, 8, 7.445887445887446, 0.1
924, 6887.0, 7, 7.445405405405405, 0.1
925, 6894.0, 7, 7.444924406047516, 0.1
926, 6902.0, 8, 7.445523193096009, 0.1
927, 6909.0, 7, 7.445043103448276, 0.1
928, 6917.0, 8, 7.445640473627557, 0.1
929, 6924.0, 7, 7.445161290322581, 0.1
930, 6928.0, 4, 7.441460794844254, 0.1
931, 6936.0, 8, 7.44206008583691, 0.1
932, 6944.0, 8, 7.442658092175777, 0.1
933, 6952.0, 8, 7.443254817987152, 0.1
934, 6960.0, 8, 7.44385026737968, 0.1
935, 6966.0, 6, 7.4423076923076925, 0.1
936, 6973.0, 7, 7.441835645677695, 0.1
937, 6981.0, 8, 7.4424307036247335, 0.1
938, 6987.0, 6, 7.440894568690096, 0.1
939, 6993.0, 6, 7.43936170212766, 0.1
940, 7000.0, 7, 7.438894792773645, 0.1
941, 7007.0, 7, 7.4384288747346075, 0.1
942, 7015.0, 8, 7.439024390243903, 0.1
943, 7022.0, 7, 7.438559322033898, 0.1
944, 7028.0, 6, 7.437037037037037, 0.1
945, 7036.0, 8, 7.437632135306554, 0.1
946, 7043.0, 7, 7.437170010559662, 0.1
947, 7049.0, 6, 7.435654008438819, 0.1
948, 7052.0, 3, 7.430979978925184, 0.1
949, 7060.0, 8, 7.431578947368421, 0.1
950, 7064.0, 4, 7.427970557308097, 0.1
951, 7072.0, 8, 7.428571428571429, 0.1
952, 7077.0, 5, 7.426023084994753, 0.1
953, 7084.0, 7, 7.4255765199161425, 0.1
954, 7089.0, 5, 7.4230366492146596, 0.1
955, 7097.0, 8, 7.423640167364017, 0.1
956, 7105.0, 8, 7.424242424242424, 0.1
957, 7112.0, 7, 7.423799582463466, 0.1
958, 7120.0, 8, 7.424400417101147, 0.1
959, 7128.0, 8, 7.425, 0.1
960, 7131.0, 3, 7.420395421436004, 0.1
961, 7139.0, 8, 7.420997920997921, 0.1
962, 7145.0, 6, 7.419522326064382, 0.1
963, 7153.0, 8, 7.420124481327801, 0.1
964, 7161.0, 8, 7.420725388601037, 0.1
965, 7168.0, 7, 7.420289855072464, 0.1
966, 7175.0, 7, 7.419855222337125, 0.1
967, 7176.0, 1, 7.413223140495868, 0.1
968, 7177.0, 1, 7.406604747162023, 0.1
969, 7185.0, 8, 7.407216494845361, 0.1
970, 7193.0, 8, 7.407826982492276, 0.1
971, 7201.0, 8, 7.408436213991769, 0.1
972, 7208.0, 7, 7.408016443987667, 0.1
973, 7208.0, 0, 7.40041067761807, 0.1
974, 7215.0, 7, 7.4, 0.1
975, 7221.0, 6, 7.398565573770492, 0.1
976, 7225.0, 4, 7.395087001023541, 0.1
977, 7231.0, 6, 7.393660531697342, 0.1
978, 7238.0, 7, 7.393258426966292, 0.1
979, 7245.0, 7, 7.392857142857143, 0.1
980, 7252.0, 7, 7.392456676860347, 0.1
981, 7259.0, 7, 7.392057026476579, 0.1
982, 7267.0, 8, 7.392675483214649, 0.1
983, 7275.0, 8, 7.3932926829268295, 0.1
984, 7277.0, 2, 7.387817258883249, 0.1
985, 7285.0, 8, 7.3884381338742395, 0.1
986, 7291.0, 6, 7.387031408308004, 0.1
987, 7299.0, 8, 7.387651821862348, 0.1
988, 7305.0, 6, 7.386248736097068, 0.1
989, 7310.0, 5, 7.383838383838384, 0.1
990, 7313.0, 3, 7.37941473259334, 0.1
991, 7319.0, 6, 7.378024193548387, 0.1
992, 7327.0, 8, 7.37865055387714, 0.1
993, 7334.0, 7, 7.378269617706238, 0.1
994, 7341.0, 7, 7.377889447236181, 0.1
995, 7347.0, 6, 7.376506024096385, 0.1
996, 7354.0, 7, 7.376128385155466, 0.1
997, 7361.0, 7, 7.375751503006012, 0.1
998, 7369.0, 8, 7.376376376376377, 0.1
999, 7375.0, 6, 7.375, 0.1
1000, 7377.0, 2, 7.36963036963037, 0.1
1001, 7384.0, 7, 7.369261477045908, 0.1
1002, 7390.0, 6, 7.3678963110668, 0.1
1003, 7396.0, 6, 7.366533864541832, 0.1
1004, 7403.0, 7, 7.366169154228856, 0.1
1005, 7410.0, 7, 7.365805168986084, 0.1
1006, 7418.0, 8, 7.36643495531281, 0.1
1007, 7426.0, 8, 7.367063492063492, 0.1
1008, 7427.0, 1, 7.360753221010902, 0.1
1009, 7427.0, 0, 7.353465346534653, 0.1
1010, 7434.0, 7, 7.353115727002967, 0.1
1011, 7442.0, 8, 7.353754940711463, 0.1
1012, 7446.0, 4, 7.350444225074037, 0.1
1013, 7452.0, 6, 7.349112426035503, 0.1
1014, 7460.0, 8, 7.349753694581281, 0.1
1015, 7466.0, 6, 7.3484251968503935, 0.1
1016, 7473.0, 7, 7.348082595870206, 0.1
1017, 7480.0, 7, 7.347740667976424, 0.1
1018, 7488.0, 8, 7.34838076545633, 0.1
1019, 7491.0, 3, 7.344117647058823, 0.1
1020, 7499.0, 8, 7.344760039177277, 0.1
1021, 7507.0, 8, 7.345401174168297, 0.1
1022, 7512.0, 5, 7.343108504398827, 0.1
1023, 7517.0, 5, 7.3408203125, 0.1
1024, 7522.0, 5, 7.338536585365854, 0.1
1025, 7525.0, 3, 7.334307992202729, 0.1
1026, 7533.0, 8, 7.334956183057449, 0.1
1027, 7540.0, 7, 7.334630350194552, 0.1
1028, 7546.0, 6, 7.333333333333333, 0.1
1029, 7554.0, 8, 7.333980582524272, 0.1
1030, 7559.0, 5, 7.331716779825412, 0.1
1031, 7567.0, 8, 7.332364341085271, 0.1
1032, 7575.0, 8, 7.333010648596321, 0.1
1033, 7577.0, 2, 7.327852998065764, 0.1
1034, 7585.0, 8, 7.328502415458937, 0.1
1035, 7586.0, 1, 7.322393822393822, 0.1
1036, 7593.0, 7, 7.322082931533269, 0.1
1037, 7601.0, 8, 7.3227360308285165, 0.1
1038, 7608.0, 7, 7.3224254090471605, 0.1
1039, 7616.0, 8, 7.323076923076923, 0.1
1040, 7624.0, 8, 7.323727185398655, 0.1
1041, 7632.0, 8, 7.324376199616123, 0.1
1042, 7634.0, 2, 7.319271332694152, 0.1
1043, 7642.0, 8, 7.319923371647509, 0.1
1044, 7650.0, 8, 7.320574162679426, 0.1
1045, 7657.0, 7, 7.320267686424474, 0.1
1046, 7664.0, 7, 7.319961795606495, 0.1
1047, 7671.0, 7, 7.319656488549619, 0.1
1048, 7678.0, 7, 7.319351763584366, 0.1
1049, 7678.0, 0, 7.312380952380952, 0.1
1050, 7685.0, 7, 7.312083729781161, 0.1
1051, 7693.0, 8, 7.312737642585551, 0.1
1052, 7699.0, 6, 7.311490978157645, 0.1
1053, 7706.0, 7, 7.311195445920304, 0.1
1054, 7714.0, 8, 7.311848341232228, 0.1
1055, 7714.0, 0, 7.304924242424242, 0.1
1056, 7722.0, 8, 7.30558183538316, 0.1
1057, 7730.0, 8, 7.306238185255198, 0.1
1058, 7737.0, 7, 7.305949008498583, 0.1
1059, 7737.0, 0, 7.299056603773585, 0.1
1060, 7743.0, 6, 7.297832233741753, 0.1
1061, 7751.0, 8, 7.2984934086629005, 0.1
1062, 7757.0, 6, 7.2972718720602066, 0.1
1063, 7762.0, 5, 7.295112781954887, 0.1
1064, 7769.0, 7, 7.294835680751174, 0.1
1065, 7769.0, 0, 7.2879924953095685, 0.1
1066, 7775.0, 6, 7.286785379568885, 0.1
1067, 7782.0, 7, 7.286516853932584, 0.1
1068, 7789.0, 7, 7.286248830682881, 0.1
1069, 7793.0, 4, 7.283177570093458, 0.1
1070, 7801.0, 8, 7.283846872082166, 0.1
1071, 7808.0, 7, 7.2835820895522385, 0.1
1072, 7808.0, 0, 7.276794035414725, 0.1
1073, 7812.0, 4, 7.273743016759776, 0.1
1074, 7819.0, 7, 7.2734883720930235, 0.1
1075, 7826.0, 7, 7.273234200743494, 0.1
1076, 7826.0, 0, 7.266480965645311, 0.1
1077, 7834.0, 8, 7.267161410018553, 0.1
1078, 7841.0, 7, 7.266913809082483, 0.1
1079, 7849.0, 8, 7.267592592592592, 0.1
1080, 7856.0, 7, 7.2673450508788155, 0.1
1081, 7862.0, 6, 7.266173752310536, 0.1
1082, 7870.0, 8, 7.2668513388735, 0.1
1083, 7878.0, 8, 7.267527675276753, 0.1
1084, 7883.0, 5, 7.265437788018433, 0.1
1085, 7890.0, 7, 7.265193370165746, 0.1
1086, 7896.0, 6, 7.264029438822447, 0.1
1087, 7903.0, 7, 7.263786764705882, 0.1
1088, 7910.0, 7, 7.263544536271809, 0.1
1089, 7918.0, 8, 7.2642201834862385, 0.1
1090, 7926.0, 8, 7.264894592117323, 0.1
1091, 7933.0, 7, 7.264652014652015, 0.1
1092, 7940.0, 7, 7.264409881061299, 0.1
1093, 7948.0, 8, 7.2650822669104205, 0.1
1094, 7950.0, 2, 7.260273972602739, 0.1
1095, 7957.0, 7, 7.260036496350365, 0.1
1096, 7964.0, 7, 7.259799453053783, 0.1
1097, 7971.0, 7, 7.259562841530054, 0.1
1098, 7974.0, 3, 7.255686988171065, 0.1
1099, 7982.0, 8, 7.256363636363637, 0.1
1100, 7989.0, 7, 7.256130790190736, 0.1
1101, 7995.0, 6, 7.254990925589837, 0.1
1102, 8003.0, 8, 7.255666364460562, 0.1
1103, 8011.0, 8, 7.256340579710145, 0.1
1104, 8019.0, 8, 7.2570135746606335, 0.1
1105, 8026.0, 7, 7.256781193490054, 0.1
1106, 8032.0, 6, 7.255645889792231, 0.1
1107, 8034.0, 2, 7.250902527075812, 0.1
1108, 8041.0, 7, 7.250676284941389, 0.1
1109, 8049.0, 8, 7.251351351351351, 0.1
1110, 8051.0, 2, 7.246624662466247, 0.1
1111, 8058.0, 7, 7.246402877697841, 0.1
1112, 8066.0, 8, 7.247079964061096, 0.1
1113, 8073.0, 7, 7.246858168761221, 0.1
1114, 8081.0, 8, 7.247533632286996, 0.1
1115, 8088.0, 7, 7.247311827956989, 0.1
1116, 8095.0, 7, 7.247090420769919, 0.1
1117, 8102.0, 7, 7.246869409660107, 0.1
1118, 8110.0, 8, 7.247542448614834, 0.1
1119, 8118.0, 8, 7.248214285714286, 0.1
1120, 8125.0, 7, 7.247992863514719, 0.1
1121, 8133.0, 8, 7.248663101604278, 0.1
1122, 8140.0, 7, 7.248441674087267, 0.1
1123, 8147.0, 7, 7.248220640569395, 0.1
1124, 8154.0, 7, 7.248, 0.1
1125, 8161.0, 7, 7.247779751332149, 0.1
1126, 8162.0, 1, 7.24223602484472, 0.1
1127, 8170.0, 8, 7.24290780141844, 0.1
1128, 8178.0, 8, 7.243578387953941, 0.1
1129, 8186.0, 8, 7.244247787610619, 0.1
1130, 8187.0, 1, 7.2387267904509285, 0.1
1131, 8195.0, 8, 7.239399293286219, 0.1
1132, 8202.0, 7, 7.23918799646955, 0.1
1133, 8209.0, 7, 7.238977072310406, 0.1
1134, 8213.0, 4, 7.236123348017621, 0.1
1135, 8221.0, 8, 7.236795774647887, 0.1
1136, 8229.0, 8, 7.237467018469657, 0.1
1137, 8237.0, 8, 7.238137082601054, 0.1
1138, 8238.0, 1, 7.232660228270412, 0.1
1139, 8245.0, 7, 7.232456140350878, 0.1
1140, 8251.0, 6, 7.231375985977213, 0.1
1141, 8258.0, 7, 7.231173380035027, 0.1
1142, 8265.0, 7, 7.230971128608924, 0.1
1143, 8272.0, 7, 7.230769230769231, 0.1
1144, 8280.0, 8, 7.2314410480349345, 0.1
1145, 8284.0, 4, 7.228621291448516, 0.1
1146, 8285.0, 1, 7.223190932868352, 0.1
1147, 8293.0, 8, 7.223867595818815, 0.1
1148, 8299.0, 6, 7.222802436901653, 0.1
1149, 8304.0, 5, 7.2208695652173915, 0.1
1150, 8310.0, 6, 7.219808861859253, 0.1
1151, 8316.0, 6, 7.21875, 0.1
1152, 8323.0, 7, 7.21856027753686, 0.1
1153, 8330.0, 7, 7.218370883882149, 0.1
1154, 8338.0, 8, 7.219047619047619, 0.1
1155, 8344.0, 6, 7.217993079584775, 0.1
1156, 8351.0, 7, 7.217804667242869, 0.1
1157, 8358.0, 7, 7.217616580310881, 0.1
1158, 8366.0, 8, 7.218291630716134, 0.1
1159, 8366.0, 0, 7.212068965517242, 0.1
1160, 8373.0, 7, 7.2118863049095605, 0.1
1161, 8381.0, 8, 7.212564543889845, 0.1
1162, 8388.0, 7, 7.212381771281169, 0.1
1163, 8394.0, 6, 7.211340206185567, 0.1
1164, 8402.0, 8, 7.212017167381974, 0.1
1165, 8410.0, 8, 7.212692967409948, 0.1
1166, 8418.0, 8, 7.213367609254499, 0.1
1167, 8426.0, 8, 7.214041095890411, 0.1
1168, 8433.0, 7, 7.213857998289136, 0.1
1169, 8434.0, 1, 7.208547008547009, 0.1
1170, 8442.0, 8, 7.209222886421862, 0.1
1171, 8448.0, 6, 7.208191126279863, 0.1
1172, 8456.0, 8, 7.208866155157716, 0.1
1173, 8463.0, 7, 7.2086882453151615, 0.1
1174, 8470.0, 7, 7.208510638297873, 0.1
1175, 8472.0, 2, 7.204081632653061, 0.1
1176, 8479.0, 7, 7.203908241291419, 0.1
1177, 8487.0, 8, 7.2045840407470285, 0.1
1178, 8494.0, 7, 7.2044105173876165, 0.1
1179, 8499.0, 5, 7.202542372881356, 0.1
1180, 8506.0, 7, 7.202370872142252, 0.1
1181, 8510.0, 4, 7.199661590524535, 0.1
1182, 8516.0, 6, 7.198647506339814, 0.1
1183, 8522.0, 6, 7.197635135135135, 0.1
1184, 8530.0, 8, 7.198312236286919, 0.1
1185, 8537.0, 7, 7.198145025295109, 0.1
1186, 8542.0, 5, 7.196293176074136, 0.1
1187, 8550.0, 8, 7.196969696969697, 0.1
1188, 8558.0, 8, 7.1976450798990745, 0.1
1189, 8566.0, 8, 7.198319327731093, 0.1
1190, 8573.0, 7, 7.198152812762385, 0.1
1191, 8581.0, 8, 7.198825503355705, 0.1
1192, 8588.0, 7, 7.198658843252305, 0.1
1193, 8596.0, 8, 7.199329983249581, 0.1
1194, 8602.0, 6, 7.198326359832636, 0.1
1195, 8610.0, 8, 7.198996655518394, 0.1
1196, 8618.0, 8, 7.199665831244778, 0.1
1197, 8626.0, 8, 7.200333889816361, 0.1
1198, 8628.0, 2, 7.195996663886572, 0.1
1199, 8636.0, 8, 7.196666666666666, 0.1
1200, 8644.0, 8, 7.197335553705246, 0.1
1201, 8652.0, 8, 7.1980033277870215, 0.1
1202, 8660.0, 8, 7.198669991687448, 0.1
1203, 8662.0, 2, 7.194352159468439, 0.1
1204, 8669.0, 7, 7.194190871369295, 0.1
1205, 8677.0, 8, 7.19485903814262, 0.1
1206, 8684.0, 7, 7.1946975973487985, 0.1
1207, 8691.0, 7, 7.194536423841059, 0.1
1208, 8699.0, 8, 7.19520264681555, 0.1
1209, 8707.0, 8, 7.195867768595042, 0.1
1210, 8714.0, 7, 7.19570602807597, 0.1
1211, 8721.0, 7, 7.195544554455446, 0.1
1212, 8728.0, 7, 7.1953833470733715, 0.1
1213, 8736.0, 8, 7.196046128500824, 0.1
1214, 8744.0, 8, 7.196707818930041, 0.1
1215, 8751.0, 7, 7.196546052631579, 0.1
1216, 8758.0, 7, 7.196384552177485, 0.1
1217, 8766.0, 8, 7.197044334975369, 0.1
1218, 8774.0, 8, 7.197703035274816, 0.1
1219, 8780.0, 6, 7.19672131147541, 0.1
1220, 8788.0, 8, 7.197379197379197, 0.1
1221, 8790.0, 2, 7.1931260229132565, 0.1
1222, 8794.0, 4, 7.19051512673753, 0.1
1223, 8802.0, 8, 7.1911764705882355, 0.1
1224, 8802.0, 0, 7.18530612244898, 0.1
1225, 8805.0, 3, 7.18189233278956, 0.1
1226, 8812.0, 7, 7.181744091279543, 0.1
1227, 8820.0, 8, 7.182410423452769, 0.1
1228, 8826.0, 6, 7.181448331977217, 0.1
1229, 8834.0, 8, 7.182113821138211, 0.1
1230, 8841.0, 7, 7.181965881397238, 0.1
1231, 8848.0, 7, 7.181818181818182, 0.1
1232, 8856.0, 8, 7.182481751824818, 0.1
1233, 8863.0, 7, 7.182333873581848, 0.1
1234, 8866.0, 3, 7.178947368421053, 0.1
1235, 8871.0, 5, 7.177184466019417, 0.1
1236, 8874.0, 3, 7.173807599029911, 0.1
1237, 8880.0, 6, 7.172859450726979, 0.1
1238, 8883.0, 3, 7.169491525423729, 0.1
1239, 8884.0, 1, 7.164516129032258, 0.1
1240, 8887.0, 3, 7.16116035455278, 0.1
1241, 8888.0, 1, 7.156199677938808, 0.1
1242, 8896.0, 8, 7.156878519710378, 0.1
1243, 8904.0, 8, 7.157556270096463, 0.1
1244, 8911.0, 7, 7.157429718875502, 0.1
1245, 8919.0, 8, 7.158105939004815, 0.1
1246, 8926.0, 7, 7.157979149959904, 0.1
1247, 8934.0, 8, 7.158653846153846, 0.1
1248, 8942.0, 8, 7.159327461969576, 0.1
1249, 8949.0, 7, 7.1592, 0.1
1250, 8956.0, 7, 7.159072741806555, 0.1
1251, 8959.0, 3, 7.155750798722044, 0.1
1252, 8966.0, 7, 7.155626496408619, 0.1
1253, 8970.0, 4, 7.15311004784689, 0.1
1254, 8976.0, 6, 7.152191235059761, 0.1
1255, 8984.0, 8, 7.1528662420382165, 0.1
1256, 8992.0, 8, 7.153540175019889, 0.1
1257, 8995.0, 3, 7.150238473767885, 0.1
1258, 9002.0, 7, 7.15011914217633, 0.1
1259, 9010.0, 8, 7.150793650793651, 0.1
1260, 9017.0, 7, 7.150674068199842, 0.1
1261, 9020.0, 3, 7.147385103011094, 0.1
1262, 9028.0, 8, 7.148060174188441, 0.1
1263, 9035.0, 7, 7.1479430379746836, 0.1
1264, 9043.0, 8, 7.148616600790514, 0.1
1265, 9050.0, 7, 7.148499210110584, 0.1
1266, 9058.0, 8, 7.149171270718232, 0.1
1267, 9063.0, 5, 7.1474763406940065, 0.1
1268, 9069.0, 6, 7.1465721040189125, 0.1
1269, 9075.0, 6, 7.145669291338582, 0.1
1270, 9083.0, 8, 7.146341463414634, 0.1
1271, 9091.0, 8, 7.147012578616352, 0.1
1272, 9099.0, 8, 7.147682639434407, 0.1
1273, 9106.0, 7, 7.14756671899529, 0.1
1274, 9106.0, 0, 7.141960784313725, 0.1
1275, 9112.0, 6, 7.141065830721003, 0.1
1276, 9114.0, 2, 7.137039937353172, 0.1
1277, 9121.0, 7, 7.136932707355243, 0.1
1278, 9127.0, 6, 7.136043784206411, 0.1
1279, 9133.0, 6, 7.13515625, 0.1
1280, 9140.0, 7, 7.135050741608119, 0.1
1281, 9145.0, 5, 7.133385335413417, 0.1
1282, 9153.0, 8, 7.134060795011691, 0.1
1283, 9159.0, 6, 7.133177570093458, 0.1
1284, 9166.0, 7, 7.13307392996109, 0.1
1285, 9174.0, 8, 7.133748055987558, 0.1
1286, 9182.0, 8, 7.134421134421134, 0.1
1287, 9187.0, 5, 7.13276397515528, 0.1
1288, 9194.0, 7, 7.132660977501939, 0.1
1289, 9201.0, 7, 7.132558139534884, 0.1
1290, 9208.0, 7, 7.132455460883037, 0.1
1291, 9215.0, 7, 7.132352941176471, 0.1
1292, 9222.0, 7, 7.132250580046404, 0.1
1293, 9229.0, 7, 7.132148377125193, 0.1
1294, 9233.0, 4, 7.129729729729729, 0.1
1295, 9241.0, 8, 7.130401234567901, 0.1
1296, 9248.0, 7, 7.130300693909021, 0.1
1297, 9254.0, 6, 7.129429892141757, 0.1
1298, 9262.0, 8, 7.130100076982294, 0.1
1299, 9270.0, 8, 7.130769230769231, 0.1
1300, 9278.0, 8, 7.1314373558800925, 0.1
1301, 9285.0, 7, 7.131336405529954, 0.1
1302, 9293.0, 8, 7.1320030698388335, 0.1
1303, 9300.0, 7, 7.131901840490798, 0.1
1304, 9307.0, 7, 7.131800766283525, 0.1
1305, 9314.0, 7, 7.131699846860643, 0.1
1306, 9321.0, 7, 7.131599081866871, 0.1
1307, 9327.0, 6, 7.1307339449541285, 0.1
1308, 9333.0, 6, 7.12987012987013, 0.1
1309, 9336.0, 3, 7.126717557251909, 0.1
1310, 9341.0, 5, 7.1250953470633105, 0.1
1311, 9348.0, 7, 7.125, 0.1
1312, 9356.0, 8, 7.125666412795126, 0.1
1313, 9364.0, 8, 7.126331811263318, 0.1
1314, 9371.0, 7, 7.126235741444867, 0.1
1315, 9377.0, 6, 7.125379939209727, 0.1
1316, 9384.0, 7, 7.125284738041002, 0.1
1317, 9390.0, 6, 7.1244309559939305, 0.1
1318, 9396.0, 6, 7.1235784685367705, 0.1
1319, 9403.0, 7, 7.123484848484848, 0.1
1320, 9411.0, 8, 7.124148372445117, 0.1
1321, 9418.0, 7, 7.124054462934947, 0.1
1322, 9425.0, 7, 7.1239606953892665, 0.1
1323, 9433.0, 8, 7.124622356495468, 0.1
1324, 9440.0, 7, 7.124528301886793, 0.1
1325, 9447.0, 7, 7.124434389140271, 0.1
1326, 9454.0, 7, 7.124340617935192, 0.1
1327, 9462.0, 8, 7.125, 0.1
1328, 9469.0, 7, 7.124905944319037, 0.1
1329, 9477.0, 8, 7.125563909774436, 0.1
1330, 9485.0, 8, 7.126220886551465, 0.1
1331, 9492.0, 7, 7.126126126126126, 0.1
1332, 9500.0, 8, 7.126781695423856, 0.1
1333, 9505.0, 5, 7.125187406296852, 0.1
1334, 9511.0, 6, 7.1243445692883896, 0.1
1335, 9519.0, 8, 7.125, 0.1
1336, 9527.0, 8, 7.12565445026178, 0.1
1337, 9533.0, 6, 7.124813153961136, 0.1
1338, 9541.0, 8, 7.125466766243465, 0.1
1339, 9543.0, 2, 7.121641791044776, 0.1
1340, 9550.0, 7, 7.121551081282625, 0.1
1341, 9556.0, 6, 7.120715350223547, 0.1
1342, 9563.0, 7, 7.1206254653760235, 0.1
1343, 9570.0, 7, 7.120535714285714, 0.1
1344, 9576.0, 6, 7.1197026022304835, 0.1
1345, 9583.0, 7, 7.119613670133729, 0.1
1346, 9591.0, 8, 7.120267260579064, 0.1
1347, 9593.0, 2, 7.1164688427299705, 0.1
1348, 9597.0, 4, 7.114158636026686, 0.1
1349, 9605.0, 8, 7.114814814814815, 0.1
1350, 9605.0, 0, 7.109548482605478, 0.1
1351, 9607.0, 2, 7.105769230769231, 0.1
1352, 9614.0, 7, 7.105691056910569, 0.1
1353, 9616.0, 2, 7.10192023633678, 0.1
1354, 9624.0, 8, 7.102583025830258, 0.1
1355, 9631.0, 7, 7.102507374631268, 0.1
1356, 9639.0, 8, 7.103168754605748, 0.1
1357, 9645.0, 6, 7.1023564064801175, 0.1
1358, 9652.0, 7, 7.1022810890360555, 0.1
1359, 9659.0, 7, 7.1022058823529415, 0.1
1360, 9667.0, 8, 7.102865540044085, 0.1
1361, 9675.0, 8, 7.10352422907489, 0.1
1362, 9675.0, 0, 7.098312545854732, 0.1
1363, 9683.0, 8, 7.098973607038123, 0.1
1364, 9691.0, 8, 7.099633699633699, 0.1
1365, 9699.0, 8, 7.100292825768667, 0.1
1366, 9705.0, 6, 7.099487929773226, 0.1
1367, 9711.0, 6, 7.098684210526316, 0.1
1368, 9717.0, 6, 7.097881665449233, 0.1
1369, 9719.0, 2, 7.094160583941606, 0.1
1370, 9725.0, 6, 7.093362509117433, 0.1
1371, 9733.0, 8, 7.09402332361516, 0.1
1372, 9740.0, 7, 7.093954843408595, 0.1
1373, 9747.0, 7, 7.093886462882096, 0.1
1374, 9755.0, 8, 7.094545454545455, 0.1
1375, 9762.0, 7, 7.094476744186046, 0.1
1376, 9770.0, 8, 7.095134350036311, 0.1
1377, 9778.0, 8, 7.095791001451379, 0.1
1378, 9785.0, 7, 7.095721537345903, 0.1
1379, 9793.0, 8, 7.096376811594203, 0.1
1380, 9801.0, 8, 7.09703113685735, 0.1
1381, 9809.0, 8, 7.097684515195369, 0.1
1382, 9814.0, 5, 7.096167751265365, 0.1
1383, 9821.0, 7, 7.096098265895954, 0.1
1384, 9828.0, 7, 7.096028880866426, 0.1
1385, 9835.0, 7, 7.095959595959596, 0.1
1386, 9843.0, 8, 7.09661139149243, 0.1
1387, 9846.0, 3, 7.093659942363113, 0.1
1388, 9853.0, 7, 7.093592512598992, 0.1
1389, 9854.0, 1, 7.089208633093525, 0.1
1390, 9860.0, 6, 7.08842559309849, 0.1
1391, 9860.0, 0, 7.083333333333333, 0.1
1392, 9868.0, 8, 7.083991385498924, 0.1
1393, 9875.0, 7, 7.083931133428981, 0.1
1394, 9880.0, 5, 7.082437275985663, 0.1
1395, 9883.0, 3, 7.079512893982808, 0.1
1396, 9889.0, 6, 7.078740157480315, 0.1
1397, 9897.0, 8, 7.079399141630901, 0.1
1398, 9905.0, 8, 7.080057183702645, 0.1
1399, 9905.0, 0, 7.075, 0.1
1400, 9913.0, 8, 7.075660242683798, 0.1
1401, 9918.0, 5, 7.074179743223966, 0.1
1402, 9921.0, 3, 7.071275837491091, 0.1
1403, 9928.0, 7, 7.071225071225071, 0.1
1404, 9935.0, 7, 7.0711743772241995, 0.1
1405, 9942.0, 7, 7.071123755334281, 0.1
1406, 9946.0, 4, 7.068941009239516, 0.1
1407, 9952.0, 6, 7.068181818181818, 0.1
1408, 9959.0, 7, 7.068133427963095, 0.1
1409, 9967.0, 8, 7.068794326241135, 0.1
1410, 9974.0, 7, 7.068745570517364, 0.1
1411, 9982.0, 8, 7.069405099150142, 0.1
1412, 9989.0, 7, 7.069355980184006, 0.1
1413, 9996.0, 7, 7.069306930693069, 0.1
1414, 10003.0, 7, 7.0692579505300355, 0.1
1415, 10005.0, 2, 7.065677966101695, 0.1
1416, 10005.0, 0, 7.060691601976005, 0.1
1417, 10013.0, 8, 7.061354019746121, 0.1
1418, 10017.0, 4, 7.059196617336152, 0.1
1419, 10025.0, 8, 7.059859154929577, 0.1
1420, 10033.0, 8, 7.060520760028149, 0.1
1421, 10040.0, 7, 7.060478199718706, 0.1
1422, 10048.0, 8, 7.061138439915671, 0.1
1423, 10056.0, 8, 7.061797752808989, 0.1
1424, 10062.0, 6, 7.0610526315789475, 0.1
1425, 10069.0, 7, 7.06100981767181, 0.1
1426, 10077.0, 8, 7.0616678346180795, 0.1
1427, 10080.0, 3, 7.0588235294117645, 0.1
1428, 10088.0, 8, 7.059482155353394, 0.1
1429, 10095.0, 7, 7.059440559440559, 0.1
1430, 10103.0, 8, 7.06009783368274, 0.1
1431, 10104.0, 1, 7.055865921787709, 0.1
1432, 10111.0, 7, 7.055826936496859, 0.1
1433, 10117.0, 6, 7.0550906555090656, 0.1
1434, 10119.0, 2, 7.051567944250871, 0.1
1435, 10127.0, 8, 7.052228412256268, 0.1
1436, 10135.0, 8, 7.052887961029923, 0.1
1437, 10142.0, 7, 7.052851182197497, 0.1
1438, 10150.0, 8, 7.053509381514941, 0.1
1439, 10157.0, 7, 7.053472222222222, 0.1
1440, 10164.0, 7, 7.0534351145038165, 0.1
1441, 10171.0, 7, 7.053398058252427, 0.1
1442, 10175.0, 4, 7.051282051282051, 0.1
1443, 10182.0, 7, 7.051246537396122, 0.1
1444, 10190.0, 8, 7.051903114186851, 0.1
1445, 10197.0, 7, 7.051867219917012, 0.1
1446, 10205.0, 8, 7.052522460262613, 0.1
1447, 10209.0, 4, 7.050414364640884, 0.1
1448, 10217.0, 8, 7.051069703243616, 0.1
1449, 10219.0, 2, 7.047586206896551, 0.1
1450, 10224.0, 5, 7.046175051688491, 0.1
1451, 10224.0, 0, 7.041322314049586, 0.1
1452, 10232.0, 8, 7.0419821059876115, 0.1
1453, 10232.0, 0, 7.037138927097661, 0.1
1454, 10240.0, 8, 7.037800687285223, 0.1
1455, 10247.0, 7, 7.037774725274725, 0.1
1456, 10254.0, 7, 7.037748798901853, 0.1
1457, 10257.0, 3, 7.034979423868313, 0.1
1458, 10264.0, 7, 7.0349554489376285, 0.1
1459, 10271.0, 7, 7.034931506849315, 0.1
1460, 10278.0, 7, 7.034907597535934, 0.1
1461, 10284.0, 6, 7.034199726402189, 0.1
1462, 10292.0, 8, 7.0348598769651405, 0.1
1463, 10296.0, 4, 7.032786885245901, 0.1
1464, 10303.0, 7, 7.032764505119454, 0.1
1465, 10311.0, 8, 7.033424283765348, 0.1
1466, 10319.0, 8, 7.0340831629175185, 0.1
1467, 10325.0, 6, 7.033378746594005, 0.1
1468, 10333.0, 8, 7.034036759700476, 0.1
1469, 10341.0, 8, 7.03469387755102, 0.1
1470, 10348.0, 7, 7.034670292318151, 0.1
1471, 10355.0, 7, 7.034646739130435, 0.1
1472, 10362.0, 7, 7.034623217922607, 0.1
1473, 10368.0, 6, 7.033921302578019, 0.1
1474, 10376.0, 8, 7.034576271186441, 0.1
1475, 10383.0, 7, 7.034552845528455, 0.1
1476, 10384.0, 1, 7.030467163168585, 0.1
1477, 10391.0, 7, 7.030446549391069, 0.1
1478, 10398.0, 7, 7.0304259634888435, 0.1
1479, 10400.0, 2, 7.027027027027027, 0.1
1480, 10408.0, 8, 7.027683997299122, 0.1
1481, 10409.0, 1, 7.02361673414305, 0.1
1482, 10416.0, 7, 7.0236008091706, 0.1
1483, 10424.0, 8, 7.024258760107816, 0.1
1484, 10431.0, 7, 7.024242424242424, 0.1
1485, 10438.0, 7, 7.024226110363392, 0.1
1486, 10444.0, 6, 7.023537323470074, 0.1
1487, 10452.0, 8, 7.024193548387097, 0.1
1488, 10455.0, 3, 7.021490933512425, 0.1
1489, 10462.0, 7, 7.021476510067114, 0.1
1490, 10468.0, 6, 7.020791415157612, 0.1
1491, 10474.0, 6, 7.020107238605898, 0.1
1492, 10482.0, 8, 7.020763563295379, 0.1
1493, 10489.0, 7, 7.020749665327979, 0.1
1494, 10497.0, 8, 7.021404682274247, 0.1
1495, 10505.0, 8, 7.022058823529412, 0.1
1496, 10510.0, 5, 7.020708082832331, 0.1
1497, 10518.0, 8, 7.021361815754339, 0.1
1498, 10519.0, 1, 7.017344896597732, 0.1
1499, 10525.0, 6, 7.016666666666667, 0.1
1500, 10531.0, 6, 7.015989340439707, 0.1
1501, 10539.0, 8, 7.016644474034621, 0.1
1502, 10543.0, 4, 7.014637391882901, 0.1
1503, 10550.0, 7, 7.014627659574468, 0.1
1504, 10557.0, 7, 7.014617940199336, 0.1
1505, 10563.0, 6, 7.01394422310757, 0.1
1506, 10571.0, 8, 7.014598540145985, 0.1
1507, 10578.0, 7, 7.014588859416445, 0.1
1508, 10585.0, 7, 7.014579191517561, 0.1
1509, 10592.0, 7, 7.014569536423841, 0.1
1510, 10598.0, 6, 7.013898080741231, 0.1
1511, 10606.0, 8, 7.014550264550264, 0.1
1512, 10613.0, 7, 7.0145406477197625, 0.1
1513, 10620.0, 7, 7.014531043593131, 0.1
1514, 10628.0, 8, 7.015181518151815, 0.1
1515, 10631.0, 3, 7.012532981530343, 0.1
1516, 10638.0, 7, 7.012524719841793, 0.1
1517, 10646.0, 8, 7.013175230566535, 0.1
1518, 10654.0, 8, 7.013824884792626, 0.1
1519, 10662.0, 8, 7.014473684210526, 0.1
1520, 10667.0, 5, 7.013149243918475, 0.1
1521, 10675.0, 8, 7.013797634691196, 0.1
1522, 10683.0, 8, 7.014445173998687, 0.1
1523, 10690.0, 7, 7.014435695538058, 0.1
1524, 10697.0, 7, 7.014426229508197, 0.1
1525, 10704.0, 7, 7.014416775884666, 0.1
1526, 10711.0, 7, 7.014407334643091, 0.1
1527, 10717.0, 6, 7.013743455497382, 0.1
1528, 10724.0, 7, 7.013734466971877, 0.1
1529, 10732.0, 8, 7.01437908496732, 0.1
1530, 10739.0, 7, 7.014369693011104, 0.1
1531, 10744.0, 5, 7.013054830287206, 0.1
1532, 10751.0, 7, 7.013046314416178, 0.1
1533, 10758.0, 7, 7.0130378096479795, 0.1
1534, 10766.0, 8, 7.013680781758958, 0.1
1535, 10774.0, 8, 7.014322916666667, 0.1
1536, 10781.0, 7, 7.014313597918022, 0.1
1537, 10789.0, 8, 7.0149544863459035, 0.1
1538, 10792.0, 3, 7.012345679012346, 0.1
1539, 10796.0, 4, 7.01038961038961, 0.1
1540, 10803.0, 7, 7.010382868267359, 0.1
1541, 10804.0, 1, 7.006485084306096, 0.1
1542, 10810.0, 6, 7.005832793259883, 0.1
1543, 10818.0, 8, 7.006476683937824, 0.1
1544, 10824.0, 6, 7.005825242718447, 0.1
1545, 10832.0, 8, 7.00646830530401, 0.1
1546, 10840.0, 8, 7.007110536522301, 0.1
1547, 10842.0, 2, 7.003875968992248, 0.1
1548, 10849.0, 7, 7.003873466752744, 0.1
1549, 10857.0, 8, 7.004516129032258, 0.1
1550, 10863.0, 6, 7.003868471953578, 0.1
1551, 10867.0, 4, 7.001932989690721, 0.1
1552, 10871.0, 4, 7.0, 0.1
1553, 10878.0, 7, 7.0, 0.1
1554, 10884.0, 6, 6.99935691318328, 0.1
1555, 10892.0, 8, 7.0, 0.1
1556, 10898.0, 6, 6.999357739242132, 0.1
1557, 10905.0, 7, 6.999358151476252, 0.1
1558, 10913.0, 8, 7.0, 0.1
1559, 10921.0, 8, 7.000641025641026, 0.1
1560, 10925.0, 4, 6.998718770019218, 0.1
1561, 10926.0, 1, 6.9948783610755445, 0.1
1562, 10934.0, 8, 6.995521433141395, 0.1
1563, 10941.0, 7, 6.995524296675192, 0.1
1564, 10947.0, 6, 6.994888178913738, 0.1
1565, 10953.0, 6, 6.994252873563219, 0.1
1566, 10960.0, 7, 6.994256541161455, 0.1
1567, 10960.0, 0, 6.989795918367347, 0.1
1568, 10968.0, 8, 6.990439770554493, 0.1
1569, 10976.0, 8, 6.991082802547771, 0.1
1570, 10982.0, 6, 6.990451941438574, 0.1
1571, 10988.0, 6, 6.989821882951654, 0.1
1572, 10996.0, 8, 6.990464081373172, 0.1
1573, 11003.0, 7, 6.990470139771284, 0.1
1574, 11010.0, 7, 6.9904761904761905, 0.1
1575, 11017.0, 7, 6.990482233502538, 0.1
1576, 11017.0, 0, 6.986049461001902, 0.1
1577, 11024.0, 7, 6.986058301647655, 0.1
1578, 11032.0, 8, 6.986700443318556, 0.1
1579, 11032.0, 0, 6.982278481012658, 0.1
1580, 11039.0, 7, 6.982289690069576, 0.1
1581, 11044.0, 5, 6.981036662452592, 0.1
1582, 11052.0, 8, 6.981680353758686, 0.1
1583, 11058.0, 6, 6.981060606060606, 0.1
1584, 11061.0, 3, 6.978548895899054, 0.1
1585, 11068.0, 7, 6.978562421185372, 0.1
1586, 11076.0, 8, 6.979206049149338, 0.1
1587, 11084.0, 8, 6.979848866498741, 0.1
1588, 11092.0, 8, 6.980490874764002, 0.1
1589, 11100.0, 8, 6.981132075471698, 0.1
1590, 11102.0, 2, 6.978001257071025, 0.1
1591, 11108.0, 6, 6.977386934673367, 0.1
1592, 11114.0, 6, 6.976773383553045, 0.1
1593, 11122.0, 8, 6.977415307402761, 0.1
1594, 11128.0, 6, 6.97680250783699, 0.1
1595, 11136.0, 8, 6.977443609022556, 0.1
1596, 11144.0, 8, 6.978083907326237, 0.1
1597, 11150.0, 6, 6.977471839799749, 0.1
1598, 11158.0, 8, 6.978111319574734, 0.1
1599, 11158.0, 0, 6.97375, 0.1
1600, 11166.0, 8, 6.974391005621486, 0.1
1601, 11168.0, 2, 6.971285892634207, 0.1
1602, 11174.0, 6, 6.970679975046787, 0.1
1603, 11177.0, 3, 6.9682044887780545, 0.1
1604, 11185.0, 8, 6.968847352024922, 0.1
1605, 11192.0, 7, 6.968866749688668, 0.1
1606, 11200.0, 8, 6.969508400746733, 0.1
1607, 11205.0, 5, 6.968283582089552, 0.1
1608, 11212.0, 7, 6.9683032939714105, 0.1
1609, 11219.0, 7, 6.96832298136646, 0.1
1610, 11226.0, 7, 6.968342644320298, 0.1
1611, 11234.0, 8, 6.9689826302729525, 0.1
1612, 11237.0, 3, 6.966522008679479, 0.1
1613, 11245.0, 8, 6.967162329615861, 0.1
1614, 11253.0, 8, 6.9678018575851395, 0.1
1615, 11260.0, 7, 6.967821782178218, 0.1
1616, 11266.0, 6, 6.967223252937539, 0.1
1617, 11274.0, 8, 6.967861557478368, 0.1
1618, 11276.0, 2, 6.964793082149475, 0.1
1619, 11283.0, 7, 6.964814814814815, 0.1
1620, 11285.0, 2, 6.961752004935225, 0.1
1621, 11293.0, 8, 6.9623921085080145, 0.1
1622, 11299.0, 6, 6.961799137399876, 0.1
1623, 11306.0, 7, 6.961822660098522, 0.1
1624, 11311.0, 5, 6.960615384615385, 0.1
1625, 11318.0, 7, 6.960639606396064, 0.1
1626, 11326.0, 8, 6.961278426551936, 0.1
1627, 11332.0, 6, 6.96068796068796, 0.1
1628, 11339.0, 7, 6.9607120933087785, 0.1
1629, 11345.0, 6, 6.960122699386503, 0.1
1630, 11353.0, 8, 6.960760269773146, 0.1
1631, 11361.0, 8, 6.961397058823529, 0.1
1632, 11367.0, 6, 6.960808328230251, 0.1
1633, 11374.0, 7, 6.960832313341493, 0.1
1634, 11381.0, 7, 6.96085626911315, 0.1
1635, 11389.0, 8, 6.961491442542787, 0.1
1636, 11395.0, 6, 6.96090409285278, 0.1
1637, 11403.0, 8, 6.961538461538462, 0.1
1638, 11410.0, 7, 6.961561928004881, 0.1
1639, 11417.0, 7, 6.961585365853659, 0.1
1640, 11422.0, 5, 6.960390006093845, 0.1
1641, 11429.0, 7, 6.96041412911084, 0.1
1642, 11436.0, 7, 6.960438222763238, 0.1
1643, 11444.0, 8, 6.961070559610706, 0.1
1644, 11448.0, 4, 6.959270516717325, 0.1
1645, 11455.0, 7, 6.959295261239368, 0.1
1646, 11463.0, 8, 6.959927140255009, 0.1
1647, 11471.0, 8, 6.960558252427185, 0.1
1648, 11474.0, 3, 6.958156458459673, 0.1
1649, 11480.0, 6, 6.957575757575758, 0.1
1650, 11481.0, 1, 6.95396729254997, 0.1
1651, 11483.0, 2, 6.950968523002421, 0.1
1652, 11490.0, 7, 6.950998185117967, 0.1
1653, 11496.0, 6, 6.950423216444982, 0.1
1654, 11504.0, 8, 6.9510574018126885, 0.1
1655, 11505.0, 1, 6.947463768115942, 0.1
1656, 11511.0, 6, 6.946891973445987, 0.1
1657, 11519.0, 8, 6.947527141133897, 0.1
1658, 11526.0, 7, 6.947558770343581, 0.1
1659, 11534.0, 8, 6.948192771084337, 0.1
1660, 11542.0, 8, 6.948826008428657, 0.1
1661, 11550.0, 8, 6.949458483754513, 0.1
1662, 11556.0, 6, 6.948887552615755, 0.1
1663, 11564.0, 8, 6.949519230769231, 0.1
1664, 11570.0, 6, 6.948948948948949, 0.1
1665, 11578.0, 8, 6.949579831932773, 0.1
1666, 11586.0, 8, 6.950209958008398, 0.1
1667, 11594.0, 8, 6.95083932853717, 0.1
1668, 11602.0, 8, 6.951467944877172, 0.1
1669, 11609.0, 7, 6.951497005988024, 0.1
1670, 11613.0, 4, 6.949730700179534, 0.1
1671, 11621.0, 8, 6.9503588516746415, 0.1
1672, 11623.0, 2, 6.947399880454274, 0.1
1673, 11629.0, 6, 6.946833930704899, 0.1
1674, 11634.0, 5, 6.945671641791045, 0.1
1675, 11642.0, 8, 6.9463007159904535, 0.1
1676, 11650.0, 8, 6.946929039952296, 0.1
1677, 11654.0, 4, 6.945172824791419, 0.1
1678, 11661.0, 7, 6.945205479452055, 0.1
1679, 11669.0, 8, 6.945833333333334, 0.1
1680, 11677.0, 8, 6.9464604402141585, 0.1
1681, 11683.0, 6, 6.94589774078478, 0.1
1682, 11691.0, 8, 6.946524064171123, 0.1
1683, 11693.0, 2, 6.943586698337292, 0.1
1684, 11700.0, 7, 6.943620178041543, 0.1
1685, 11708.0, 8, 6.944246737841044, 0.1
1686, 11715.0, 7, 6.944279786603438, 0.1
1687, 11722.0, 7, 6.944312796208531, 0.1
1688, 11730.0, 8, 6.9449378330373, 0.1
1689, 11734.0, 4, 6.943195266272189, 0.1
1690, 11736.0, 2, 6.940272028385571, 0.1
1691, 11743.0, 7, 6.940307328605201, 0.1
1692, 11750.0, 7, 6.94034258712345, 0.1
1693, 11756.0, 6, 6.9397874852420305, 0.1
1694, 11763.0, 7, 6.939823008849557, 0.1
1695, 11764.0, 1, 6.936320754716981, 0.1
1696, 11772.0, 8, 6.936947554507955, 0.1
1697, 11779.0, 7, 6.9369846878680805, 0.1
1698, 11787.0, 8, 6.937610359034727, 0.1
1699, 11794.0, 7, 6.937647058823529, 0.1
1700, 11801.0, 7, 6.937683715461493, 0.1
1701, 11807.0, 6, 6.937132784958872, 0.1
1702, 11813.0, 6, 6.936582501467997, 0.1
1703, 11818.0, 5, 6.935446009389671, 0.1
1704, 11825.0, 7, 6.935483870967742, 0.1
1705, 11832.0, 7, 6.9355216881594375, 0.1
1706, 11838.0, 6, 6.934973637961336, 0.1
1707, 11846.0, 8, 6.93559718969555, 0.1
1708, 11852.0, 6, 6.935049736688121, 0.1
1709, 11858.0, 6, 6.934502923976608, 0.1
1710, 11863.0, 5, 6.933372296902396, 0.1
1711, 11863.0, 0, 6.929322429906542, 0.1
1712, 11864.0, 1, 6.925861062463515, 0.1
1713, 11872.0, 8, 6.926487747957993, 0.1
1714, 11879.0, 7, 6.926530612244898, 0.1
1715, 11887.0, 8, 6.927156177156177, 0.1
1716, 11894.0, 7, 6.927198602213163, 0.1
1717, 11901.0, 7, 6.927240977881257, 0.1
1718, 11909.0, 8, 6.927865037812682, 0.1
1719, 11917.0, 8, 6.928488372093023, 0.1
1720, 11925.0, 8, 6.9291109819872165, 0.1
1721, 11932.0, 7, 6.929152148664344, 0.1
1722, 11940.0, 8, 6.929773650609402, 0.1
1723, 11947.0, 7, 6.929814385150812, 0.1
1724, 11954.0, 7, 6.929855072463768, 0.1
1725, 11961.0, 7, 6.929895712630359, 0.1
1726, 11967.0, 6, 6.929357266936885, 0.1
1727, 11973.0, 6, 6.928819444444445, 0.1
1728, 11979.0, 6, 6.928282244071718, 0.1
1729, 11986.0, 7, 6.9283236994219655, 0.1
1730, 11987.0, 1, 6.924898902368573, 0.1
1731, 11993.0, 6, 6.924364896073903, 0.1
1732, 12000.0, 7, 6.924408540103866, 0.1
1733, 12002.0, 2, 6.921568627450981, 0.1
1734, 12009.0, 7, 6.921613832853026, 0.1
1735, 12015.0, 6, 6.921082949308755, 0.1
1736, 12021.0, 6, 6.920552677029361, 0.1
1737, 12027.0, 6, 6.920023014959724, 0.1
1738, 12035.0, 8, 6.920644048303623, 0.1
1739, 12042.0, 7, 6.9206896551724135, 0.1
1740, 12050.0, 8, 6.921309592188398, 0.1
1741, 12058.0, 8, 6.921928817451206, 0.1
1742, 12062.0, 4, 6.920252438324727, 0.1
1743, 12067.0, 5, 6.919151376146789, 0.1
1744, 12072.0, 5, 6.918051575931232, 0.1
1745, 12080.0, 8, 6.918671248568156, 0.1
1746, 12081.0, 1, 6.915283342873497, 0.1
1747, 12081.0, 0, 6.911327231121281, 0.1
1748, 12089.0, 8, 6.911949685534591, 0.1
1749, 12094.0, 5, 6.910857142857143, 0.1
1750, 12102.0, 8, 6.911479154768704, 0.1
1751, 12110.0, 8, 6.912100456621005, 0.1
1752, 12117.0, 7, 6.912150598973189, 0.1
1753, 12124.0, 7, 6.9122006841505135, 0.1
1754, 12128.0, 4, 6.91054131054131, 0.1
1755, 12128.0, 0, 6.906605922551253, 0.1
1756, 12132.0, 4, 6.904951622083096, 0.1
1757, 12140.0, 8, 6.905574516496018, 0.1
1758, 12147.0, 7, 6.905628197839682, 0.1
1759, 12152.0, 5, 6.904545454545454, 0.1
1760, 12160.0, 8, 6.905167518455423, 0.1
1761, 12168.0, 8, 6.905788876276958, 0.1
1762, 12174.0, 6, 6.905275099262621, 0.1
1763, 12180.0, 6, 6.904761904761905, 0.1
1764, 12181.0, 1, 6.901416430594901, 0.1
1765, 12182.0, 1, 6.898074745186863, 0.1
1766, 12185.0, 3, 6.89586870401811, 0.1
1767, 12193.0, 8, 6.896493212669683, 0.1
1768, 12199.0, 6, 6.895986433013002, 0.1
1769, 12207.0, 8, 6.896610169491526, 0.1
1770, 12213.0, 6, 6.896103896103896, 0.1
1771, 12220.0, 7, 6.8961625282167045, 0.1
1772, 12228.0, 8, 6.89678510998308, 0.1
1773, 12235.0, 7, 6.8968432919954905, 0.1
1774, 12242.0, 7, 6.896901408450704, 0.1
1775, 12248.0, 6, 6.896396396396397, 0.1
1776, 12255.0, 7, 6.896454698930782, 0.1
1777, 12261.0, 6, 6.895950506186726, 0.1
1778, 12269.0, 8, 6.8965711073636875, 0.1
1779, 12275.0, 6, 6.896067415730337, 0.1
1780, 12283.0, 8, 6.896687254351488, 0.1
1781, 12290.0, 7, 6.896745230078563, 0.1
1782, 12295.0, 5, 6.8956814357823895, 0.1
1783, 12300.0, 5, 6.894618834080718, 0.1
1784, 12308.0, 8, 6.895238095238096, 0.1
1785, 12315.0, 7, 6.895296752519597, 0.1
1786, 12323.0, 8, 6.895914941242306, 0.1
1787, 12331.0, 8, 6.896532438478747, 0.1
1788, 12334.0, 3, 6.8943543879262155, 0.1
1789, 12341.0, 7, 6.894413407821229, 0.1
1790, 12344.0, 3, 6.892238972640983, 0.1
1791, 12351.0, 7, 6.892299107142857, 0.1
1792, 12359.0, 8, 6.892916899051868, 0.1
1793, 12366.0, 7, 6.892976588628763, 0.1
1794, 12373.0, 7, 6.893036211699164, 0.1
1795, 12380.0, 7, 6.893095768374165, 0.1
1796, 12388.0, 8, 6.893711741791876, 0.1
1797, 12392.0, 4, 6.89210233592881, 0.1
1798, 12399.0, 7, 6.892162312395776, 0.1
1799, 12405.0, 6, 6.891666666666667, 0.1
1800, 12413.0, 8, 6.892282065519156, 0.1
1801, 12419.0, 6, 6.891786903440622, 0.1
1802, 12421.0, 2, 6.889073765945646, 0.1
1803, 12428.0, 7, 6.889135254988913, 0.1
1804, 12434.0, 6, 6.888642659279778, 0.1
1805, 12439.0, 5, 6.887596899224806, 0.1
1806, 12447.0, 8, 6.888212506917543, 0.1
1807, 12455.0, 8, 6.888827433628318, 0.1
1808, 12460.0, 5, 6.887783305693754, 0.1
1809, 12461.0, 1, 6.884530386740331, 0.1
1810, 12468.0, 7, 6.884594146880176, 0.1
1811, 12474.0, 6, 6.8841059602649, 0.1
1812, 12481.0, 7, 6.884169884169884, 0.1
1813, 12482.0, 1, 6.880926130099228, 0.1
1814, 12490.0, 8, 6.881542699724518, 0.1
1815, 12496.0, 6, 6.881057268722467, 0.1
1816, 12499.0, 3, 6.878921298844249, 0.1
1817, 12500.0, 1, 6.8756875687568755, 0.1
1818, 12506.0, 6, 6.875206157229247, 0.1
1819, 12507.0, 1, 6.8719780219780215, 0.1
1820, 12514.0, 7, 6.872048325096101, 0.1
1821, 12518.0, 4, 6.870472008781559, 0.1
1822, 12525.0, 7, 6.870543060888645, 0.1
1823, 12530.0, 5, 6.869517543859649, 0.1
1824, 12534.0, 4, 6.867945205479452, 0.1
1825, 12540.0, 6, 6.867469879518072, 0.1
1826, 12544.0, 4, 6.865900383141763, 0.1
1827, 12552.0, 8, 6.866520787746171, 0.1
1828, 12559.0, 7, 6.866593767085839, 0.1
1829, 12563.0, 4, 6.865027322404371, 0.1
1830, 12565.0, 2, 6.862370289459312, 0.1
1831, 12573.0, 8, 6.862991266375546, 0.1
1832, 12581.0, 8, 6.863611565739225, 0.1
1833, 12588.0, 7, 6.863685932388223, 0.1
1834, 12590.0, 2, 6.861035422343324, 0.1
1835, 12597.0, 7, 6.861111111111111, 0.1
1836, 12604.0, 7, 6.861186717474142, 0.1
1837, 12612.0, 8, 6.861806311207834, 0.1
1838, 12620.0, 8, 6.8624252311038605, 0.1
1839, 12626.0, 6, 6.86195652173913, 0.1
1840, 12630.0, 4, 6.86040195545899, 0.1
1841, 12638.0, 8, 6.861020629750271, 0.1
1842, 12646.0, 8, 6.8616386326641345, 0.1
1843, 12654.0, 8, 6.862255965292841, 0.1
1844, 12662.0, 8, 6.862872628726287, 0.1
1845, 12669.0, 7, 6.862946912242687, 0.1
1846, 12677.0, 8, 6.863562533838658, 0.1
1847, 12684.0, 7, 6.863636363636363, 0.1
1848, 12691.0, 7, 6.863710113574905, 0.1
1849, 12699.0, 8, 6.864324324324325, 0.1
1850, 12706.0, 7, 6.864397622906537, 0.1
1851, 12709.0, 3, 6.862311015118791, 0.1
1852, 12715.0, 6, 6.86184565569347, 0.1
1853, 12721.0, 6, 6.861380798274002, 0.1
1854, 12729.0, 8, 6.86199460916442, 0.1
1855, 12733.0, 4, 6.860452586206897, 0.1
1856, 12740.0, 7, 6.860527732902531, 0.1
1857, 12746.0, 6, 6.860064585575888, 0.1
1858, 12753.0, 7, 6.86013986013986, 0.1
1859, 12761.0, 8, 6.860752688172043, 0.1
1860, 12761.0, 0, 6.857066093498119, 0.1
1861, 12768.0, 7, 6.857142857142857, 0.1
1862, 12776.0, 8, 6.85775630703167, 0.1
1863, 12779.0, 3, 6.85568669527897, 0.1
1864, 12781.0, 2, 6.853083109919571, 0.1
1865, 12789.0, 8, 6.853697749196141, 0.1
1866, 12795.0, 6, 6.853240492769149, 0.1
1867, 12799.0, 4, 6.851713062098501, 0.1
1868, 12805.0, 6, 6.851257356875334, 0.1
1869, 12812.0, 7, 6.851336898395722, 0.1
1870, 12819.0, 7, 6.851416354890433, 0.1
1871, 12827.0, 8, 6.852029914529915, 0.1
1872, 12833.0, 6, 6.851575013347571, 0.1
1873, 12841.0, 8, 6.852187833511206, 0.1
1874, 12848.0, 7, 6.852266666666667, 0.1
1875, 12848.0, 0, 6.848614072494669, 0.1
1876, 12856.0, 8, 6.849227490676611, 0.1
1877, 12856.0, 0, 6.845580404685836, 0.1
1878, 12863.0, 7, 6.845662586482171, 0.1
1879, 12869.0, 6, 6.845212765957447, 0.1
1880, 12875.0, 6, 6.844763423710792, 0.1
1881, 12882.0, 7, 6.844845908607864, 0.1
1882, 12889.0, 7, 6.8449283058948485, 0.1
1883, 12895.0, 6, 6.84447983014862, 0.1
1884, 12897.0, 2, 6.841909814323607, 0.1
1885, 12898.0, 1, 6.83881230116649, 0.1
1886, 12904.0, 6, 6.83836777954425, 0.1
1887, 12912.0, 8, 6.838983050847458, 0.1
1888, 12920.0, 8, 6.839597670725252, 0.1
1889, 12927.0, 7, 6.839682539682539, 0.1
1890, 12927.0, 0, 6.836065573770492, 0.1
1891, 12935.0, 8, 6.836680761099366, 0.1
1892, 12942.0, 7, 6.836767036450079, 0.1
1893, 12948.0, 6, 6.836325237592397, 0.1
1894, 12953.0, 5, 6.835356200527705, 0.1
1895, 12960.0, 7, 6.8354430379746836, 0.1
1896, 12966.0, 6, 6.8350026357406435, 0.1
1897, 12974.0, 8, 6.835616438356165, 0.1
1898, 12982.0, 8, 6.8362295945234335, 0.1
1899, 12984.0, 2, 6.833684210526315, 0.1
1900, 12990.0, 6, 6.833245660178854, 0.1
1901, 12998.0, 8, 6.833859095688749, 0.1
1902, 13006.0, 8, 6.834471886495008, 0.1
1903, 13013.0, 7, 6.834558823529412, 0.1
1904, 13021.0, 8, 6.83517060367454, 0.1
1905, 13028.0, 7, 6.835257082896118, 0.1
1906, 13030.0, 2, 6.832721552176193, 0.1
1907, 13037.0, 7, 6.832809224318658, 0.1
1908, 13038.0, 1, 6.829753797799896, 0.1
1909, 13038.0, 0, 6.826178010471204, 0.1
1910, 13044.0, 6, 6.82574568288854, 0.1
1911, 13051.0, 7, 6.825836820083682, 0.1
1912, 13057.0, 6, 6.825405122843701, 0.1
1913, 13064.0, 7, 6.825496342737722, 0.1
1914, 13071.0, 7, 6.825587467362924, 0.1
1915, 13079.0, 8, 6.826200417536534, 0.1
1916, 13087.0, 8, 6.826812728221179, 0.1
1917, 13095.0, 8, 6.827424400417101, 0.1
1918, 13103.0, 8, 6.82803543512246, 0.1
1919, 13109.0, 6, 6.827604166666666, 0.1
1920, 13115.0, 6, 6.827173347214992, 0.1
1921, 13123.0, 8, 6.827783558792924, 0.1
1922, 13130.0, 7, 6.827873114924597, 0.1
1923, 13138.0, 8, 6.828482328482329, 0.1
1924, 13145.0, 7, 6.828571428571428, 0.1
1925, 13152.0, 7, 6.8286604361370715, 0.1
1926, 13152.0, 0, 6.825116761805916, 0.1
1927, 13158.0, 6, 6.824688796680498, 0.1
1928, 13158.0, 0, 6.821150855365475, 0.1
1929, 13164.0, 6, 6.820725388601036, 0.1
1930, 13171.0, 7, 6.820818228896945, 0.1
1931, 13179.0, 8, 6.821428571428571, 0.1
1932, 13186.0, 7, 6.821520951888257, 0.1
1933, 13193.0, 7, 6.821613236814891, 0.1
1934, 13199.0, 6, 6.821188630490956, 0.1
1935, 13206.0, 7, 6.821280991735537, 0.1
1936, 13209.0, 3, 6.819308208569954, 0.1
1937, 13212.0, 3, 6.817337461300309, 0.1
1938, 13220.0, 8, 6.817947395564724, 0.1
1939, 13226.0, 6, 6.817525773195876, 0.1
1940, 13233.0, 7, 6.817619783616692, 0.1
1941, 13239.0, 6, 6.8171987641606595, 0.1
1942, 13244.0, 5, 6.816263510036027, 0.1
1943, 13245.0, 1, 6.813271604938271, 0.1
1944, 13253.0, 8, 6.81388174807198, 0.1
1945, 13256.0, 3, 6.8119218910585815, 0.1
1946, 13263.0, 7, 6.812018489984592, 0.1
1947, 13267.0, 4, 6.810574948665297, 0.1
1948, 13275.0, 8, 6.81118522319138, 0.1
1949, 13283.0, 8, 6.811794871794872, 0.1
1950, 13289.0, 6, 6.811378780112762, 0.1
1951, 13296.0, 7, 6.811475409836065, 0.1
1952, 13300.0, 4, 6.810035842293907, 0.1
1953, 13304.0, 4, 6.808597748208802, 0.1
1954, 13311.0, 7, 6.808695652173913, 0.1
1955, 13319.0, 8, 6.809304703476482, 0.1
1956, 13322.0, 3, 6.807358201328564, 0.1
1957, 13329.0, 7, 6.807456588355465, 0.1
1958, 13335.0, 6, 6.807044410413476, 0.1
1959, 13342.0, 7, 6.807142857142857, 0.1
1960, 13349.0, 7, 6.807241203467618, 0.1
1961, 13356.0, 7, 6.807339449541284, 0.1
1962, 13361.0, 5, 6.806418746816098, 0.1
1963, 13368.0, 7, 6.806517311608961, 0.1
1964, 13375.0, 7, 6.806615776081425, 0.1
1965, 13382.0, 7, 6.806714140386572, 0.1
1966, 13389.0, 7, 6.806812404677173, 0.1
1967, 13395.0, 6, 6.8064024390243905, 0.1
1968, 13402.0, 7, 6.806500761808024, 0.1
1969, 13408.0, 6, 6.806091370558375, 0.1
1970, 13415.0, 7, 6.806189751395231, 0.1
1971, 13422.0, 7, 6.806288032454361, 0.1
1972, 13425.0, 3, 6.804358844399392, 0.1
1973, 13433.0, 8, 6.804964539007092, 0.1
1974, 13437.0, 4, 6.8035443037974686, 0.1
1975, 13445.0, 8, 6.80414979757085, 0.1
1976, 13453.0, 8, 6.8047546788062725, 0.1
1977, 13461.0, 8, 6.805358948432761, 0.1
1978, 13469.0, 8, 6.805962607377463, 0.1
1979, 13476.0, 7, 6.806060606060606, 0.1
1980, 13483.0, 7, 6.806158505805149, 0.1
1981, 13488.0, 5, 6.805247225025227, 0.1
1982, 13495.0, 7, 6.805345436207766, 0.1
1983, 13499.0, 4, 6.803931451612903, 0.1
1984, 13507.0, 8, 6.804534005037783, 0.1
1985, 13511.0, 4, 6.803121852970795, 0.1
1986, 13518.0, 7, 6.80322093608455, 0.1
1987, 13519.0, 1, 6.800301810865191, 0.1
1988, 13527.0, 8, 6.800904977375565, 0.1
1989, 13534.0, 7, 6.801005025125628, 0.1
1990, 13542.0, 8, 6.801607232546459, 0.1
1991, 13550.0, 8, 6.802208835341365, 0.1
1992, 13555.0, 5, 6.801304565980933, 0.1
1993, 13559.0, 4, 6.799899699097292, 0.1
1994, 13567.0, 8, 6.800501253132832, 0.1
1995, 13571.0, 4, 6.7990981963927855, 0.1
1996, 13574.0, 3, 6.797195793690536, 0.1
1997, 13581.0, 7, 6.797297297297297, 0.1
1998, 13589.0, 8, 6.797898949474737, 0.1
1999, 13596.0, 7, 6.798, 0.1
