0, 8.0, 8, 8.0, 0.1
1, 16.0, 8, 8.0, 0.1
2, 24.0, 8, 8.0, 0.1
3, 32.0, 8, 8.0, 0.1
4, 40.0, 8, 8.0, 0.1
5, 48.0, 8, 8.0, 0.1
6, 56.0, 8, 8.0, 0.1
7, 64.0, 8, 8.0, 0.1
8, 72.0, 8, 8.0, 0.1
9, 80.0, 8, 8.0, 0.1
10, 88.0, 8, 8.0, 0.1
11, 96.0, 8, 8.0, 0.1
12, 104.0, 8, 8.0, 0.1
13, 112.0, 8, 8.0, 0.1
14, 120.0, 8, 8.0, 0.1
15, 128.0, 8, 8.0, 0.1
16, 136.0, 8, 8.0, 0.1
17, 144.0, 8, 8.0, 0.1
18, 152.0, 8, 8.0, 0.1
19, 160.0, 8, 8.0, 0.1
20, 168.0, 8, 8.0, 0.1
21, 176.0, 8, 8.0, 0.1
22, 184.0, 8, 8.0, 0.1
23, 192.0, 8, 8.0, 0.1
24, 200.0, 8, 8.0, 0.1
25, 208.0, 8, 8.0, 0.1
26, 216.0, 8, 8.0, 0.1
27, 224.0, 8, 8.0, 0.1
28, 232.0, 8, 8.0, 0.1
29, 240.0, 8, 8.0, 0.1
30, 248.0, 8, 8.0, 0.1
31, 256.0, 8, 8.0, 0.1
32, 264.0, 8, 8.0, 0.1
33, 272.0, 8, 8.0, 0.1
34, 280.0, 8, 8.0, 0.1
35, 288.0, 8, 8.0, 0.1
36, 296.0, 8, 8.0, 0.1
37, 304.0, 8, 8.0, 0.1
38, 312.0, 8, 8.0, 0.1
39, 320.0, 8, 8.0, 0.1
40, 328.0, 8, 8.0, 0.1
41, 336.0, 8, 8.0, 0.1
42, 344.0, 8, 8.0, 0.1
43, 352.0, 8, 8.0, 0.1
44, 360.0, 8, 8.0, 0.1
45, 368.0, 8, 8.0, 0.1
46, 376.0, 8, 8.0, 0.1
47, 384.0, 8, 8.0, 0.1
48, 392.0, 8, 8.0, 0.1
49, 400.0, 8, 8.0, 0.1
50, 408.0, 8, 8.0, 0.1
51, 416.0, 8, 8.0, 0.1
52, 424.0, 8, 8.0, 0.1
53, 432.0, 8, 8.0, 0.1
54, 440.0, 8, 8.0, 0.1
55, 448.0, 8, 8.0, 0.1
56, 456.0, 8, 8.0, 0.1
57, 464.0, 8, 8.0, 0.1
58, 472.0, 8, 8.0, 0.1
59, 480.0, 8, 8.0, 0.1
60, 488.0, 8, 8.0, 0.1
61, 496.0, 8, 8.0, 0.1
62, 504.0, 8, 8.0, 0.1
63, 512.0, 8, 8.0, 0.1
64, 520.0, 8, 8.0, 0.1
65, 528.0, 8, 8.0, 0.1
66, 536.0, 8, 8.0, 0.1
67, 544.0, 8, 8.0, 0.1
68, 552.0, 8, 8.0, 0.1
69, 560.0, 8, 8.0, 0.1
70, 568.0, 8, 8.0, 0.1
71, 576.0, 8, 8.0, 0.1
72, 584.0, 8, 8.0, 0.1
73, 592.0, 8, 8.0, 0.1
74, 600.0, 8, 8.0, 0.1
75, 608.0, 8, 8.0, 0.1
76, 616.0, 8, 8.0, 0.1
77, 624.0, 8, 8.0, 0.1
78, 632.0, 8, 8.0, 0.1
79, 640.0, 8, 8.0, 0.1
80, 648.0, 8, 8.0, 0.1
81, 656.0, 8, 8.0, 0.1
82, 664.0, 8, 8.0, 0.1
83, 672.0, 8, 8.0, 0.1
84, 680.0, 8, 8.0, 0.1
85, 688.0, 8, 8.0, 0.1
86, 696.0, 8, 8.0, 0.1
87, 704.0, 8, 8.0, 0.1
88, 712.0, 8, 8.0, 0.1
89, 720.0, 8, 8.0, 0.1
90, 728.0, 8, 8.0, 0.1
91, 736.0, 8, 8.0, 0.1
92, 744.0, 8, 8.0, 0.1
93, 752.0, 8, 8.0, 0.1
94, 760.0, 8, 8.0, 0.1
95, 768.0, 8, 8.0, 0.1
96, 776.0, 8, 8.0, 0.1
97, 784.0, 8, 8.0, 0.1
98, 792.0, 8, 8.0, 0.1
99, 800.0, 8, 8.0, 0.1
100, 808.0, 8, 8.0, 0.1
101, 816.0, 8, 8.0, 0.1
102, 824.0, 8, 8.0, 0.1
103, 832.0, 8, 8.0, 0.1
104, 840.0, 8, 8.0, 0.1
105, 848.0, 8, 8.0, 0.1
106, 856.0, 8, 8.0, 0.1
107, 864.0, 8, 8.0, 0.1
108, 872.0, 8, 8.0, 0.1
109, 880.0, 8, 8.0, 0.1
110, 888.0, 8, 8.0, 0.1
111, 896.0, 8, 8.0, 0.1
112, 904.0, 8, 8.0, 0.1
113, 912.0, 8, 8.0, 0.1
114, 920.0, 8, 8.0, 0.1
115, 928.0, 8, 8.0, 0.1
116, 936.0, 8, 8.0, 0.1
117, 944.0, 8, 8.0, 0.1
118, 952.0, 8, 8.0, 0.1
119, 960.0, 8, 8.0, 0.1
120, 968.0, 8, 8.0, 0.1
121, 976.0, 8, 8.0, 0.1
122, 984.0, 8, 8.0, 0.1
123, 992.0, 8, 8.0, 0.1
124, 1000.0, 8, 8.0, 0.1
125, 1008.0, 8, 8.0, 0.1
126, 1016.0, 8, 8.0, 0.1
127, 1024.0, 8, 8.0, 0.1
128, 1032.0, 8, 8.0, 0.1
129, 1040.0, 8, 8.0, 0.1
130, 1048.0, 8, 8.0, 0.1
131, 1056.0, 8, 8.0, 0.1
132, 1064.0, 8, 8.0, 0.1
133, 1072.0, 8, 8.0, 0.1
134, 1080.0, 8, 8.0, 0.1
135, 1088.0, 8, 8.0, 0.1
136, 1096.0, 8, 8.0, 0.1
137, 1104.0, 8, 8.0, 0.1
138, 1112.0, 8, 8.0, 0.1
139, 1120.0, 8, 8.0, 0.1
140, 1128.0, 8, 8.0, 0.1
141, 1136.0, 8, 8.0, 0.1
142, 1144.0, 8, 8.0, 0.1
143, 1152.0, 8, 8.0, 0.1
144, 1160.0, 8, 8.0, 0.1
145, 1168.0, 8, 8.0, 0.1
146, 1176.0, 8, 8.0, 0.1
147, 1184.0, 8, 8.0, 0.1
148, 1192.0, 8, 8.0, 0.1
149, 1200.0, 8, 8.0, 0.1
150, 1208.0, 8, 8.0, 0.1
151, 1216.0, 8, 8.0, 0.1
152, 1224.0, 8, 8.0, 0.1
153, 1232.0, 8, 8.0, 0.1
154, 1240.0, 8, 8.0, 0.1
155, 1248.0, 8, 8.0, 0.1
156, 1256.0, 8, 8.0, 0.1
157, 1264.0, 8, 8.0, 0.1
158, 1272.0, 8, 8.0, 0.1
159, 1280.0, 8, 8.0, 0.1
160, 1288.0, 8, 8.0, 0.1
161, 1296.0, 8, 8.0, 0.1
162, 1304.0, 8, 8.0, 0.1
163, 1312.0, 8, 8.0, 0.1
164, 1320.0, 8, 8.0, 0.1
165, 1328.0, 8, 8.0, 0.1
166, 1336.0, 8, 8.0, 0.1
167, 1344.0, 8, 8.0, 0.1
168, 1352.0, 8, 8.0, 0.1
169, 1360.0, 8, 8.0, 0.1
170, 1368.0, 8, 8.0, 0.1
171, 1376.0, 8, 8.0, 0.1
172, 1384.0, 8, 8.0, 0.1
173, 1392.0, 8, 8.0, 0.1
174, 1400.0, 8, 8.0, 0.1
175, 1408.0, 8, 8.0, 0.1
176, 1416.0, 8, 8.0, 0.1
177, 1424.0, 8, 8.0, 0.1
178, 1432.0, 8, 8.0, 0.1
179, 1440.0, 8, 8.0, 0.1
180, 1448.0, 8, 8.0, 0.1
181, 1456.0, 8, 8.0, 0.1
182, 1464.0, 8, 8.0, 0.1
183, 1472.0, 8, 8.0, 0.1
184, 1480.0, 8, 8.0, 0.1
185, 1488.0, 8, 8.0, 0.1
186, 1496.0, 8, 8.0, 0.1
187, 1504.0, 8, 8.0, 0.1
188, 1512.0, 8, 8.0, 0.1
189, 1520.0, 8, 8.0, 0.1
190, 1528.0, 8, 8.0, 0.1
191, 1536.0, 8, 8.0, 0.1
192, 1544.0, 8, 8.0, 0.1
193, 1552.0, 8, 8.0, 0.1
194, 1560.0, 8, 8.0, 0.1
195, 1568.0, 8, 8.0, 0.1
196, 1576.0, 8, 8.0, 0.1
197, 1584.0, 8, 8.0, 0.1
198, 1592.0, 8, 8.0, 0.1
199, 1600.0, 8, 8.0, 0.1
200, 1608.0, 8, 8.0, 0.1
201, 1616.0, 8, 8.0, 0.1
202, 1624.0, 8, 8.0, 0.1
203, 1632.0, 8, 8.0, 0.1
204, 1640.0, 8, 8.0, 0.1
205, 1648.0, 8, 8.0, 0.1
206, 1656.0, 8, 8.0, 0.1
207, 1664.0, 8, 8.0, 0.1
208, 1672.0, 8, 8.0, 0.1
209, 1680.0, 8, 8.0, 0.1
210, 1688.0, 8, 8.0, 0.1
211, 1696.0, 8, 8.0, 0.1
212, 1704.0, 8, 8.0, 0.1
213, 1712.0, 8, 8.0, 0.1
214, 1720.0, 8, 8.0, 0.1
215, 1728.0, 8, 8.0, 0.1
216, 1736.0, 8, 8.0, 0.1
217, 1744.0, 8, 8.0, 0.1
218, 1752.0, 8, 8.0, 0.1
219, 1760.0, 8, 8.0, 0.1
220, 1768.0, 8, 8.0, 0.1
221, 1776.0, 8, 8.0, 0.1
222, 1784.0, 8, 8.0, 0.1
223, 1792.0, 8, 8.0, 0.1
224, 1800.0, 8, 8.0, 0.1
225, 1808.0, 8, 8.0, 0.1
226, 1816.0, 8, 8.0, 0.1
227, 1824.0, 8, 8.0, 0.1
228, 1832.0, 8, 8.0, 0.1
229, 1840.0, 8, 8.0, 0.1
230, 1848.0, 8, 8.0, 0.1
231, 1856.0, 8, 8.0, 0.1
232, 1864.0, 8, 8.0, 0.1
233, 1872.0, 8, 8.0, 0.1
234, 1880.0, 8, 8.0, 0.1
235, 1888.0, 8, 8.0, 0.1
236, 1896.0, 8, 8.0, 0.1
237, 1904.0, 8, 8.0, 0.1
238, 1912.0, 8, 8.0, 0.1
239, 1920.0, 8, 8.0, 0.1
240, 1928.0, 8, 8.0, 0.1
241, 1936.0, 8, 8.0, 0.1
242, 1944.0, 8, 8.0, 0.1
243, 1952.0, 8, 8.0, 0.1
244, 1960.0, 8, 8.0, 0.1
245, 1968.0, 8, 8.0, 0.1
246, 1976.0, 8, 8.0, 0.1
247, 1984.0, 8, 8.0, 0.1
248, 1992.0, 8, 8.0, 0.1
249, 2000.0, 8, 8.0, 0.1
250, 2008.0, 8, 8.0, 0.1
251, 2016.0, 8, 8.0, 0.1
252, 2024.0, 8, 8.0, 0.1
253, 2032.0, 8, 8.0, 0.1
254, 2040.0, 8, 8.0, 0.1
255, 2048.0, 8, 8.0, 0.1
256, 2056.0, 8, 8.0, 0.1
257, 2064.0, 8, 8.0, 0.1
258, 2072.0, 8, 8.0, 0.1
259, 2080.0, 8, 8.0, 0.1
260, 2088.0, 8, 8.0, 0.1
261, 2096.0, 8, 8.0, 0.1
262, 2104.0, 8, 8.0, 0.1
263, 2112.0, 8, 8.0, 0.1
264, 2120.0, 8, 8.0, 0.1
265, 2128.0, 8, 8.0, 0.1
266, 2136.0, 8, 8.0, 0.1
267, 2144.0, 8, 8.0, 0.1
268, 2152.0, 8, 8.0, 0.1
269, 2160.0, 8, 8.0, 0.1
270, 2168.0, 8, 8.0, 0.1
271, 2176.0, 8, 8.0, 0.1
272, 2184.0, 8, 8.0, 0.1
273, 2192.0, 8, 8.0, 0.1
274, 2200.0, 8, 8.0, 0.1
275, 2208.0, 8, 8.0, 0.1
276, 2216.0, 8, 8.0, 0.1
277, 2224.0, 8, 8.0, 0.1
278, 2232.0, 8, 8.0, 0.1
279, 2240.0, 8, 8.0, 0.1
280, 2248.0, 8, 8.0, 0.1
281, 2256.0, 8, 8.0, 0.1
282, 2264.0, 8, 8.0, 0.1
283, 2272.0, 8, 8.0, 0.1
284, 2280.0, 8, 8.0, 0.1
285, 2288.0, 8, 8.0, 0.1
286, 2296.0, 8, 8.0, 0.1
287, 2304.0, 8, 8.0, 0.1
288, 2312.0, 8, 8.0, 0.1
289, 2320.0, 8, 8.0, 0.1
290, 2328.0, 8, 8.0, 0.1
291, 2336.0, 8, 8.0, 0.1
292, 2344.0, 8, 8.0, 0.1
293, 2352.0, 8, 8.0, 0.1
294, 2360.0, 8, 8.0, 0.1
295, 2368.0, 8, 8.0, 0.1
296, 2376.0, 8, 8.0, 0.1
297, 2384.0, 8, 8.0, 0.1
298, 2392.0, 8, 8.0, 0.1
299, 2400.0, 8, 8.0, 0.1
300, 2408.0, 8, 8.0, 0.1
301, 2416.0, 8, 8.0, 0.1
302, 2424.0, 8, 8.0, 0.1
303, 2432.0, 8, 8.0, 0.1
304, 2440.0, 8, 8.0, 0.1
305, 2448.0, 8, 8.0, 0.1
306, 2456.0, 8, 8.0, 0.1
307, 2464.0, 8, 8.0, 0.1
308, 2472.0, 8, 8.0, 0.1
309, 2480.0, 8, 8.0, 0.1
310, 2488.0, 8, 8.0, 0.1
311, 2496.0, 8, 8.0, 0.1
312, 2504.0, 8, 8.0, 0.1
313, 2512.0, 8, 8.0, 0.1
314, 2520.0, 8, 8.0, 0.1
315, 2528.0, 8, 8.0, 0.1
316, 2536.0, 8, 8.0, 0.1
317, 2544.0, 8, 8.0, 0.1
318, 2552.0, 8, 8.0, 0.1
319, 2560.0, 8, 8.0, 0.1
320, 2568.0, 8, 8.0, 0.1
321, 2576.0, 8, 8.0, 0.1
322, 2584.0, 8, 8.0, 0.1
323, 2592.0, 8, 8.0, 0.1
324, 2600.0, 8, 8.0, 0.1
325, 2608.0, 8, 8.0, 0.1
326, 2616.0, 8, 8.0, 0.1
327, 2624.0, 8, 8.0, 0.1
328, 2632.0, 8, 8.0, 0.1
329, 2640.0, 8, 8.0, 0.1
330, 2648.0, 8, 8.0, 0.1
331, 2656.0, 8, 8.0, 0.1
332, 2664.0, 8, 8.0, 0.1
333, 2672.0, 8, 8.0, 0.1
334, 2680.0, 8, 8.0, 0.1
335, 2688.0, 8, 8.0, 0.1
336, 2696.0, 8, 8.0, 0.1
337, 2704.0, 8, 8.0, 0.1
338, 2712.0, 8, 8.0, 0.1
339, 2720.0, 8, 8.0, 0.1
340, 2728.0, 8, 8.0, 0.1
341, 2736.0, 8, 8.0, 0.1
342, 2744.0, 8, 8.0, 0.1
343, 2752.0, 8, 8.0, 0.1
344, 2760.0, 8, 8.0, 0.1
345, 2768.0, 8, 8.0, 0.1
346, 2776.0, 8, 8.0, 0.1
347, 2784.0, 8, 8.0, 0.1
348, 2792.0, 8, 8.0, 0.1
349, 2800.0, 8, 8.0, 0.1
350, 2808.0, 8, 8.0, 0.1
351, 2816.0, 8, 8.0, 0.1
352, 2824.0, 8, 8.0, 0.1
353, 2832.0, 8, 8.0, 0.1
354, 2840.0, 8, 8.0, 0.1
355, 2848.0, 8, 8.0, 0.1
356, 2856.0, 8, 8.0, 0.1
357, 2864.0, 8, 8.0, 0.1
358, 2872.0, 8, 8.0, 0.1
359, 2880.0, 8, 8.0, 0.1
360, 2888.0, 8, 8.0, 0.1
361, 2896.0, 8, 8.0, 0.1
362, 2904.0, 8, 8.0, 0.1
363, 2912.0, 8, 8.0, 0.1
364, 2920.0, 8, 8.0, 0.1
365, 2928.0, 8, 8.0, 0.1
366, 2936.0, 8, 8.0, 0.1
367, 2944.0, 8, 8.0, 0.1
368, 2952.0, 8, 8.0, 0.1
369, 2960.0, 8, 8.0, 0.1
370, 2968.0, 8, 8.0, 0.1
371, 2976.0, 8, 8.0, 0.1
372, 2984.0, 8, 8.0, 0.1
373, 2992.0, 8, 8.0, 0.1
374, 3000.0, 8, 8.0, 0.1
375, 3008.0, 8, 8.0, 0.1
376, 3016.0, 8, 8.0, 0.1
377, 3024.0, 8, 8.0, 0.1
378, 3032.0, 8, 8.0, 0.1
379, 3040.0, 8, 8.0, 0.1
380, 3048.0, 8, 8.0, 0.1
381, 3056.0, 8, 8.0, 0.1
382, 3064.0, 8, 8.0, 0.1
383, 3072.0, 8, 8.0, 0.1
384, 3080.0, 8, 8.0, 0.1
385, 3088.0, 8, 8.0, 0.1
386, 3096.0, 8, 8.0, 0.1
387, 3104.0, 8, 8.0, 0.1
388, 3112.0, 8, 8.0, 0.1
389, 3120.0, 8, 8.0, 0.1
390, 3128.0, 8, 8.0, 0.1
391, 3136.0, 8, 8.0, 0.1
392, 3144.0, 8, 8.0, 0.1
393, 3152.0, 8, 8.0, 0.1
394, 3160.0, 8, 8.0, 0.1
395, 3168.0, 8, 8.0, 0.1
396, 3176.0, 8, 8.0, 0.1
397, 3184.0, 8, 8.0, 0.1
398, 3192.0, 8, 8.0, 0.1
399, 3200.0, 8, 8.0, 0.1
400, 3208.0, 8, 8.0, 0.1
401, 3216.0, 8, 8.0, 0.1
402, 3224.0, 8, 8.0, 0.1
403, 3232.0, 8, 8.0, 0.1
404, 3240.0, 8, 8.0, 0.1
405, 3248.0, 8, 8.0, 0.1
406, 3256.0, 8, 8.0, 0.1
407, 3264.0, 8, 8.0, 0.1
408, 3272.0, 8, 8.0, 0.1
409, 3280.0, 8, 8.0, 0.1
410, 3288.0, 8, 8.0, 0.1
411, 3296.0, 8, 8.0, 0.1
412, 3304.0, 8, 8.0, 0.1
413, 3312.0, 8, 8.0, 0.1
414, 3320.0, 8, 8.0, 0.1
415, 3328.0, 8, 8.0, 0.1
416, 3336.0, 8, 8.0, 0.1
417, 3344.0, 8, 8.0, 0.1
418, 3352.0, 8, 8.0, 0.1
419, 3360.0, 8, 8.0, 0.1
420, 3368.0, 8, 8.0, 0.1
421, 3376.0, 8, 8.0, 0.1
422, 3384.0, 8, 8.0, 0.1
423, 3392.0, 8, 8.0, 0.1
424, 3400.0, 8, 8.0, 0.1
425, 3408.0, 8, 8.0, 0.1
426, 3416.0, 8, 8.0, 0.1
427, 3424.0, 8, 8.0, 0.1
428, 3432.0, 8, 8.0, 0.1
429, 3440.0, 8, 8.0, 0.1
430, 3448.0, 8, 8.0, 0.1
431, 3456.0, 8, 8.0, 0.1
432, 3464.0, 8, 8.0, 0.1
433, 3472.0, 8, 8.0, 0.1
434, 3480.0, 8, 8.0, 0.1
435, 3488.0, 8, 8.0, 0.1
436, 3496.0, 8, 8.0, 0.1
437, 3504.0, 8, 8.0, 0.1
438, 3512.0, 8, 8.0, 0.1
439, 3520.0, 8, 8.0, 0.1
440, 3528.0, 8, 8.0, 0.1
441, 3536.0, 8, 8.0, 0.1
442, 3544.0, 8, 8.0, 0.1
443, 3552.0, 8, 8.0, 0.1
444, 3560.0, 8, 8.0, 0.1
445, 3568.0, 8, 8.0, 0.1
446, 3576.0, 8, 8.0, 0.1
447, 3584.0, 8, 8.0, 0.1
448, 3592.0, 8, 8.0, 0.1
449, 3600.0, 8, 8.0, 0.1
450, 3608.0, 8, 8.0, 0.1
451, 3616.0, 8, 8.0, 0.1
452, 3624.0, 8, 8.0, 0.1
453, 3632.0, 8, 8.0, 0.1
454, 3640.0, 8, 8.0, 0.1
455, 3647.0, 7, 7.99780701754386, 0.1
456, 3654.0, 7, 7.99562363238512, 0.1
457, 3661.0, 7, 7.993449781659389, 0.1
458, 3669.0, 8, 7.993464052287582, 0.1
459, 3676.0, 7, 7.991304347826087, 0.1
460, 3684.0, 8, 7.991323210412148, 0.1
461, 3692.0, 8, 7.991341991341991, 0.1
462, 3699.0, 7, 7.989200863930885, 0.1
463, 3706.0, 7, 7.987068965517241, 0.1
464, 3712.0, 6, 7.982795698924731, 0.1
465, 3720.0, 8, 7.982832618025751, 0.1
466, 3727.0, 7, 7.980728051391863, 0.1
467, 3735.0, 8, 7.980769230769231, 0.1
468, 3742.0, 7, 7.978678038379531, 0.1
469, 3750.0, 8, 7.9787234042553195, 0.1
470, 3758.0, 8, 7.978768577494692, 0.1
471, 3766.0, 8, 7.978813559322034, 0.1
472, 3774.0, 8, 7.978858350951374, 0.1
473, 3774.0, 0, 7.962025316455696, 0.1
474, 3781.0, 7, 7.96, 0.1
475, 3789.0, 8, 7.9600840336134455, 0.1
476, 3797.0, 8, 7.960167714884696, 0.1
477, 3805.0, 8, 7.960251046025105, 0.1
478, 3813.0, 8, 7.960334029227558, 0.1
479, 3819.0, 6, 7.95625, 0.1
480, 3826.0, 7, 7.954261954261955, 0.1
481, 3834.0, 8, 7.954356846473029, 0.1
482, 3842.0, 8, 7.954451345755694, 0.1
483, 3850.0, 8, 7.954545454545454, 0.1
484, 3857.0, 7, 7.952577319587629, 0.1
485, 3864.0, 7, 7.950617283950617, 0.1
486, 3872.0, 8, 7.950718685831622, 0.1
487, 3880.0, 8, 7.950819672131147, 0.1
488, 3887.0, 7, 7.948875255623722, 0.1
489, 3895.0, 8, 7.948979591836735, 0.1
490, 3903.0, 8, 7.94908350305499, 0.1
491, 3909.0, 6, 7.945121951219512, 0.1
492, 3916.0, 7, 7.943204868154158, 0.1
493, 3923.0, 7, 7.941295546558704, 0.1
494, 3931.0, 8, 7.941414141414142, 0.1
495, 3938.0, 7, 7.939516129032258, 0.1
496, 3944.0, 6, 7.935613682092555, 0.1
497, 3952.0, 8, 7.93574297188755, 0.1
498, 3959.0, 7, 7.933867735470942, 0.1
499, 3960.0, 1, 7.92, 0.1
500, 3967.0, 7, 7.918163672654691, 0.1
501, 3974.0, 7, 7.916334661354582, 0.1
502, 3982.0, 8, 7.916500994035785, 0.1
503, 3990.0, 8, 7.916666666666667, 0.1
504, 3995.0, 5, 7.910891089108911, 0.1
505, 4002.0, 7, 7.909090909090909, 0.1
506, 4006.0, 4, 7.90138067061144, 0.1
507, 4013.0, 7, 7.899606299212598, 0.1
508, 4018.0, 5, 7.893909626719057, 0.1
509, 4025.0, 7, 7.892156862745098, 0.1
510, 4032.0, 7, 7.890410958904109, 0.1
511, 4039.0, 7, 7.888671875, 0.1
512, 4047.0, 8, 7.888888888888889, 0.1
513, 4055.0, 8, 7.889105058365759, 0.1
514, 4063.0, 8, 7.889320388349515, 0.1
515, 4070.0, 7, 7.887596899224806, 0.1
516, 4077.0, 7, 7.885880077369439, 0.1
517, 4085.0, 8, 7.886100386100386, 0.1
518, 4093.0, 8, 7.886319845857418, 0.1
519, 4100.0, 7, 7.884615384615385, 0.1
520, 4107.0, 7, 7.882917466410748, 0.1
521, 4115.0, 8, 7.883141762452107, 0.1
522, 4121.0, 6, 7.879541108986616, 0.1
523, 4129.0, 8, 7.879770992366412, 0.1
524, 4134.0, 5, 7.8742857142857146, 0.1
525, 4139.0, 5, 7.8688212927756656, 0.1
526, 4147.0, 8, 7.869070208728653, 0.1
527, 4155.0, 8, 7.869318181818182, 0.1
528, 4163.0, 8, 7.869565217391305, 0.1
529, 4171.0, 8, 7.869811320754717, 0.1
530, 4179.0, 8, 7.870056497175141, 0.1
531, 4183.0, 4, 7.862781954887218, 0.1
532, 4188.0, 5, 7.857410881801126, 0.1
533, 4190.0, 2, 7.846441947565543, 0.1
534, 4197.0, 7, 7.8448598130841125, 0.1
535, 4203.0, 6, 7.8414179104477615, 0.1
536, 4210.0, 7, 7.839851024208566, 0.1
537, 4217.0, 7, 7.838289962825279, 0.1
538, 4223.0, 6, 7.834879406307977, 0.1
539, 4231.0, 8, 7.8351851851851855, 0.1
540, 4238.0, 7, 7.833641404805915, 0.1
541, 4246.0, 8, 7.833948339483395, 0.1
542, 4252.0, 6, 7.830570902394107, 0.1
543, 4258.0, 6, 7.827205882352941, 0.1
544, 4265.0, 7, 7.825688073394495, 0.1
545, 4272.0, 7, 7.824175824175824, 0.1
546, 4280.0, 8, 7.824497257769653, 0.1
547, 4287.0, 7, 7.822992700729927, 0.1
548, 4294.0, 7, 7.821493624772313, 0.1
549, 4301.0, 7, 7.82, 0.1
550, 4309.0, 8, 7.8203266787658805, 0.1
551, 4317.0, 8, 7.820652173913044, 0.1
552, 4323.0, 6, 7.817359855334539, 0.1
553, 4331.0, 8, 7.817689530685921, 0.1
554, 4339.0, 8, 7.818018018018018, 0.1
555, 4346.0, 7, 7.816546762589928, 0.1
556, 4354.0, 8, 7.8168761220825855, 0.1
557, 4362.0, 8, 7.817204301075269, 0.1
558, 4369.0, 7, 7.815742397137746, 0.1
559, 4376.0, 7, 7.814285714285714, 0.1
560, 4383.0, 7, 7.81283422459893, 0.1
561, 4390.0, 7, 7.8113879003558715, 0.1
562, 4398.0, 8, 7.811722912966252, 0.1
563, 4402.0, 4, 7.804964539007092, 0.1
564, 4410.0, 8, 7.8053097345132745, 0.1
565, 4417.0, 7, 7.803886925795053, 0.1
566, 4425.0, 8, 7.804232804232805, 0.1
567, 4433.0, 8, 7.804577464788732, 0.1
568, 4441.0, 8, 7.804920913884007, 0.1
569, 4449.0, 8, 7.8052631578947365, 0.1
570, 4456.0, 7, 7.80385288966725, 0.1
571, 4463.0, 7, 7.8024475524475525, 0.1
572, 4470.0, 7, 7.801047120418848, 0.1
573, 4477.0, 7, 7.799651567944251, 0.1
574, 4485.0, 8, 7.8, 0.1
575, 4492.0, 7, 7.798611111111111, 0.1
576, 4500.0, 8, 7.79896013864818, 0.1
577, 4507.0, 7, 7.79757785467128, 0.1
578, 4515.0, 8, 7.7979274611398965, 0.1
579, 4522.0, 7, 7.796551724137931, 0.1
580, 4524.0, 2, 7.7865748709122204, 0.1
581, 4532.0, 8, 7.786941580756014, 0.1
582, 4538.0, 6, 7.783876500857633, 0.1
583, 4546.0, 8, 7.784246575342466, 0.1
584, 4554.0, 8, 7.7846153846153845, 0.1
585, 4561.0, 7, 7.783276450511946, 0.1
586, 4567.0, 6, 7.780238500851789, 0.1
587, 4575.0, 8, 7.780612244897959, 0.1
588, 4583.0, 8, 7.780984719864176, 0.1
589, 4591.0, 8, 7.78135593220339, 0.1
590, 4599.0, 8, 7.781725888324873, 0.1
591, 4607.0, 8, 7.782094594594595, 0.1
592, 4614.0, 7, 7.780775716694772, 0.1
593, 4621.0, 7, 7.779461279461279, 0.1
594, 4624.0, 3, 7.771428571428571, 0.1
595, 4630.0, 6, 7.768456375838926, 0.1
596, 4636.0, 6, 7.765494137353434, 0.1
597, 4643.0, 7, 7.764214046822742, 0.1
598, 4651.0, 8, 7.764607679465776, 0.1
599, 4659.0, 8, 7.765, 0.1
600, 4666.0, 7, 7.7637271214642265, 0.1
601, 4674.0, 8, 7.764119601328904, 0.1
602, 4682.0, 8, 7.7645107794361525, 0.1
603, 4690.0, 8, 7.764900662251655, 0.1
604, 4696.0, 6, 7.76198347107438, 0.1
605, 4703.0, 7, 7.760726072607261, 0.1
606, 4710.0, 7, 7.759472817133443, 0.1
607, 4715.0, 5, 7.754934210526316, 0.1
608, 4721.0, 6, 7.752052545155993, 0.1
609, 4727.0, 6, 7.749180327868852, 0.1
610, 4734.0, 7, 7.747954173486089, 0.1
611, 4741.0, 7, 7.746732026143791, 0.1
612, 4749.0, 8, 7.747145187601958, 0.1
613, 4756.0, 7, 7.745928338762215, 0.1
614, 4764.0, 8, 7.746341463414634, 0.1
615, 4771.0, 7, 7.74512987012987, 0.1
616, 4779.0, 8, 7.745542949756888, 0.1
617, 4787.0, 8, 7.7459546925566345, 0.1
618, 4794.0, 7, 7.744749596122778, 0.1
619, 4801.0, 7, 7.743548387096774, 0.1
620, 4809.0, 8, 7.743961352657005, 0.1
621, 4816.0, 7, 7.742765273311897, 0.1
622, 4824.0, 8, 7.743178170144462, 0.1
623, 4831.0, 7, 7.74198717948718, 0.1
624, 4838.0, 7, 7.7408, 0.1
625, 4846.0, 8, 7.741214057507987, 0.1
626, 4853.0, 7, 7.7400318979266345, 0.1
627, 4860.0, 7, 7.738853503184713, 0.1
628, 4866.0, 6, 7.736089030206677, 0.1
629, 4872.0, 6, 7.733333333333333, 0.1
630, 4879.0, 7, 7.732171156893819, 0.1
631, 4885.0, 6, 7.7294303797468356, 0.1
632, 4891.0, 6, 7.726698262243286, 0.1
633, 4898.0, 7, 7.725552050473186, 0.1
634, 4905.0, 7, 7.724409448818897, 0.1
635, 4913.0, 8, 7.7248427672955975, 0.1
636, 4919.0, 6, 7.722135007849293, 0.1
637, 4924.0, 5, 7.717868338557993, 0.1
638, 4931.0, 7, 7.716744913928013, 0.1
639, 4938.0, 7, 7.715625, 0.1
640, 4944.0, 6, 7.712948517940718, 0.1
641, 4952.0, 8, 7.713395638629284, 0.1
642, 4958.0, 6, 7.710730948678072, 0.1
643, 4966.0, 8, 7.711180124223603, 0.1
644, 4974.0, 8, 7.711627906976744, 0.1
645, 4982.0, 8, 7.712074303405573, 0.1
646, 4989.0, 7, 7.71097372488408, 0.1
647, 4997.0, 8, 7.71141975308642, 0.1
648, 5004.0, 7, 7.710323574730355, 0.1
649, 5012.0, 8, 7.71076923076923, 0.1
650, 5019.0, 7, 7.709677419354839, 0.1
651, 5026.0, 7, 7.708588957055214, 0.1
652, 5032.0, 6, 7.705972434915774, 0.1
653, 5040.0, 8, 7.706422018348624, 0.1
654, 5048.0, 8, 7.706870229007634, 0.1
655, 5054.0, 6, 7.704268292682927, 0.1
656, 5061.0, 7, 7.703196347031963, 0.1
657, 5069.0, 8, 7.703647416413374, 0.1
658, 5075.0, 6, 7.701062215477997, 0.1
659, 5083.0, 8, 7.701515151515151, 0.1
660, 5090.0, 7, 7.700453857791225, 0.1
661, 5098.0, 8, 7.7009063444108765, 0.1
662, 5106.0, 8, 7.701357466063349, 0.1
663, 5110.0, 4, 7.695783132530121, 0.1
664, 5117.0, 7, 7.6947368421052635, 0.1
665, 5125.0, 8, 7.695195195195195, 0.1
666, 5132.0, 7, 7.694152923538231, 0.1
667, 5137.0, 5, 7.690119760479042, 0.1
668, 5145.0, 8, 7.690582959641255, 0.1
669, 5153.0, 8, 7.691044776119403, 0.1
670, 5161.0, 8, 7.69150521609538, 0.1
671, 5168.0, 7, 7.690476190476191, 0.1
672, 5174.0, 6, 7.687964338781575, 0.1
673, 5181.0, 7, 7.686943620178042, 0.1
674, 5188.0, 7, 7.685925925925926, 0.1
675, 5195.0, 7, 7.68491124260355, 0.1
676, 5201.0, 6, 7.682422451994092, 0.1
677, 5209.0, 8, 7.682890855457227, 0.1
678, 5216.0, 7, 7.6818851251840945, 0.1
679, 5224.0, 8, 7.682352941176471, 0.1
680, 5231.0, 7, 7.681350954478708, 0.1
681, 5238.0, 7, 7.680351906158358, 0.1
682, 5245.0, 7, 7.679355783308931, 0.1
683, 5252.0, 7, 7.678362573099415, 0.1
684, 5258.0, 6, 7.675912408759124, 0.1
685, 5263.0, 5, 7.67201166180758, 0.1
686, 5270.0, 7, 7.671033478893741, 0.1
687, 5278.0, 8, 7.671511627906977, 0.1
688, 5286.0, 8, 7.671988388969521, 0.1
689, 5292.0, 6, 7.6695652173913045, 0.1
690, 5300.0, 8, 7.6700434153400865, 0.1
691, 5308.0, 8, 7.670520231213873, 0.1
692, 5315.0, 7, 7.66955266955267, 0.1
693, 5321.0, 6, 7.6671469740634, 0.1
694, 5328.0, 7, 7.666187050359712, 0.1
695, 5336.0, 8, 7.666666666666667, 0.1
696, 5337.0, 1, 7.6571018651362985, 0.1
697, 5338.0, 1, 7.64756446991404, 0.1
698, 5345.0, 7, 7.646638054363376, 0.1
699, 5353.0, 8, 7.647142857142857, 0.1
700, 5359.0, 6, 7.644793152639087, 0.1
701, 5365.0, 6, 7.6424501424501425, 0.1
702, 5370.0, 5, 7.638691322901849, 0.1
703, 5378.0, 8, 7.639204545454546, 0.1
704, 5385.0, 7, 7.638297872340425, 0.1
705, 5393.0, 8, 7.638810198300283, 0.1
706, 5400.0, 7, 7.637906647807638, 0.1
707, 5406.0, 6, 7.635593220338983, 0.1
708, 5412.0, 6, 7.633286318758815, 0.1
709, 5415.0, 3, 7.626760563380282, 0.1
710, 5423.0, 8, 7.627285513361462, 0.1
711, 5430.0, 7, 7.626404494382022, 0.1
712, 5437.0, 7, 7.625525946704068, 0.1
713, 5438.0, 1, 7.616246498599439, 0.1
714, 5441.0, 3, 7.6097902097902095, 0.1
715, 5447.0, 6, 7.60754189944134, 0.1
716, 5453.0, 6, 7.605299860529986, 0.1
717, 5460.0, 7, 7.604456824512535, 0.1
718, 5466.0, 6, 7.602225312934632, 0.1
719, 5473.0, 7, 7.601388888888889, 0.1
720, 5479.0, 6, 7.599167822468793, 0.1
721, 5486.0, 7, 7.598337950138504, 0.1
722, 5491.0, 5, 7.594744121715076, 0.1
723, 5498.0, 7, 7.593922651933702, 0.1
724, 5506.0, 8, 7.59448275862069, 0.1
725, 5509.0, 3, 7.588154269972452, 0.1
726, 5516.0, 7, 7.587345254470426, 0.1
727, 5522.0, 6, 7.585164835164835, 0.1
728, 5529.0, 7, 7.584362139917696, 0.1
729, 5536.0, 7, 7.583561643835616, 0.1
730, 5544.0, 8, 7.584131326949384, 0.1
731, 5551.0, 7, 7.583333333333333, 0.1
732, 5558.0, 7, 7.582537517053206, 0.1
733, 5566.0, 8, 7.583106267029973, 0.1
734, 5573.0, 7, 7.582312925170068, 0.1
735, 5578.0, 5, 7.578804347826087, 0.1
736, 5586.0, 8, 7.579375848032565, 0.1
737, 5592.0, 6, 7.5772357723577235, 0.1
738, 5600.0, 8, 7.577807848443843, 0.1
739, 5608.0, 8, 7.578378378378378, 0.1
740, 5615.0, 7, 7.577597840755735, 0.1
741, 5622.0, 7, 7.576819407008086, 0.1
742, 5630.0, 8, 7.577388963660835, 0.1
743, 5638.0, 8, 7.577956989247312, 0.1
744, 5646.0, 8, 7.578523489932886, 0.1
745, 5652.0, 6, 7.576407506702413, 0.1
746, 5659.0, 7, 7.575635876840696, 0.1
747, 5665.0, 6, 7.573529411764706, 0.1
748, 5673.0, 8, 7.574098798397864, 0.1
749, 5680.0, 7, 7.573333333333333, 0.1
750, 5688.0, 8, 7.573901464713715, 0.1
751, 5696.0, 8, 7.574468085106383, 0.1
752, 5703.0, 7, 7.573705179282869, 0.1
753, 5711.0, 8, 7.574270557029178, 0.1
754, 5719.0, 8, 7.574834437086093, 0.1
755, 5726.0, 7, 7.574074074074074, 0.1
756, 5733.0, 7, 7.57331571994716, 0.1
757, 5736.0, 3, 7.567282321899736, 0.1
758, 5744.0, 8, 7.567852437417655, 0.1
759, 5751.0, 7, 7.567105263157894, 0.1
760, 5758.0, 7, 7.566360052562418, 0.1
761, 5765.0, 7, 7.565616797900263, 0.1
762, 5773.0, 8, 7.566186107470511, 0.1
763, 5779.0, 6, 7.56413612565445, 0.1
764, 5782.0, 3, 7.558169934640523, 0.1
765, 5790.0, 8, 7.558746736292428, 0.1
766, 5798.0, 8, 7.559322033898305, 0.1
767, 5806.0, 8, 7.559895833333333, 0.1
768, 5811.0, 5, 7.556566970091027, 0.1
769, 5818.0, 7, 7.555844155844156, 0.1
770, 5826.0, 8, 7.556420233463035, 0.1
771, 5827.0, 1, 7.5479274611398965, 0.1
772, 5835.0, 8, 7.548512289780078, 0.1
773, 5843.0, 8, 7.5490956072351425, 0.1
774, 5850.0, 7, 7.548387096774194, 0.1
775, 5857.0, 7, 7.547680412371134, 0.1
776, 5861.0, 4, 7.543114543114543, 0.1
777, 5865.0, 4, 7.538560411311054, 0.1
778, 5873.0, 8, 7.539152759948652, 0.1
779, 5881.0, 8, 7.53974358974359, 0.1
780, 5888.0, 7, 7.539052496798976, 0.1
781, 5893.0, 5, 7.535805626598465, 0.1
782, 5900.0, 7, 7.535121328224776, 0.1
783, 5908.0, 8, 7.535714285714286, 0.1
784, 5916.0, 8, 7.5363057324840765, 0.1
785, 5924.0, 8, 7.536895674300254, 0.1
786, 5929.0, 5, 7.533672172808132, 0.1
787, 5934.0, 5, 7.530456852791878, 0.1
788, 5940.0, 6, 7.52851711026616, 0.1
789, 5945.0, 5, 7.525316455696203, 0.1
790, 5953.0, 8, 7.525916561314792, 0.1
791, 5960.0, 7, 7.525252525252525, 0.1
792, 5967.0, 7, 7.524590163934426, 0.1
793, 5975.0, 8, 7.525188916876575, 0.1
794, 5982.0, 7, 7.524528301886792, 0.1
795, 5990.0, 8, 7.525125628140704, 0.1
796, 5998.0, 8, 7.525721455457967, 0.1
797, 6005.0, 7, 7.525062656641604, 0.1
798, 6012.0, 7, 7.524405506883604, 0.1
799, 6017.0, 5, 7.52125, 0.1
800, 6025.0, 8, 7.521847690387016, 0.1
801, 6033.0, 8, 7.522443890274314, 0.1
802, 6041.0, 8, 7.523038605230386, 0.1
803, 6049.0, 8, 7.52363184079602, 0.1
804, 6057.0, 8, 7.524223602484472, 0.1
805, 6062.0, 5, 7.521091811414392, 0.1
806, 6069.0, 7, 7.520446096654275, 0.1
807, 6076.0, 7, 7.51980198019802, 0.1
808, 6083.0, 7, 7.519159456118665, 0.1
809, 6091.0, 8, 7.519753086419753, 0.1
810, 6099.0, 8, 7.520345252774352, 0.1
811, 6105.0, 6, 7.518472906403941, 0.1
812, 6112.0, 7, 7.517835178351784, 0.1
813, 6119.0, 7, 7.517199017199017, 0.1
814, 6126.0, 7, 7.516564417177914, 0.1
815, 6134.0, 8, 7.517156862745098, 0.1
816, 6141.0, 7, 7.516523867809058, 0.1
817, 6147.0, 6, 7.514669926650367, 0.1
818, 6155.0, 8, 7.515262515262515, 0.1
819, 6163.0, 8, 7.515853658536585, 0.1
820, 6171.0, 8, 7.516443361753959, 0.1
821, 6179.0, 8, 7.517031630170316, 0.1
822, 6185.0, 6, 7.515188335358444, 0.1
823, 6188.0, 3, 7.509708737864078, 0.1
824, 6196.0, 8, 7.510303030303031, 0.1
825, 6204.0, 8, 7.5108958837772395, 0.1
826, 6209.0, 5, 7.5078597339782345, 0.1
827, 6216.0, 7, 7.507246376811594, 0.1
828, 6224.0, 8, 7.507840772014475, 0.1
829, 6232.0, 8, 7.508433734939759, 0.1
830, 6240.0, 8, 7.509025270758123, 0.1
831, 6246.0, 6, 7.507211538461538, 0.1
832, 6252.0, 6, 7.505402160864346, 0.1
833, 6258.0, 6, 7.503597122302159, 0.1
834, 6265.0, 7, 7.502994011976048, 0.1
835, 6273.0, 8, 7.503588516746412, 0.1
836, 6281.0, 8, 7.5041816009557945, 0.1
837, 6287.0, 6, 7.502386634844869, 0.1
838, 6295.0, 8, 7.502979737783075, 0.1
839, 6303.0, 8, 7.503571428571429, 0.1
840, 6311.0, 8, 7.504161712247325, 0.1
841, 6318.0, 7, 7.503562945368171, 0.1
842, 6325.0, 7, 7.5029655990510085, 0.1
843, 6333.0, 8, 7.503554502369668, 0.1
844, 6341.0, 8, 7.504142011834319, 0.1
845, 6349.0, 8, 7.504728132387707, 0.1
846, 6356.0, 7, 7.5041322314049586, 0.1
847, 6364.0, 8, 7.504716981132075, 0.1
848, 6369.0, 5, 7.501766784452297, 0.1
849, 6376.0, 7, 7.501176470588235, 0.1
850, 6384.0, 8, 7.501762632197415, 0.1
851, 6390.0, 6, 7.5, 0.1
852, 6398.0, 8, 7.500586166471278, 0.1
853, 6406.0, 8, 7.501170960187354, 0.1
854, 6414.0, 8, 7.5017543859649125, 0.1
855, 6421.0, 7, 7.501168224299065, 0.1
856, 6428.0, 7, 7.500583430571762, 0.1
857, 6436.0, 8, 7.501165501165501, 0.1
858, 6444.0, 8, 7.50174621653085, 0.1
859, 6446.0, 2, 7.495348837209303, 0.1
860, 6453.0, 7, 7.494773519163763, 0.1
861, 6461.0, 8, 7.495359628770301, 0.1
862, 6469.0, 8, 7.495944380069525, 0.1
863, 6477.0, 8, 7.496527777777778, 0.1
864, 6484.0, 7, 7.4959537572254336, 0.1
865, 6492.0, 8, 7.496535796766744, 0.1
866, 6498.0, 6, 7.494809688581315, 0.1
867, 6505.0, 7, 7.494239631336406, 0.1
868, 6513.0, 8, 7.4948216340621405, 0.1
869, 6520.0, 7, 7.494252873563219, 0.1
870, 6526.0, 6, 7.492537313432836, 0.1
871, 6526.0, 0, 7.48394495412844, 0.1
872, 6534.0, 8, 7.484536082474227, 0.1
873, 6537.0, 3, 7.479405034324943, 0.1
874, 6545.0, 8, 7.48, 0.1
875, 6553.0, 8, 7.480593607305936, 0.1
876, 6558.0, 5, 7.4777651083238315, 0.1
877, 6566.0, 8, 7.478359908883827, 0.1
878, 6573.0, 7, 7.477815699658703, 0.1
879, 6580.0, 7, 7.4772727272727275, 0.1
880, 6584.0, 4, 7.473325766174801, 0.1
881, 6592.0, 8, 7.473922902494331, 0.1
882, 6600.0, 8, 7.474518686296716, 0.1
883, 6607.0, 7, 7.473981900452489, 0.1
884, 6607.0, 0, 7.465536723163842, 0.1
885, 6614.0, 7, 7.465011286681715, 0.1
886, 6622.0, 8, 7.4656144306651635, 0.1
887, 6629.0, 7, 7.46509009009009, 0.1
888, 6637.0, 8, 7.465691788526434, 0.1
889, 6645.0, 8, 7.466292134831461, 0.1
890, 6652.0, 7, 7.465768799102133, 0.1
891, 6659.0, 7, 7.4652466367713, 0.1
892, 6667.0, 8, 7.465845464725644, 0.1
893, 6673.0, 6, 7.46420581655481, 0.1
894, 6681.0, 8, 7.464804469273743, 0.1
895, 6687.0, 6, 7.463169642857143, 0.1
896, 6694.0, 7, 7.4626532887402455, 0.1
897, 6702.0, 8, 7.463251670378619, 0.1
898, 6708.0, 6, 7.461624026696329, 0.1
899, 6714.0, 6, 7.46, 0.1
900, 6721.0, 7, 7.459489456159822, 0.1
901, 6729.0, 8, 7.460088691796009, 0.1
902, 6737.0, 8, 7.460686600221484, 0.1
903, 6745.0, 8, 7.461283185840708, 0.1
904, 6751.0, 6, 7.459668508287293, 0.1
905, 6759.0, 8, 7.460264900662252, 0.1
906, 6766.0, 7, 7.459757442116869, 0.1
907, 6774.0, 8, 7.460352422907489, 0.1
908, 6781.0, 7, 7.45984598459846, 0.1
909, 6788.0, 7, 7.4593406593406595, 0.1
910, 6794.0, 6, 7.457738748627881, 0.1
911, 6802.0, 8, 7.458333333333333, 0.1
912, 6810.0, 8, 7.458926615553121, 0.1
913, 6817.0, 7, 7.458424507658643, 0.1
914, 6825.0, 8, 7.459016393442623, 0.1
915, 6832.0, 7, 7.458515283842795, 0.1
916, 6840.0, 8, 7.459105779716467, 0.1
917, 6847.0, 7, 7.458605664488018, 0.1
918, 6852.0, 5, 7.455930359085963, 0.1
919, 6859.0, 7, 7.4554347826086955, 0.1
920, 6866.0, 7, 7.454940282301846, 0.1
921, 6874.0, 8, 7.455531453362256, 0.1
922, 6875.0, 1, 7.4485373781148425, 0.1
923, 6883.0, 8, 7.449134199134199, 0.1
924, 6890.0, 7, 7.448648648648649, 0.1
925, 6897.0, 7, 7.44816414686825, 0.1
926, 6903.0, 6, 7.446601941747573, 0.1
927, 6911.0, 8, 7.447198275862069, 0.1
928, 6915.0, 4, 7.443487621097955, 0.1
929, 6920.0, 5, 7.440860215053763, 0.1
930, 6925.0, 5, 7.438238453276047, 0.1
931, 6933.0, 8, 7.4388412017167385, 0.1
932, 6940.0, 7, 7.438370846730975, 0.1
933, 6947.0, 7, 7.437901498929336, 0.1
934, 6954.0, 7, 7.437433155080214, 0.1
935, 6958.0, 4, 7.433760683760684, 0.1
936, 6964.0, 6, 7.432230522945571, 0.1
937, 6972.0, 8, 7.432835820895522, 0.1
938, 6978.0, 6, 7.431309904153355, 0.1
939, 6985.0, 7, 7.430851063829787, 0.1
940, 6993.0, 8, 7.431455897980872, 0.1
941, 7000.0, 7, 7.43099787685775, 0.1
942, 7008.0, 8, 7.431601272534465, 0.1
943, 7011.0, 3, 7.426906779661017, 0.1
944, 7018.0, 7, 7.426455026455026, 0.1
945, 7024.0, 6, 7.424947145877378, 0.1
946, 7031.0, 7, 7.424498416050686, 0.1
947, 7038.0, 7, 7.424050632911392, 0.1
948, 7046.0, 8, 7.424657534246576, 0.1
949, 7053.0, 7, 7.42421052631579, 0.1
950, 7061.0, 8, 7.424815983175605, 0.1
951, 7069.0, 8, 7.425420168067227, 0.1
952, 7077.0, 8, 7.426023084994753, 0.1
953, 7084.0, 7, 7.4255765199161425, 0.1
954, 7091.0, 7, 7.425130890052356, 0.1
955, 7098.0, 7, 7.424686192468619, 0.1
956, 7105.0, 7, 7.424242424242424, 0.1
957, 7110.0, 5, 7.421711899791232, 0.1
958, 7117.0, 7, 7.421272158498436, 0.1
959, 7125.0, 8, 7.421875, 0.1
960, 7132.0, 7, 7.421436004162331, 0.1
961, 7138.0, 6, 7.41995841995842, 0.1
962, 7146.0, 8, 7.420560747663552, 0.1
963, 7150.0, 4, 7.41701244813278, 0.1
964, 7158.0, 8, 7.417616580310881, 0.1
965, 7166.0, 8, 7.418219461697722, 0.1
966, 7174.0, 8, 7.418821096173733, 0.1
967, 7181.0, 7, 7.418388429752066, 0.1
968, 7189.0, 8, 7.418988648090815, 0.1
969, 7197.0, 8, 7.41958762886598, 0.1
970, 7205.0, 8, 7.4201853759011325, 0.1
971, 7213.0, 8, 7.420781893004115, 0.1
972, 7218.0, 5, 7.4182939362795475, 0.1
973, 7226.0, 8, 7.418891170431212, 0.1
974, 7231.0, 5, 7.4164102564102565, 0.1
975, 7238.0, 7, 7.415983606557377, 0.1
976, 7246.0, 8, 7.416581371545548, 0.1
977, 7253.0, 7, 7.416155419222904, 0.1
978, 7260.0, 7, 7.415730337078652, 0.1
979, 7262.0, 2, 7.410204081632653, 0.1
980, 7269.0, 7, 7.409785932721713, 0.1
981, 7274.0, 5, 7.407331975560082, 0.1
982, 7280.0, 6, 7.405900305188199, 0.1
983, 7285.0, 5, 7.403455284552845, 0.1
984, 7292.0, 7, 7.403045685279188, 0.1
985, 7294.0, 2, 7.397565922920893, 0.1
986, 7302.0, 8, 7.398176291793313, 0.1
987, 7310.0, 8, 7.398785425101215, 0.1
988, 7318.0, 8, 7.399393326592517, 0.1
989, 7326.0, 8, 7.4, 0.1
990, 7334.0, 8, 7.400605449041373, 0.1
991, 7340.0, 6, 7.399193548387097, 0.1
992, 7348.0, 8, 7.399798590130916, 0.1
993, 7355.0, 7, 7.399396378269618, 0.1
994, 7361.0, 6, 7.397989949748744, 0.1
995, 7369.0, 8, 7.39859437751004, 0.1
996, 7376.0, 7, 7.398194583751254, 0.1
997, 7383.0, 7, 7.397795591182365, 0.1
998, 7390.0, 7, 7.397397397397397, 0.1
999, 7397.0, 7, 7.397, 0.1
1000, 7403.0, 6, 7.395604395604396, 0.1
1001, 7410.0, 7, 7.395209580838324, 0.1
1002, 7418.0, 8, 7.39581256231306, 0.1
1003, 7425.0, 7, 7.395418326693227, 0.1
1004, 7427.0, 2, 7.390049751243781, 0.1
1005, 7434.0, 7, 7.389662027833002, 0.1
1006, 7440.0, 6, 7.388282025819265, 0.1
1007, 7448.0, 8, 7.388888888888889, 0.1
1008, 7456.0, 8, 7.389494549058473, 0.1
1009, 7460.0, 4, 7.3861386138613865, 0.1
1010, 7468.0, 8, 7.386745796241345, 0.1
1011, 7475.0, 7, 7.386363636363637, 0.1
1012, 7482.0, 7, 7.385982230997039, 0.1
1013, 7489.0, 7, 7.38560157790927, 0.1
1014, 7496.0, 7, 7.385221674876847, 0.1
1015, 7503.0, 7, 7.38484251968504, 0.1
1016, 7511.0, 8, 7.385447394296952, 0.1
1017, 7514.0, 3, 7.381139489194499, 0.1
1018, 7522.0, 8, 7.381746810598626, 0.1
1019, 7528.0, 6, 7.3803921568627455, 0.1
1020, 7536.0, 8, 7.380999020568071, 0.1
1021, 7543.0, 7, 7.380626223091976, 0.1
1022, 7550.0, 7, 7.3802541544477025, 0.1
1023, 7558.0, 8, 7.380859375, 0.1
1024, 7561.0, 3, 7.376585365853659, 0.1
1025, 7568.0, 7, 7.376218323586745, 0.1
1026, 7575.0, 7, 7.375851996105161, 0.1
1027, 7582.0, 7, 7.375486381322958, 0.1
1028, 7590.0, 8, 7.376093294460642, 0.1
1029, 7592.0, 2, 7.370873786407767, 0.1
1030, 7598.0, 6, 7.369544131910766, 0.1
1031, 7600.0, 2, 7.364341085271318, 0.1
1032, 7607.0, 7, 7.363988383349468, 0.1
1033, 7615.0, 8, 7.3646034816247585, 0.1
1034, 7623.0, 8, 7.3652173913043475, 0.1
1035, 7629.0, 6, 7.363899613899614, 0.1
1036, 7629.0, 0, 7.356798457087753, 0.1
1037, 7637.0, 8, 7.357418111753372, 0.1
1038, 7644.0, 7, 7.357074109720886, 0.1
1039, 7651.0, 7, 7.3567307692307695, 0.1
1040, 7657.0, 6, 7.355427473583093, 0.1
1041, 7663.0, 6, 7.354126679462572, 0.1
1042, 7665.0, 2, 7.348993288590604, 0.1
1043, 7673.0, 8, 7.349616858237548, 0.1
1044, 7678.0, 5, 7.347368421052631, 0.1
1045, 7685.0, 7, 7.3470363288718925, 0.1
1046, 7690.0, 5, 7.344794651384909, 0.1
1047, 7698.0, 8, 7.345419847328245, 0.1
1048, 7706.0, 8, 7.34604385128694, 0.1
1049, 7713.0, 7, 7.345714285714286, 0.1
1050, 7720.0, 7, 7.345385347288297, 0.1
1051, 7727.0, 7, 7.345057034220532, 0.1
1052, 7734.0, 7, 7.344729344729345, 0.1
1053, 7742.0, 8, 7.345351043643264, 0.1
1054, 7750.0, 8, 7.345971563981043, 0.1
1055, 7758.0, 8, 7.346590909090909, 0.1
1056, 7766.0, 8, 7.34720908230842, 0.1
1057, 7773.0, 7, 7.346880907372401, 0.1
1058, 7781.0, 8, 7.3474976392823415, 0.1
1059, 7789.0, 8, 7.34811320754717, 0.1
1060, 7797.0, 8, 7.348727615457116, 0.1
1061, 7804.0, 7, 7.348399246704331, 0.1
1062, 7812.0, 8, 7.34901222953904, 0.1
1063, 7819.0, 7, 7.348684210526316, 0.1
1064, 7827.0, 8, 7.349295774647888, 0.1
1065, 7833.0, 6, 7.348030018761726, 0.1
1066, 7840.0, 7, 7.347703842549203, 0.1
1067, 7848.0, 8, 7.348314606741573, 0.1
1068, 7855.0, 7, 7.34798877455566, 0.1
1069, 7860.0, 5, 7.345794392523365, 0.1
1070, 7860.0, 0, 7.338935574229692, 0.1
1071, 7866.0, 6, 7.337686567164179, 0.1
1072, 7873.0, 7, 7.337371854613234, 0.1
1073, 7881.0, 8, 7.337988826815643, 0.1
1074, 7889.0, 8, 7.3386046511627905, 0.1
1075, 7896.0, 7, 7.338289962825279, 0.1
1076, 7904.0, 8, 7.3389043639740015, 0.1
1077, 7908.0, 4, 7.335807050092765, 0.1
1078, 7915.0, 7, 7.335495829471733, 0.1
1079, 7922.0, 7, 7.3351851851851855, 0.1
1080, 7930.0, 8, 7.335800185013876, 0.1
1081, 7935.0, 5, 7.333641404805915, 0.1
1082, 7941.0, 6, 7.332409972299169, 0.1
1083, 7948.0, 7, 7.332103321033211, 0.1
1084, 7956.0, 8, 7.332718894009217, 0.1
1085, 7964.0, 8, 7.333333333333333, 0.1
1086, 7970.0, 6, 7.332106715731371, 0.1
1087, 7977.0, 7, 7.3318014705882355, 0.1
1088, 7979.0, 2, 7.326905417814508, 0.1
1089, 7985.0, 6, 7.325688073394495, 0.1
1090, 7991.0, 6, 7.3244729605866175, 0.1
1091, 7999.0, 8, 7.325091575091575, 0.1
1092, 8006.0, 7, 7.324794144556267, 0.1
1093, 8013.0, 7, 7.324497257769653, 0.1
1094, 8021.0, 8, 7.325114155251142, 0.1
1095, 8026.0, 5, 7.322992700729927, 0.1
1096, 8033.0, 7, 7.322698268003646, 0.1
1097, 8040.0, 7, 7.3224043715847, 0.1
1098, 8042.0, 2, 7.317561419472248, 0.1
1099, 8049.0, 7, 7.317272727272727, 0.1
1100, 8056.0, 7, 7.316984559491371, 0.1
1101, 8064.0, 8, 7.317604355716878, 0.1
1102, 8071.0, 7, 7.317316409791478, 0.1
1103, 8079.0, 8, 7.317934782608695, 0.1
1104, 8087.0, 8, 7.318552036199095, 0.1
1105, 8092.0, 5, 7.3164556962025316, 0.1
1106, 8100.0, 8, 7.317073170731708, 0.1
1107, 8107.0, 7, 7.316787003610108, 0.1
1108, 8115.0, 8, 7.317403065825068, 0.1
1109, 8123.0, 8, 7.318018018018018, 0.1
1110, 8126.0, 3, 7.314131413141314, 0.1
1111, 8130.0, 4, 7.311151079136691, 0.1
1112, 8135.0, 5, 7.309074573225517, 0.1
1113, 8143.0, 8, 7.309694793536805, 0.1
1114, 8150.0, 7, 7.309417040358745, 0.1
1115, 8157.0, 7, 7.309139784946237, 0.1
1116, 8164.0, 7, 7.308863025962399, 0.1
1117, 8172.0, 8, 7.309481216457961, 0.1
1118, 8179.0, 7, 7.309204647006256, 0.1
1119, 8186.0, 7, 7.308928571428571, 0.1
1120, 8193.0, 7, 7.308652988403211, 0.1
1121, 8200.0, 7, 7.308377896613191, 0.1
1122, 8207.0, 7, 7.308103294746216, 0.1
1123, 8215.0, 8, 7.3087188612099645, 0.1
1124, 8223.0, 8, 7.309333333333333, 0.1
1125, 8229.0, 6, 7.308170515097691, 0.1
1126, 8236.0, 7, 7.307897071872227, 0.1
1127, 8244.0, 8, 7.308510638297872, 0.1
1128, 8250.0, 6, 7.307351638618246, 0.1
1129, 8258.0, 8, 7.307964601769911, 0.1
1130, 8266.0, 8, 7.308576480990274, 0.1
1131, 8273.0, 7, 7.3083038869257955, 0.1
1132, 8280.0, 7, 7.308031774051192, 0.1
1133, 8280.0, 0, 7.301587301587301, 0.1
1134, 8287.0, 7, 7.301321585903084, 0.1
1135, 8295.0, 8, 7.30193661971831, 0.1
1136, 8303.0, 8, 7.302550571679859, 0.1
1137, 8305.0, 2, 7.297891036906854, 0.1
1138, 8313.0, 8, 7.298507462686567, 0.1
1139, 8321.0, 8, 7.299122807017544, 0.1
1140, 8327.0, 6, 7.297984224364592, 0.1
1141, 8335.0, 8, 7.298598949211909, 0.1
1142, 8342.0, 7, 7.298337707786526, 0.1
1143, 8349.0, 7, 7.298076923076923, 0.1
1144, 8357.0, 8, 7.298689956331878, 0.1
1145, 8365.0, 8, 7.299301919720768, 0.1
1146, 8373.0, 8, 7.299912816041848, 0.1
1147, 8378.0, 5, 7.2979094076655056, 0.1
1148, 8386.0, 8, 7.29852045256745, 0.1
1149, 8393.0, 7, 7.298260869565217, 0.1
1150, 8399.0, 6, 7.297132927888792, 0.1
1151, 8406.0, 7, 7.296875, 0.1
1152, 8413.0, 7, 7.29661751951431, 0.1
1153, 8420.0, 7, 7.296360485268631, 0.1
1154, 8422.0, 2, 7.2917748917748915, 0.1
1155, 8428.0, 6, 7.290657439446367, 0.1
1156, 8436.0, 8, 7.291270527225583, 0.1
1157, 8443.0, 7, 7.291018998272884, 0.1
1158, 8451.0, 8, 7.291630716134599, 0.1
1159, 8456.0, 5, 7.289655172413793, 0.1
1160, 8458.0, 2, 7.285099052540913, 0.1
1161, 8465.0, 7, 7.284853700516351, 0.1
1162, 8472.0, 7, 7.2846087704213245, 0.1
1163, 8480.0, 8, 7.285223367697594, 0.1
1164, 8488.0, 8, 7.285836909871245, 0.1
1165, 8496.0, 8, 7.286449399656947, 0.1
1166, 8503.0, 7, 7.286203941730934, 0.1
1167, 8510.0, 7, 7.285958904109589, 0.1
1168, 8517.0, 7, 7.285714285714286, 0.1
1169, 8523.0, 6, 7.2846153846153845, 0.1
1170, 8529.0, 6, 7.283518360375747, 0.1
1171, 8534.0, 5, 7.2815699658703075, 0.1
1172, 8542.0, 8, 7.2821824381926685, 0.1
1173, 8549.0, 7, 7.281942078364565, 0.1
1174, 8557.0, 8, 7.282553191489361, 0.1
1175, 8563.0, 6, 7.281462585034014, 0.1
1176, 8571.0, 8, 7.282073067119796, 0.1
1177, 8578.0, 7, 7.281833616298812, 0.1
1178, 8584.0, 6, 7.280746395250212, 0.1
1179, 8592.0, 8, 7.28135593220339, 0.1
1180, 8600.0, 8, 7.281964436917867, 0.1
1181, 8608.0, 8, 7.282571912013537, 0.1
1182, 8615.0, 7, 7.282333051563821, 0.1
1183, 8620.0, 5, 7.280405405405405, 0.1
1184, 8628.0, 8, 7.281012658227848, 0.1
1185, 8635.0, 7, 7.280775716694772, 0.1
1186, 8643.0, 8, 7.281381634372368, 0.1
1187, 8649.0, 6, 7.28030303030303, 0.1
1188, 8651.0, 2, 7.275862068965517, 0.1
1189, 8659.0, 8, 7.276470588235294, 0.1
1190, 8666.0, 7, 7.276238455079765, 0.1
1191, 8674.0, 8, 7.276845637583893, 0.1
1192, 8680.0, 6, 7.275775356244761, 0.1
1193, 8686.0, 6, 7.274706867671692, 0.1
1194, 8694.0, 8, 7.275313807531381, 0.1
1195, 8702.0, 8, 7.275919732441472, 0.1
1196, 8710.0, 8, 7.276524644945698, 0.1
1197, 8717.0, 7, 7.276293823038397, 0.1
1198, 8725.0, 8, 7.276897414512093, 0.1
1199, 8731.0, 6, 7.275833333333333, 0.1
1200, 8739.0, 8, 7.276436303080766, 0.1
1201, 8746.0, 7, 7.276206322795341, 0.1
1202, 8753.0, 7, 7.27597672485453, 0.1
1203, 8761.0, 8, 7.276578073089701, 0.1
1204, 8769.0, 8, 7.277178423236514, 0.1
1205, 8777.0, 8, 7.277777777777778, 0.1
1206, 8782.0, 5, 7.275890637945319, 0.1
1207, 8790.0, 8, 7.276490066225166, 0.1
1208, 8795.0, 5, 7.274607113316791, 0.1
1209, 8802.0, 7, 7.274380165289256, 0.1
1210, 8803.0, 1, 7.269199009083402, 0.1
1211, 8811.0, 8, 7.26980198019802, 0.1
1212, 8819.0, 8, 7.27040395713108, 0.1
1213, 8820.0, 1, 7.265238879736408, 0.1
1214, 8826.0, 6, 7.264197530864197, 0.1
1215, 8834.0, 8, 7.264802631578948, 0.1
1216, 8839.0, 5, 7.262941659819227, 0.1
1217, 8847.0, 8, 7.263546798029557, 0.1
1218, 8854.0, 7, 7.2633305988515175, 0.1
1219, 8862.0, 8, 7.2639344262295085, 0.1
1220, 8868.0, 6, 7.262899262899263, 0.1
1221, 8873.0, 5, 7.261047463175123, 0.1
1222, 8874.0, 1, 7.255928045789044, 0.1
1223, 8878.0, 4, 7.253267973856209, 0.1
1224, 8878.0, 0, 7.24734693877551, 0.1
1225, 8886.0, 8, 7.2479608482871125, 0.1
1226, 8893.0, 7, 7.247758761206194, 0.1
1227, 8900.0, 7, 7.247557003257329, 0.1
1228, 8908.0, 8, 7.248169243287226, 0.1
1229, 8915.0, 7, 7.247967479674797, 0.1
1230, 8915.0, 0, 7.2420796100731115, 0.1
1231, 8922.0, 7, 7.241883116883117, 0.1
1232, 8930.0, 8, 7.24249797242498, 0.1
1233, 8932.0, 2, 7.238249594813614, 0.1
1234, 8940.0, 8, 7.238866396761134, 0.1
1235, 8945.0, 5, 7.2370550161812295, 0.1
1236, 8953.0, 8, 7.237671786580437, 0.1
1237, 8960.0, 7, 7.237479806138934, 0.1
1238, 8968.0, 8, 7.238095238095238, 0.1
1239, 8973.0, 5, 7.236290322580645, 0.1
1240, 8981.0, 8, 7.236905721192587, 0.1
1241, 8989.0, 8, 7.237520128824476, 0.1
1242, 8996.0, 7, 7.237329042638777, 0.1
1243, 9003.0, 7, 7.237138263665595, 0.1
1244, 9010.0, 7, 7.236947791164659, 0.1
1245, 9017.0, 7, 7.236757624398074, 0.1
1246, 9025.0, 8, 7.237369687249399, 0.1
1247, 9031.0, 6, 7.236378205128205, 0.1
1248, 9039.0, 8, 7.236989591673339, 0.1
1249, 9047.0, 8, 7.2376, 0.1
1250, 9054.0, 7, 7.237410071942446, 0.1
1251, 9062.0, 8, 7.238019169329074, 0.1
1252, 9068.0, 6, 7.237031125299282, 0.1
1253, 9075.0, 7, 7.2368421052631575, 0.1
1254, 9081.0, 6, 7.235856573705179, 0.1
1255, 9088.0, 7, 7.235668789808917, 0.1
1256, 9096.0, 8, 7.236276849642005, 0.1
1257, 9102.0, 6, 7.235294117647059, 0.1
1258, 9110.0, 8, 7.235901509134234, 0.1
1259, 9117.0, 7, 7.235714285714286, 0.1
1260, 9124.0, 7, 7.2355273592386995, 0.1
1261, 9132.0, 8, 7.2361331220285265, 0.1
1262, 9140.0, 8, 7.2367379255740305, 0.1
1263, 9147.0, 7, 7.236550632911392, 0.1
1264, 9155.0, 8, 7.237154150197629, 0.1
1265, 9163.0, 8, 7.237756714060032, 0.1
1266, 9170.0, 7, 7.237569060773481, 0.1
1267, 9177.0, 7, 7.237381703470032, 0.1
1268, 9184.0, 7, 7.23719464144996, 0.1
1269, 9191.0, 7, 7.237007874015748, 0.1
1270, 9199.0, 8, 7.237608182533438, 0.1
1271, 9206.0, 7, 7.237421383647798, 0.1
1272, 9212.0, 6, 7.236449332285939, 0.1
1273, 9220.0, 8, 7.237048665620094, 0.1
1274, 9228.0, 8, 7.237647058823529, 0.1
1275, 9236.0, 8, 7.238244514106583, 0.1
1276, 9240.0, 4, 7.235708692247455, 0.1
1277, 9247.0, 7, 7.235524256651018, 0.1
1278, 9255.0, 8, 7.236121970289289, 0.1
1279, 9262.0, 7, 7.2359375, 0.1
1280, 9268.0, 6, 7.2349726775956285, 0.1
1281, 9274.0, 6, 7.234009360374415, 0.1
1282, 9282.0, 8, 7.23460639127046, 0.1
1283, 9290.0, 8, 7.235202492211838, 0.1
1284, 9293.0, 3, 7.231906614785992, 0.1
1285, 9301.0, 8, 7.232503888024883, 0.1
1286, 9309.0, 8, 7.233100233100233, 0.1
1287, 9315.0, 6, 7.232142857142857, 0.1
1288, 9322.0, 7, 7.231962761830877, 0.1
1289, 9329.0, 7, 7.231782945736434, 0.1
1290, 9337.0, 8, 7.232378001549186, 0.1
1291, 9343.0, 6, 7.231424148606811, 0.1
1292, 9349.0, 6, 7.2304717710750195, 0.1
1293, 9356.0, 7, 7.230293663060278, 0.1
1294, 9363.0, 7, 7.23011583011583, 0.1
1295, 9370.0, 7, 7.229938271604938, 0.1
1296, 9378.0, 8, 7.23053199691596, 0.1
1297, 9386.0, 8, 7.231124807395994, 0.1
1298, 9394.0, 8, 7.2317167051578135, 0.1
1299, 9402.0, 8, 7.2323076923076925, 0.1
1300, 9409.0, 7, 7.232129131437356, 0.1
1301, 9416.0, 7, 7.231950844854071, 0.1
1302, 9421.0, 5, 7.230237912509593, 0.1
1303, 9427.0, 6, 7.229294478527607, 0.1
1304, 9435.0, 8, 7.2298850574712645, 0.1
1305, 9443.0, 8, 7.230474732006126, 0.1
1306, 9451.0, 8, 7.231063504208111, 0.1
1307, 9457.0, 6, 7.230122324159021, 0.1
1308, 9464.0, 7, 7.229946524064171, 0.1
1309, 9472.0, 8, 7.230534351145038, 0.1
1310, 9479.0, 7, 7.230358504958048, 0.1
1311, 9484.0, 5, 7.228658536585366, 0.1
1312, 9492.0, 8, 7.229246001523229, 0.1
1313, 9499.0, 7, 7.229071537290715, 0.1
1314, 9505.0, 6, 7.228136882129277, 0.1
1315, 9513.0, 8, 7.2287234042553195, 0.1
1316, 9521.0, 8, 7.229309035687168, 0.1
1317, 9528.0, 7, 7.229135053110774, 0.1
1318, 9536.0, 8, 7.229719484457923, 0.1
1319, 9541.0, 5, 7.2280303030303035, 0.1
1320, 9549.0, 8, 7.228614685844057, 0.1
1321, 9557.0, 8, 7.229198184568835, 0.1
1322, 9565.0, 8, 7.2297808012093725, 0.1
1323, 9573.0, 8, 7.230362537764351, 0.1
1324, 9580.0, 7, 7.230188679245283, 0.1
1325, 9587.0, 7, 7.2300150829562595, 0.1
1326, 9594.0, 7, 7.229841748304446, 0.1
1327, 9600.0, 6, 7.228915662650603, 0.1
1328, 9608.0, 8, 7.2294958615500375, 0.1
1329, 9609.0, 1, 7.224812030075188, 0.1
1330, 9615.0, 6, 7.22389181066867, 0.1
1331, 9623.0, 8, 7.224474474474475, 0.1
1332, 9630.0, 7, 7.22430607651913, 0.1
1333, 9637.0, 7, 7.224137931034483, 0.1
1334, 9645.0, 8, 7.224719101123595, 0.1
1335, 9647.0, 2, 7.220808383233533, 0.1
1336, 9653.0, 6, 7.219895287958115, 0.1
1337, 9661.0, 8, 7.220478325859491, 0.1
1338, 9668.0, 7, 7.220313666915609, 0.1
1339, 9676.0, 8, 7.2208955223880595, 0.1
1340, 9683.0, 7, 7.220730797912006, 0.1
1341, 9688.0, 5, 7.219076005961252, 0.1
1342, 9689.0, 1, 7.2144452717795975, 0.1
1343, 9689.0, 0, 7.209077380952381, 0.1
1344, 9696.0, 7, 7.208921933085501, 0.1
1345, 9702.0, 6, 7.208023774145617, 0.1
1346, 9709.0, 7, 7.207869339272457, 0.1
1347, 9717.0, 8, 7.208456973293768, 0.1
1348, 9725.0, 8, 7.209043736100815, 0.1
1349, 9729.0, 4, 7.206666666666667, 0.1
1350, 9736.0, 7, 7.206513693560326, 0.1
1351, 9744.0, 8, 7.207100591715976, 0.1
1352, 9752.0, 8, 7.207686622320769, 0.1
1353, 9760.0, 8, 7.208271787296898, 0.1
1354, 9768.0, 8, 7.208856088560886, 0.1
1355, 9774.0, 6, 7.207964601769912, 0.1
1356, 9782.0, 8, 7.208548268238762, 0.1
1357, 9790.0, 8, 7.209131075110457, 0.1
1358, 9797.0, 7, 7.208977189109639, 0.1
1359, 9805.0, 8, 7.209558823529412, 0.1
1360, 9813.0, 8, 7.210139603232917, 0.1
1361, 9821.0, 8, 7.21071953010279, 0.1
1362, 9828.0, 7, 7.210564930300807, 0.1
1363, 9836.0, 8, 7.211143695014663, 0.1
1364, 9842.0, 6, 7.21025641025641, 0.1
1365, 9850.0, 8, 7.210834553440702, 0.1
1366, 9858.0, 8, 7.211411850768106, 0.1
1367, 9866.0, 8, 7.211988304093567, 0.1
1368, 9873.0, 7, 7.2118334550766985, 0.1
1369, 9880.0, 7, 7.211678832116788, 0.1
1370, 9885.0, 5, 7.210065645514224, 0.1
1371, 9892.0, 7, 7.209912536443149, 0.1
1372, 9898.0, 6, 7.209031318281136, 0.1
1373, 9906.0, 8, 7.209606986899563, 0.1
1374, 9914.0, 8, 7.210181818181818, 0.1
1375, 9921.0, 7, 7.210029069767442, 0.1
1376, 9928.0, 7, 7.209876543209877, 0.1
1377, 9934.0, 6, 7.2089985486211905, 0.1
1378, 9940.0, 6, 7.208121827411167, 0.1
1379, 9948.0, 8, 7.208695652173913, 0.1
1380, 9949.0, 1, 7.204199855177408, 0.1
1381, 9957.0, 8, 7.204775687409551, 0.1
1382, 9964.0, 7, 7.204627621113521, 0.1
1383, 9971.0, 7, 7.204479768786127, 0.1
1384, 9979.0, 8, 7.205054151624549, 0.1
1385, 9986.0, 7, 7.204906204906205, 0.1
1386, 9993.0, 7, 7.204758471521269, 0.1
1387, 10000.0, 7, 7.204610951008646, 0.1
1388, 10006.0, 6, 7.20374370050396, 0.1
1389, 10012.0, 6, 7.202877697841727, 0.1
1390, 10020.0, 8, 7.203450754852624, 0.1
1391, 10028.0, 8, 7.204022988505747, 0.1
1392, 10035.0, 7, 7.203876525484565, 0.1
1393, 10043.0, 8, 7.204447632711621, 0.1
1394, 10044.0, 1, 7.2, 0.1
1395, 10052.0, 8, 7.200573065902579, 0.1
1396, 10059.0, 7, 7.200429491768074, 0.1
1397, 10059.0, 0, 7.195278969957082, 0.1
1398, 10066.0, 7, 7.195139385275197, 0.1
1399, 10073.0, 7, 7.195, 0.1
1400, 10081.0, 8, 7.1955745895788725, 0.1
1401, 10088.0, 7, 7.195435092724679, 0.1
1402, 10095.0, 7, 7.195295794725588, 0.1
1403, 10102.0, 7, 7.195156695156695, 0.1
1404, 10108.0, 6, 7.194306049822064, 0.1
1405, 10113.0, 5, 7.192745376955903, 0.1
1406, 10121.0, 8, 7.193319118692253, 0.1
1407, 10129.0, 8, 7.193892045454546, 0.1
1408, 10137.0, 8, 7.194464158977999, 0.1
1409, 10145.0, 8, 7.195035460992908, 0.1
1410, 10152.0, 7, 7.194897236002835, 0.1
1411, 10160.0, 8, 7.195467422096317, 0.1
1412, 10167.0, 7, 7.195329087048832, 0.1
1413, 10175.0, 8, 7.1958981612446955, 0.1
1414, 10181.0, 6, 7.195053003533569, 0.1
1415, 10188.0, 7, 7.194915254237288, 0.1
1416, 10192.0, 4, 7.192660550458716, 0.1
1417, 10199.0, 7, 7.192524682651622, 0.1
1418, 10206.0, 7, 7.192389006342495, 0.1
1419, 10213.0, 7, 7.19225352112676, 0.1
1420, 10214.0, 1, 7.18789584799437, 0.1
1421, 10221.0, 7, 7.187763713080169, 0.1
1422, 10227.0, 6, 7.186929023190443, 0.1
1423, 10234.0, 7, 7.186797752808989, 0.1
1424, 10234.0, 0, 7.181754385964912, 0.1
1425, 10236.0, 2, 7.1781206171108, 0.1
1426, 10244.0, 8, 7.178696566222845, 0.1
1427, 10252.0, 8, 7.179271708683474, 0.1
1428, 10260.0, 8, 7.179846046186144, 0.1
1429, 10266.0, 6, 7.179020979020979, 0.1
1430, 10274.0, 8, 7.179594689028652, 0.1
1431, 10280.0, 6, 7.17877094972067, 0.1
1432, 10281.0, 1, 7.174459176552687, 0.1
1433, 10287.0, 6, 7.173640167364017, 0.1
1434, 10293.0, 6, 7.172822299651568, 0.1
1435, 10294.0, 1, 7.1685236768802225, 0.1
1436, 10301.0, 7, 7.168406402226862, 0.1
1437, 10307.0, 6, 7.16759388038943, 0.1
1438, 10314.0, 7, 7.167477414871438, 0.1
1439, 10321.0, 7, 7.167361111111111, 0.1
1440, 10329.0, 8, 7.1679389312977095, 0.1
1441, 10335.0, 6, 7.167128987517337, 0.1
1442, 10335.0, 0, 7.162162162162162, 0.1
1443, 10342.0, 7, 7.162049861495845, 0.1
1444, 10349.0, 7, 7.161937716262976, 0.1
1445, 10352.0, 3, 7.159059474412172, 0.1
1446, 10359.0, 7, 7.158949550794747, 0.1
1447, 10367.0, 8, 7.1595303867403315, 0.1
1448, 10374.0, 7, 7.159420289855072, 0.1
1449, 10381.0, 7, 7.1593103448275865, 0.1
1450, 10386.0, 5, 7.157822191592006, 0.1
1451, 10393.0, 7, 7.15771349862259, 0.1
1452, 10401.0, 8, 7.158293186510668, 0.1
1453, 10409.0, 8, 7.158872077028886, 0.1
1454, 10416.0, 7, 7.1587628865979385, 0.1
1455, 10423.0, 7, 7.158653846153846, 0.1
1456, 10429.0, 6, 7.157858613589568, 0.1
1457, 10437.0, 8, 7.158436213991769, 0.1
1458, 10445.0, 8, 7.159013022618232, 0.1
1459, 10453.0, 8, 7.159589041095891, 0.1
1460, 10461.0, 8, 7.160164271047228, 0.1
1461, 10468.0, 7, 7.160054719562243, 0.1
1462, 10476.0, 8, 7.160628844839371, 0.1
1463, 10484.0, 8, 7.16120218579235, 0.1
1464, 10492.0, 8, 7.161774744027304, 0.1
1465, 10499.0, 7, 7.161664392905866, 0.1
1466, 10507.0, 8, 7.162235855487389, 0.1
1467, 10513.0, 6, 7.1614441416893735, 0.1
1468, 10520.0, 7, 7.161334240980259, 0.1
1469, 10528.0, 8, 7.161904761904762, 0.1
1470, 10532.0, 4, 7.159755268524813, 0.1
1471, 10540.0, 8, 7.1603260869565215, 0.1
1472, 10548.0, 8, 7.160896130346232, 0.1
1473, 10555.0, 7, 7.1607869742198105, 0.1
1474, 10561.0, 6, 7.16, 0.1
1475, 10569.0, 8, 7.1605691056910565, 0.1
1476, 10577.0, 8, 7.161137440758294, 0.1
1477, 10581.0, 4, 7.158998646820027, 0.1
1478, 10589.0, 8, 7.159567275185936, 0.1
1479, 10596.0, 7, 7.15945945945946, 0.1
1480, 10604.0, 8, 7.160027008777853, 0.1
1481, 10605.0, 1, 7.15587044534413, 0.1
1482, 10612.0, 7, 7.155765340525961, 0.1
1483, 10620.0, 8, 7.15633423180593, 0.1
1484, 10626.0, 6, 7.155555555555556, 0.1
1485, 10633.0, 7, 7.155450874831764, 0.1
1486, 10638.0, 5, 7.154001344989912, 0.1
1487, 10645.0, 7, 7.153897849462366, 0.1
1488, 10653.0, 8, 7.154466084620551, 0.1
1489, 10657.0, 4, 7.152348993288591, 0.1
1490, 10661.0, 4, 7.150234741784038, 0.1
1491, 10669.0, 8, 7.150804289544236, 0.1
1492, 10676.0, 7, 7.150703281982586, 0.1
1493, 10684.0, 8, 7.151271753681392, 0.1
1494, 10690.0, 6, 7.150501672240803, 0.1
1495, 10695.0, 5, 7.149064171122995, 0.1
1496, 10702.0, 7, 7.148964595858383, 0.1
1497, 10710.0, 8, 7.149532710280374, 0.1
1498, 10718.0, 8, 7.150100066711141, 0.1
1499, 10725.0, 7, 7.15, 0.1
1500, 10732.0, 7, 7.149900066622251, 0.1
1501, 10737.0, 5, 7.1484687083888145, 0.1
1502, 10744.0, 7, 7.14836992681304, 0.1
1503, 10751.0, 7, 7.148271276595745, 0.1
1504, 10758.0, 7, 7.148172757475083, 0.1
1505, 10766.0, 8, 7.148738379814077, 0.1
1506, 10773.0, 7, 7.148639681486396, 0.1
1507, 10778.0, 5, 7.147214854111406, 0.1
1508, 10786.0, 8, 7.1477799867461895, 0.1
1509, 10793.0, 7, 7.147682119205298, 0.1
1510, 10801.0, 8, 7.14824619457313, 0.1
1511, 10809.0, 8, 7.148809523809524, 0.1
1512, 10817.0, 8, 7.149372108393919, 0.1
1513, 10824.0, 7, 7.1492734478203435, 0.1
1514, 10831.0, 7, 7.14917491749175, 0.1
1515, 10836.0, 5, 7.147757255936676, 0.1
1516, 10837.0, 1, 7.143704680290046, 0.1
1517, 10843.0, 6, 7.142951251646904, 0.1
1518, 10851.0, 8, 7.14351547070441, 0.1
1519, 10859.0, 8, 7.144078947368421, 0.1
1520, 10866.0, 7, 7.1439842209072975, 0.1
1521, 10873.0, 7, 7.14388961892247, 0.1
1522, 10881.0, 8, 7.144451739986868, 0.1
1523, 10889.0, 8, 7.14501312335958, 0.1
1524, 10897.0, 8, 7.145573770491803, 0.1
1525, 10903.0, 6, 7.144823066841416, 0.1
1526, 10911.0, 8, 7.145383104125736, 0.1
1527, 10917.0, 6, 7.144633507853404, 0.1
1528, 10925.0, 8, 7.145192936559843, 0.1
1529, 10932.0, 7, 7.145098039215687, 0.1
1530, 10940.0, 8, 7.145656433703461, 0.1
1531, 10942.0, 2, 7.142297650130549, 0.1
1532, 10949.0, 7, 7.142204827136334, 0.1
1533, 10956.0, 7, 7.1421121251629724, 0.1
1534, 10964.0, 8, 7.142671009771987, 0.1
1535, 10965.0, 1, 7.138671875, 0.1
1536, 10972.0, 7, 7.1385816525699415, 0.1
1537, 10979.0, 7, 7.138491547464239, 0.1
1538, 10985.0, 6, 7.137751786874594, 0.1
1539, 10988.0, 3, 7.135064935064935, 0.1
1540, 10991.0, 3, 7.132381570408826, 0.1
1541, 10995.0, 4, 7.13035019455253, 0.1
1542, 11001.0, 6, 7.1296176279974075, 0.1
1543, 11004.0, 3, 7.126943005181347, 0.1
1544, 11006.0, 2, 7.123624595469256, 0.1
1545, 11013.0, 7, 7.123544631306598, 0.1
1546, 11019.0, 6, 7.122818358112475, 0.1
1547, 11021.0, 2, 7.119509043927649, 0.1
1548, 11028.0, 7, 7.119431891542931, 0.1
1549, 11034.0, 6, 7.118709677419355, 0.1
1550, 11041.0, 7, 7.118633139909735, 0.1
1551, 11044.0, 3, 7.115979381443299, 0.1
1552, 11051.0, 7, 7.115904700579524, 0.1
1553, 11058.0, 7, 7.115830115830116, 0.1
1554, 11065.0, 7, 7.115755627009646, 0.1
1555, 11073.0, 8, 7.116323907455013, 0.1
1556, 11081.0, 8, 7.116891457931921, 0.1
1557, 11087.0, 6, 7.116174582798459, 0.1
1558, 11091.0, 4, 7.1141757536882615, 0.1
1559, 11098.0, 7, 7.114102564102564, 0.1
1560, 11105.0, 7, 7.114029468289558, 0.1
1561, 11112.0, 7, 7.113956466069142, 0.1
1562, 11120.0, 8, 7.114523352527192, 0.1
1563, 11123.0, 3, 7.111892583120205, 0.1
1564, 11129.0, 6, 7.111182108626198, 0.1
1565, 11135.0, 6, 7.110472541507025, 0.1
1566, 11143.0, 8, 7.11104020421187, 0.1
1567, 11150.0, 7, 7.110969387755102, 0.1
1568, 11158.0, 8, 7.111536010197578, 0.1
1569, 11164.0, 6, 7.110828025477707, 0.1
1570, 11172.0, 8, 7.111394016549968, 0.1
1571, 11177.0, 5, 7.110050890585241, 0.1
1572, 11185.0, 8, 7.110616656071201, 0.1
1573, 11192.0, 7, 7.110546378653113, 0.1
1574, 11199.0, 7, 7.110476190476191, 0.1
1575, 11206.0, 7, 7.1104060913705585, 0.1
1576, 11213.0, 7, 7.110336081166772, 0.1
1577, 11213.0, 0, 7.105830164765526, 0.1
1578, 11220.0, 7, 7.105763141228626, 0.1
1579, 11227.0, 7, 7.105696202531646, 0.1
1580, 11234.0, 7, 7.105629348513599, 0.1
1581, 11235.0, 1, 7.101769911504425, 0.1
1582, 11242.0, 7, 7.101705622236261, 0.1
1583, 11249.0, 7, 7.101641414141414, 0.1
1584, 11257.0, 8, 7.102208201892744, 0.1
1585, 11263.0, 6, 7.1015132408575035, 0.1
1586, 11270.0, 7, 7.101449275362318, 0.1
1587, 11278.0, 8, 7.102015113350126, 0.1
1588, 11285.0, 7, 7.101950912523599, 0.1
1589, 11292.0, 7, 7.10188679245283, 0.1
1590, 11300.0, 8, 7.1024512884978, 0.1
1591, 11308.0, 8, 7.103015075376884, 0.1
1592, 11316.0, 8, 7.1035781544256125, 0.1
1593, 11324.0, 8, 7.104140526976161, 0.1
1594, 11331.0, 7, 7.104075235109718, 0.1
1595, 11338.0, 7, 7.1040100250626566, 0.1
1596, 11344.0, 6, 7.103318722604884, 0.1
1597, 11351.0, 7, 7.103254067584481, 0.1
1598, 11357.0, 6, 7.102564102564102, 0.1
1599, 11364.0, 7, 7.1025, 0.1
1600, 11371.0, 7, 7.1024359775140535, 0.1
1601, 11378.0, 7, 7.102372034956304, 0.1
1602, 11386.0, 8, 7.102932002495321, 0.1
1603, 11393.0, 7, 7.10286783042394, 0.1
1604, 11394.0, 1, 7.0990654205607475, 0.1
1605, 11402.0, 8, 7.099626400996264, 0.1
1606, 11410.0, 8, 7.100186683260734, 0.1
1607, 11417.0, 7, 7.100124378109452, 0.1
1608, 11425.0, 8, 7.1006836544437535, 0.1
1609, 11433.0, 8, 7.101242236024845, 0.1
1610, 11439.0, 6, 7.100558659217877, 0.1
1611, 11445.0, 6, 7.099875930521092, 0.1
1612, 11453.0, 8, 7.100433973961563, 0.1
1613, 11460.0, 7, 7.100371747211896, 0.1
1614, 11468.0, 8, 7.100928792569659, 0.1
1615, 11473.0, 5, 7.099628712871287, 0.1
1616, 11478.0, 5, 7.098330241187384, 0.1
1617, 11486.0, 8, 7.098887515451175, 0.1
1618, 11493.0, 7, 7.098826436071649, 0.1
1619, 11499.0, 6, 7.098148148148148, 0.1
1620, 11507.0, 8, 7.098704503392967, 0.1
1621, 11515.0, 8, 7.099260172626387, 0.1
1622, 11523.0, 8, 7.099815157116451, 0.1
1623, 11529.0, 6, 7.099137931034483, 0.1
1624, 11535.0, 6, 7.098461538461539, 0.1
1625, 11542.0, 7, 7.0984009840098405, 0.1
1626, 11550.0, 8, 7.098955132145052, 0.1
1627, 11556.0, 6, 7.098280098280099, 0.1
1628, 11563.0, 7, 7.098219766728054, 0.1
1629, 11564.0, 1, 7.094478527607362, 0.1
1630, 11565.0, 1, 7.090741876149601, 0.1
1631, 11573.0, 8, 7.091299019607843, 0.1
1632, 11573.0, 0, 7.086956521739131, 0.1
1633, 11580.0, 7, 7.0869033047735615, 0.1
1634, 11587.0, 7, 7.086850152905199, 0.1
1635, 11595.0, 8, 7.087408312958435, 0.1
1636, 11603.0, 8, 7.087965791081246, 0.1
1637, 11610.0, 7, 7.087912087912088, 0.1
1638, 11617.0, 7, 7.087858450274558, 0.1
1639, 11621.0, 4, 7.0859756097560975, 0.1
1640, 11626.0, 5, 7.084704448507008, 0.1
1641, 11633.0, 7, 7.084652862362972, 0.1
1642, 11639.0, 6, 7.08399269628728, 0.1
1643, 11646.0, 7, 7.083941605839416, 0.1
1644, 11652.0, 6, 7.083282674772036, 0.1
1645, 11660.0, 8, 7.083839611178615, 0.1
1646, 11667.0, 7, 7.083788706739527, 0.1
1647, 11670.0, 3, 7.081310679611651, 0.1
1648, 11675.0, 5, 7.080048514251061, 0.1
1649, 11679.0, 4, 7.078181818181818, 0.1
1650, 11686.0, 7, 7.078134463961236, 0.1
1651, 11692.0, 6, 7.0774818401937045, 0.1
1652, 11700.0, 8, 7.078039927404719, 0.1
1653, 11708.0, 8, 7.078597339782346, 0.1
1654, 11715.0, 7, 7.078549848942598, 0.1
1655, 11723.0, 8, 7.079106280193237, 0.1
1656, 11730.0, 7, 7.07905853952927, 0.1
1657, 11738.0, 8, 7.079613992762364, 0.1
1658, 11742.0, 4, 7.077757685352622, 0.1
1659, 11742.0, 0, 7.073493975903615, 0.1
1660, 11742.0, 0, 7.0692354003612285, 0.1
1661, 11748.0, 6, 7.068592057761733, 0.1
1662, 11755.0, 7, 7.068550811785929, 0.1
1663, 11762.0, 7, 7.068509615384615, 0.1
1664, 11769.0, 7, 7.068468468468469, 0.1
1665, 11777.0, 8, 7.069027611044418, 0.1
1666, 11784.0, 7, 7.068986202759448, 0.1
1667, 11791.0, 7, 7.0689448441247, 0.1
1668, 11799.0, 8, 7.0695026962252845, 0.1
1669, 11804.0, 5, 7.068263473053892, 0.1
1670, 11806.0, 2, 7.06523040095751, 0.1
1671, 11812.0, 6, 7.064593301435407, 0.1
1672, 11819.0, 7, 7.064554692169755, 0.1
1673, 11827.0, 8, 7.065113500597372, 0.1
1674, 11831.0, 4, 7.063283582089552, 0.1
1675, 11837.0, 6, 7.062649164677804, 0.1
1676, 11843.0, 6, 7.062015503875969, 0.1
1677, 11850.0, 7, 7.061978545887962, 0.1
1678, 11852.0, 2, 7.058963668850506, 0.1
1679, 11859.0, 7, 7.058928571428571, 0.1
1680, 11866.0, 7, 7.058893515764426, 0.1
1681, 11873.0, 7, 7.0588585017835905, 0.1
1682, 11880.0, 7, 7.0588235294117645, 0.1
1683, 11886.0, 6, 7.058194774346793, 0.1
1684, 11893.0, 7, 7.058160237388724, 0.1
1685, 11897.0, 4, 7.056346381969158, 0.1
1686, 11905.0, 8, 7.056905749851808, 0.1
1687, 11912.0, 7, 7.056872037914692, 0.1
1688, 11919.0, 7, 7.05683836589698, 0.1
1689, 11924.0, 5, 7.055621301775148, 0.1
1690, 11932.0, 8, 7.056179775280899, 0.1
1691, 11938.0, 6, 7.055555555555555, 0.1
1692, 11943.0, 5, 7.054341405788541, 0.1
1693, 11949.0, 6, 7.053719008264463, 0.1
1694, 11957.0, 8, 7.054277286135693, 0.1
1695, 11965.0, 8, 7.054834905660377, 0.1
1696, 11973.0, 8, 7.055391868002357, 0.1
1697, 11973.0, 0, 7.051236749116608, 0.1
1698, 11981.0, 8, 7.051795173631548, 0.1
1699, 11989.0, 8, 7.052352941176471, 0.1
1700, 11995.0, 6, 7.051734273956496, 0.1
1701, 12002.0, 7, 7.0517038777908345, 0.1
1702, 12010.0, 8, 7.052260716382854, 0.1
1703, 12018.0, 8, 7.052816901408451, 0.1
1704, 12026.0, 8, 7.053372434017596, 0.1
1705, 12026.0, 0, 7.049237983587338, 0.1
1706, 12027.0, 1, 7.045694200351494, 0.1
1707, 12034.0, 7, 7.0456674473067915, 0.1
1708, 12038.0, 4, 7.043885313048566, 0.1
1709, 12044.0, 6, 7.04327485380117, 0.1
1710, 12052.0, 8, 7.043834015195792, 0.1
1711, 12058.0, 6, 7.043224299065421, 0.1
1712, 12065.0, 7, 7.043199065966141, 0.1
1713, 12065.0, 0, 7.039089848308051, 0.1
1714, 12073.0, 8, 7.039650145772595, 0.1
1715, 12081.0, 8, 7.04020979020979, 0.1
1716, 12089.0, 8, 7.040768782760629, 0.1
1717, 12097.0, 8, 7.041327124563446, 0.1
1718, 12099.0, 2, 7.038394415357766, 0.1
1719, 12107.0, 8, 7.038953488372093, 0.1
1720, 12114.0, 7, 7.038930854154561, 0.1
1721, 12115.0, 1, 7.035423925667828, 0.1
1722, 12122.0, 7, 7.035403366221706, 0.1
1723, 12128.0, 6, 7.034802784222737, 0.1
1724, 12132.0, 4, 7.033043478260869, 0.1
1725, 12139.0, 7, 7.033024333719583, 0.1
1726, 12141.0, 2, 7.030110017371164, 0.1
1727, 12147.0, 6, 7.029513888888889, 0.1
1728, 12153.0, 6, 7.028918449971082, 0.1
1729, 12161.0, 8, 7.0294797687861275, 0.1
1730, 12168.0, 7, 7.02946273830156, 0.1
1731, 12176.0, 8, 7.030023094688222, 0.1
1732, 12184.0, 8, 7.030582804385459, 0.1
1733, 12192.0, 8, 7.031141868512111, 0.1
1734, 12200.0, 8, 7.031700288184438, 0.1
1735, 12207.0, 7, 7.03168202764977, 0.1
1736, 12215.0, 8, 7.0322394933793895, 0.1
1737, 12215.0, 0, 7.02819332566168, 0.1
1738, 12222.0, 7, 7.028177113283497, 0.1
1739, 12225.0, 3, 7.025862068965517, 0.1
1740, 12233.0, 8, 7.026421596783457, 0.1
1741, 12241.0, 8, 7.026980482204363, 0.1
1742, 12247.0, 6, 7.026391279403327, 0.1
1743, 12254.0, 7, 7.026376146788991, 0.1
1744, 12261.0, 7, 7.026361031518625, 0.1
1745, 12269.0, 8, 7.026918671248568, 0.1
1746, 12277.0, 8, 7.027475672581568, 0.1
1747, 12285.0, 8, 7.028032036613272, 0.1
1748, 12291.0, 6, 7.027444253859348, 0.1
1749, 12299.0, 8, 7.028, 0.1
1750, 12304.0, 5, 7.0268418046830385, 0.1
1751, 12306.0, 2, 7.023972602739726, 0.1
1752, 12312.0, 6, 7.0233884768967485, 0.1
1753, 12315.0, 3, 7.021094640820981, 0.1
1754, 12322.0, 7, 7.021082621082621, 0.1
1755, 12330.0, 8, 7.021640091116173, 0.1
1756, 12338.0, 8, 7.022196926579396, 0.1
1757, 12346.0, 8, 7.022753128555176, 0.1
1758, 12354.0, 8, 7.023308698123934, 0.1
1759, 12362.0, 8, 7.023863636363636, 0.1
1760, 12370.0, 8, 7.024417944349802, 0.1
1761, 12378.0, 8, 7.024971623155505, 0.1
1762, 12385.0, 7, 7.024957458876914, 0.1
1763, 12391.0, 6, 7.02437641723356, 0.1
1764, 12398.0, 7, 7.024362606232295, 0.1
1765, 12403.0, 5, 7.02321630804077, 0.1
1766, 12409.0, 6, 7.022637238256933, 0.1
1767, 12412.0, 3, 7.020361990950226, 0.1
1768, 12414.0, 2, 7.0175240248728095, 0.1
1769, 12416.0, 2, 7.014689265536723, 0.1
1770, 12423.0, 7, 7.0146809712027105, 0.1
1771, 12429.0, 6, 7.014108352144469, 0.1
1772, 12436.0, 7, 7.014100394811055, 0.1
1773, 12444.0, 8, 7.0146561443066515, 0.1
1774, 12451.0, 7, 7.014647887323943, 0.1
1775, 12459.0, 8, 7.015202702702703, 0.1
1776, 12467.0, 8, 7.015756893640968, 0.1
1777, 12468.0, 1, 7.012373453318335, 0.1
1778, 12473.0, 5, 7.011242270938729, 0.1
1779, 12475.0, 2, 7.008426966292135, 0.1
1780, 12478.0, 3, 7.006176305446378, 0.1
1781, 12486.0, 8, 7.006734006734007, 0.1
1782, 12494.0, 8, 7.007291082445317, 0.1
1783, 12502.0, 8, 7.007847533632287, 0.1
1784, 12504.0, 2, 7.005042016806723, 0.1
1785, 12509.0, 5, 7.003919372900336, 0.1
1786, 12514.0, 5, 7.002797985450476, 0.1
1787, 12522.0, 8, 7.003355704697986, 0.1
1788, 12530.0, 8, 7.003912800447178, 0.1
1789, 12537.0, 7, 7.0039106145251395, 0.1
1790, 12543.0, 6, 7.0033500837520934, 0.1
1791, 12549.0, 6, 7.002790178571429, 0.1
1792, 12554.0, 5, 7.001673173452315, 0.1
1793, 12555.0, 1, 6.998327759197324, 0.1
1794, 12562.0, 7, 6.998328690807799, 0.1
1795, 12570.0, 8, 6.998886414253898, 0.1
1796, 12577.0, 7, 6.998887033945465, 0.1
1797, 12584.0, 7, 6.99888765294772, 0.1
1798, 12590.0, 6, 6.998332406892718, 0.1
1799, 12597.0, 7, 6.998333333333333, 0.1
1800, 12605.0, 8, 6.998889505830094, 0.1
1801, 12613.0, 8, 6.999445061043286, 0.1
1802, 12620.0, 7, 6.999445368829728, 0.1
1803, 12627.0, 7, 6.999445676274944, 0.1
1804, 12633.0, 6, 6.998891966759003, 0.1
1805, 12635.0, 2, 6.996124031007752, 0.1
1806, 12642.0, 7, 6.996126175982291, 0.1
1807, 12649.0, 7, 6.996128318584071, 0.1
1808, 12656.0, 7, 6.996130458817026, 0.1
1809, 12663.0, 7, 6.996132596685083, 0.1
1810, 12666.0, 3, 6.993926007730535, 0.1
1811, 12672.0, 6, 6.993377483443709, 0.1
1812, 12680.0, 8, 6.993932708218423, 0.1
1813, 12687.0, 7, 6.99393605292172, 0.1
1814, 12695.0, 8, 6.994490358126722, 0.1
1815, 12702.0, 7, 6.994493392070485, 0.1
1816, 12709.0, 7, 6.994496422674739, 0.1
1817, 12711.0, 2, 6.991749174917492, 0.1
1818, 12718.0, 7, 6.991753710830126, 0.1
1819, 12725.0, 7, 6.991758241758242, 0.1
1820, 12733.0, 8, 6.9923119165293794, 0.1
1821, 12740.0, 7, 6.992316136114161, 0.1
1822, 12745.0, 5, 6.9912232583653315, 0.1
1823, 12753.0, 8, 6.9917763157894735, 0.1
1824, 12761.0, 8, 6.992328767123288, 0.1
1825, 12769.0, 8, 6.992880613362541, 0.1
1826, 12777.0, 8, 6.993431855500821, 0.1
1827, 12785.0, 8, 6.993982494529541, 0.1
1828, 12789.0, 4, 6.992345544013122, 0.1
1829, 12797.0, 8, 6.992896174863388, 0.1
1830, 12804.0, 7, 6.992900054614965, 0.1
1831, 12812.0, 8, 6.993449781659389, 0.1
1832, 12812.0, 0, 6.989634478996181, 0.1
1833, 12820.0, 8, 6.990185387131952, 0.1
1834, 12828.0, 8, 6.990735694822888, 0.1
1835, 12836.0, 8, 6.991285403050109, 0.1
1836, 12843.0, 7, 6.99129014697877, 0.1
1837, 12850.0, 7, 6.991294885745376, 0.1
1838, 12858.0, 8, 6.99184339314845, 0.1
1839, 12866.0, 8, 6.9923913043478265, 0.1
1840, 12873.0, 7, 6.992395437262357, 0.1
1841, 12880.0, 7, 6.992399565689468, 0.1
1842, 12887.0, 7, 6.992403689636462, 0.1
1843, 12895.0, 8, 6.99295010845987, 0.1
1844, 12903.0, 8, 6.993495934959349, 0.1
1845, 12911.0, 8, 6.994041170097508, 0.1
1846, 12919.0, 8, 6.994585814834867, 0.1
1847, 12927.0, 8, 6.99512987012987, 0.1
1848, 12931.0, 4, 6.993510005408329, 0.1
1849, 12932.0, 1, 6.99027027027027, 0.1
1850, 12940.0, 8, 6.9908157752566185, 0.1
1851, 12948.0, 8, 6.991360691144709, 0.1
1852, 12956.0, 8, 6.991905018888289, 0.1
1853, 12956.0, 0, 6.988133764832794, 0.1
1854, 12962.0, 6, 6.987601078167116, 0.1
1855, 12969.0, 7, 6.9876077586206895, 0.1
1856, 12971.0, 2, 6.984921917070544, 0.1
1857, 12979.0, 8, 6.985468245425189, 0.1
1858, 12981.0, 2, 6.982786444324906, 0.1
1859, 12989.0, 8, 6.983333333333333, 0.1
1860, 12997.0, 8, 6.983879634605051, 0.1
1861, 13002.0, 5, 6.9828141783029, 0.1
1862, 13010.0, 8, 6.983360171765969, 0.1
1863, 13018.0, 8, 6.983905579399142, 0.1
1864, 13025.0, 7, 6.983914209115282, 0.1
1865, 13033.0, 8, 6.984458735262594, 0.1
1866, 13041.0, 8, 6.985002678093197, 0.1
1867, 13049.0, 8, 6.985546038543897, 0.1
1868, 13056.0, 7, 6.985553772070626, 0.1
1869, 13064.0, 8, 6.986096256684492, 0.1
1870, 13072.0, 8, 6.98663816141101, 0.1
1871, 13076.0, 4, 6.985042735042735, 0.1
1872, 13082.0, 6, 6.984516817939135, 0.1
1873, 13088.0, 6, 6.983991462113127, 0.1
1874, 13091.0, 3, 6.981866666666667, 0.1
1875, 13099.0, 8, 6.982409381663113, 0.1
1876, 13107.0, 8, 6.9829515183803945, 0.1
1877, 13115.0, 8, 6.9834930777422795, 0.1
1878, 13118.0, 3, 6.981373070782331, 0.1
1879, 13126.0, 8, 6.981914893617021, 0.1
1880, 13133.0, 7, 6.981924508240298, 0.1
1881, 13134.0, 1, 6.97874601487779, 0.1
1882, 13138.0, 4, 6.97716409984068, 0.1
1883, 13139.0, 1, 6.9739915074309975, 0.1
1884, 13147.0, 8, 6.974535809018568, 0.1
1885, 13154.0, 7, 6.974549310710499, 0.1
1886, 13157.0, 3, 6.972443031266561, 0.1
1887, 13165.0, 8, 6.972987288135593, 0.1
1888, 13172.0, 7, 6.973001588141874, 0.1
1889, 13180.0, 8, 6.973544973544974, 0.1
1890, 13183.0, 3, 6.971443680592279, 0.1
1891, 13189.0, 6, 6.97093023255814, 0.1
1892, 13197.0, 8, 6.971473851030111, 0.1
1893, 13204.0, 7, 6.971488912354805, 0.1
1894, 13210.0, 6, 6.970976253298153, 0.1
1895, 13218.0, 8, 6.9715189873417724, 0.1
1896, 13222.0, 4, 6.9699525566684235, 0.1
1897, 13230.0, 8, 6.970495258166491, 0.1
1898, 13236.0, 6, 6.96998420221169, 0.1
1899, 13243.0, 7, 6.97, 0.1
1900, 13248.0, 5, 6.968963703314045, 0.1
1901, 13252.0, 4, 6.967402733964248, 0.1
1902, 13257.0, 5, 6.966368891224382, 0.1
1903, 13264.0, 7, 6.966386554621849, 0.1
1904, 13272.0, 8, 6.966929133858268, 0.1
1905, 13277.0, 5, 6.965897166841553, 0.1
1906, 13285.0, 8, 6.966439433665443, 0.1
1907, 13288.0, 3, 6.964360587002097, 0.1
1908, 13295.0, 7, 6.964379256155055, 0.1
1909, 13301.0, 6, 6.963874345549738, 0.1
1910, 13309.0, 8, 6.964416535845107, 0.1
1911, 13316.0, 7, 6.964435146443515, 0.1
1912, 13322.0, 6, 6.963930998431783, 0.1
1913, 13330.0, 8, 6.964472309299896, 0.1
1914, 13336.0, 6, 6.96396866840731, 0.1
1915, 13341.0, 5, 6.96294363256785, 0.1
1916, 13349.0, 8, 6.9634846113719355, 0.1
1917, 13357.0, 8, 6.964025026068822, 0.1
1918, 13363.0, 6, 6.963522668056279, 0.1
1919, 13366.0, 3, 6.961458333333334, 0.1
1920, 13374.0, 8, 6.9619989588755855, 0.1
1921, 13382.0, 8, 6.962539021852237, 0.1
1922, 13382.0, 0, 6.958918356734269, 0.1
1923, 13385.0, 3, 6.956860706860707, 0.1
1924, 13391.0, 6, 6.956363636363636, 0.1
1925, 13398.0, 7, 6.956386292834891, 0.1
1926, 13404.0, 6, 6.955889984431759, 0.1
1927, 13412.0, 8, 6.95643153526971, 0.1
1928, 13415.0, 3, 6.954380508035252, 0.1
1929, 13422.0, 7, 6.95440414507772, 0.1
1930, 13428.0, 6, 6.953909891248058, 0.1
1931, 13433.0, 5, 6.952898550724638, 0.1
1932, 13441.0, 8, 6.9534402483186755, 0.1
1933, 13449.0, 8, 6.953981385729059, 0.1
1934, 13455.0, 6, 6.953488372093023, 0.1
1935, 13463.0, 8, 6.954028925619835, 0.1
1936, 13471.0, 8, 6.954568921011874, 0.1
1937, 13478.0, 7, 6.954592363261094, 0.1
1938, 13484.0, 6, 6.954100051572976, 0.1
1939, 13488.0, 4, 6.952577319587629, 0.1
1940, 13495.0, 7, 6.952601751674394, 0.1
1941, 13500.0, 5, 6.951596292481978, 0.1
1942, 13501.0, 1, 6.948533196088523, 0.1
1943, 13505.0, 4, 6.94701646090535, 0.1
1944, 13511.0, 6, 6.946529562982005, 0.1
1945, 13519.0, 8, 6.947070914696814, 0.1
1946, 13526.0, 7, 6.947098099640472, 0.1
1947, 13534.0, 8, 6.947638603696099, 0.1
1948, 13534.0, 0, 6.944073884043099, 0.1
1949, 13539.0, 5, 6.943076923076923, 0.1
1950, 13541.0, 2, 6.940543311122501, 0.1
1951, 13549.0, 8, 6.941086065573771, 0.1
1952, 13557.0, 8, 6.9416282642089095, 0.1
1953, 13560.0, 3, 6.939611054247697, 0.1
1954, 13565.0, 5, 6.938618925831202, 0.1
1955, 13572.0, 7, 6.938650306748467, 0.1
1956, 13580.0, 8, 6.939192641798671, 0.1
1957, 13587.0, 7, 6.939223697650664, 0.1
1958, 13595.0, 8, 6.93976518631955, 0.1
1959, 13602.0, 7, 6.939795918367347, 0.1
1960, 13609.0, 7, 6.939826619071902, 0.1
1961, 13617.0, 8, 6.940366972477064, 0.1
1962, 13619.0, 2, 6.937850229240958, 0.1
1963, 13626.0, 7, 6.937881873727088, 0.1
1964, 13634.0, 8, 6.9384223918575065, 0.1
1965, 13641.0, 7, 6.938453713123093, 0.1
1966, 13647.0, 6, 6.9379766141331976, 0.1
1967, 13654.0, 7, 6.938008130081301, 0.1
1968, 13661.0, 7, 6.938039614017268, 0.1
1969, 13664.0, 3, 6.936040609137056, 0.1
1970, 13670.0, 6, 6.93556570268899, 0.1
1971, 13678.0, 8, 6.936105476673428, 0.1
1972, 13686.0, 8, 6.936644703497213, 0.1
1973, 13693.0, 7, 6.936676798378926, 0.1
1974, 13694.0, 1, 6.93367088607595, 0.1
1975, 13694.0, 0, 6.930161943319838, 0.1
1976, 13702.0, 8, 6.930703085483055, 0.1
1977, 13710.0, 8, 6.931243680485339, 0.1
1978, 13718.0, 8, 6.931783729156139, 0.1
1979, 13725.0, 7, 6.931818181818182, 0.1
1980, 13733.0, 8, 6.932357395254922, 0.1
1981, 13739.0, 6, 6.931886982845611, 0.1
1982, 13747.0, 8, 6.932425617750883, 0.1
1983, 13755.0, 8, 6.932963709677419, 0.1
1984, 13759.0, 4, 6.931486146095718, 0.1
1985, 13761.0, 2, 6.929003021148036, 0.1
1986, 13766.0, 5, 6.928032209360845, 0.1
1987, 13773.0, 7, 6.928068410462776, 0.1
1988, 13780.0, 7, 6.928104575163399, 0.1
1989, 13787.0, 7, 6.928140703517588, 0.1
1990, 13795.0, 8, 6.928679055750879, 0.1
1991, 13803.0, 8, 6.929216867469879, 0.1
1992, 13811.0, 8, 6.9297541394882085, 0.1
1993, 13813.0, 2, 6.927281845536609, 0.1
1994, 13819.0, 6, 6.926817042606516, 0.1
1995, 13826.0, 7, 6.926853707414829, 0.1
1996, 13832.0, 6, 6.926389584376565, 0.1
1997, 13832.0, 0, 6.922922922922923, 0.1
1998, 13839.0, 7, 6.92296148074037, 0.1
1999, 13846.0, 7, 6.923, 0.1
