0, 8.0, 8, 8.0, 0.2
1, 16.0, 8, 8.0, 0.2
2, 24.0, 8, 8.0, 0.2
3, 32.0, 8, 8.0, 0.2
4, 40.0, 8, 8.0, 0.2
5, 48.0, 8, 8.0, 0.2
6, 56.0, 8, 8.0, 0.2
7, 64.0, 8, 8.0, 0.2
8, 72.0, 8, 8.0, 0.2
9, 80.0, 8, 8.0, 0.2
10, 88.0, 8, 8.0, 0.2
11, 96.0, 8, 8.0, 0.2
12, 104.0, 8, 8.0, 0.2
13, 112.0, 8, 8.0, 0.2
14, 120.0, 8, 8.0, 0.2
15, 128.0, 8, 8.0, 0.2
16, 136.0, 8, 8.0, 0.2
17, 144.0, 8, 8.0, 0.2
18, 152.0, 8, 8.0, 0.2
19, 160.0, 8, 8.0, 0.2
20, 168.0, 8, 8.0, 0.2
21, 176.0, 8, 8.0, 0.2
22, 184.0, 8, 8.0, 0.2
23, 192.0, 8, 8.0, 0.2
24, 200.0, 8, 8.0, 0.2
25, 208.0, 8, 8.0, 0.2
26, 216.0, 8, 8.0, 0.2
27, 224.0, 8, 8.0, 0.2
28, 232.0, 8, 8.0, 0.2
29, 240.0, 8, 8.0, 0.2
30, 248.0, 8, 8.0, 0.2
31, 256.0, 8, 8.0, 0.2
32, 264.0, 8, 8.0, 0.2
33, 272.0, 8, 8.0, 0.2
34, 280.0, 8, 8.0, 0.2
35, 288.0, 8, 8.0, 0.2
36, 296.0, 8, 8.0, 0.2
37, 304.0, 8, 8.0, 0.2
38, 312.0, 8, 8.0, 0.2
39, 320.0, 8, 8.0, 0.2
40, 328.0, 8, 8.0, 0.2
41, 336.0, 8, 8.0, 0.2
42, 344.0, 8, 8.0, 0.2
43, 352.0, 8, 8.0, 0.2
44, 360.0, 8, 8.0, 0.2
45, 368.0, 8, 8.0, 0.2
46, 376.0, 8, 8.0, 0.2
47, 384.0, 8, 8.0, 0.2
48, 392.0, 8, 8.0, 0.2
49, 400.0, 8, 8.0, 0.2
50, 408.0, 8, 8.0, 0.2
51, 416.0, 8, 8.0, 0.2
52, 424.0, 8, 8.0, 0.2
53, 432.0, 8, 8.0, 0.2
54, 440.0, 8, 8.0, 0.2
55, 448.0, 8, 8.0, 0.2
56, 456.0, 8, 8.0, 0.2
57, 464.0, 8, 8.0, 0.2
58, 472.0, 8, 8.0, 0.2
59, 480.0, 8, 8.0, 0.2
60, 488.0, 8, 8.0, 0.2
61, 496.0, 8, 8.0, 0.2
62, 504.0, 8, 8.0, 0.2
63, 512.0, 8, 8.0, 0.2
64, 520.0, 8, 8.0, 0.2
65, 528.0, 8, 8.0, 0.2
66, 536.0, 8, 8.0, 0.2
67, 544.0, 8, 8.0, 0.2
68, 552.0, 8, 8.0, 0.2
69, 560.0, 8, 8.0, 0.2
70, 568.0, 8, 8.0, 0.2
71, 576.0, 8, 8.0, 0.2
72, 584.0, 8, 8.0, 0.2
73, 592.0, 8, 8.0, 0.2
74, 600.0, 8, 8.0, 0.2
75, 608.0, 8, 8.0, 0.2
76, 616.0, 8, 8.0, 0.2
77, 624.0, 8, 8.0, 0.2
78, 632.0, 8, 8.0, 0.2
79, 640.0, 8, 8.0, 0.2
80, 648.0, 8, 8.0, 0.2
81, 656.0, 8, 8.0, 0.2
82, 664.0, 8, 8.0, 0.2
83, 672.0, 8, 8.0, 0.2
84, 680.0, 8, 8.0, 0.2
85, 688.0, 8, 8.0, 0.2
86, 696.0, 8, 8.0, 0.2
87, 704.0, 8, 8.0, 0.2
88, 712.0, 8, 8.0, 0.2
89, 720.0, 8, 8.0, 0.2
90, 728.0, 8, 8.0, 0.2
91, 736.0, 8, 8.0, 0.2
92, 744.0, 8, 8.0, 0.2
93, 752.0, 8, 8.0, 0.2
94, 760.0, 8, 8.0, 0.2
95, 768.0, 8, 8.0, 0.2
96, 776.0, 8, 8.0, 0.2
97, 784.0, 8, 8.0, 0.2
98, 792.0, 8, 8.0, 0.2
99, 800.0, 8, 8.0, 0.2
100, 808.0, 8, 8.0, 0.2
101, 816.0, 8, 8.0, 0.2
102, 824.0, 8, 8.0, 0.2
103, 832.0, 8, 8.0, 0.2
104, 840.0, 8, 8.0, 0.2
105, 848.0, 8, 8.0, 0.2
106, 856.0, 8, 8.0, 0.2
107, 864.0, 8, 8.0, 0.2
108, 872.0, 8, 8.0, 0.2
109, 880.0, 8, 8.0, 0.2
110, 888.0, 8, 8.0, 0.2
111, 896.0, 8, 8.0, 0.2
112, 904.0, 8, 8.0, 0.2
113, 912.0, 8, 8.0, 0.2
114, 917.0, 5, 7.973913043478261, 0.2
115, 920.0, 3, 7.931034482758621, 0.2
116, 927.0, 7, 7.923076923076923, 0.2
117, 933.0, 6, 7.906779661016949, 0.2
118, 941.0, 8, 7.907563025210084, 0.2
119, 947.0, 6, 7.891666666666667, 0.2
120, 953.0, 6, 7.87603305785124, 0.2
121, 960.0, 7, 7.868852459016393, 0.2
122, 967.0, 7, 7.861788617886178, 0.2
123, 974.0, 7, 7.854838709677419, 0.2
124, 978.0, 4, 7.824, 0.2
125, 986.0, 8, 7.825396825396825, 0.2
126, 994.0, 8, 7.826771653543307, 0.2
127, 1002.0, 8, 7.828125, 0.2
128, 1006.0, 4, 7.7984496124031, 0.2
129, 1014.0, 8, 7.8, 0.2
130, 1018.0, 4, 7.770992366412214, 0.2
131, 1026.0, 8, 7.7727272727272725, 0.2
132, 1034.0, 8, 7.774436090225564, 0.2
133, 1040.0, 6, 7.7611940298507465, 0.2
134, 1047.0, 7, 7.7555555555555555, 0.2
135, 1054.0, 7, 7.75, 0.2
136, 1061.0, 7, 7.744525547445256, 0.2
137, 1068.0, 7, 7.739130434782608, 0.2
138, 1072.0, 4, 7.712230215827338, 0.2
139, 1080.0, 8, 7.714285714285714, 0.2
140, 1088.0, 8, 7.716312056737588, 0.2
141, 1095.0, 7, 7.711267605633803, 0.2
142, 1100.0, 5, 7.6923076923076925, 0.2
143, 1108.0, 8, 7.694444444444445, 0.2
144, 1115.0, 7, 7.689655172413793, 0.2
145, 1123.0, 8, 7.691780821917808, 0.2
146, 1131.0, 8, 7.6938775510204085, 0.2
147, 1138.0, 7, 7.6891891891891895, 0.2
148, 1144.0, 6, 7.677852348993288, 0.2
149, 1144.0, 0, 7.626666666666667, 0.2
150, 1151.0, 7, 7.622516556291391, 0.2
151, 1156.0, 5, 7.605263157894737, 0.2
152, 1162.0, 6, 7.594771241830065, 0.2
153, 1169.0, 7, 7.590909090909091, 0.2
154, 1174.0, 5, 7.574193548387097, 0.2
155, 1181.0, 7, 7.57051282051282, 0.2
156, 1188.0, 7, 7.56687898089172, 0.2
157, 1195.0, 7, 7.563291139240507, 0.2
158, 1202.0, 7, 7.559748427672956, 0.2
159, 1207.0, 5, 7.54375, 0.2
160, 1215.0, 8, 7.546583850931677, 0.2
161, 1222.0, 7, 7.54320987654321, 0.2
162, 1227.0, 5, 7.52760736196319, 0.2
163, 1234.0, 7, 7.524390243902439, 0.2
164, 1240.0, 6, 7.515151515151516, 0.2
165, 1245.0, 5, 7.5, 0.2
166, 1253.0, 8, 7.502994011976048, 0.2
167, 1260.0, 7, 7.5, 0.2
168, 1265.0, 5, 7.485207100591716, 0.2
169, 1269.0, 4, 7.464705882352941, 0.2
170, 1276.0, 7, 7.461988304093567, 0.2
171, 1279.0, 3, 7.436046511627907, 0.2
172, 1286.0, 7, 7.433526011560693, 0.2
173, 1293.0, 7, 7.431034482758621, 0.2
174, 1300.0, 7, 7.428571428571429, 0.2
175, 1308.0, 8, 7.431818181818182, 0.2
176, 1314.0, 6, 7.423728813559322, 0.2
177, 1320.0, 6, 7.415730337078652, 0.2
178, 1327.0, 7, 7.41340782122905, 0.2
179, 1332.0, 5, 7.4, 0.2
180, 1340.0, 8, 7.403314917127072, 0.2
181, 1348.0, 8, 7.406593406593407, 0.2
182, 1356.0, 8, 7.409836065573771, 0.2
183, 1361.0, 5, 7.396739130434782, 0.2
184, 1368.0, 7, 7.394594594594595, 0.2
185, 1372.0, 4, 7.376344086021505, 0.2
186, 1380.0, 8, 7.379679144385027, 0.2
187, 1386.0, 6, 7.372340425531915, 0.2
188, 1394.0, 8, 7.375661375661376, 0.2
189, 1399.0, 5, 7.363157894736842, 0.2
190, 1405.0, 6, 7.356020942408377, 0.2
191, 1407.0, 2, 7.328125, 0.2
192, 1414.0, 7, 7.3264248704663215, 0.2
193, 1420.0, 6, 7.319587628865979, 0.2
194, 1427.0, 7, 7.317948717948718, 0.2
195, 1434.0, 7, 7.316326530612245, 0.2
196, 1440.0, 6, 7.309644670050761, 0.2
197, 1447.0, 7, 7.308080808080808, 0.2
198, 1453.0, 6, 7.301507537688442, 0.2
199, 1459.0, 6, 7.295, 0.2
200, 1467.0, 8, 7.298507462686567, 0.2
201, 1471.0, 4, 7.282178217821782, 0.2
202, 1476.0, 5, 7.270935960591133, 0.2
203, 1483.0, 7, 7.269607843137255, 0.2
204, 1490.0, 7, 7.2682926829268295, 0.2
205, 1494.0, 4, 7.252427184466019, 0.2
206, 1497.0, 3, 7.231884057971015, 0.2
207, 1503.0, 6, 7.225961538461538, 0.2
208, 1508.0, 5, 7.215311004784689, 0.2
209, 1514.0, 6, 7.20952380952381, 0.2
210, 1522.0, 8, 7.213270142180095, 0.2
211, 1526.0, 4, 7.19811320754717, 0.2
212, 1531.0, 5, 7.187793427230047, 0.2
213, 1538.0, 7, 7.186915887850467, 0.2
214, 1545.0, 7, 7.186046511627907, 0.2
215, 1552.0, 7, 7.185185185185185, 0.2
216, 1559.0, 7, 7.184331797235023, 0.2
217, 1565.0, 6, 7.178899082568807, 0.2
218, 1572.0, 7, 7.178082191780822, 0.2
219, 1579.0, 7, 7.177272727272728, 0.2
220, 1585.0, 6, 7.171945701357466, 0.2
221, 1593.0, 8, 7.175675675675675, 0.2
222, 1597.0, 4, 7.161434977578475, 0.2
223, 1601.0, 4, 7.147321428571429, 0.2
224, 1609.0, 8, 7.151111111111111, 0.2
225, 1610.0, 1, 7.123893805309734, 0.2
226, 1617.0, 7, 7.1233480176211454, 0.2
227, 1622.0, 5, 7.114035087719298, 0.2
228, 1629.0, 7, 7.11353711790393, 0.2
229, 1634.0, 5, 7.104347826086957, 0.2
230, 1639.0, 5, 7.095238095238095, 0.2
231, 1646.0, 7, 7.094827586206897, 0.2
232, 1652.0, 6, 7.090128755364807, 0.2
233, 1658.0, 6, 7.085470085470085, 0.2
234, 1665.0, 7, 7.085106382978723, 0.2
235, 1672.0, 7, 7.084745762711864, 0.2
236, 1680.0, 8, 7.0886075949367084, 0.2
237, 1688.0, 8, 7.092436974789916, 0.2
238, 1693.0, 5, 7.083682008368201, 0.2
239, 1700.0, 7, 7.083333333333333, 0.2
240, 1707.0, 7, 7.08298755186722, 0.2
241, 1715.0, 8, 7.086776859504132, 0.2
242, 1717.0, 2, 7.065843621399177, 0.2
243, 1723.0, 6, 7.061475409836065, 0.2
244, 1730.0, 7, 7.061224489795919, 0.2
245, 1735.0, 5, 7.0528455284552845, 0.2
246, 1742.0, 7, 7.052631578947368, 0.2
247, 1750.0, 8, 7.056451612903226, 0.2
248, 1755.0, 5, 7.048192771084337, 0.2
249, 1762.0, 7, 7.048, 0.2
250, 1762.0, 0, 7.0199203187251, 0.2
251, 1768.0, 6, 7.015873015873016, 0.2
252, 1769.0, 1, 6.992094861660079, 0.2
253, 1776.0, 7, 6.9921259842519685, 0.2
254, 1781.0, 5, 6.984313725490196, 0.2
255, 1788.0, 7, 6.984375, 0.2
256, 1795.0, 7, 6.98443579766537, 0.2
257, 1803.0, 8, 6.988372093023256, 0.2
258, 1809.0, 6, 6.984555984555985, 0.2
259, 1815.0, 6, 6.980769230769231, 0.2
260, 1821.0, 6, 6.977011494252873, 0.2
261, 1828.0, 7, 6.977099236641221, 0.2
262, 1836.0, 8, 6.980988593155893, 0.2
263, 1843.0, 7, 6.981060606060606, 0.2
264, 1850.0, 7, 6.981132075471698, 0.2
265, 1857.0, 7, 6.981203007518797, 0.2
266, 1865.0, 8, 6.98501872659176, 0.2
267, 1866.0, 1, 6.962686567164179, 0.2
268, 1871.0, 5, 6.955390334572491, 0.2
269, 1878.0, 7, 6.955555555555556, 0.2
270, 1886.0, 8, 6.959409594095941, 0.2
271, 1893.0, 7, 6.959558823529412, 0.2
272, 1897.0, 4, 6.948717948717949, 0.2
273, 1903.0, 6, 6.945255474452555, 0.2
274, 1911.0, 8, 6.949090909090909, 0.2
275, 1918.0, 7, 6.949275362318841, 0.2
276, 1926.0, 8, 6.953068592057762, 0.2
277, 1932.0, 6, 6.9496402877697845, 0.2
278, 1938.0, 6, 6.946236559139785, 0.2
279, 1945.0, 7, 6.946428571428571, 0.2
280, 1949.0, 4, 6.935943060498221, 0.2
281, 1957.0, 8, 6.939716312056738, 0.2
282, 1963.0, 6, 6.936395759717315, 0.2
283, 1964.0, 1, 6.915492957746479, 0.2
284, 1970.0, 6, 6.912280701754386, 0.2
285, 1976.0, 6, 6.909090909090909, 0.2
286, 1982.0, 6, 6.905923344947735, 0.2
287, 1982.0, 0, 6.881944444444445, 0.2
288, 1990.0, 8, 6.885813148788928, 0.2
289, 1998.0, 8, 6.889655172413793, 0.2
290, 2002.0, 4, 6.879725085910653, 0.2
291, 2009.0, 7, 6.88013698630137, 0.2
292, 2017.0, 8, 6.8839590443686, 0.2
293, 2022.0, 5, 6.877551020408164, 0.2
294, 2028.0, 6, 6.874576271186441, 0.2
295, 2035.0, 7, 6.875, 0.2
296, 2038.0, 3, 6.861952861952862, 0.2
297, 2038.0, 0, 6.8389261744966445, 0.2
298, 2043.0, 5, 6.832775919732441, 0.2
299, 2049.0, 6, 6.83, 0.2
300, 2057.0, 8, 6.833887043189368, 0.2
301, 2065.0, 8, 6.837748344370861, 0.2
302, 2072.0, 7, 6.838283828382838, 0.2
303, 2079.0, 7, 6.838815789473684, 0.2
304, 2084.0, 5, 6.832786885245902, 0.2
305, 2090.0, 6, 6.830065359477124, 0.2
306, 2097.0, 7, 6.830618892508143, 0.2
307, 2104.0, 7, 6.8311688311688314, 0.2
308, 2111.0, 7, 6.831715210355987, 0.2
309, 2116.0, 5, 6.825806451612904, 0.2
310, 2124.0, 8, 6.829581993569132, 0.2
311, 2132.0, 8, 6.833333333333333, 0.2
312, 2139.0, 7, 6.833865814696486, 0.2
313, 2143.0, 4, 6.82484076433121, 0.2
314, 2150.0, 7, 6.825396825396825, 0.2
315, 2150.0, 0, 6.80379746835443, 0.2
316, 2157.0, 7, 6.804416403785489, 0.2
317, 2164.0, 7, 6.80503144654088, 0.2
318, 2166.0, 2, 6.789968652037618, 0.2
319, 2168.0, 2, 6.775, 0.2
320, 2175.0, 7, 6.775700934579439, 0.2
321, 2177.0, 2, 6.760869565217392, 0.2
322, 2179.0, 2, 6.746130030959752, 0.2
323, 2187.0, 8, 6.75, 0.2
324, 2189.0, 2, 6.735384615384615, 0.2
325, 2189.0, 0, 6.714723926380368, 0.2
326, 2195.0, 6, 6.712538226299694, 0.2
327, 2201.0, 6, 6.710365853658536, 0.2
328, 2206.0, 5, 6.7051671732522795, 0.2
329, 2208.0, 2, 6.6909090909090905, 0.2
330, 2215.0, 7, 6.691842900302115, 0.2
331, 2221.0, 6, 6.6897590361445785, 0.2
332, 2226.0, 5, 6.684684684684685, 0.2
333, 2234.0, 8, 6.688622754491018, 0.2
334, 2242.0, 8, 6.692537313432836, 0.2
335, 2249.0, 7, 6.693452380952381, 0.2
336, 2257.0, 8, 6.6973293768546, 0.2
337, 2262.0, 5, 6.6923076923076925, 0.2
338, 2269.0, 7, 6.6932153392330385, 0.2
339, 2272.0, 3, 6.682352941176471, 0.2
340, 2279.0, 7, 6.683284457478006, 0.2
341, 2286.0, 7, 6.684210526315789, 0.2
342, 2292.0, 6, 6.682215743440233, 0.2
343, 2298.0, 6, 6.680232558139535, 0.2
344, 2304.0, 6, 6.678260869565217, 0.2
345, 2311.0, 7, 6.679190751445087, 0.2
346, 2315.0, 4, 6.671469740634006, 0.2
347, 2320.0, 5, 6.666666666666667, 0.2
348, 2327.0, 7, 6.667621776504298, 0.2
349, 2334.0, 7, 6.668571428571428, 0.2
350, 2341.0, 7, 6.669515669515669, 0.2
351, 2346.0, 5, 6.6647727272727275, 0.2
352, 2350.0, 4, 6.657223796033994, 0.2
353, 2356.0, 6, 6.655367231638418, 0.2
354, 2362.0, 6, 6.653521126760563, 0.2
355, 2364.0, 2, 6.640449438202247, 0.2
356, 2370.0, 6, 6.638655462184874, 0.2
357, 2371.0, 1, 6.622905027932961, 0.2
358, 2377.0, 6, 6.621169916434541, 0.2
359, 2383.0, 6, 6.6194444444444445, 0.2
360, 2391.0, 8, 6.623268698060942, 0.2
361, 2397.0, 6, 6.621546961325967, 0.2
362, 2404.0, 7, 6.622589531680441, 0.2
363, 2411.0, 7, 6.623626373626373, 0.2
364, 2417.0, 6, 6.6219178082191785, 0.2
365, 2424.0, 7, 6.622950819672131, 0.2
366, 2431.0, 7, 6.623978201634878, 0.2
367, 2438.0, 7, 6.625, 0.2
368, 2445.0, 7, 6.626016260162602, 0.2
369, 2450.0, 5, 6.621621621621622, 0.2
370, 2456.0, 6, 6.619946091644205, 0.2
371, 2461.0, 5, 6.615591397849462, 0.2
372, 2465.0, 4, 6.60857908847185, 0.2
373, 2469.0, 4, 6.601604278074866, 0.2
374, 2474.0, 5, 6.597333333333333, 0.2
375, 2480.0, 6, 6.595744680851064, 0.2
376, 2487.0, 7, 6.596816976127321, 0.2
377, 2493.0, 6, 6.595238095238095, 0.2
378, 2496.0, 3, 6.58575197889182, 0.2
379, 2501.0, 5, 6.581578947368421, 0.2
380, 2507.0, 6, 6.58005249343832, 0.2
381, 2508.0, 1, 6.56544502617801, 0.2
382, 2515.0, 7, 6.566579634464752, 0.2
383, 2521.0, 6, 6.565104166666667, 0.2
384, 2526.0, 5, 6.561038961038961, 0.2
385, 2533.0, 7, 6.562176165803109, 0.2
386, 2539.0, 6, 6.560723514211887, 0.2
387, 2545.0, 6, 6.559278350515464, 0.2
388, 2551.0, 6, 6.557840616966581, 0.2
389, 2558.0, 7, 6.558974358974359, 0.2
390, 2565.0, 7, 6.560102301790281, 0.2
391, 2571.0, 6, 6.558673469387755, 0.2
392, 2571.0, 0, 6.541984732824427, 0.2
393, 2576.0, 5, 6.538071065989848, 0.2
394, 2581.0, 5, 6.534177215189874, 0.2
395, 2587.0, 6, 6.532828282828283, 0.2
396, 2590.0, 3, 6.523929471032746, 0.2
397, 2597.0, 7, 6.525125628140704, 0.2
398, 2604.0, 7, 6.526315789473684, 0.2
399, 2612.0, 8, 6.53, 0.2
400, 2620.0, 8, 6.533665835411472, 0.2
401, 2627.0, 7, 6.534825870646766, 0.2
402, 2633.0, 6, 6.5334987593052105, 0.2
403, 2639.0, 6, 6.532178217821782, 0.2
404, 2639.0, 0, 6.51604938271605, 0.2
405, 2647.0, 8, 6.519704433497537, 0.2
406, 2651.0, 4, 6.513513513513513, 0.2
407, 2659.0, 8, 6.517156862745098, 0.2
408, 2660.0, 1, 6.503667481662592, 0.2
409, 2667.0, 7, 6.504878048780488, 0.2
410, 2673.0, 6, 6.5036496350364965, 0.2
411, 2678.0, 5, 6.5, 0.2
412, 2679.0, 1, 6.486682808716707, 0.2
413, 2687.0, 8, 6.490338164251208, 0.2
414, 2690.0, 3, 6.481927710843373, 0.2
415, 2698.0, 8, 6.485576923076923, 0.2
416, 2704.0, 6, 6.4844124700239805, 0.2
417, 2710.0, 6, 6.483253588516747, 0.2
418, 2713.0, 3, 6.4749403341288785, 0.2
419, 2721.0, 8, 6.478571428571429, 0.2
420, 2722.0, 1, 6.465558194774347, 0.2
421, 2730.0, 8, 6.469194312796208, 0.2
422, 2737.0, 7, 6.470449172576832, 0.2
423, 2743.0, 6, 6.46933962264151, 0.2
424, 2750.0, 7, 6.470588235294118, 0.2
425, 2756.0, 6, 6.469483568075117, 0.2
426, 2763.0, 7, 6.470725995316159, 0.2
427, 2771.0, 8, 6.474299065420561, 0.2
428, 2777.0, 6, 6.473193473193473, 0.2
429, 2784.0, 7, 6.474418604651163, 0.2
430, 2791.0, 7, 6.475638051044084, 0.2
431, 2797.0, 6, 6.474537037037037, 0.2
432, 2804.0, 7, 6.475750577367205, 0.2
433, 2810.0, 6, 6.474654377880184, 0.2
434, 2812.0, 2, 6.464367816091954, 0.2
435, 2819.0, 7, 6.465596330275229, 0.2
436, 2824.0, 5, 6.462242562929061, 0.2
437, 2830.0, 6, 6.461187214611872, 0.2
438, 2837.0, 7, 6.462414578587699, 0.2
439, 2845.0, 8, 6.465909090909091, 0.2
440, 2850.0, 5, 6.462585034013605, 0.2
441, 2856.0, 6, 6.461538461538462, 0.2
442, 2861.0, 5, 6.45823927765237, 0.2
443, 2866.0, 5, 6.454954954954955, 0.2
444, 2873.0, 7, 6.456179775280899, 0.2
445, 2878.0, 5, 6.452914798206278, 0.2
446, 2882.0, 4, 6.447427293064877, 0.2
447, 2889.0, 7, 6.448660714285714, 0.2
448, 2895.0, 6, 6.447661469933185, 0.2
449, 2896.0, 1, 6.435555555555555, 0.2
450, 2904.0, 8, 6.439024390243903, 0.2
451, 2912.0, 8, 6.442477876106195, 0.2
452, 2918.0, 6, 6.441501103752759, 0.2
453, 2924.0, 6, 6.440528634361233, 0.2
454, 2929.0, 5, 6.437362637362638, 0.2
455, 2935.0, 6, 6.43640350877193, 0.2
456, 2941.0, 6, 6.435448577680525, 0.2
457, 2945.0, 4, 6.430131004366812, 0.2
458, 2952.0, 7, 6.431372549019608, 0.2
459, 2957.0, 5, 6.428260869565217, 0.2
460, 2963.0, 6, 6.427331887201736, 0.2
461, 2969.0, 6, 6.426406926406926, 0.2
462, 2976.0, 7, 6.427645788336933, 0.2
463, 2984.0, 8, 6.431034482758621, 0.2
464, 2991.0, 7, 6.432258064516129, 0.2
465, 2995.0, 4, 6.427038626609442, 0.2
466, 2996.0, 1, 6.415417558886509, 0.2
467, 3002.0, 6, 6.414529914529915, 0.2
468, 3009.0, 7, 6.415778251599147, 0.2
469, 3016.0, 7, 6.417021276595745, 0.2
470, 3019.0, 3, 6.409766454352441, 0.2
471, 3026.0, 7, 6.411016949152542, 0.2
472, 3033.0, 7, 6.412262156448203, 0.2
473, 3035.0, 2, 6.40295358649789, 0.2
474, 3037.0, 2, 6.393684210526316, 0.2
475, 3038.0, 1, 6.382352941176471, 0.2
476, 3045.0, 7, 6.383647798742138, 0.2
477, 3053.0, 8, 6.387029288702929, 0.2
478, 3058.0, 5, 6.384133611691023, 0.2
479, 3060.0, 2, 6.375, 0.2
480, 3068.0, 8, 6.378378378378378, 0.2
481, 3075.0, 7, 6.3796680497925315, 0.2
482, 3082.0, 7, 6.380952380952381, 0.2
483, 3087.0, 5, 6.378099173553719, 0.2
484, 3088.0, 1, 6.36701030927835, 0.2
485, 3094.0, 6, 6.366255144032922, 0.2
486, 3099.0, 5, 6.363449691991787, 0.2
487, 3105.0, 6, 6.362704918032787, 0.2
488, 3112.0, 7, 6.3640081799591, 0.2
489, 3118.0, 6, 6.363265306122449, 0.2
490, 3124.0, 6, 6.362525458248473, 0.2
491, 3127.0, 3, 6.355691056910569, 0.2
492, 3129.0, 2, 6.346855983772819, 0.2
493, 3134.0, 5, 6.34412955465587, 0.2
494, 3140.0, 6, 6.343434343434343, 0.2
495, 3148.0, 8, 6.346774193548387, 0.2
496, 3153.0, 5, 6.344064386317908, 0.2
497, 3160.0, 7, 6.3453815261044175, 0.2
498, 3165.0, 5, 6.342685370741483, 0.2
499, 3173.0, 8, 6.346, 0.2
500, 3179.0, 6, 6.3453093812375245, 0.2
501, 3181.0, 2, 6.336653386454183, 0.2
502, 3189.0, 8, 6.3399602385685885, 0.2
503, 3193.0, 4, 6.3353174603174605, 0.2
504, 3201.0, 8, 6.338613861386139, 0.2
505, 3207.0, 6, 6.33794466403162, 0.2
506, 3211.0, 4, 6.333333333333333, 0.2
507, 3216.0, 5, 6.330708661417323, 0.2
508, 3219.0, 3, 6.324165029469548, 0.2
509, 3226.0, 7, 6.325490196078431, 0.2
510, 3233.0, 7, 6.326810176125244, 0.2
511, 3238.0, 5, 6.32421875, 0.2
512, 3244.0, 6, 6.3235867446393765, 0.2
513, 3251.0, 7, 6.324902723735408, 0.2
514, 3251.0, 0, 6.312621359223301, 0.2
515, 3259.0, 8, 6.315891472868217, 0.2
516, 3263.0, 4, 6.311411992263056, 0.2
517, 3269.0, 6, 6.3108108108108105, 0.2
518, 3275.0, 6, 6.310211946050097, 0.2
519, 3278.0, 3, 6.303846153846154, 0.2
520, 3285.0, 7, 6.305182341650672, 0.2
521, 3292.0, 7, 6.306513409961686, 0.2
522, 3299.0, 7, 6.307839388145315, 0.2
523, 3304.0, 5, 6.305343511450381, 0.2
524, 3307.0, 3, 6.299047619047619, 0.2
525, 3312.0, 5, 6.2965779467680605, 0.2
526, 3318.0, 6, 6.2960151802656545, 0.2
527, 3323.0, 5, 6.293560606060606, 0.2
528, 3326.0, 3, 6.287334593572779, 0.2
529, 3332.0, 6, 6.286792452830189, 0.2
530, 3333.0, 1, 6.27683615819209, 0.2
531, 3341.0, 8, 6.280075187969925, 0.2
532, 3344.0, 3, 6.273921200750469, 0.2
533, 3348.0, 4, 6.269662921348314, 0.2
534, 3349.0, 1, 6.2598130841121495, 0.2
535, 3355.0, 6, 6.259328358208955, 0.2
536, 3361.0, 6, 6.258845437616388, 0.2
537, 3365.0, 4, 6.254646840148699, 0.2
538, 3373.0, 8, 6.257884972170687, 0.2
539, 3378.0, 5, 6.2555555555555555, 0.2
540, 3385.0, 7, 6.256931608133087, 0.2
541, 3392.0, 7, 6.25830258302583, 0.2
542, 3397.0, 5, 6.2559852670349905, 0.2
543, 3404.0, 7, 6.257352941176471, 0.2
544, 3408.0, 4, 6.253211009174312, 0.2
545, 3413.0, 5, 6.250915750915751, 0.2
546, 3421.0, 8, 6.254113345521024, 0.2
547, 3424.0, 3, 6.248175182481752, 0.2
548, 3431.0, 7, 6.249544626593807, 0.2
549, 3435.0, 4, 6.245454545454545, 0.2
550, 3442.0, 7, 6.246823956442832, 0.2
551, 3450.0, 8, 6.25, 0.2
552, 3454.0, 4, 6.245931283905968, 0.2
553, 3461.0, 7, 6.247292418772563, 0.2
554, 3466.0, 5, 6.245045045045045, 0.2
555, 3472.0, 6, 6.244604316546763, 0.2
556, 3479.0, 7, 6.2459605026929985, 0.2
557, 3484.0, 5, 6.243727598566308, 0.2
558, 3491.0, 7, 6.2450805008944545, 0.2
559, 3495.0, 4, 6.241071428571429, 0.2
560, 3503.0, 8, 6.244206773618538, 0.2
561, 3511.0, 8, 6.247330960854092, 0.2
562, 3517.0, 6, 6.246891651865009, 0.2
563, 3521.0, 4, 6.24290780141844, 0.2
564, 3527.0, 6, 6.242477876106195, 0.2
565, 3532.0, 5, 6.240282685512367, 0.2
566, 3538.0, 6, 6.239858906525574, 0.2
567, 3543.0, 5, 6.237676056338028, 0.2
568, 3543.0, 0, 6.226713532513181, 0.2
569, 3550.0, 7, 6.228070175438597, 0.2
570, 3558.0, 8, 6.231173380035027, 0.2
571, 3564.0, 6, 6.230769230769231, 0.2
572, 3568.0, 4, 6.226876090750436, 0.2
573, 3570.0, 2, 6.219512195121951, 0.2
574, 3577.0, 7, 6.2208695652173915, 0.2
575, 3584.0, 7, 6.222222222222222, 0.2
576, 3588.0, 4, 6.218370883882149, 0.2
577, 3588.0, 0, 6.2076124567474045, 0.2
578, 3595.0, 7, 6.208981001727116, 0.2
579, 3599.0, 4, 6.205172413793103, 0.2
580, 3606.0, 7, 6.206540447504303, 0.2
581, 3610.0, 4, 6.202749140893471, 0.2
582, 3617.0, 7, 6.204116638078903, 0.2
583, 3624.0, 7, 6.205479452054795, 0.2
584, 3630.0, 6, 6.205128205128205, 0.2
585, 3633.0, 3, 6.199658703071672, 0.2
586, 3634.0, 1, 6.190800681431005, 0.2
587, 3634.0, 0, 6.180272108843537, 0.2
588, 3641.0, 7, 6.181663837011884, 0.2
589, 3648.0, 7, 6.183050847457627, 0.2
590, 3654.0, 6, 6.182741116751269, 0.2
591, 3658.0, 4, 6.179054054054054, 0.2
592, 3665.0, 7, 6.18043844856661, 0.2
593, 3673.0, 8, 6.183501683501683, 0.2
594, 3681.0, 8, 6.18655462184874, 0.2
595, 3683.0, 2, 6.179530201342282, 0.2
596, 3688.0, 5, 6.177554438860971, 0.2
597, 3694.0, 6, 6.177257525083612, 0.2
598, 3700.0, 6, 6.176961602671119, 0.2
599, 3707.0, 7, 6.178333333333334, 0.2
600, 3715.0, 8, 6.181364392678868, 0.2
601, 3723.0, 8, 6.1843853820598005, 0.2
602, 3729.0, 6, 6.1840796019900495, 0.2
603, 3736.0, 7, 6.185430463576159, 0.2
604, 3740.0, 4, 6.181818181818182, 0.2
605, 3744.0, 4, 6.178217821782178, 0.2
606, 3748.0, 4, 6.174629324546952, 0.2
607, 3755.0, 7, 6.175986842105263, 0.2
608, 3763.0, 8, 6.178981937602627, 0.2
609, 3771.0, 8, 6.1819672131147545, 0.2
610, 3778.0, 7, 6.183306055646481, 0.2
611, 3779.0, 1, 6.17483660130719, 0.2
612, 3779.0, 0, 6.164763458401305, 0.2
613, 3784.0, 5, 6.162866449511401, 0.2
614, 3787.0, 3, 6.157723577235773, 0.2
615, 3794.0, 7, 6.159090909090909, 0.2
616, 3799.0, 5, 6.157212317666127, 0.2
617, 3801.0, 2, 6.150485436893204, 0.2
618, 3808.0, 7, 6.1518578352180935, 0.2
619, 3815.0, 7, 6.153225806451613, 0.2
620, 3822.0, 7, 6.154589371980676, 0.2
621, 3830.0, 8, 6.157556270096463, 0.2
622, 3836.0, 6, 6.157303370786517, 0.2
623, 3842.0, 6, 6.157051282051282, 0.2
624, 3848.0, 6, 6.1568, 0.2
625, 3855.0, 7, 6.15814696485623, 0.2
626, 3860.0, 5, 6.156299840510367, 0.2
627, 3867.0, 7, 6.157643312101911, 0.2
628, 3874.0, 7, 6.158982511923688, 0.2
629, 3875.0, 1, 6.150793650793651, 0.2
630, 3881.0, 6, 6.150554675118859, 0.2
631, 3888.0, 7, 6.151898734177215, 0.2
632, 3888.0, 0, 6.14218009478673, 0.2
633, 3889.0, 1, 6.134069400630914, 0.2
634, 3896.0, 7, 6.135433070866141, 0.2
635, 3903.0, 7, 6.136792452830188, 0.2
636, 3910.0, 7, 6.138147566718995, 0.2
637, 3917.0, 7, 6.139498432601881, 0.2
638, 3919.0, 2, 6.13302034428795, 0.2
639, 3926.0, 7, 6.134375, 0.2
640, 3932.0, 6, 6.134165366614664, 0.2
641, 3939.0, 7, 6.135514018691588, 0.2
642, 3945.0, 6, 6.135303265940902, 0.2
643, 3950.0, 5, 6.133540372670807, 0.2
644, 3956.0, 6, 6.133333333333334, 0.2
645, 3964.0, 8, 6.136222910216718, 0.2
646, 3970.0, 6, 6.1360123647604325, 0.2
647, 3977.0, 7, 6.137345679012346, 0.2
648, 3983.0, 6, 6.13713405238829, 0.2
649, 3988.0, 5, 6.135384615384615, 0.2
650, 3995.0, 7, 6.136712749615976, 0.2
651, 4002.0, 7, 6.138036809815951, 0.2
652, 4009.0, 7, 6.139356814701379, 0.2
653, 4013.0, 4, 6.136085626911315, 0.2
654, 4018.0, 5, 6.134351145038168, 0.2
655, 4022.0, 4, 6.1310975609756095, 0.2
656, 4029.0, 7, 6.132420091324201, 0.2
657, 4033.0, 4, 6.12917933130699, 0.2
658, 4039.0, 6, 6.128983308042488, 0.2
659, 4047.0, 8, 6.131818181818182, 0.2
660, 4055.0, 8, 6.1346444780635405, 0.2
661, 4059.0, 4, 6.1314199395770395, 0.2
662, 4066.0, 7, 6.132730015082957, 0.2
663, 4073.0, 7, 6.134036144578313, 0.2
664, 4077.0, 4, 6.1308270676691725, 0.2
665, 4082.0, 5, 6.129129129129129, 0.2
666, 4089.0, 7, 6.130434782608695, 0.2
667, 4090.0, 1, 6.122754491017964, 0.2
668, 4096.0, 6, 6.1225710014947685, 0.2
669, 4101.0, 5, 6.12089552238806, 0.2
670, 4102.0, 1, 6.113263785394933, 0.2
671, 4109.0, 7, 6.114583333333333, 0.2
672, 4114.0, 5, 6.112927191679049, 0.2
673, 4122.0, 8, 6.115727002967359, 0.2
674, 4129.0, 7, 6.117037037037037, 0.2
675, 4135.0, 6, 6.116863905325443, 0.2
676, 4142.0, 7, 6.118168389955687, 0.2
677, 4149.0, 7, 6.119469026548672, 0.2
678, 4154.0, 5, 6.117820324005891, 0.2
679, 4158.0, 4, 6.114705882352941, 0.2
680, 4166.0, 8, 6.117474302496329, 0.2
681, 4173.0, 7, 6.118768328445748, 0.2
682, 4180.0, 7, 6.120058565153734, 0.2
683, 4186.0, 6, 6.119883040935672, 0.2
684, 4192.0, 6, 6.1197080291970805, 0.2
685, 4197.0, 5, 6.118075801749272, 0.2
686, 4204.0, 7, 6.119359534206696, 0.2
687, 4210.0, 6, 6.119186046511628, 0.2
688, 4215.0, 5, 6.117561683599419, 0.2
689, 4221.0, 6, 6.1173913043478265, 0.2
690, 4227.0, 6, 6.117221418234442, 0.2
691, 4230.0, 3, 6.11271676300578, 0.2
692, 4230.0, 0, 6.103896103896104, 0.2
693, 4235.0, 5, 6.1023054755043225, 0.2
694, 4236.0, 1, 6.094964028776978, 0.2
695, 4242.0, 6, 6.094827586206897, 0.2
696, 4249.0, 7, 6.0961262553802005, 0.2
697, 4256.0, 7, 6.097421203438396, 0.2
698, 4263.0, 7, 6.098712446351931, 0.2
699, 4269.0, 6, 6.098571428571429, 0.2
700, 4277.0, 8, 6.101283880171184, 0.2
701, 4282.0, 5, 6.0997150997151, 0.2
702, 4290.0, 8, 6.102418207681366, 0.2
703, 4292.0, 2, 6.096590909090909, 0.2
704, 4296.0, 4, 6.093617021276596, 0.2
705, 4303.0, 7, 6.094900849858357, 0.2
706, 4309.0, 6, 6.094766619519095, 0.2
707, 4315.0, 6, 6.094632768361582, 0.2
708, 4322.0, 7, 6.095909732016925, 0.2
709, 4326.0, 4, 6.092957746478874, 0.2
710, 4333.0, 7, 6.094233473980309, 0.2
711, 4337.0, 4, 6.091292134831461, 0.2
712, 4343.0, 6, 6.091164095371669, 0.2
713, 4350.0, 7, 6.092436974789916, 0.2
714, 4357.0, 7, 6.093706293706294, 0.2
715, 4365.0, 8, 6.096368715083799, 0.2
716, 4371.0, 6, 6.096234309623431, 0.2
717, 4372.0, 1, 6.089136490250697, 0.2
718, 4379.0, 7, 6.090403337969402, 0.2
719, 4383.0, 4, 6.0875, 0.2
720, 4389.0, 6, 6.087378640776699, 0.2
721, 4394.0, 5, 6.085872576177286, 0.2
722, 4396.0, 2, 6.080221300138312, 0.2
723, 4403.0, 7, 6.081491712707182, 0.2
724, 4410.0, 7, 6.082758620689655, 0.2
725, 4418.0, 8, 6.085399449035813, 0.2
726, 4424.0, 6, 6.085281980742779, 0.2
727, 4431.0, 7, 6.086538461538462, 0.2
728, 4438.0, 7, 6.0877914951989025, 0.2
729, 4441.0, 3, 6.083561643835616, 0.2
730, 4446.0, 5, 6.082079343365253, 0.2
731, 4453.0, 7, 6.083333333333333, 0.2
732, 4459.0, 6, 6.083219645293315, 0.2
733, 4465.0, 6, 6.083106267029973, 0.2
734, 4471.0, 6, 6.0829931972789115, 0.2
735, 4475.0, 4, 6.080163043478261, 0.2
736, 4480.0, 5, 6.078697421981004, 0.2
737, 4486.0, 6, 6.078590785907859, 0.2
738, 4492.0, 6, 6.078484438430311, 0.2
739, 4496.0, 4, 6.075675675675676, 0.2
740, 4500.0, 4, 6.0728744939271255, 0.2
741, 4505.0, 5, 6.071428571428571, 0.2
742, 4511.0, 6, 6.071332436069986, 0.2
743, 4518.0, 7, 6.07258064516129, 0.2
744, 4524.0, 6, 6.07248322147651, 0.2
745, 4531.0, 7, 6.07372654155496, 0.2
746, 4538.0, 7, 6.074966532797858, 0.2
747, 4544.0, 6, 6.074866310160428, 0.2
748, 4551.0, 7, 6.076101468624833, 0.2
749, 4558.0, 7, 6.077333333333334, 0.2
750, 4560.0, 2, 6.07190412782956, 0.2
751, 4568.0, 8, 6.074468085106383, 0.2
752, 4572.0, 4, 6.0717131474103585, 0.2
753, 4578.0, 6, 6.071618037135279, 0.2
754, 4582.0, 4, 6.0688741721854305, 0.2
755, 4589.0, 7, 6.0701058201058204, 0.2
756, 4597.0, 8, 6.072655217965654, 0.2
757, 4604.0, 7, 6.073878627968337, 0.2
758, 4609.0, 5, 6.072463768115942, 0.2
759, 4612.0, 3, 6.068421052631579, 0.2
760, 4618.0, 6, 6.068331143232589, 0.2
761, 4618.0, 0, 6.060367454068241, 0.2
762, 4625.0, 7, 6.061598951507208, 0.2
763, 4631.0, 6, 6.06151832460733, 0.2
764, 4637.0, 6, 6.061437908496732, 0.2
765, 4645.0, 8, 6.063968668407311, 0.2
766, 4648.0, 3, 6.059973924380704, 0.2
767, 4654.0, 6, 6.059895833333333, 0.2
768, 4657.0, 3, 6.05591677503251, 0.2
769, 4662.0, 5, 6.054545454545455, 0.2
770, 4669.0, 7, 6.055771725032425, 0.2
771, 4673.0, 4, 6.053108808290156, 0.2
772, 4679.0, 6, 6.053040103492885, 0.2
773, 4685.0, 6, 6.052971576227391, 0.2
774, 4685.0, 0, 6.04516129032258, 0.2
775, 4693.0, 8, 6.047680412371134, 0.2
776, 4701.0, 8, 6.05019305019305, 0.2
777, 4708.0, 7, 6.051413881748072, 0.2
778, 4715.0, 7, 6.052631578947368, 0.2
779, 4717.0, 2, 6.047435897435897, 0.2
780, 4725.0, 8, 6.049935979513444, 0.2
781, 4729.0, 4, 6.047314578005115, 0.2
782, 4735.0, 6, 6.047254150702426, 0.2
783, 4739.0, 4, 6.044642857142857, 0.2
784, 4744.0, 5, 6.0433121019108285, 0.2
785, 4752.0, 8, 6.0458015267175576, 0.2
786, 4759.0, 7, 6.047013977128335, 0.2
787, 4765.0, 6, 6.0469543147208125, 0.2
788, 4771.0, 6, 6.046894803548796, 0.2
789, 4779.0, 8, 6.049367088607595, 0.2
790, 4782.0, 3, 6.04551201011378, 0.2
791, 4787.0, 5, 6.04419191919192, 0.2
792, 4794.0, 7, 6.045397225725095, 0.2
793, 4802.0, 8, 6.047858942065491, 0.2
794, 4805.0, 3, 6.044025157232705, 0.2
795, 4813.0, 8, 6.046482412060302, 0.2
796, 4821.0, 8, 6.048933500627353, 0.2
797, 4827.0, 6, 6.048872180451128, 0.2
798, 4833.0, 6, 6.048811013767209, 0.2
799, 4840.0, 7, 6.05, 0.2
800, 4847.0, 7, 6.051186017478153, 0.2
801, 4852.0, 5, 6.049875311720698, 0.2
802, 4857.0, 5, 6.0485678704856785, 0.2
803, 4862.0, 5, 6.04726368159204, 0.2
804, 4862.0, 0, 6.039751552795031, 0.2
805, 4866.0, 4, 6.037220843672457, 0.2
806, 4873.0, 7, 6.038413878562578, 0.2
807, 4881.0, 8, 6.040841584158416, 0.2
808, 4885.0, 4, 6.03831891223733, 0.2
809, 4891.0, 6, 6.038271604938272, 0.2
810, 4898.0, 7, 6.039457459926017, 0.2
811, 4904.0, 6, 6.039408866995074, 0.2
812, 4911.0, 7, 6.040590405904059, 0.2
813, 4918.0, 7, 6.041769041769042, 0.2
814, 4925.0, 7, 6.042944785276074, 0.2
815, 4927.0, 2, 6.0379901960784315, 0.2
816, 4933.0, 6, 6.037943696450428, 0.2
817, 4941.0, 8, 6.040342298288508, 0.2
818, 4949.0, 8, 6.042735042735043, 0.2
819, 4957.0, 8, 6.045121951219512, 0.2
820, 4964.0, 7, 6.046285018270402, 0.2
821, 4971.0, 7, 6.047445255474453, 0.2
822, 4972.0, 1, 6.041312272174969, 0.2
823, 4979.0, 7, 6.04247572815534, 0.2
824, 4987.0, 8, 6.044848484848485, 0.2
825, 4994.0, 7, 6.046004842615012, 0.2
826, 5001.0, 7, 6.047158403869408, 0.2
827, 5008.0, 7, 6.048309178743962, 0.2
828, 5016.0, 8, 6.0506634499396865, 0.2
829, 5020.0, 4, 6.048192771084337, 0.2
830, 5028.0, 8, 6.050541516245487, 0.2
831, 5035.0, 7, 6.0516826923076925, 0.2
832, 5041.0, 6, 6.051620648259304, 0.2
833, 5048.0, 7, 6.052757793764988, 0.2
834, 5055.0, 7, 6.053892215568863, 0.2
835, 5059.0, 4, 6.051435406698564, 0.2
836, 5067.0, 8, 6.053763440860215, 0.2
837, 5074.0, 7, 6.054892601431981, 0.2
838, 5076.0, 2, 6.050059594755662, 0.2
839, 5083.0, 7, 6.0511904761904765, 0.2
840, 5085.0, 2, 6.046373365041617, 0.2
841, 5088.0, 3, 6.042755344418052, 0.2
842, 5095.0, 7, 6.043890865954923, 0.2
843, 5100.0, 5, 6.042654028436019, 0.2
844, 5106.0, 6, 6.042603550295858, 0.2
845, 5113.0, 7, 6.043735224586288, 0.2
846, 5120.0, 7, 6.044864226682408, 0.2
847, 5125.0, 5, 6.043632075471698, 0.2
848, 5133.0, 8, 6.045936395759718, 0.2
849, 5139.0, 6, 6.0458823529411765, 0.2
850, 5145.0, 6, 6.045828437132785, 0.2
851, 5151.0, 6, 6.045774647887324, 0.2
852, 5157.0, 6, 6.045720984759671, 0.2
853, 5165.0, 8, 6.048009367681499, 0.2
854, 5173.0, 8, 6.050292397660819, 0.2
855, 5174.0, 1, 6.044392523364486, 0.2
856, 5180.0, 6, 6.044340723453909, 0.2
857, 5188.0, 8, 6.046620046620046, 0.2
858, 5195.0, 7, 6.047729918509895, 0.2
859, 5197.0, 2, 6.043023255813954, 0.2
860, 5204.0, 7, 6.044134727061556, 0.2
861, 5210.0, 6, 6.044083526682135, 0.2
862, 5217.0, 7, 6.045191193511008, 0.2
863, 5223.0, 6, 6.045138888888889, 0.2
864, 5228.0, 5, 6.043930635838151, 0.2
865, 5233.0, 5, 6.042725173210162, 0.2
866, 5239.0, 6, 6.042675893886966, 0.2
867, 5245.0, 6, 6.042626728110599, 0.2
868, 5253.0, 8, 6.04487917146145, 0.2
869, 5259.0, 6, 6.044827586206897, 0.2
870, 5263.0, 4, 6.04247990815155, 0.2
871, 5268.0, 5, 6.041284403669724, 0.2
872, 5275.0, 7, 6.042382588774341, 0.2
873, 5276.0, 1, 6.036613272311213, 0.2
874, 5277.0, 1, 6.030857142857143, 0.2
875, 5284.0, 7, 6.031963470319635, 0.2
876, 5290.0, 6, 6.031927023945268, 0.2
877, 5295.0, 5, 6.030751708428246, 0.2
878, 5301.0, 6, 6.030716723549488, 0.2
879, 5305.0, 4, 6.028409090909091, 0.2
880, 5305.0, 0, 6.021566401816118, 0.2
881, 5313.0, 8, 6.023809523809524, 0.2
882, 5319.0, 6, 6.023782559456398, 0.2
883, 5320.0, 1, 6.018099547511312, 0.2
884, 5326.0, 6, 6.018079096045198, 0.2
885, 5333.0, 7, 6.019187358916478, 0.2
886, 5338.0, 5, 6.01803833145434, 0.2
887, 5345.0, 7, 6.0191441441441444, 0.2
888, 5346.0, 1, 6.013498312710911, 0.2
889, 5351.0, 5, 6.012359550561798, 0.2
890, 5352.0, 1, 6.006734006734007, 0.2
891, 5357.0, 5, 6.005605381165919, 0.2
892, 5361.0, 4, 6.003359462486002, 0.2
893, 5368.0, 7, 6.004474272930649, 0.2
894, 5372.0, 4, 6.002234636871508, 0.2
895, 5379.0, 7, 6.003348214285714, 0.2
896, 5385.0, 6, 6.003344481605351, 0.2
897, 5391.0, 6, 6.003340757238307, 0.2
898, 5398.0, 7, 6.004449388209121, 0.2
899, 5402.0, 4, 6.002222222222223, 0.2
900, 5409.0, 7, 6.003329633740289, 0.2
901, 5414.0, 5, 6.0022172949002215, 0.2
902, 5415.0, 1, 5.996677740863787, 0.2
903, 5421.0, 6, 5.996681415929204, 0.2
904, 5427.0, 6, 5.996685082872928, 0.2
905, 5434.0, 7, 5.997792494481236, 0.2
906, 5434.0, 0, 5.991179713340683, 0.2
907, 5439.0, 5, 5.990088105726873, 0.2
908, 5445.0, 6, 5.99009900990099, 0.2
909, 5452.0, 7, 5.991208791208791, 0.2
910, 5457.0, 5, 5.990120746432492, 0.2
911, 5465.0, 8, 5.9923245614035086, 0.2
912, 5473.0, 8, 5.994523548740416, 0.2
913, 5480.0, 7, 5.99562363238512, 0.2
914, 5487.0, 7, 5.99672131147541, 0.2
915, 5493.0, 6, 5.996724890829694, 0.2
916, 5500.0, 7, 5.997818974918212, 0.2
917, 5505.0, 5, 5.996732026143791, 0.2
918, 5512.0, 7, 5.997823721436344, 0.2
919, 5519.0, 7, 5.998913043478261, 0.2
920, 5525.0, 6, 5.998914223669924, 0.2
921, 5532.0, 7, 6.0, 0.2
922, 5539.0, 7, 6.001083423618635, 0.2
923, 5545.0, 6, 6.001082251082251, 0.2
924, 5550.0, 5, 6.0, 0.2
925, 5557.0, 7, 6.001079913606912, 0.2
926, 5562.0, 5, 6.0, 0.2
927, 5570.0, 8, 6.002155172413793, 0.2
928, 5576.0, 6, 6.002152852529601, 0.2
929, 5580.0, 4, 6.0, 0.2
930, 5587.0, 7, 6.001074113856069, 0.2
931, 5594.0, 7, 6.002145922746781, 0.2
932, 5598.0, 4, 6.0, 0.2
933, 5605.0, 7, 6.001070663811563, 0.2
934, 5610.0, 5, 6.0, 0.2
935, 5617.0, 7, 6.0010683760683765, 0.2
936, 5624.0, 7, 6.00213447171825, 0.2
937, 5632.0, 8, 6.004264392324094, 0.2
938, 5636.0, 4, 6.002129925452609, 0.2
939, 5640.0, 4, 6.0, 0.2
940, 5645.0, 5, 5.998937300743889, 0.2
941, 5652.0, 7, 6.0, 0.2
942, 5657.0, 5, 5.998939554612938, 0.2
943, 5663.0, 6, 5.998940677966102, 0.2
944, 5669.0, 6, 5.998941798941799, 0.2
945, 5677.0, 8, 6.001057082452431, 0.2
946, 5683.0, 6, 6.001055966209082, 0.2
947, 5689.0, 6, 6.001054852320675, 0.2
948, 5693.0, 4, 5.998946259220232, 0.2
949, 5701.0, 8, 6.001052631578947, 0.2
950, 5707.0, 6, 6.001051524710831, 0.2
951, 5713.0, 6, 6.001050420168068, 0.2
952, 5721.0, 8, 6.003147953830011, 0.2
953, 5728.0, 7, 6.0041928721174, 0.2
954, 5734.0, 6, 6.004188481675393, 0.2
955, 5737.0, 3, 6.0010460251046025, 0.2
956, 5743.0, 6, 6.001044932079415, 0.2
957, 5750.0, 7, 6.002087682672234, 0.2
958, 5757.0, 7, 6.003128258602711, 0.2
959, 5763.0, 6, 6.003125, 0.2
960, 5771.0, 8, 6.005202913631634, 0.2
961, 5777.0, 6, 6.005197505197505, 0.2
962, 5783.0, 6, 6.005192107995846, 0.2
963, 5791.0, 8, 6.007261410788382, 0.2
964, 5795.0, 4, 6.005181347150259, 0.2
965, 5802.0, 7, 6.0062111801242235, 0.2
966, 5802.0, 0, 6.0, 0.2
967, 5807.0, 5, 5.99896694214876, 0.2
968, 5812.0, 5, 5.997936016511868, 0.2
969, 5818.0, 6, 5.997938144329897, 0.2
970, 5826.0, 8, 6.0, 0.2
971, 5833.0, 7, 6.001028806584362, 0.2
972, 5840.0, 7, 6.002055498458376, 0.2
973, 5846.0, 6, 6.002053388090349, 0.2
974, 5853.0, 7, 6.003076923076923, 0.2
975, 5855.0, 2, 5.998975409836065, 0.2
976, 5861.0, 6, 5.998976458546571, 0.2
977, 5867.0, 6, 5.9989775051124745, 0.2
978, 5874.0, 7, 6.0, 0.2
979, 5881.0, 7, 6.001020408163265, 0.2
980, 5887.0, 6, 6.001019367991845, 0.2
981, 5892.0, 5, 6.0, 0.2
982, 5896.0, 4, 5.997965412004069, 0.2
983, 5904.0, 8, 6.0, 0.2
984, 5907.0, 3, 5.996954314720812, 0.2
985, 5913.0, 6, 5.996957403651115, 0.2
986, 5914.0, 1, 5.991894630192503, 0.2
987, 5918.0, 4, 5.989878542510121, 0.2
988, 5925.0, 7, 5.990899898887766, 0.2
989, 5930.0, 5, 5.98989898989899, 0.2
990, 5935.0, 5, 5.9889001009081735, 0.2
991, 5940.0, 5, 5.987903225806452, 0.2
992, 5947.0, 7, 5.9889224572004025, 0.2
993, 5954.0, 7, 5.989939637826962, 0.2
994, 5960.0, 6, 5.989949748743719, 0.2
995, 5968.0, 8, 5.991967871485944, 0.2
996, 5973.0, 5, 5.990972918756269, 0.2
997, 5979.0, 6, 5.990981963927855, 0.2
998, 5986.0, 7, 5.991991991991992, 0.2
999, 5993.0, 7, 5.993, 0.2
1000, 6001.0, 8, 5.995004995004995, 0.2
1001, 6007.0, 6, 5.99500998003992, 0.2
1002, 6013.0, 6, 5.995014955134597, 0.2
1003, 6018.0, 5, 5.99402390438247, 0.2
1004, 6025.0, 7, 5.9950248756218905, 0.2
1005, 6032.0, 7, 5.996023856858847, 0.2
1006, 6039.0, 7, 5.997020854021847, 0.2
1007, 6046.0, 7, 5.998015873015873, 0.2
1008, 6053.0, 7, 5.999008919722497, 0.2
1009, 6059.0, 6, 5.9990099009900995, 0.2
1010, 6063.0, 4, 5.997032640949555, 0.2
1011, 6070.0, 7, 5.9980237154150196, 0.2
1012, 6075.0, 5, 5.9970384995064165, 0.2
1013, 6082.0, 7, 5.998027613412229, 0.2
1014, 6082.0, 0, 5.992118226600986, 0.2
1015, 6082.0, 0, 5.9862204724409445, 0.2
1016, 6088.0, 6, 5.986234021632252, 0.2
1017, 6093.0, 5, 5.985265225933202, 0.2
1018, 6101.0, 8, 5.987242394504416, 0.2
1019, 6109.0, 8, 5.98921568627451, 0.2
1020, 6113.0, 4, 5.987267384916748, 0.2
1021, 6121.0, 8, 5.989236790606654, 0.2
1022, 6129.0, 8, 5.991202346041056, 0.2
1023, 6136.0, 7, 5.9921875, 0.2
1024, 6142.0, 6, 5.9921951219512195, 0.2
1025, 6142.0, 0, 5.98635477582846, 0.2
1026, 6149.0, 7, 5.987341772151899, 0.2
1027, 6152.0, 3, 5.98443579766537, 0.2
1028, 6158.0, 6, 5.984450923226434, 0.2
1029, 6165.0, 7, 5.985436893203883, 0.2
1030, 6170.0, 5, 5.9844810863239575, 0.2
1031, 6176.0, 6, 5.984496124031008, 0.2
1032, 6183.0, 7, 5.985479186834462, 0.2
1033, 6190.0, 7, 5.986460348162476, 0.2
1034, 6195.0, 5, 5.9855072463768115, 0.2
1035, 6200.0, 5, 5.984555984555985, 0.2
1036, 6204.0, 4, 5.982642237222758, 0.2
1037, 6209.0, 5, 5.981695568400771, 0.2
1038, 6215.0, 6, 5.981713185755535, 0.2
1039, 6221.0, 6, 5.9817307692307695, 0.2
1040, 6224.0, 3, 5.978866474543708, 0.2
1041, 6230.0, 6, 5.978886756238004, 0.2
1042, 6235.0, 5, 5.977948226270374, 0.2
1043, 6240.0, 5, 5.977011494252873, 0.2
1044, 6241.0, 1, 5.9722488038277515, 0.2
1045, 6248.0, 7, 5.9732313575525815, 0.2
1046, 6254.0, 6, 5.973256924546323, 0.2
1047, 6260.0, 6, 5.973282442748092, 0.2
1048, 6263.0, 3, 5.970448045757864, 0.2
1049, 6271.0, 8, 5.972380952380952, 0.2
1050, 6278.0, 7, 5.973358705994291, 0.2
1051, 6284.0, 6, 5.973384030418251, 0.2
1052, 6291.0, 7, 5.9743589743589745, 0.2
1053, 6296.0, 5, 5.9734345351043645, 0.2
1054, 6302.0, 6, 5.973459715639811, 0.2
1055, 6307.0, 5, 5.972537878787879, 0.2
1056, 6315.0, 8, 5.97445600756859, 0.2
1057, 6322.0, 7, 5.975425330812855, 0.2
1058, 6330.0, 8, 5.977337110481586, 0.2
1059, 6336.0, 6, 5.977358490566037, 0.2
1060, 6341.0, 5, 5.976437323279924, 0.2
1061, 6348.0, 7, 5.977401129943503, 0.2
1062, 6353.0, 5, 5.9764816556914395, 0.2
1063, 6359.0, 6, 5.976503759398496, 0.2
1064, 6367.0, 8, 5.978403755868545, 0.2
1065, 6373.0, 6, 5.978424015009381, 0.2
1066, 6381.0, 8, 5.980318650421744, 0.2
1067, 6388.0, 7, 5.9812734082397006, 0.2
1068, 6396.0, 8, 5.983161833489242, 0.2
1069, 6403.0, 7, 5.98411214953271, 0.2
1070, 6409.0, 6, 5.984126984126984, 0.2
1071, 6415.0, 6, 5.9841417910447765, 0.2
1072, 6416.0, 1, 5.979496738117428, 0.2
1073, 6423.0, 7, 5.9804469273743015, 0.2
1074, 6425.0, 2, 5.976744186046512, 0.2
1075, 6433.0, 8, 5.978624535315985, 0.2
1076, 6434.0, 1, 5.974001857010213, 0.2
1077, 6438.0, 4, 5.9721706864564, 0.2
1078, 6444.0, 6, 5.9721964782205745, 0.2
1079, 6448.0, 4, 5.970370370370371, 0.2
1080, 6455.0, 7, 5.971322849213691, 0.2
1081, 6462.0, 7, 5.972273567467653, 0.2
1082, 6467.0, 5, 5.9713758079409045, 0.2
1083, 6474.0, 7, 5.972324723247232, 0.2
1084, 6480.0, 6, 5.972350230414746, 0.2
1085, 6482.0, 2, 5.968692449355433, 0.2
1086, 6487.0, 5, 5.967801287948482, 0.2
1087, 6490.0, 3, 5.9650735294117645, 0.2
1088, 6496.0, 6, 5.965105601469237, 0.2
1089, 6502.0, 6, 5.965137614678899, 0.2
1090, 6504.0, 2, 5.961503208065994, 0.2
1091, 6512.0, 8, 5.9633699633699635, 0.2
1092, 6520.0, 8, 5.96523330283623, 0.2
1093, 6527.0, 7, 5.96617915904936, 0.2
1094, 6533.0, 6, 5.9662100456621, 0.2
1095, 6538.0, 5, 5.9653284671532845, 0.2
1096, 6544.0, 6, 5.965360072926162, 0.2
1097, 6550.0, 6, 5.965391621129326, 0.2
1098, 6555.0, 5, 5.964513193812557, 0.2
1099, 6562.0, 7, 5.965454545454546, 0.2
1100, 6568.0, 6, 5.965485921889192, 0.2
1101, 6575.0, 7, 5.966424682395644, 0.2
1102, 6581.0, 6, 5.966455122393472, 0.2
1103, 6588.0, 7, 5.967391304347826, 0.2
1104, 6591.0, 3, 5.964705882352941, 0.2
1105, 6599.0, 8, 5.966546112115732, 0.2
1106, 6604.0, 5, 5.965672990063234, 0.2
1107, 6611.0, 7, 5.966606498194946, 0.2
1108, 6618.0, 7, 5.967538322813345, 0.2
1109, 6626.0, 8, 5.969369369369369, 0.2
1110, 6631.0, 5, 5.968496849684969, 0.2
1111, 6634.0, 3, 5.965827338129497, 0.2
1112, 6641.0, 7, 5.966756513926326, 0.2
1113, 6643.0, 2, 5.9631956912028725, 0.2
1114, 6651.0, 8, 5.965022421524663, 0.2
1115, 6657.0, 6, 5.96505376344086, 0.2
1116, 6664.0, 7, 5.9659803043867505, 0.2
1117, 6671.0, 7, 5.966905187835421, 0.2
1118, 6675.0, 4, 5.96514745308311, 0.2
1119, 6683.0, 8, 5.966964285714286, 0.2
1120, 6689.0, 6, 5.966993755575379, 0.2
1121, 6696.0, 7, 5.967914438502674, 0.2
1122, 6703.0, 7, 5.9688334817453255, 0.2
1123, 6711.0, 8, 5.970640569395018, 0.2
1124, 6716.0, 5, 5.969777777777778, 0.2
1125, 6724.0, 8, 5.9715808170515094, 0.2
1126, 6728.0, 4, 5.9698314108252, 0.2
1127, 6733.0, 5, 5.968971631205674, 0.2
1128, 6739.0, 6, 5.9689991142604075, 0.2
1129, 6740.0, 1, 5.964601769911504, 0.2
1130, 6747.0, 7, 5.9655172413793105, 0.2
1131, 6754.0, 7, 5.96643109540636, 0.2
1132, 6762.0, 8, 5.968225948808473, 0.2
1133, 6766.0, 4, 5.966490299823633, 0.2
1134, 6773.0, 7, 5.9674008810572685, 0.2
1135, 6780.0, 7, 5.96830985915493, 0.2
1136, 6787.0, 7, 5.969217238346526, 0.2
1137, 6792.0, 5, 5.968365553602812, 0.2
1138, 6799.0, 7, 5.9692712906057945, 0.2
1139, 6805.0, 6, 5.969298245614035, 0.2
1140, 6810.0, 5, 5.968448729184925, 0.2
1141, 6816.0, 6, 5.968476357267951, 0.2
1142, 6821.0, 5, 5.967629046369204, 0.2
1143, 6827.0, 6, 5.9676573426573425, 0.2
1144, 6831.0, 4, 5.965938864628821, 0.2
1145, 6838.0, 7, 5.966841186736475, 0.2
1146, 6844.0, 6, 5.966870095902354, 0.2
1147, 6844.0, 0, 5.961672473867596, 0.2
1148, 6850.0, 6, 5.961705831157528, 0.2
1149, 6856.0, 6, 5.961739130434783, 0.2
1150, 6861.0, 5, 5.960903562119896, 0.2
1151, 6869.0, 8, 5.962673611111111, 0.2
1152, 6875.0, 6, 5.962705984388552, 0.2
1153, 6881.0, 6, 5.962738301559792, 0.2
1154, 6889.0, 8, 5.964502164502164, 0.2
1155, 6890.0, 1, 5.960207612456747, 0.2
1156, 6897.0, 7, 5.9611063094209165, 0.2
1157, 6901.0, 4, 5.9594127806563035, 0.2
1158, 6907.0, 6, 5.959447799827437, 0.2
1159, 6911.0, 4, 5.957758620689655, 0.2
1160, 6918.0, 7, 5.958656330749354, 0.2
1161, 6923.0, 5, 5.957831325301205, 0.2
1162, 6929.0, 6, 5.9578675838349096, 0.2
1163, 6934.0, 5, 5.957044673539519, 0.2
1164, 6940.0, 6, 5.957081545064377, 0.2
1165, 6946.0, 6, 5.957118353344768, 0.2
1166, 6949.0, 3, 5.954584404455869, 0.2
1167, 6955.0, 6, 5.954623287671233, 0.2
1168, 6956.0, 1, 5.95038494439692, 0.2
1169, 6963.0, 7, 5.9512820512820515, 0.2
1170, 6970.0, 7, 5.952177625960718, 0.2
1171, 6977.0, 7, 5.953071672354949, 0.2
1172, 6985.0, 8, 5.9548167092924125, 0.2
1173, 6993.0, 8, 5.956558773424191, 0.2
1174, 6999.0, 6, 5.956595744680851, 0.2
1175, 7004.0, 5, 5.95578231292517, 0.2
1176, 7008.0, 4, 5.9541206457094304, 0.2
1177, 7010.0, 2, 5.950764006791172, 0.2
1178, 7018.0, 8, 5.952502120441052, 0.2
1179, 7023.0, 5, 5.9516949152542376, 0.2
1180, 7029.0, 6, 5.951735817104149, 0.2
1181, 7036.0, 7, 5.952622673434856, 0.2
1182, 7038.0, 2, 5.9492814877430265, 0.2
1183, 7044.0, 6, 5.949324324324325, 0.2
1184, 7052.0, 8, 5.951054852320675, 0.2
1185, 7056.0, 4, 5.949409780775717, 0.2
1186, 7063.0, 7, 5.950294860994103, 0.2
1187, 7069.0, 6, 5.950336700336701, 0.2
1188, 7074.0, 5, 5.949537426408747, 0.2
1189, 7080.0, 6, 5.949579831932773, 0.2
1190, 7088.0, 8, 5.951301427371956, 0.2
1191, 7094.0, 6, 5.951342281879195, 0.2
1192, 7101.0, 7, 5.95222129086337, 0.2
1193, 7108.0, 7, 5.953098827470686, 0.2
1194, 7114.0, 6, 5.953138075313808, 0.2
1195, 7118.0, 4, 5.951505016722408, 0.2
1196, 7124.0, 6, 5.951545530492899, 0.2
1197, 7131.0, 7, 5.952420701168615, 0.2
1198, 7138.0, 7, 5.953294412010008, 0.2
1199, 7146.0, 8, 5.955, 0.2
1200, 7148.0, 2, 5.951706910907577, 0.2
1201, 7153.0, 5, 5.950915141430948, 0.2
1202, 7153.0, 0, 5.945968412302577, 0.2
1203, 7157.0, 4, 5.944352159468439, 0.2
1204, 7164.0, 7, 5.945228215767635, 0.2
1205, 7171.0, 7, 5.946102819237147, 0.2
1206, 7177.0, 6, 5.9461474730737365, 0.2
1207, 7184.0, 7, 5.947019867549669, 0.2
1208, 7190.0, 6, 5.947063688999173, 0.2
1209, 7197.0, 7, 5.9479338842975205, 0.2
1210, 7203.0, 6, 5.9479768786127165, 0.2
1211, 7209.0, 6, 5.948019801980198, 0.2
1212, 7215.0, 6, 5.948062654575433, 0.2
1213, 7218.0, 3, 5.9456342668863265, 0.2
1214, 7224.0, 6, 5.945679012345679, 0.2
1215, 7226.0, 2, 5.942434210526316, 0.2
1216, 7233.0, 7, 5.943303204601479, 0.2
1217, 7233.0, 0, 5.938423645320197, 0.2
1218, 7237.0, 4, 5.936833470057424, 0.2
1219, 7243.0, 6, 5.93688524590164, 0.2
1220, 7248.0, 5, 5.936117936117936, 0.2
1221, 7254.0, 6, 5.9361702127659575, 0.2
1222, 7261.0, 7, 5.937040065412919, 0.2
1223, 7269.0, 8, 5.938725490196078, 0.2
1224, 7275.0, 6, 5.938775510204081, 0.2
1225, 7281.0, 6, 5.938825448613377, 0.2
1226, 7287.0, 6, 5.938875305623472, 0.2
1227, 7292.0, 5, 5.938110749185668, 0.2
1228, 7293.0, 1, 5.934092758340114, 0.2
1229, 7300.0, 7, 5.934959349593496, 0.2
1230, 7308.0, 8, 5.93663688058489, 0.2
1231, 7315.0, 7, 5.9375, 0.2
1232, 7321.0, 6, 5.937550689375507, 0.2
1233, 7328.0, 7, 5.938411669367909, 0.2
1234, 7329.0, 1, 5.934412955465587, 0.2
1235, 7334.0, 5, 5.933656957928803, 0.2
1236, 7340.0, 6, 5.933710590137429, 0.2
1237, 7346.0, 6, 5.933764135702746, 0.2
1238, 7349.0, 3, 5.931396287328491, 0.2
1239, 7354.0, 5, 5.930645161290323, 0.2
1240, 7360.0, 6, 5.930701047542304, 0.2
1241, 7366.0, 6, 5.930756843800322, 0.2
1242, 7373.0, 7, 5.931617055510861, 0.2
1243, 7380.0, 7, 5.932475884244373, 0.2
1244, 7386.0, 6, 5.932530120481927, 0.2
1245, 7391.0, 5, 5.931781701444622, 0.2
1246, 7398.0, 7, 5.932638331996793, 0.2
1247, 7403.0, 5, 5.9318910256410255, 0.2
1248, 7411.0, 8, 5.933546837469976, 0.2
1249, 7419.0, 8, 5.9352, 0.2
1250, 7425.0, 6, 5.9352517985611515, 0.2
1251, 7432.0, 7, 5.936102236421725, 0.2
1252, 7439.0, 7, 5.936951316839585, 0.2
1253, 7447.0, 8, 5.93859649122807, 0.2
1254, 7453.0, 6, 5.9386454183266935, 0.2
1255, 7460.0, 7, 5.939490445859873, 0.2
1256, 7462.0, 2, 5.936356404136833, 0.2
1257, 7467.0, 5, 5.9356120826709065, 0.2
1258, 7473.0, 6, 5.935663224781573, 0.2
1259, 7479.0, 6, 5.935714285714286, 0.2
1260, 7485.0, 6, 5.935765265662173, 0.2
1261, 7490.0, 5, 5.935023771790808, 0.2
1262, 7497.0, 7, 5.935866983372922, 0.2
1263, 7505.0, 8, 5.9375, 0.2
1264, 7510.0, 5, 5.936758893280633, 0.2
1265, 7515.0, 5, 5.936018957345971, 0.2
1266, 7521.0, 6, 5.936069455406472, 0.2
1267, 7527.0, 6, 5.936119873817034, 0.2
1268, 7532.0, 5, 5.93538219070134, 0.2
1269, 7537.0, 5, 5.9346456692913385, 0.2
1270, 7544.0, 7, 5.935483870967742, 0.2
1271, 7551.0, 7, 5.936320754716981, 0.2
1272, 7557.0, 6, 5.936370777690495, 0.2
1273, 7565.0, 8, 5.937990580847724, 0.2
1274, 7572.0, 7, 5.938823529411764, 0.2
1275, 7579.0, 7, 5.939655172413793, 0.2
1276, 7584.0, 5, 5.938919342208301, 0.2
1277, 7585.0, 1, 5.935054773082942, 0.2
1278, 7592.0, 7, 5.935887412040657, 0.2
1279, 7599.0, 7, 5.93671875, 0.2
1280, 7607.0, 8, 5.9383294301327085, 0.2
1281, 7615.0, 8, 5.9399375975039, 0.2
1282, 7619.0, 4, 5.93842556508184, 0.2
1283, 7624.0, 5, 5.937694704049845, 0.2
1284, 7631.0, 7, 5.93852140077821, 0.2
1285, 7638.0, 7, 5.939346811819596, 0.2
1286, 7644.0, 6, 5.9393939393939394, 0.2
1287, 7646.0, 2, 5.936335403726708, 0.2
1288, 7652.0, 6, 5.936384794414274, 0.2
1289, 7660.0, 8, 5.937984496124031, 0.2
1290, 7666.0, 6, 5.938032532920217, 0.2
1291, 7673.0, 7, 5.938854489164087, 0.2
1292, 7679.0, 6, 5.9389017788089715, 0.2
1293, 7682.0, 3, 5.936630602782071, 0.2
1294, 7689.0, 7, 5.937451737451737, 0.2
1295, 7696.0, 7, 5.938271604938271, 0.2
1296, 7702.0, 6, 5.938319198149576, 0.2
1297, 7707.0, 5, 5.937596302003081, 0.2
1298, 7714.0, 7, 5.93841416474211, 0.2
1299, 7721.0, 7, 5.939230769230769, 0.2
1300, 7729.0, 8, 5.940814757878555, 0.2
1301, 7735.0, 6, 5.940860215053763, 0.2
1302, 7740.0, 5, 5.9401381427475055, 0.2
1303, 7746.0, 6, 5.940184049079755, 0.2
1304, 7753.0, 7, 5.940996168582376, 0.2
1305, 7759.0, 6, 5.94104134762634, 0.2
1306, 7766.0, 7, 5.941851568477429, 0.2
1307, 7771.0, 5, 5.941131498470948, 0.2
1308, 7777.0, 6, 5.9411764705882355, 0.2
1309, 7784.0, 7, 5.9419847328244275, 0.2
1310, 7791.0, 7, 5.94279176201373, 0.2
1311, 7798.0, 7, 5.9435975609756095, 0.2
1312, 7806.0, 8, 5.945163747143945, 0.2
1313, 7813.0, 7, 5.945966514459665, 0.2
1314, 7819.0, 6, 5.9460076045627375, 0.2
1315, 7820.0, 1, 5.942249240121581, 0.2
1316, 7827.0, 7, 5.943052391799545, 0.2
1317, 7834.0, 7, 5.943854324734446, 0.2
1318, 7839.0, 5, 5.943138741470811, 0.2
1319, 7845.0, 6, 5.943181818181818, 0.2
1320, 7851.0, 6, 5.943224829674489, 0.2
1321, 7858.0, 7, 5.944024205748866, 0.2
1322, 7863.0, 5, 5.9433106575963714, 0.2
1323, 7863.0, 0, 5.938821752265861, 0.2
1324, 7869.0, 6, 5.938867924528302, 0.2
1325, 7874.0, 5, 5.93815987933635, 0.2
1326, 7881.0, 7, 5.938960060286361, 0.2
1327, 7885.0, 4, 5.9375, 0.2
1328, 7891.0, 6, 5.937547027840481, 0.2
1329, 7898.0, 7, 5.938345864661654, 0.2
1330, 7901.0, 3, 5.9361382419233655, 0.2
1331, 7909.0, 8, 5.937687687687688, 0.2
1332, 7916.0, 7, 5.938484621155289, 0.2
1333, 7917.0, 1, 5.934782608695652, 0.2
1334, 7923.0, 6, 5.9348314606741575, 0.2
1335, 7929.0, 6, 5.934880239520958, 0.2
1336, 7936.0, 7, 5.93567688855647, 0.2
1337, 7940.0, 4, 5.9342301943198805, 0.2
1338, 7946.0, 6, 5.93427931292009, 0.2
1339, 7954.0, 8, 5.935820895522388, 0.2
1340, 7960.0, 6, 5.935868754660701, 0.2
1341, 7966.0, 6, 5.93591654247392, 0.2
1342, 7974.0, 8, 5.937453462397618, 0.2
1343, 7979.0, 5, 5.9367559523809526, 0.2
1344, 7983.0, 4, 5.935315985130112, 0.2
1345, 7989.0, 6, 5.935364041604755, 0.2
1346, 7995.0, 6, 5.935412026726058, 0.2
1347, 8000.0, 5, 5.9347181008902075, 0.2
1348, 8006.0, 6, 5.934766493699036, 0.2
1349, 8012.0, 6, 5.934814814814815, 0.2
1350, 8014.0, 2, 5.931902294596595, 0.2
1351, 8021.0, 7, 5.9326923076923075, 0.2
1352, 8026.0, 5, 5.9320029563932, 0.2
1353, 8031.0, 5, 5.931314623338257, 0.2
1354, 8036.0, 5, 5.930627306273062, 0.2
1355, 8043.0, 7, 5.93141592920354, 0.2
1356, 8046.0, 3, 5.929255711127487, 0.2
1357, 8050.0, 4, 5.927835051546392, 0.2
1358, 8057.0, 7, 5.928623988226637, 0.2
1359, 8062.0, 5, 5.927941176470588, 0.2
1360, 8068.0, 6, 5.9279941219691406, 0.2
1361, 8074.0, 6, 5.928046989720999, 0.2
1362, 8075.0, 1, 5.924431401320616, 0.2
1363, 8079.0, 4, 5.923020527859237, 0.2
1364, 8085.0, 6, 5.923076923076923, 0.2
1365, 8092.0, 7, 5.923865300146413, 0.2
1366, 8099.0, 7, 5.924652523774689, 0.2
1367, 8104.0, 5, 5.923976608187134, 0.2
1368, 8110.0, 6, 5.9240321402483564, 0.2
1369, 8116.0, 6, 5.924087591240876, 0.2
1370, 8122.0, 6, 5.924142961342086, 0.2
1371, 8130.0, 8, 5.925655976676385, 0.2
1372, 8137.0, 7, 5.926438455935907, 0.2
1373, 8143.0, 6, 5.926491994177583, 0.2
1374, 8149.0, 6, 5.926545454545455, 0.2
1375, 8150.0, 1, 5.9229651162790695, 0.2
1376, 8157.0, 7, 5.923747276688453, 0.2
1377, 8163.0, 6, 5.9238026124818575, 0.2
1378, 8167.0, 4, 5.922407541696882, 0.2
1379, 8169.0, 2, 5.9195652173913045, 0.2
1380, 8175.0, 6, 5.919623461259957, 0.2
1381, 8176.0, 1, 5.9160636758321274, 0.2
1382, 8181.0, 5, 5.915401301518438, 0.2
1383, 8185.0, 4, 5.914017341040463, 0.2
1384, 8193.0, 8, 5.915523465703971, 0.2
1385, 8197.0, 4, 5.914141414141414, 0.2
1386, 8203.0, 6, 5.914203316510454, 0.2
1387, 8210.0, 7, 5.914985590778098, 0.2
1388, 8217.0, 7, 5.915766738660907, 0.2
1389, 8224.0, 7, 5.916546762589928, 0.2
1390, 8226.0, 2, 5.913731128684399, 0.2
1391, 8232.0, 6, 5.913793103448276, 0.2
1392, 8237.0, 5, 5.913137114142139, 0.2
1393, 8237.0, 0, 5.908895265423243, 0.2
1394, 8244.0, 7, 5.909677419354839, 0.2
1395, 8249.0, 5, 5.909025787965616, 0.2
1396, 8256.0, 7, 5.909806728704367, 0.2
1397, 8257.0, 1, 5.906294706723891, 0.2
1398, 8263.0, 6, 5.906361686919228, 0.2
1399, 8270.0, 7, 5.9071428571428575, 0.2
1400, 8276.0, 6, 5.907209136331192, 0.2
1401, 8282.0, 6, 5.907275320970043, 0.2
1402, 8286.0, 4, 5.905915894511761, 0.2
1403, 8292.0, 6, 5.905982905982906, 0.2
1404, 8299.0, 7, 5.906761565836299, 0.2
1405, 8306.0, 7, 5.907539118065434, 0.2
1406, 8307.0, 1, 5.904051172707889, 0.2
1407, 8313.0, 6, 5.904119318181818, 0.2
1408, 8319.0, 6, 5.904187366926899, 0.2
1409, 8327.0, 8, 5.905673758865248, 0.2
1410, 8335.0, 8, 5.907158043940468, 0.2
1411, 8343.0, 8, 5.908640226628895, 0.2
1412, 8349.0, 6, 5.908704883227176, 0.2
1413, 8354.0, 5, 5.908062234794908, 0.2
1414, 8360.0, 6, 5.908127208480566, 0.2
1415, 8365.0, 5, 5.9074858757062145, 0.2
1416, 8372.0, 7, 5.908256880733945, 0.2
1417, 8378.0, 6, 5.908321579689704, 0.2
1418, 8383.0, 5, 5.907681465821001, 0.2
1419, 8390.0, 7, 5.908450704225352, 0.2
1420, 8396.0, 6, 5.908515130190007, 0.2
1421, 8403.0, 7, 5.909282700421941, 0.2
1422, 8410.0, 7, 5.910049191848208, 0.2
1423, 8417.0, 7, 5.910814606741573, 0.2
1424, 8423.0, 6, 5.910877192982456, 0.2
1425, 8430.0, 7, 5.91164095371669, 0.2
1426, 8438.0, 8, 5.913104414856342, 0.2
1427, 8444.0, 6, 5.913165266106443, 0.2
1428, 8452.0, 8, 5.914625612316305, 0.2
1429, 8454.0, 2, 5.9118881118881115, 0.2
1430, 8454.0, 0, 5.9077568134171905, 0.2
1431, 8458.0, 4, 5.906424581005586, 0.2
1432, 8464.0, 6, 5.90648988136776, 0.2
1433, 8472.0, 8, 5.907949790794979, 0.2
1434, 8478.0, 6, 5.90801393728223, 0.2
1435, 8482.0, 4, 5.906685236768802, 0.2
1436, 8484.0, 2, 5.903966597077244, 0.2
1437, 8490.0, 6, 5.904033379694019, 0.2
1438, 8497.0, 7, 5.904794996525365, 0.2
1439, 8499.0, 2, 5.902083333333334, 0.2
1440, 8506.0, 7, 5.902845246356697, 0.2
1441, 8512.0, 6, 5.902912621359223, 0.2
1442, 8517.0, 5, 5.902286902286902, 0.2
1443, 8523.0, 6, 5.902354570637119, 0.2
1444, 8527.0, 4, 5.901038062283737, 0.2
1445, 8533.0, 6, 5.901106500691563, 0.2
1446, 8540.0, 7, 5.90186592950933, 0.2
1447, 8548.0, 8, 5.903314917127072, 0.2
1448, 8551.0, 3, 5.901311249137336, 0.2
1449, 8553.0, 2, 5.898620689655172, 0.2
1450, 8559.0, 6, 5.8986905582357, 0.2
1451, 8566.0, 7, 5.8994490358126725, 0.2
1452, 8573.0, 7, 5.9002064693737095, 0.2
1453, 8580.0, 7, 5.900962861072903, 0.2
1454, 8581.0, 1, 5.897594501718213, 0.2
1455, 8586.0, 5, 5.896978021978022, 0.2
1456, 8593.0, 7, 5.897735072065889, 0.2
1457, 8601.0, 8, 5.899176954732511, 0.2
1458, 8607.0, 6, 5.899246058944483, 0.2
1459, 8615.0, 8, 5.9006849315068495, 0.2
1460, 8622.0, 7, 5.901437371663245, 0.2
1461, 8628.0, 6, 5.901504787961696, 0.2
1462, 8635.0, 7, 5.902255639097745, 0.2
1463, 8641.0, 6, 5.902322404371585, 0.2
1464, 8647.0, 6, 5.9023890784982935, 0.2
1465, 8652.0, 5, 5.901773533424284, 0.2
1466, 8658.0, 6, 5.901840490797546, 0.2
1467, 8665.0, 7, 5.90258855585831, 0.2
1468, 8668.0, 3, 5.900612661674608, 0.2
1469, 8676.0, 8, 5.90204081632653, 0.2
1470, 8682.0, 6, 5.902107409925221, 0.2
1471, 8689.0, 7, 5.902853260869565, 0.2
1472, 8695.0, 6, 5.902919212491514, 0.2
1473, 8703.0, 8, 5.904341926729987, 0.2
1474, 8710.0, 7, 5.905084745762712, 0.2
1475, 8714.0, 4, 5.903794037940379, 0.2
1476, 8722.0, 8, 5.9052132701421804, 0.2
1477, 8730.0, 8, 5.906630581867389, 0.2
1478, 8737.0, 7, 5.90736984448952, 0.2
1479, 8744.0, 7, 5.908108108108108, 0.2
1480, 8751.0, 7, 5.908845374746793, 0.2
1481, 8758.0, 7, 5.909581646423752, 0.2
1482, 8764.0, 6, 5.909642616318274, 0.2
1483, 8772.0, 8, 5.9110512129380055, 0.2
1484, 8779.0, 7, 5.911784511784512, 0.2
1485, 8783.0, 4, 5.910497981157469, 0.2
1486, 8789.0, 6, 5.910558170813719, 0.2
1487, 8795.0, 6, 5.910618279569892, 0.2
1488, 8800.0, 5, 5.910006715916722, 0.2
1489, 8807.0, 7, 5.910738255033557, 0.2
1490, 8813.0, 6, 5.910798122065728, 0.2
1491, 8819.0, 6, 5.910857908847185, 0.2
1492, 8823.0, 4, 5.909578030810449, 0.2
1493, 8831.0, 8, 5.910977242302543, 0.2
1494, 8835.0, 4, 5.909698996655519, 0.2
1495, 8839.0, 4, 5.908422459893048, 0.2
1496, 8847.0, 8, 5.909819639278557, 0.2
1497, 8849.0, 2, 5.9072096128170895, 0.2
1498, 8854.0, 5, 5.90660440293529, 0.2
1499, 8860.0, 6, 5.906666666666666, 0.2
1500, 8865.0, 5, 5.906062624916722, 0.2
1501, 8867.0, 2, 5.9034620505992015, 0.2
1502, 8872.0, 5, 5.902860944777112, 0.2
1503, 8879.0, 7, 5.903590425531915, 0.2
1504, 8884.0, 5, 5.902990033222592, 0.2
1505, 8889.0, 5, 5.902390438247012, 0.2
1506, 8895.0, 6, 5.902455209024552, 0.2
1507, 8901.0, 6, 5.902519893899204, 0.2
1508, 8906.0, 5, 5.901921802518224, 0.2
1509, 8912.0, 6, 5.901986754966887, 0.2
1510, 8912.0, 0, 5.898080741230973, 0.2
1511, 8916.0, 4, 5.896825396825397, 0.2
1512, 8921.0, 5, 5.896232650363516, 0.2
1513, 8929.0, 8, 5.897622192866579, 0.2
1514, 8935.0, 6, 5.897689768976898, 0.2
1515, 8942.0, 7, 5.898416886543536, 0.2
1516, 8948.0, 6, 5.898483849703362, 0.2
1517, 8955.0, 7, 5.899209486166008, 0.2
1518, 8961.0, 6, 5.899275839368006, 0.2
1519, 8968.0, 7, 5.9, 0.2
1520, 8975.0, 7, 5.900723208415516, 0.2
1521, 8981.0, 6, 5.900788436268068, 0.2
1522, 8981.0, 0, 5.896913985554826, 0.2
1523, 8988.0, 7, 5.897637795275591, 0.2
1524, 8994.0, 6, 5.897704918032787, 0.2
1525, 9000.0, 6, 5.897771952817824, 0.2
1526, 9006.0, 6, 5.897838899803537, 0.2
1527, 9013.0, 7, 5.898560209424084, 0.2
1528, 9021.0, 8, 5.8999345977763245, 0.2
1529, 9026.0, 5, 5.8993464052287585, 0.2
1530, 9031.0, 5, 5.898758981058132, 0.2
1531, 9038.0, 7, 5.899477806788512, 0.2
1532, 9041.0, 3, 5.897586431833007, 0.2
1533, 9047.0, 6, 5.897653194263364, 0.2
1534, 9052.0, 5, 5.897068403908794, 0.2
1535, 9059.0, 7, 5.897786458333333, 0.2
1536, 9064.0, 5, 5.897202342225114, 0.2
1537, 9071.0, 7, 5.8979193758127435, 0.2
1538, 9076.0, 5, 5.897335932423652, 0.2
1539, 9083.0, 7, 5.898051948051948, 0.2
1540, 9090.0, 7, 5.898767034393251, 0.2
1541, 9097.0, 7, 5.899481193255513, 0.2
1542, 9100.0, 3, 5.897602073882048, 0.2
1543, 9104.0, 4, 5.896373056994818, 0.2
1544, 9109.0, 5, 5.8957928802589, 0.2
1545, 9115.0, 6, 5.895860284605433, 0.2
1546, 9122.0, 7, 5.896574014221073, 0.2
1547, 9125.0, 3, 5.894702842377261, 0.2
1548, 9131.0, 6, 5.894770819883796, 0.2
1549, 9131.0, 0, 5.890967741935484, 0.2
1550, 9137.0, 6, 5.891038039974211, 0.2
1551, 9143.0, 6, 5.891108247422681, 0.2
1552, 9149.0, 6, 5.891178364455892, 0.2
1553, 9156.0, 7, 5.891891891891892, 0.2
1554, 9160.0, 4, 5.890675241157556, 0.2
1555, 9165.0, 5, 5.890102827763497, 0.2
1556, 9169.0, 4, 5.888888888888889, 0.2
1557, 9174.0, 5, 5.888318356867779, 0.2
1558, 9180.0, 6, 5.888389993585632, 0.2
1559, 9184.0, 4, 5.887179487179488, 0.2
1560, 9190.0, 6, 5.887251761691224, 0.2
1561, 9193.0, 3, 5.8854033290653005, 0.2
1562, 9200.0, 7, 5.886116442738324, 0.2
1563, 9207.0, 7, 5.8868286445012785, 0.2
1564, 9212.0, 5, 5.886261980830671, 0.2
1565, 9219.0, 7, 5.8869731800766285, 0.2
1566, 9224.0, 5, 5.886407147415444, 0.2
1567, 9230.0, 6, 5.886479591836735, 0.2
1568, 9236.0, 6, 5.886551943913321, 0.2
1569, 9239.0, 3, 5.884713375796179, 0.2
1570, 9245.0, 6, 5.884786760025461, 0.2
1571, 9253.0, 8, 5.886132315521628, 0.2
1572, 9259.0, 6, 5.886204704386523, 0.2
1573, 9263.0, 4, 5.885006353240152, 0.2
1574, 9271.0, 8, 5.886349206349206, 0.2
1575, 9276.0, 5, 5.885786802030457, 0.2
1576, 9284.0, 8, 5.88712745719721, 0.2
1577, 9290.0, 6, 5.887198986058301, 0.2
1578, 9296.0, 6, 5.88727042431919, 0.2
1579, 9298.0, 2, 5.884810126582279, 0.2
1580, 9302.0, 4, 5.883617963314358, 0.2
1581, 9308.0, 6, 5.883691529709229, 0.2
1582, 9314.0, 6, 5.88376500315856, 0.2
1583, 9319.0, 5, 5.883207070707071, 0.2
1584, 9326.0, 7, 5.88391167192429, 0.2
1585, 9333.0, 7, 5.884615384615385, 0.2
1586, 9336.0, 3, 5.882797731568998, 0.2
1587, 9342.0, 6, 5.88287153652393, 0.2
1588, 9344.0, 2, 5.880427942101951, 0.2
1589, 9351.0, 7, 5.881132075471698, 0.2
1590, 9356.0, 5, 5.880578252671276, 0.2
1591, 9364.0, 8, 5.881909547738694, 0.2
1592, 9371.0, 7, 5.882611424984306, 0.2
1593, 9378.0, 7, 5.8833124215809285, 0.2
1594, 9383.0, 5, 5.882758620689655, 0.2
1595, 9389.0, 6, 5.882832080200501, 0.2
1596, 9396.0, 7, 5.8835316217908575, 0.2
1597, 9402.0, 6, 5.88360450563204, 0.2
1598, 9410.0, 8, 5.884928080050031, 0.2
1599, 9417.0, 7, 5.885625, 0.2
1600, 9422.0, 5, 5.885071830106184, 0.2
1601, 9428.0, 6, 5.885143570536829, 0.2
1602, 9435.0, 7, 5.885839051777916, 0.2
1603, 9441.0, 6, 5.885910224438903, 0.2
1604, 9447.0, 6, 5.885981308411215, 0.2
1605, 9455.0, 8, 5.8872976338729766, 0.2
1606, 9459.0, 4, 5.886123210952085, 0.2
1607, 9465.0, 6, 5.8861940298507465, 0.2
1608, 9469.0, 4, 5.885021752641392, 0.2
1609, 9473.0, 4, 5.883850931677019, 0.2
1610, 9478.0, 5, 5.883302296710118, 0.2
1611, 9485.0, 7, 5.883995037220844, 0.2
1612, 9490.0, 5, 5.883446993180409, 0.2
1613, 9497.0, 7, 5.884138785625774, 0.2
1614, 9502.0, 5, 5.88359133126935, 0.2
1615, 9509.0, 7, 5.884282178217822, 0.2
1616, 9512.0, 3, 5.882498453927026, 0.2
1617, 9518.0, 6, 5.882571075401731, 0.2
1618, 9525.0, 7, 5.883261272390365, 0.2
1619, 9533.0, 8, 5.8845679012345675, 0.2
1620, 9533.0, 0, 5.880937692782233, 0.2
1621, 9541.0, 8, 5.882244143033292, 0.2
1622, 9546.0, 5, 5.881700554528651, 0.2
1623, 9552.0, 6, 5.8817733990147785, 0.2
1624, 9560.0, 8, 5.883076923076923, 0.2
1625, 9566.0, 6, 5.883148831488315, 0.2
1626, 9570.0, 4, 5.8819913952059, 0.2
1627, 9577.0, 7, 5.882678132678133, 0.2
1628, 9583.0, 6, 5.882750153468385, 0.2
1629, 9586.0, 3, 5.880981595092025, 0.2
1630, 9594.0, 8, 5.882280809319436, 0.2
1631, 9600.0, 6, 5.882352941176471, 0.2
1632, 9607.0, 7, 5.8830373545621555, 0.2
1633, 9613.0, 6, 5.883108935128519, 0.2
1634, 9617.0, 4, 5.8819571865443425, 0.2
1635, 9625.0, 8, 5.8832518337408315, 0.2
1636, 9632.0, 7, 5.883934025656689, 0.2
1637, 9639.0, 7, 5.884615384615385, 0.2
1638, 9647.0, 8, 5.885906040268456, 0.2
1639, 9653.0, 6, 5.885975609756097, 0.2
1640, 9660.0, 7, 5.886654478976234, 0.2
1641, 9663.0, 3, 5.88489646772229, 0.2
1642, 9669.0, 6, 5.8849665246500305, 0.2
1643, 9671.0, 2, 5.882603406326034, 0.2
1644, 9677.0, 6, 5.8826747720364745, 0.2
1645, 9683.0, 6, 5.8827460510328065, 0.2
1646, 9687.0, 4, 5.881602914389799, 0.2
1647, 9691.0, 4, 5.880461165048544, 0.2
1648, 9698.0, 7, 5.88114008489994, 0.2
1649, 9706.0, 8, 5.882424242424243, 0.2
1650, 9706.0, 0, 5.878861296184131, 0.2
1651, 9712.0, 6, 5.878934624697337, 0.2
1652, 9713.0, 1, 5.875983061101029, 0.2
1653, 9721.0, 8, 5.87726723095526, 0.2
1654, 9726.0, 5, 5.876737160120846, 0.2
1655, 9732.0, 6, 5.8768115942028984, 0.2
1656, 9738.0, 6, 5.876885938442969, 0.2
1657, 9745.0, 7, 5.877563329312425, 0.2
1658, 9752.0, 7, 5.878239903556359, 0.2
1659, 9759.0, 7, 5.878915662650602, 0.2
1660, 9766.0, 7, 5.87959060806743, 0.2
1661, 9772.0, 6, 5.879663056558363, 0.2
1662, 9776.0, 4, 5.878532772098617, 0.2
1663, 9782.0, 6, 5.878605769230769, 0.2
1664, 9788.0, 6, 5.878678678678678, 0.2
1665, 9788.0, 0, 5.875150060024009, 0.2
1666, 9794.0, 6, 5.875224955008998, 0.2
1667, 9801.0, 7, 5.875899280575539, 0.2
1668, 9807.0, 6, 5.875973636908328, 0.2
1669, 9815.0, 8, 5.877245508982036, 0.2
1670, 9817.0, 2, 5.874925194494315, 0.2
1671, 9824.0, 7, 5.875598086124402, 0.2
1672, 9831.0, 7, 5.876270173341303, 0.2
1673, 9837.0, 6, 5.876344086021505, 0.2
1674, 9843.0, 6, 5.876417910447762, 0.2
1675, 9850.0, 7, 5.87708830548926, 0.2
1676, 9857.0, 7, 5.877757901013715, 0.2
1677, 9864.0, 7, 5.878426698450537, 0.2
1678, 9872.0, 8, 5.879690291840381, 0.2
1679, 9878.0, 6, 5.879761904761905, 0.2
1680, 9884.0, 6, 5.879833432480666, 0.2
1681, 9887.0, 3, 5.878121284185493, 0.2
1682, 9893.0, 6, 5.878193701723114, 0.2
1683, 9900.0, 7, 5.878859857482185, 0.2
1684, 9907.0, 7, 5.879525222551929, 0.2
1685, 9914.0, 7, 5.880189798339265, 0.2
1686, 9919.0, 5, 5.8796680497925315, 0.2
1687, 9926.0, 7, 5.880331753554502, 0.2
1688, 9931.0, 5, 5.879810538780343, 0.2
1689, 9938.0, 7, 5.880473372781065, 0.2
1690, 9944.0, 6, 5.880544056771141, 0.2
1691, 9952.0, 8, 5.881796690307328, 0.2
1692, 9959.0, 7, 5.882457176609569, 0.2
1693, 9963.0, 4, 5.881345926800472, 0.2
1694, 9969.0, 6, 5.8814159292035395, 0.2
1695, 9976.0, 7, 5.882075471698113, 0.2
1696, 9982.0, 6, 5.882144961697112, 0.2
1697, 9990.0, 8, 5.88339222614841, 0.2
1698, 9998.0, 8, 5.884638022366098, 0.2
1699, 9999.0, 1, 5.881764705882353, 0.2
1700, 10006.0, 7, 5.882422104644327, 0.2
1701, 10013.0, 7, 5.883078730904818, 0.2
1702, 10019.0, 6, 5.883147386964181, 0.2
1703, 10026.0, 7, 5.883802816901408, 0.2
1704, 10033.0, 7, 5.884457478005865, 0.2
1705, 10039.0, 6, 5.884525205158265, 0.2
1706, 10046.0, 7, 5.885178676039836, 0.2
1707, 10054.0, 8, 5.886416861826698, 0.2
1708, 10054.0, 0, 5.882972498537156, 0.2
1709, 10061.0, 7, 5.883625730994152, 0.2
1710, 10068.0, 7, 5.884278199883109, 0.2
1711, 10075.0, 7, 5.884929906542056, 0.2
1712, 10082.0, 7, 5.885580852305896, 0.2
1713, 10090.0, 8, 5.88681446907818, 0.2
1714, 10094.0, 4, 5.885714285714286, 0.2
1715, 10099.0, 5, 5.885198135198135, 0.2
1716, 10107.0, 8, 5.886429819452533, 0.2
1717, 10113.0, 6, 5.886495925494762, 0.2
1718, 10115.0, 2, 5.884235020360675, 0.2
1719, 10122.0, 7, 5.884883720930232, 0.2
1720, 10123.0, 1, 5.882045322486926, 0.2
1721, 10130.0, 7, 5.8826945412311265, 0.2
1722, 10138.0, 8, 5.883923389437029, 0.2
1723, 10141.0, 3, 5.882250580046404, 0.2
1724, 10147.0, 6, 5.88231884057971, 0.2
1725, 10155.0, 8, 5.883545770567787, 0.2
1726, 10162.0, 7, 5.884192240880139, 0.2
1727, 10167.0, 5, 5.883680555555555, 0.2
1728, 10172.0, 5, 5.883169462116831, 0.2
1729, 10178.0, 6, 5.883236994219653, 0.2
1730, 10183.0, 5, 5.882726747544772, 0.2
1731, 10188.0, 5, 5.882217090069284, 0.2
1732, 10195.0, 7, 5.882862088863243, 0.2
1733, 10201.0, 6, 5.882929642445213, 0.2
1734, 10209.0, 8, 5.884149855907781, 0.2
1735, 10215.0, 6, 5.884216589861751, 0.2
1736, 10222.0, 7, 5.884858952216465, 0.2
1737, 10228.0, 6, 5.884925201380898, 0.2
1738, 10235.0, 7, 5.885566417481311, 0.2
1739, 10241.0, 6, 5.885632183908046, 0.2
1740, 10249.0, 8, 5.886846639862148, 0.2
1741, 10257.0, 8, 5.888059701492537, 0.2
1742, 10258.0, 1, 5.885255306942054, 0.2
1743, 10265.0, 7, 5.885894495412844, 0.2
1744, 10272.0, 7, 5.886532951289398, 0.2
1745, 10276.0, 4, 5.885452462772051, 0.2
1746, 10282.0, 6, 5.885518030910132, 0.2
1747, 10288.0, 6, 5.88558352402746, 0.2
1748, 10291.0, 3, 5.883933676386507, 0.2
1749, 10298.0, 7, 5.884571428571428, 0.2
1750, 10306.0, 8, 5.885779554540263, 0.2
1751, 10311.0, 5, 5.885273972602739, 0.2
1752, 10318.0, 7, 5.885909868796349, 0.2
1753, 10320.0, 2, 5.88369441277081, 0.2
1754, 10322.0, 2, 5.881481481481481, 0.2
1755, 10327.0, 5, 5.8809794988610475, 0.2
1756, 10332.0, 5, 5.8804780876494025, 0.2
1757, 10334.0, 2, 5.878270762229807, 0.2
1758, 10340.0, 6, 5.87833996588971, 0.2
1759, 10347.0, 7, 5.878977272727273, 0.2
1760, 10352.0, 5, 5.8784781374219195, 0.2
1761, 10360.0, 8, 5.879682179341657, 0.2
1762, 10367.0, 7, 5.880317640385706, 0.2
1763, 10374.0, 7, 5.880952380952381, 0.2
1764, 10380.0, 6, 5.881019830028329, 0.2
1765, 10388.0, 8, 5.8822197055492635, 0.2
1766, 10396.0, 8, 5.883418222976797, 0.2
1767, 10403.0, 7, 5.884049773755656, 0.2
1768, 10410.0, 7, 5.8846806105144145, 0.2
1769, 10416.0, 6, 5.884745762711864, 0.2
1770, 10418.0, 2, 5.882552230378318, 0.2
1771, 10418.0, 0, 5.8792325056433405, 0.2
1772, 10423.0, 5, 5.87873660462493, 0.2
1773, 10430.0, 7, 5.879368658399098, 0.2
1774, 10437.0, 7, 5.88, 0.2
1775, 10443.0, 6, 5.8800675675675675, 0.2
1776, 10448.0, 5, 5.879572312886888, 0.2
1777, 10456.0, 8, 5.880764904386951, 0.2
1778, 10462.0, 6, 5.880831928049466, 0.2
1779, 10469.0, 7, 5.881460674157303, 0.2
1780, 10473.0, 4, 5.880404267265581, 0.2
1781, 10481.0, 8, 5.881593714927048, 0.2
1782, 10485.0, 4, 5.880538418395962, 0.2
1783, 10492.0, 7, 5.881165919282512, 0.2
1784, 10499.0, 7, 5.881792717086835, 0.2
1785, 10501.0, 2, 5.879619260918253, 0.2
1786, 10506.0, 5, 5.879127028539451, 0.2
1787, 10512.0, 6, 5.879194630872483, 0.2
1788, 10518.0, 6, 5.879262157629961, 0.2
1789, 10525.0, 7, 5.879888268156424, 0.2
1790, 10527.0, 2, 5.877721943048576, 0.2
1791, 10531.0, 4, 5.876674107142857, 0.2
1792, 10537.0, 6, 5.876742889012828, 0.2
1793, 10543.0, 6, 5.8768115942028984, 0.2
1794, 10548.0, 5, 5.876323119777159, 0.2
1795, 10552.0, 4, 5.875278396436526, 0.2
1796, 10558.0, 6, 5.875347801892042, 0.2
1797, 10566.0, 8, 5.876529477196885, 0.2
1798, 10573.0, 7, 5.8771539744302395, 0.2
1799, 10580.0, 7, 5.877777777777778, 0.2
1800, 10587.0, 7, 5.878400888395336, 0.2
1801, 10592.0, 5, 5.877913429522753, 0.2
1802, 10597.0, 5, 5.877426511369939, 0.2
1803, 10602.0, 5, 5.876940133037694, 0.2
1804, 10602.0, 0, 5.873684210526315, 0.2
1805, 10609.0, 7, 5.874307862679956, 0.2
1806, 10614.0, 5, 5.87382401770891, 0.2
1807, 10621.0, 7, 5.874446902654867, 0.2
1808, 10623.0, 2, 5.872305140961857, 0.2
1809, 10630.0, 7, 5.87292817679558, 0.2
1810, 10635.0, 5, 5.872446162341248, 0.2
1811, 10642.0, 7, 5.873068432671082, 0.2
1812, 10648.0, 6, 5.873138444567016, 0.2
1813, 10654.0, 6, 5.873208379272326, 0.2
1814, 10656.0, 2, 5.87107438016529, 0.2
1815, 10662.0, 6, 5.871145374449339, 0.2
1816, 10665.0, 3, 5.869565217391305, 0.2
1817, 10671.0, 6, 5.86963696369637, 0.2
1818, 10678.0, 7, 5.870258383727323, 0.2
1819, 10684.0, 6, 5.87032967032967, 0.2
1820, 10689.0, 5, 5.869851729818781, 0.2
1821, 10697.0, 8, 5.871020856201976, 0.2
1822, 10698.0, 1, 5.868348875479978, 0.2
1823, 10704.0, 6, 5.868421052631579, 0.2
1824, 10710.0, 6, 5.868493150684931, 0.2
1825, 10717.0, 7, 5.8691128148959475, 0.2
1826, 10722.0, 5, 5.8686371100164205, 0.2
1827, 10728.0, 6, 5.868708971553611, 0.2
1828, 10735.0, 7, 5.869327501366867, 0.2
1829, 10737.0, 2, 5.867213114754098, 0.2
1830, 10744.0, 7, 5.867831785909339, 0.2
1831, 10748.0, 4, 5.866812227074236, 0.2
1832, 10753.0, 5, 5.866339334424441, 0.2
1833, 10761.0, 8, 5.867502726281352, 0.2
1834, 10765.0, 4, 5.866485013623978, 0.2
1835, 10769.0, 4, 5.8654684095860565, 0.2
1836, 10777.0, 8, 5.866630375612411, 0.2
1837, 10784.0, 7, 5.867247007616975, 0.2
1838, 10790.0, 6, 5.86731919521479, 0.2
1839, 10797.0, 7, 5.867934782608696, 0.2
1840, 10802.0, 5, 5.867463335143944, 0.2
1841, 10808.0, 6, 5.867535287730727, 0.2
1842, 10808.0, 0, 5.864351600651112, 0.2
1843, 10812.0, 4, 5.863340563991323, 0.2
1844, 10819.0, 7, 5.863956639566395, 0.2
1845, 10826.0, 7, 5.864572047670639, 0.2
1846, 10830.0, 4, 5.863562533838658, 0.2
1847, 10835.0, 5, 5.863095238095238, 0.2
1848, 10835.0, 0, 5.85992428339643, 0.2
1849, 10840.0, 5, 5.859459459459459, 0.2
1850, 10847.0, 7, 5.860075634792004, 0.2
1851, 10849.0, 2, 5.857991360691145, 0.2
1852, 10855.0, 6, 5.858067997841339, 0.2
1853, 10857.0, 2, 5.855987055016182, 0.2
1854, 10863.0, 6, 5.856064690026954, 0.2
1855, 10869.0, 6, 5.8561422413793105, 0.2
1856, 10874.0, 5, 5.855681206246635, 0.2
1857, 10880.0, 6, 5.855758880516684, 0.2
1858, 10885.0, 5, 5.85529854760624, 0.2
1859, 10893.0, 8, 5.856451612903226, 0.2
1860, 10900.0, 7, 5.857066093498119, 0.2
1861, 10908.0, 8, 5.858216970998926, 0.2
1862, 10914.0, 6, 5.85829307568438, 0.2
1863, 10914.0, 0, 5.855150214592275, 0.2
1864, 10921.0, 7, 5.855764075067024, 0.2
1865, 10926.0, 5, 5.855305466237942, 0.2
1866, 10934.0, 8, 5.856454204606321, 0.2
1867, 10939.0, 5, 5.855995717344753, 0.2
1868, 10945.0, 6, 5.856072766185126, 0.2
1869, 10951.0, 6, 5.856149732620321, 0.2
1870, 10958.0, 7, 5.856761090326029, 0.2
1871, 10959.0, 1, 5.854166666666667, 0.2
1872, 10965.0, 6, 5.854244527495996, 0.2
1873, 10972.0, 7, 5.854855923159018, 0.2
1874, 10978.0, 6, 5.854933333333333, 0.2
1875, 10986.0, 8, 5.856076759061834, 0.2
1876, 10988.0, 2, 5.854022376132126, 0.2
1877, 10995.0, 7, 5.854632587859425, 0.2
1878, 11003.0, 8, 5.855774348057477, 0.2
1879, 11009.0, 6, 5.855851063829787, 0.2
1880, 11016.0, 7, 5.856459330143541, 0.2
1881, 11021.0, 5, 5.8560042507970245, 0.2
1882, 11028.0, 7, 5.856611789697292, 0.2
1883, 11033.0, 5, 5.85615711252654, 0.2
1884, 11040.0, 7, 5.856763925729443, 0.2
1885, 11046.0, 6, 5.856839872746553, 0.2
1886, 11051.0, 5, 5.856385797562268, 0.2
1887, 11052.0, 1, 5.853813559322034, 0.2
1888, 11060.0, 8, 5.854949708840657, 0.2
1889, 11066.0, 6, 5.855026455026455, 0.2
1890, 11072.0, 6, 5.855103120042306, 0.2
1891, 11078.0, 6, 5.855179704016913, 0.2
1892, 11082.0, 4, 5.854199683042789, 0.2
1893, 11090.0, 8, 5.8553326293558605, 0.2
1894, 11096.0, 6, 5.855408970976253, 0.2
1895, 11103.0, 7, 5.856012658227848, 0.2
1896, 11110.0, 7, 5.856615709014233, 0.2
1897, 11111.0, 1, 5.854056902002108, 0.2
1898, 11113.0, 2, 5.85202738283307, 0.2
1899, 11120.0, 7, 5.852631578947369, 0.2
1900, 11124.0, 4, 5.851657022619674, 0.2
1901, 11130.0, 6, 5.851735015772871, 0.2
1902, 11137.0, 7, 5.852338413032054, 0.2
1903, 11138.0, 1, 5.849789915966387, 0.2
1904, 11146.0, 8, 5.850918635170603, 0.2
1905, 11152.0, 6, 5.85099685204617, 0.2
1906, 11156.0, 4, 5.850026219192449, 0.2
1907, 11158.0, 2, 5.848008385744235, 0.2
1908, 11164.0, 6, 5.848088004190676, 0.2
1909, 11170.0, 6, 5.848167539267016, 0.2
1910, 11177.0, 7, 5.848770277341706, 0.2
1911, 11184.0, 7, 5.849372384937238, 0.2
1912, 11185.0, 1, 5.846837428123367, 0.2
1913, 11192.0, 7, 5.847439916405434, 0.2
1914, 11197.0, 5, 5.846997389033943, 0.2
1915, 11199.0, 2, 5.8449895615866385, 0.2
1916, 11205.0, 6, 5.845070422535211, 0.2
1917, 11211.0, 6, 5.845151199165798, 0.2
1918, 11218.0, 7, 5.8457529963522665, 0.2
1919, 11225.0, 7, 5.846354166666667, 0.2
1920, 11232.0, 7, 5.846954711087975, 0.2
1921, 11239.0, 7, 5.847554630593132, 0.2
1922, 11246.0, 7, 5.848153926157046, 0.2
1923, 11251.0, 5, 5.847713097713098, 0.2
1924, 11258.0, 7, 5.848311688311688, 0.2
1925, 11265.0, 7, 5.848909657320872, 0.2
1926, 11272.0, 7, 5.849507005708355, 0.2
1927, 11278.0, 6, 5.8495850622406635, 0.2
1928, 11285.0, 7, 5.850181441161223, 0.2
1929, 11285.0, 0, 5.847150259067358, 0.2
1930, 11292.0, 7, 5.84774728120145, 0.2
1931, 11296.0, 4, 5.846790890269151, 0.2
1932, 11303.0, 7, 5.847387480600103, 0.2
1933, 11308.0, 5, 5.846949327817994, 0.2
1934, 11316.0, 8, 5.848062015503876, 0.2
1935, 11324.0, 8, 5.849173553719008, 0.2
1936, 11331.0, 7, 5.849767681982447, 0.2
1937, 11339.0, 8, 5.850877192982456, 0.2
1938, 11345.0, 6, 5.850954100051573, 0.2
1939, 11345.0, 0, 5.847938144329897, 0.2
1940, 11353.0, 8, 5.849046883049974, 0.2
1941, 11361.0, 8, 5.85015447991761, 0.2
1942, 11366.0, 5, 5.849716932578487, 0.2
1943, 11373.0, 7, 5.8503086419753085, 0.2
1944, 11381.0, 8, 5.851413881748072, 0.2
1945, 11387.0, 6, 5.851490236382323, 0.2
1946, 11391.0, 4, 5.850539291217257, 0.2
1947, 11399.0, 8, 5.851642710472279, 0.2
1948, 11406.0, 7, 5.852231913801949, 0.2
1949, 11413.0, 7, 5.852820512820513, 0.2
1950, 11420.0, 7, 5.853408508457202, 0.2
1951, 11425.0, 5, 5.85297131147541, 0.2
1952, 11433.0, 8, 5.854070660522273, 0.2
1953, 11438.0, 5, 5.853633572159673, 0.2
1954, 11444.0, 6, 5.853708439897698, 0.2
1955, 11452.0, 8, 5.85480572597137, 0.2
1956, 11457.0, 5, 5.854368932038835, 0.2
1957, 11462.0, 5, 5.853932584269663, 0.2
1958, 11463.0, 1, 5.85145482388974, 0.2
1959, 11471.0, 8, 5.852551020408163, 0.2
1960, 11478.0, 7, 5.8531361550229475, 0.2
1961, 11483.0, 5, 5.85270132517839, 0.2
1962, 11486.0, 3, 5.851248089658686, 0.2
1963, 11492.0, 6, 5.85132382892057, 0.2
1964, 11500.0, 8, 5.852417302798982, 0.2
1965, 11506.0, 6, 5.852492370295015, 0.2
1966, 11514.0, 8, 5.853584138281647, 0.2
1967, 11521.0, 7, 5.854166666666667, 0.2
1968, 11526.0, 5, 5.853732859319451, 0.2
1969, 11531.0, 5, 5.853299492385787, 0.2
1970, 11537.0, 6, 5.853373921867073, 0.2
1971, 11544.0, 7, 5.85395537525355, 0.2
1972, 11551.0, 7, 5.854536239229599, 0.2
1973, 11557.0, 6, 5.8546099290780145, 0.2
1974, 11562.0, 5, 5.854177215189873, 0.2
1975, 11570.0, 8, 5.855263157894737, 0.2
1976, 11577.0, 7, 5.855842185128983, 0.2
1977, 11585.0, 8, 5.856926188068757, 0.2
1978, 11591.0, 6, 5.85699848408287, 0.2
1979, 11594.0, 3, 5.855555555555555, 0.2
1980, 11600.0, 6, 5.85562847046946, 0.2
1981, 11605.0, 5, 5.855196770938446, 0.2
1982, 11606.0, 1, 5.852748361069088, 0.2
1983, 11613.0, 7, 5.853326612903226, 0.2
1984, 11621.0, 8, 5.854408060453401, 0.2
1985, 11627.0, 6, 5.85448136958711, 0.2
1986, 11634.0, 7, 5.85505787619527, 0.2
1987, 11641.0, 7, 5.855633802816901, 0.2
1988, 11647.0, 6, 5.8557063851181494, 0.2
1989, 11654.0, 7, 5.856281407035176, 0.2
1990, 11661.0, 7, 5.856855851330989, 0.2
1991, 11667.0, 6, 5.856927710843373, 0.2
1992, 11675.0, 8, 5.858003010536879, 0.2
1993, 11680.0, 5, 5.857572718154463, 0.2
1994, 11685.0, 5, 5.857142857142857, 0.2
1995, 11693.0, 8, 5.858216432865731, 0.2
1996, 11699.0, 6, 5.85828743114672, 0.2
1997, 11707.0, 8, 5.85935935935936, 0.2
1998, 11714.0, 7, 5.859929964982491, 0.2
1999, 11719.0, 5, 5.8595, 0.2
