0, 8.0, 8, 8.0, 0.2
1, 16.0, 8, 8.0, 0.2
2, 24.0, 8, 8.0, 0.2
3, 32.0, 8, 8.0, 0.2
4, 40.0, 8, 8.0, 0.2
5, 48.0, 8, 8.0, 0.2
6, 56.0, 8, 8.0, 0.2
7, 64.0, 8, 8.0, 0.2
8, 72.0, 8, 8.0, 0.2
9, 80.0, 8, 8.0, 0.2
10, 88.0, 8, 8.0, 0.2
11, 96.0, 8, 8.0, 0.2
12, 104.0, 8, 8.0, 0.2
13, 112.0, 8, 8.0, 0.2
14, 120.0, 8, 8.0, 0.2
15, 128.0, 8, 8.0, 0.2
16, 136.0, 8, 8.0, 0.2
17, 144.0, 8, 8.0, 0.2
18, 152.0, 8, 8.0, 0.2
19, 160.0, 8, 8.0, 0.2
20, 168.0, 8, 8.0, 0.2
21, 176.0, 8, 8.0, 0.2
22, 184.0, 8, 8.0, 0.2
23, 192.0, 8, 8.0, 0.2
24, 200.0, 8, 8.0, 0.2
25, 208.0, 8, 8.0, 0.2
26, 216.0, 8, 8.0, 0.2
27, 224.0, 8, 8.0, 0.2
28, 232.0, 8, 8.0, 0.2
29, 240.0, 8, 8.0, 0.2
30, 248.0, 8, 8.0, 0.2
31, 256.0, 8, 8.0, 0.2
32, 264.0, 8, 8.0, 0.2
33, 272.0, 8, 8.0, 0.2
34, 280.0, 8, 8.0, 0.2
35, 288.0, 8, 8.0, 0.2
36, 296.0, 8, 8.0, 0.2
37, 304.0, 8, 8.0, 0.2
38, 312.0, 8, 8.0, 0.2
39, 320.0, 8, 8.0, 0.2
40, 328.0, 8, 8.0, 0.2
41, 336.0, 8, 8.0, 0.2
42, 344.0, 8, 8.0, 0.2
43, 352.0, 8, 8.0, 0.2
44, 360.0, 8, 8.0, 0.2
45, 368.0, 8, 8.0, 0.2
46, 376.0, 8, 8.0, 0.2
47, 384.0, 8, 8.0, 0.2
48, 392.0, 8, 8.0, 0.2
49, 400.0, 8, 8.0, 0.2
50, 408.0, 8, 8.0, 0.2
51, 416.0, 8, 8.0, 0.2
52, 424.0, 8, 8.0, 0.2
53, 432.0, 8, 8.0, 0.2
54, 440.0, 8, 8.0, 0.2
55, 448.0, 8, 8.0, 0.2
56, 456.0, 8, 8.0, 0.2
57, 464.0, 8, 8.0, 0.2
58, 472.0, 8, 8.0, 0.2
59, 480.0, 8, 8.0, 0.2
60, 488.0, 8, 8.0, 0.2
61, 496.0, 8, 8.0, 0.2
62, 504.0, 8, 8.0, 0.2
63, 512.0, 8, 8.0, 0.2
64, 520.0, 8, 8.0, 0.2
65, 528.0, 8, 8.0, 0.2
66, 536.0, 8, 8.0, 0.2
67, 544.0, 8, 8.0, 0.2
68, 552.0, 8, 8.0, 0.2
69, 560.0, 8, 8.0, 0.2
70, 568.0, 8, 8.0, 0.2
71, 576.0, 8, 8.0, 0.2
72, 584.0, 8, 8.0, 0.2
73, 592.0, 8, 8.0, 0.2
74, 600.0, 8, 8.0, 0.2
75, 608.0, 8, 8.0, 0.2
76, 616.0, 8, 8.0, 0.2
77, 624.0, 8, 8.0, 0.2
78, 632.0, 8, 8.0, 0.2
79, 640.0, 8, 8.0, 0.2
80, 648.0, 8, 8.0, 0.2
81, 656.0, 8, 8.0, 0.2
82, 664.0, 8, 8.0, 0.2
83, 672.0, 8, 8.0, 0.2
84, 680.0, 8, 8.0, 0.2
85, 688.0, 8, 8.0, 0.2
86, 696.0, 8, 8.0, 0.2
87, 704.0, 8, 8.0, 0.2
88, 712.0, 8, 8.0, 0.2
89, 720.0, 8, 8.0, 0.2
90, 728.0, 8, 8.0, 0.2
91, 736.0, 8, 8.0, 0.2
92, 744.0, 8, 8.0, 0.2
93, 752.0, 8, 8.0, 0.2
94, 760.0, 8, 8.0, 0.2
95, 768.0, 8, 8.0, 0.2
96, 776.0, 8, 8.0, 0.2
97, 784.0, 8, 8.0, 0.2
98, 792.0, 8, 8.0, 0.2
99, 800.0, 8, 8.0, 0.2
100, 808.0, 8, 8.0, 0.2
101, 816.0, 8, 8.0, 0.2
102, 824.0, 8, 8.0, 0.2
103, 832.0, 8, 8.0, 0.2
104, 840.0, 8, 8.0, 0.2
105, 848.0, 8, 8.0, 0.2
106, 856.0, 8, 8.0, 0.2
107, 864.0, 8, 8.0, 0.2
108, 872.0, 8, 8.0, 0.2
109, 880.0, 8, 8.0, 0.2
110, 888.0, 8, 8.0, 0.2
111, 896.0, 8, 8.0, 0.2
112, 904.0, 8, 8.0, 0.2
113, 912.0, 8, 8.0, 0.2
114, 920.0, 8, 8.0, 0.2
115, 928.0, 8, 8.0, 0.2
116, 936.0, 8, 8.0, 0.2
117, 944.0, 8, 8.0, 0.2
118, 952.0, 8, 8.0, 0.2
119, 960.0, 8, 8.0, 0.2
120, 968.0, 8, 8.0, 0.2
121, 976.0, 8, 8.0, 0.2
122, 984.0, 8, 8.0, 0.2
123, 992.0, 8, 8.0, 0.2
124, 1000.0, 8, 8.0, 0.2
125, 1008.0, 8, 8.0, 0.2
126, 1016.0, 8, 8.0, 0.2
127, 1024.0, 8, 8.0, 0.2
128, 1032.0, 8, 8.0, 0.2
129, 1040.0, 8, 8.0, 0.2
130, 1048.0, 8, 8.0, 0.2
131, 1056.0, 8, 8.0, 0.2
132, 1064.0, 8, 8.0, 0.2
133, 1072.0, 8, 8.0, 0.2
134, 1080.0, 8, 8.0, 0.2
135, 1088.0, 8, 8.0, 0.2
136, 1096.0, 8, 8.0, 0.2
137, 1104.0, 8, 8.0, 0.2
138, 1112.0, 8, 8.0, 0.2
139, 1120.0, 8, 8.0, 0.2
140, 1128.0, 8, 8.0, 0.2
141, 1136.0, 8, 8.0, 0.2
142, 1144.0, 8, 8.0, 0.2
143, 1152.0, 8, 8.0, 0.2
144, 1160.0, 8, 8.0, 0.2
145, 1168.0, 8, 8.0, 0.2
146, 1176.0, 8, 8.0, 0.2
147, 1184.0, 8, 8.0, 0.2
148, 1192.0, 8, 8.0, 0.2
149, 1200.0, 8, 8.0, 0.2
150, 1208.0, 8, 8.0, 0.2
151, 1216.0, 8, 8.0, 0.2
152, 1224.0, 8, 8.0, 0.2
153, 1232.0, 8, 8.0, 0.2
154, 1240.0, 8, 8.0, 0.2
155, 1248.0, 8, 8.0, 0.2
156, 1256.0, 8, 8.0, 0.2
157, 1264.0, 8, 8.0, 0.2
158, 1272.0, 8, 8.0, 0.2
159, 1280.0, 8, 8.0, 0.2
160, 1288.0, 8, 8.0, 0.2
161, 1296.0, 8, 8.0, 0.2
162, 1304.0, 8, 8.0, 0.2
163, 1312.0, 8, 8.0, 0.2
164, 1320.0, 8, 8.0, 0.2
165, 1328.0, 8, 8.0, 0.2
166, 1336.0, 8, 8.0, 0.2
167, 1344.0, 8, 8.0, 0.2
168, 1352.0, 8, 8.0, 0.2
169, 1360.0, 8, 8.0, 0.2
170, 1368.0, 8, 8.0, 0.2
171, 1376.0, 8, 8.0, 0.2
172, 1384.0, 8, 8.0, 0.2
173, 1392.0, 8, 8.0, 0.2
174, 1400.0, 8, 8.0, 0.2
175, 1408.0, 8, 8.0, 0.2
176, 1416.0, 8, 8.0, 0.2
177, 1424.0, 8, 8.0, 0.2
178, 1432.0, 8, 8.0, 0.2
179, 1440.0, 8, 8.0, 0.2
180, 1448.0, 8, 8.0, 0.2
181, 1456.0, 8, 8.0, 0.2
182, 1464.0, 8, 8.0, 0.2
183, 1472.0, 8, 8.0, 0.2
184, 1480.0, 8, 8.0, 0.2
185, 1488.0, 8, 8.0, 0.2
186, 1496.0, 8, 8.0, 0.2
187, 1504.0, 8, 8.0, 0.2
188, 1512.0, 8, 8.0, 0.2
189, 1520.0, 8, 8.0, 0.2
190, 1528.0, 8, 8.0, 0.2
191, 1536.0, 8, 8.0, 0.2
192, 1544.0, 8, 8.0, 0.2
193, 1552.0, 8, 8.0, 0.2
194, 1560.0, 8, 8.0, 0.2
195, 1568.0, 8, 8.0, 0.2
196, 1576.0, 8, 8.0, 0.2
197, 1584.0, 8, 8.0, 0.2
198, 1592.0, 8, 8.0, 0.2
199, 1600.0, 8, 8.0, 0.2
200, 1608.0, 8, 8.0, 0.2
201, 1616.0, 8, 8.0, 0.2
202, 1624.0, 8, 8.0, 0.2
203, 1632.0, 8, 8.0, 0.2
204, 1640.0, 8, 8.0, 0.2
205, 1648.0, 8, 8.0, 0.2
206, 1656.0, 8, 8.0, 0.2
207, 1664.0, 8, 8.0, 0.2
208, 1672.0, 8, 8.0, 0.2
209, 1680.0, 8, 8.0, 0.2
210, 1688.0, 8, 8.0, 0.2
211, 1696.0, 8, 8.0, 0.2
212, 1704.0, 8, 8.0, 0.2
213, 1712.0, 8, 8.0, 0.2
214, 1720.0, 8, 8.0, 0.2
215, 1728.0, 8, 8.0, 0.2
216, 1736.0, 8, 8.0, 0.2
217, 1744.0, 8, 8.0, 0.2
218, 1752.0, 8, 8.0, 0.2
219, 1760.0, 8, 8.0, 0.2
220, 1768.0, 8, 8.0, 0.2
221, 1776.0, 8, 8.0, 0.2
222, 1784.0, 8, 8.0, 0.2
223, 1792.0, 8, 8.0, 0.2
224, 1800.0, 8, 8.0, 0.2
225, 1808.0, 8, 8.0, 0.2
226, 1816.0, 8, 8.0, 0.2
227, 1824.0, 8, 8.0, 0.2
228, 1832.0, 8, 8.0, 0.2
229, 1840.0, 8, 8.0, 0.2
230, 1848.0, 8, 8.0, 0.2
231, 1856.0, 8, 8.0, 0.2
232, 1864.0, 8, 8.0, 0.2
233, 1872.0, 8, 8.0, 0.2
234, 1880.0, 8, 8.0, 0.2
235, 1888.0, 8, 8.0, 0.2
236, 1896.0, 8, 8.0, 0.2
237, 1904.0, 8, 8.0, 0.2
238, 1912.0, 8, 8.0, 0.2
239, 1920.0, 8, 8.0, 0.2
240, 1928.0, 8, 8.0, 0.2
241, 1936.0, 8, 8.0, 0.2
242, 1944.0, 8, 8.0, 0.2
243, 1952.0, 8, 8.0, 0.2
244, 1960.0, 8, 8.0, 0.2
245, 1968.0, 8, 8.0, 0.2
246, 1976.0, 8, 8.0, 0.2
247, 1984.0, 8, 8.0, 0.2
248, 1992.0, 8, 8.0, 0.2
249, 2000.0, 8, 8.0, 0.2
250, 2008.0, 8, 8.0, 0.2
251, 2016.0, 8, 8.0, 0.2
252, 2024.0, 8, 8.0, 0.2
253, 2032.0, 8, 8.0, 0.2
254, 2040.0, 8, 8.0, 0.2
255, 2048.0, 8, 8.0, 0.2
256, 2056.0, 8, 8.0, 0.2
257, 2064.0, 8, 8.0, 0.2
258, 2072.0, 8, 8.0, 0.2
259, 2080.0, 8, 8.0, 0.2
260, 2088.0, 8, 8.0, 0.2
261, 2096.0, 8, 8.0, 0.2
262, 2104.0, 8, 8.0, 0.2
263, 2112.0, 8, 8.0, 0.2
264, 2120.0, 8, 8.0, 0.2
265, 2128.0, 8, 8.0, 0.2
266, 2136.0, 8, 8.0, 0.2
267, 2144.0, 8, 8.0, 0.2
268, 2152.0, 8, 8.0, 0.2
269, 2160.0, 8, 8.0, 0.2
270, 2168.0, 8, 8.0, 0.2
271, 2176.0, 8, 8.0, 0.2
272, 2184.0, 8, 8.0, 0.2
273, 2192.0, 8, 8.0, 0.2
274, 2200.0, 8, 8.0, 0.2
275, 2208.0, 8, 8.0, 0.2
276, 2216.0, 8, 8.0, 0.2
277, 2224.0, 8, 8.0, 0.2
278, 2232.0, 8, 8.0, 0.2
279, 2240.0, 8, 8.0, 0.2
280, 2248.0, 8, 8.0, 0.2
281, 2256.0, 8, 8.0, 0.2
282, 2264.0, 8, 8.0, 0.2
283, 2272.0, 8, 8.0, 0.2
284, 2280.0, 8, 8.0, 0.2
285, 2288.0, 8, 8.0, 0.2
286, 2296.0, 8, 8.0, 0.2
287, 2304.0, 8, 8.0, 0.2
288, 2312.0, 8, 8.0, 0.2
289, 2320.0, 8, 8.0, 0.2
290, 2328.0, 8, 8.0, 0.2
291, 2336.0, 8, 8.0, 0.2
292, 2344.0, 8, 8.0, 0.2
293, 2352.0, 8, 8.0, 0.2
294, 2360.0, 8, 8.0, 0.2
295, 2368.0, 8, 8.0, 0.2
296, 2376.0, 8, 8.0, 0.2
297, 2384.0, 8, 8.0, 0.2
298, 2392.0, 8, 8.0, 0.2
299, 2400.0, 8, 8.0, 0.2
300, 2408.0, 8, 8.0, 0.2
301, 2416.0, 8, 8.0, 0.2
302, 2424.0, 8, 8.0, 0.2
303, 2432.0, 8, 8.0, 0.2
304, 2440.0, 8, 8.0, 0.2
305, 2448.0, 8, 8.0, 0.2
306, 2456.0, 8, 8.0, 0.2
307, 2464.0, 8, 8.0, 0.2
308, 2472.0, 8, 8.0, 0.2
309, 2480.0, 8, 8.0, 0.2
310, 2488.0, 8, 8.0, 0.2
311, 2496.0, 8, 8.0, 0.2
312, 2504.0, 8, 8.0, 0.2
313, 2512.0, 8, 8.0, 0.2
314, 2520.0, 8, 8.0, 0.2
315, 2528.0, 8, 8.0, 0.2
316, 2536.0, 8, 8.0, 0.2
317, 2544.0, 8, 8.0, 0.2
318, 2552.0, 8, 8.0, 0.2
319, 2560.0, 8, 8.0, 0.2
320, 2568.0, 8, 8.0, 0.2
321, 2576.0, 8, 8.0, 0.2
322, 2584.0, 8, 8.0, 0.2
323, 2592.0, 8, 8.0, 0.2
324, 2600.0, 8, 8.0, 0.2
325, 2608.0, 8, 8.0, 0.2
326, 2616.0, 8, 8.0, 0.2
327, 2624.0, 8, 8.0, 0.2
328, 2632.0, 8, 8.0, 0.2
329, 2640.0, 8, 8.0, 0.2
330, 2648.0, 8, 8.0, 0.2
331, 2656.0, 8, 8.0, 0.2
332, 2664.0, 8, 8.0, 0.2
333, 2672.0, 8, 8.0, 0.2
334, 2680.0, 8, 8.0, 0.2
335, 2688.0, 8, 8.0, 0.2
336, 2696.0, 8, 8.0, 0.2
337, 2704.0, 8, 8.0, 0.2
338, 2712.0, 8, 8.0, 0.2
339, 2720.0, 8, 8.0, 0.2
340, 2728.0, 8, 8.0, 0.2
341, 2736.0, 8, 8.0, 0.2
342, 2744.0, 8, 8.0, 0.2
343, 2752.0, 8, 8.0, 0.2
344, 2760.0, 8, 8.0, 0.2
345, 2768.0, 8, 8.0, 0.2
346, 2776.0, 8, 8.0, 0.2
347, 2784.0, 8, 8.0, 0.2
348, 2792.0, 8, 8.0, 0.2
349, 2800.0, 8, 8.0, 0.2
350, 2808.0, 8, 8.0, 0.2
351, 2816.0, 8, 8.0, 0.2
352, 2824.0, 8, 8.0, 0.2
353, 2832.0, 8, 8.0, 0.2
354, 2840.0, 8, 8.0, 0.2
355, 2848.0, 8, 8.0, 0.2
356, 2856.0, 8, 8.0, 0.2
357, 2864.0, 8, 8.0, 0.2
358, 2872.0, 8, 8.0, 0.2
359, 2880.0, 8, 8.0, 0.2
360, 2888.0, 8, 8.0, 0.2
361, 2896.0, 8, 8.0, 0.2
362, 2904.0, 8, 8.0, 0.2
363, 2912.0, 8, 8.0, 0.2
364, 2920.0, 8, 8.0, 0.2
365, 2928.0, 8, 8.0, 0.2
366, 2936.0, 8, 8.0, 0.2
367, 2944.0, 8, 8.0, 0.2
368, 2952.0, 8, 8.0, 0.2
369, 2960.0, 8, 8.0, 0.2
370, 2968.0, 8, 8.0, 0.2
371, 2976.0, 8, 8.0, 0.2
372, 2984.0, 8, 8.0, 0.2
373, 2992.0, 8, 8.0, 0.2
374, 3000.0, 8, 8.0, 0.2
375, 3008.0, 8, 8.0, 0.2
376, 3016.0, 8, 8.0, 0.2
377, 3024.0, 8, 8.0, 0.2
378, 3032.0, 8, 8.0, 0.2
379, 3040.0, 8, 8.0, 0.2
380, 3048.0, 8, 8.0, 0.2
381, 3056.0, 8, 8.0, 0.2
382, 3064.0, 8, 8.0, 0.2
383, 3072.0, 8, 8.0, 0.2
384, 3080.0, 8, 8.0, 0.2
385, 3088.0, 8, 8.0, 0.2
386, 3096.0, 8, 8.0, 0.2
387, 3104.0, 8, 8.0, 0.2
388, 3112.0, 8, 8.0, 0.2
389, 3120.0, 8, 8.0, 0.2
390, 3128.0, 8, 8.0, 0.2
391, 3136.0, 8, 8.0, 0.2
392, 3144.0, 8, 8.0, 0.2
393, 3152.0, 8, 8.0, 0.2
394, 3160.0, 8, 8.0, 0.2
395, 3168.0, 8, 8.0, 0.2
396, 3176.0, 8, 8.0, 0.2
397, 3184.0, 8, 8.0, 0.2
398, 3192.0, 8, 8.0, 0.2
399, 3200.0, 8, 8.0, 0.2
400, 3208.0, 8, 8.0, 0.2
401, 3216.0, 8, 8.0, 0.2
402, 3224.0, 8, 8.0, 0.2
403, 3232.0, 8, 8.0, 0.2
404, 3240.0, 8, 8.0, 0.2
405, 3248.0, 8, 8.0, 0.2
406, 3256.0, 8, 8.0, 0.2
407, 3264.0, 8, 8.0, 0.2
408, 3272.0, 8, 8.0, 0.2
409, 3280.0, 8, 8.0, 0.2
410, 3288.0, 8, 8.0, 0.2
411, 3296.0, 8, 8.0, 0.2
412, 3304.0, 8, 8.0, 0.2
413, 3312.0, 8, 8.0, 0.2
414, 3320.0, 8, 8.0, 0.2
415, 3328.0, 8, 8.0, 0.2
416, 3336.0, 8, 8.0, 0.2
417, 3344.0, 8, 8.0, 0.2
418, 3352.0, 8, 8.0, 0.2
419, 3360.0, 8, 8.0, 0.2
420, 3368.0, 8, 8.0, 0.2
421, 3376.0, 8, 8.0, 0.2
422, 3384.0, 8, 8.0, 0.2
423, 3392.0, 8, 8.0, 0.2
424, 3400.0, 8, 8.0, 0.2
425, 3408.0, 8, 8.0, 0.2
426, 3416.0, 8, 8.0, 0.2
427, 3424.0, 8, 8.0, 0.2
428, 3432.0, 8, 8.0, 0.2
429, 3440.0, 8, 8.0, 0.2
430, 3448.0, 8, 8.0, 0.2
431, 3456.0, 8, 8.0, 0.2
432, 3464.0, 8, 8.0, 0.2
433, 3472.0, 8, 8.0, 0.2
434, 3480.0, 8, 8.0, 0.2
435, 3488.0, 8, 8.0, 0.2
436, 3496.0, 8, 8.0, 0.2
437, 3504.0, 8, 8.0, 0.2
438, 3512.0, 8, 8.0, 0.2
439, 3520.0, 8, 8.0, 0.2
440, 3528.0, 8, 8.0, 0.2
441, 3536.0, 8, 8.0, 0.2
442, 3544.0, 8, 8.0, 0.2
443, 3552.0, 8, 8.0, 0.2
444, 3560.0, 8, 8.0, 0.2
445, 3568.0, 8, 8.0, 0.2
446, 3576.0, 8, 8.0, 0.2
447, 3584.0, 8, 8.0, 0.2
448, 3592.0, 8, 8.0, 0.2
449, 3600.0, 8, 8.0, 0.2
450, 3608.0, 8, 8.0, 0.2
451, 3616.0, 8, 8.0, 0.2
452, 3624.0, 8, 8.0, 0.2
453, 3632.0, 8, 8.0, 0.2
454, 3640.0, 8, 8.0, 0.2
455, 3645.0, 5, 7.993421052631579, 0.2
456, 3651.0, 6, 7.989059080962801, 0.2
457, 3655.0, 4, 7.9803493449781655, 0.2
458, 3663.0, 8, 7.980392156862745, 0.2
459, 3668.0, 5, 7.973913043478261, 0.2
460, 3675.0, 7, 7.971800433839479, 0.2
461, 3680.0, 5, 7.965367965367966, 0.2
462, 3688.0, 8, 7.9654427645788335, 0.2
463, 3695.0, 7, 7.963362068965517, 0.2
464, 3699.0, 4, 7.95483870967742, 0.2
465, 3705.0, 6, 7.950643776824034, 0.2
466, 3713.0, 8, 7.950749464668094, 0.2
467, 3719.0, 6, 7.946581196581197, 0.2
468, 3726.0, 7, 7.9445628997867805, 0.2
469, 3732.0, 6, 7.940425531914894, 0.2
470, 3737.0, 5, 7.934182590233545, 0.2
471, 3744.0, 7, 7.932203389830509, 0.2
472, 3751.0, 7, 7.930232558139535, 0.2
473, 3755.0, 4, 7.921940928270042, 0.2
474, 3759.0, 4, 7.913684210526315, 0.2
475, 3764.0, 5, 7.907563025210084, 0.2
476, 3772.0, 8, 7.9077568134171905, 0.2
477, 3776.0, 4, 7.899581589958159, 0.2
478, 3781.0, 5, 7.893528183716075, 0.2
479, 3789.0, 8, 7.89375, 0.2
480, 3797.0, 8, 7.893970893970894, 0.2
481, 3803.0, 6, 7.890041493775934, 0.2
482, 3807.0, 4, 7.881987577639752, 0.2
483, 3813.0, 6, 7.878099173553719, 0.2
484, 3820.0, 7, 7.876288659793815, 0.2
485, 3826.0, 6, 7.872427983539095, 0.2
486, 3833.0, 7, 7.870636550308008, 0.2
487, 3840.0, 7, 7.868852459016393, 0.2
488, 3847.0, 7, 7.867075664621677, 0.2
489, 3853.0, 6, 7.863265306122449, 0.2
490, 3860.0, 7, 7.861507128309572, 0.2
491, 3867.0, 7, 7.859756097560975, 0.2
492, 3874.0, 7, 7.858012170385395, 0.2
493, 3880.0, 6, 7.854251012145749, 0.2
494, 3888.0, 8, 7.8545454545454545, 0.2
495, 3893.0, 5, 7.848790322580645, 0.2
496, 3899.0, 6, 7.845070422535211, 0.2
497, 3905.0, 6, 7.841365461847389, 0.2
498, 3912.0, 7, 7.839679358717435, 0.2
499, 3918.0, 6, 7.836, 0.2
500, 3924.0, 6, 7.832335329341317, 0.2
501, 3932.0, 8, 7.8326693227091635, 0.2
502, 3935.0, 3, 7.823061630218688, 0.2
503, 3942.0, 7, 7.821428571428571, 0.2
504, 3948.0, 6, 7.817821782178218, 0.2
505, 3951.0, 3, 7.808300395256917, 0.2
506, 3958.0, 7, 7.806706114398422, 0.2
507, 3964.0, 6, 7.803149606299213, 0.2
508, 3972.0, 8, 7.803536345776031, 0.2
509, 3978.0, 6, 7.8, 0.2
510, 3984.0, 6, 7.796477495107632, 0.2
511, 3990.0, 6, 7.79296875, 0.2
512, 3998.0, 8, 7.7933723196881095, 0.2
513, 4002.0, 4, 7.785992217898833, 0.2
514, 4007.0, 5, 7.7805825242718445, 0.2
515, 4013.0, 6, 7.7771317829457365, 0.2
516, 4021.0, 8, 7.777562862669246, 0.2
517, 4028.0, 7, 7.776061776061776, 0.2
518, 4036.0, 8, 7.776493256262042, 0.2
519, 4040.0, 4, 7.769230769230769, 0.2
520, 4046.0, 6, 7.765834932821497, 0.2
521, 4053.0, 7, 7.764367816091954, 0.2
522, 4061.0, 8, 7.764818355640536, 0.2
523, 4067.0, 6, 7.761450381679389, 0.2
524, 4074.0, 7, 7.76, 0.2
525, 4081.0, 7, 7.758555133079848, 0.2
526, 4086.0, 5, 7.753320683111954, 0.2
527, 4093.0, 7, 7.7518939393939394, 0.2
528, 4098.0, 5, 7.746691871455576, 0.2
529, 4106.0, 8, 7.747169811320755, 0.2
530, 4113.0, 7, 7.745762711864407, 0.2
531, 4121.0, 8, 7.746240601503759, 0.2
532, 4127.0, 6, 7.74296435272045, 0.2
533, 4135.0, 8, 7.7434456928838955, 0.2
534, 4141.0, 6, 7.7401869158878505, 0.2
535, 4149.0, 8, 7.740671641791045, 0.2
536, 4156.0, 7, 7.739292364990689, 0.2
537, 4163.0, 7, 7.737918215613383, 0.2
538, 4170.0, 7, 7.736549165120594, 0.2
539, 4176.0, 6, 7.733333333333333, 0.2
540, 4184.0, 8, 7.733826247689464, 0.2
541, 4191.0, 7, 7.732472324723247, 0.2
542, 4196.0, 5, 7.72744014732965, 0.2
543, 4202.0, 6, 7.724264705882353, 0.2
544, 4209.0, 7, 7.722935779816514, 0.2
545, 4214.0, 5, 7.717948717948718, 0.2
546, 4220.0, 6, 7.714808043875686, 0.2
547, 4221.0, 1, 7.702554744525547, 0.2
548, 4222.0, 1, 7.6903460837887065, 0.2
549, 4228.0, 6, 7.6872727272727275, 0.2
550, 4234.0, 6, 7.684210526315789, 0.2
551, 4236.0, 2, 7.673913043478261, 0.2
552, 4236.0, 0, 7.6600361663652805, 0.2
553, 4244.0, 8, 7.6606498194945845, 0.2
554, 4249.0, 5, 7.655855855855856, 0.2
555, 4256.0, 7, 7.654676258992806, 0.2
556, 4261.0, 5, 7.649910233393178, 0.2
557, 4268.0, 7, 7.648745519713262, 0.2
558, 4274.0, 6, 7.645796064400716, 0.2
559, 4276.0, 2, 7.635714285714286, 0.2
560, 4283.0, 7, 7.634581105169341, 0.2
561, 4289.0, 6, 7.631672597864768, 0.2
562, 4297.0, 8, 7.632326820603907, 0.2
563, 4305.0, 8, 7.632978723404255, 0.2
564, 4310.0, 5, 7.628318584070796, 0.2
565, 4315.0, 5, 7.623674911660777, 0.2
566, 4322.0, 7, 7.62257495590829, 0.2
567, 4329.0, 7, 7.621478873239437, 0.2
568, 4335.0, 6, 7.618629173989455, 0.2
569, 4341.0, 6, 7.61578947368421, 0.2
570, 4349.0, 8, 7.61646234676007, 0.2
571, 4355.0, 6, 7.613636363636363, 0.2
572, 4362.0, 7, 7.612565445026178, 0.2
573, 4368.0, 6, 7.609756097560975, 0.2
574, 4376.0, 8, 7.610434782608696, 0.2
575, 4384.0, 8, 7.611111111111111, 0.2
576, 4390.0, 6, 7.608318890814558, 0.2
577, 4398.0, 8, 7.608996539792387, 0.2
578, 4403.0, 5, 7.604490500863558, 0.2
579, 4411.0, 8, 7.605172413793103, 0.2
580, 4418.0, 7, 7.604130808950086, 0.2
581, 4425.0, 7, 7.603092783505154, 0.2
582, 4429.0, 4, 7.5969125214408235, 0.2
583, 4432.0, 3, 7.589041095890411, 0.2
584, 4439.0, 7, 7.588034188034188, 0.2
585, 4444.0, 5, 7.583617747440273, 0.2
586, 4451.0, 7, 7.582623509369676, 0.2
587, 4457.0, 6, 7.579931972789115, 0.2
588, 4463.0, 6, 7.577249575551782, 0.2
589, 4468.0, 5, 7.5728813559322035, 0.2
590, 4471.0, 3, 7.565143824027073, 0.2
591, 4475.0, 4, 7.559121621621622, 0.2
592, 4479.0, 4, 7.5531197301854975, 0.2
593, 4484.0, 5, 7.548821548821548, 0.2
594, 4492.0, 8, 7.549579831932773, 0.2
595, 4499.0, 7, 7.548657718120805, 0.2
596, 4506.0, 7, 7.547738693467337, 0.2
597, 4514.0, 8, 7.548494983277592, 0.2
598, 4522.0, 8, 7.549248747913189, 0.2
599, 4530.0, 8, 7.55, 0.2
600, 4536.0, 6, 7.547420965058237, 0.2
601, 4542.0, 6, 7.54485049833887, 0.2
602, 4550.0, 8, 7.545605306799336, 0.2
603, 4556.0, 6, 7.543046357615894, 0.2
604, 4562.0, 6, 7.540495867768595, 0.2
605, 4569.0, 7, 7.53960396039604, 0.2
606, 4576.0, 7, 7.538714991762768, 0.2
607, 4584.0, 8, 7.5394736842105265, 0.2
608, 4592.0, 8, 7.540229885057471, 0.2
609, 4599.0, 7, 7.539344262295082, 0.2
610, 4605.0, 6, 7.536824877250409, 0.2
611, 4613.0, 8, 7.537581699346405, 0.2
612, 4619.0, 6, 7.535073409461664, 0.2
613, 4626.0, 7, 7.534201954397394, 0.2
614, 4632.0, 6, 7.53170731707317, 0.2
615, 4638.0, 6, 7.529220779220779, 0.2
616, 4644.0, 6, 7.526742301458671, 0.2
617, 4652.0, 8, 7.527508090614886, 0.2
618, 4657.0, 5, 7.523424878836834, 0.2
619, 4661.0, 4, 7.517741935483871, 0.2
620, 4669.0, 8, 7.518518518518518, 0.2
621, 4676.0, 7, 7.517684887459807, 0.2
622, 4681.0, 5, 7.513643659711075, 0.2
623, 4686.0, 5, 7.509615384615385, 0.2
624, 4694.0, 8, 7.5104, 0.2
625, 4696.0, 2, 7.501597444089457, 0.2
626, 4703.0, 7, 7.500797448165869, 0.2
627, 4710.0, 7, 7.5, 0.2
628, 4717.0, 7, 7.499205087440382, 0.2
629, 4723.0, 6, 7.496825396825397, 0.2
630, 4730.0, 7, 7.496038034865293, 0.2
631, 4738.0, 8, 7.496835443037975, 0.2
632, 4746.0, 8, 7.497630331753554, 0.2
633, 4753.0, 7, 7.496845425867508, 0.2
634, 4753.0, 0, 7.4850393700787405, 0.2
635, 4759.0, 6, 7.482704402515723, 0.2
636, 4766.0, 7, 7.481946624803768, 0.2
637, 4772.0, 6, 7.47962382445141, 0.2
638, 4777.0, 5, 7.475743348982785, 0.2
639, 4779.0, 2, 7.4671875, 0.2
640, 4787.0, 8, 7.46801872074883, 0.2
641, 4792.0, 5, 7.464174454828661, 0.2
642, 4799.0, 7, 7.463452566096423, 0.2
643, 4806.0, 7, 7.462732919254658, 0.2
644, 4813.0, 7, 7.462015503875969, 0.2
645, 4819.0, 6, 7.459752321981425, 0.2
646, 4827.0, 8, 7.460587326120557, 0.2
647, 4833.0, 6, 7.458333333333333, 0.2
648, 4841.0, 8, 7.459167950693375, 0.2
649, 4849.0, 8, 7.46, 0.2
650, 4853.0, 4, 7.45468509984639, 0.2
651, 4858.0, 5, 7.450920245398773, 0.2
652, 4866.0, 8, 7.451761102603369, 0.2
653, 4869.0, 3, 7.444954128440367, 0.2
654, 4875.0, 6, 7.442748091603053, 0.2
655, 4881.0, 6, 7.440548780487805, 0.2
656, 4888.0, 7, 7.439878234398782, 0.2
657, 4894.0, 6, 7.437689969604863, 0.2
658, 4900.0, 6, 7.435508345978755, 0.2
659, 4907.0, 7, 7.434848484848485, 0.2
660, 4911.0, 4, 7.42965204236006, 0.2
661, 4919.0, 8, 7.430513595166163, 0.2
662, 4921.0, 2, 7.422322775263952, 0.2
663, 4927.0, 6, 7.420180722891566, 0.2
664, 4931.0, 4, 7.415037593984962, 0.2
665, 4939.0, 8, 7.415915915915916, 0.2
666, 4944.0, 5, 7.4122938530734634, 0.2
667, 4951.0, 7, 7.411676646706587, 0.2
668, 4958.0, 7, 7.411061285500748, 0.2
669, 4966.0, 8, 7.411940298507463, 0.2
670, 4972.0, 6, 7.409836065573771, 0.2
671, 4980.0, 8, 7.410714285714286, 0.2
672, 4985.0, 5, 7.407132243684993, 0.2
673, 4991.0, 6, 7.405044510385757, 0.2
674, 4997.0, 6, 7.402962962962963, 0.2
675, 5000.0, 3, 7.396449704142012, 0.2
676, 5007.0, 7, 7.395864106351551, 0.2
677, 5014.0, 7, 7.3952802359882, 0.2
678, 5022.0, 8, 7.396170839469809, 0.2
679, 5026.0, 4, 7.391176470588236, 0.2
680, 5033.0, 7, 7.390602055800294, 0.2
681, 5039.0, 6, 7.3885630498533725, 0.2
682, 5046.0, 7, 7.387994143484627, 0.2
683, 5051.0, 5, 7.3845029239766085, 0.2
684, 5056.0, 5, 7.381021897810219, 0.2
685, 5062.0, 6, 7.3790087463556855, 0.2
686, 5069.0, 7, 7.378457059679767, 0.2
687, 5075.0, 6, 7.376453488372093, 0.2
688, 5076.0, 1, 7.367198838896952, 0.2
689, 5081.0, 5, 7.363768115942029, 0.2
690, 5081.0, 0, 7.353111432706223, 0.2
691, 5089.0, 8, 7.354046242774566, 0.2
692, 5096.0, 7, 7.353535353535354, 0.2
693, 5100.0, 4, 7.348703170028818, 0.2
694, 5108.0, 8, 7.349640287769784, 0.2
695, 5114.0, 6, 7.347701149425287, 0.2
696, 5120.0, 6, 7.345767575322812, 0.2
697, 5127.0, 7, 7.345272206303725, 0.2
698, 5135.0, 8, 7.34620886981402, 0.2
699, 5137.0, 2, 7.338571428571429, 0.2
700, 5142.0, 5, 7.335235378031384, 0.2
701, 5148.0, 6, 7.333333333333333, 0.2
702, 5154.0, 6, 7.331436699857752, 0.2
703, 5162.0, 8, 7.332386363636363, 0.2
704, 5169.0, 7, 7.3319148936170215, 0.2
705, 5176.0, 7, 7.331444759206799, 0.2
706, 5182.0, 6, 7.32956152758133, 0.2
707, 5188.0, 6, 7.327683615819209, 0.2
708, 5189.0, 1, 7.318758815232722, 0.2
709, 5196.0, 7, 7.31830985915493, 0.2
710, 5198.0, 2, 7.310829817158931, 0.2
711, 5204.0, 6, 7.308988764044944, 0.2
712, 5209.0, 5, 7.305750350631136, 0.2
713, 5216.0, 7, 7.30532212885154, 0.2
714, 5222.0, 6, 7.303496503496503, 0.2
715, 5229.0, 7, 7.303072625698324, 0.2
716, 5237.0, 8, 7.304044630404463, 0.2
717, 5243.0, 6, 7.302228412256268, 0.2
718, 5248.0, 5, 7.299026425591099, 0.2
719, 5254.0, 6, 7.2972222222222225, 0.2
720, 5261.0, 7, 7.296809986130374, 0.2
721, 5267.0, 6, 7.295013850415512, 0.2
722, 5271.0, 4, 7.29045643153527, 0.2
723, 5279.0, 8, 7.291436464088398, 0.2
724, 5285.0, 6, 7.289655172413793, 0.2
725, 5290.0, 5, 7.2865013774104685, 0.2
726, 5294.0, 4, 7.281980742778542, 0.2
727, 5297.0, 3, 7.2760989010989015, 0.2
728, 5304.0, 7, 7.275720164609053, 0.2
729, 5306.0, 2, 7.2684931506849315, 0.2
730, 5311.0, 5, 7.265389876880985, 0.2
731, 5318.0, 7, 7.2650273224043715, 0.2
732, 5325.0, 7, 7.264665757162346, 0.2
733, 5330.0, 5, 7.26158038147139, 0.2
734, 5331.0, 1, 7.253061224489796, 0.2
735, 5337.0, 6, 7.251358695652174, 0.2
736, 5338.0, 1, 7.242876526458616, 0.2
737, 5345.0, 7, 7.242547425474255, 0.2
738, 5345.0, 0, 7.2327469553450605, 0.2
739, 5347.0, 2, 7.225675675675675, 0.2
740, 5349.0, 2, 7.218623481781377, 0.2
741, 5357.0, 8, 7.2196765498652296, 0.2
742, 5362.0, 5, 7.216689098250336, 0.2
743, 5366.0, 4, 7.212365591397849, 0.2
744, 5373.0, 7, 7.212080536912752, 0.2
745, 5378.0, 5, 7.20911528150134, 0.2
746, 5384.0, 6, 7.207496653279786, 0.2
747, 5390.0, 6, 7.205882352941177, 0.2
748, 5396.0, 6, 7.204272363150868, 0.2
749, 5404.0, 8, 7.205333333333333, 0.2
750, 5411.0, 7, 7.205059920106525, 0.2
751, 5415.0, 4, 7.200797872340425, 0.2
752, 5420.0, 5, 7.197875166002656, 0.2
753, 5426.0, 6, 7.196286472148541, 0.2
754, 5433.0, 7, 7.196026490066225, 0.2
755, 5440.0, 7, 7.195767195767195, 0.2
756, 5444.0, 4, 7.191545574636724, 0.2
757, 5452.0, 8, 7.192612137203167, 0.2
758, 5459.0, 7, 7.19235836627141, 0.2
759, 5467.0, 8, 7.193421052631579, 0.2
760, 5474.0, 7, 7.1931668856767415, 0.2
761, 5479.0, 5, 7.190288713910761, 0.2
762, 5484.0, 5, 7.187418086500656, 0.2
763, 5491.0, 7, 7.18717277486911, 0.2
764, 5491.0, 0, 7.177777777777778, 0.2
765, 5498.0, 7, 7.177545691906006, 0.2
766, 5503.0, 5, 7.17470664928292, 0.2
767, 5504.0, 1, 7.166666666666667, 0.2
768, 5505.0, 1, 7.158647594278284, 0.2
769, 5511.0, 6, 7.1571428571428575, 0.2
770, 5518.0, 7, 7.156939040207523, 0.2
771, 5523.0, 5, 7.154145077720207, 0.2
772, 5530.0, 7, 7.153945666235447, 0.2
773, 5532.0, 2, 7.147286821705427, 0.2
774, 5537.0, 5, 7.144516129032258, 0.2
775, 5543.0, 6, 7.143041237113402, 0.2
776, 5548.0, 5, 7.14028314028314, 0.2
777, 5555.0, 7, 7.140102827763497, 0.2
778, 5563.0, 8, 7.141206675224647, 0.2
779, 5567.0, 4, 7.137179487179488, 0.2
780, 5572.0, 5, 7.134443021766965, 0.2
781, 5578.0, 6, 7.132992327365729, 0.2
782, 5585.0, 7, 7.1328224776500635, 0.2
783, 5589.0, 4, 7.128826530612245, 0.2
784, 5594.0, 5, 7.126114649681528, 0.2
785, 5602.0, 8, 7.127226463104326, 0.2
786, 5606.0, 4, 7.123252858958069, 0.2
787, 5612.0, 6, 7.121827411167513, 0.2
788, 5619.0, 7, 7.1216730038022815, 0.2
789, 5625.0, 6, 7.120253164556962, 0.2
790, 5632.0, 7, 7.120101137800253, 0.2
791, 5637.0, 5, 7.117424242424242, 0.2
792, 5644.0, 7, 7.117276166456494, 0.2
793, 5650.0, 6, 7.1158690176322414, 0.2
794, 5657.0, 7, 7.1157232704402515, 0.2
795, 5663.0, 6, 7.114321608040201, 0.2
796, 5669.0, 6, 7.112923462986198, 0.2
797, 5669.0, 0, 7.1040100250626566, 0.2
798, 5677.0, 8, 7.105131414267835, 0.2
799, 5677.0, 0, 7.09625, 0.2
800, 5684.0, 7, 7.096129837702871, 0.2
801, 5691.0, 7, 7.096009975062344, 0.2
802, 5696.0, 5, 7.093399750933997, 0.2
803, 5702.0, 6, 7.092039800995025, 0.2
804, 5708.0, 6, 7.090683229813664, 0.2
805, 5715.0, 7, 7.090570719602978, 0.2
806, 5716.0, 1, 7.083023543990087, 0.2
807, 5723.0, 7, 7.082920792079208, 0.2
808, 5728.0, 5, 7.080346106304079, 0.2
809, 5732.0, 4, 7.076543209876543, 0.2
810, 5739.0, 7, 7.076448828606658, 0.2
811, 5745.0, 6, 7.075123152709359, 0.2
812, 5752.0, 7, 7.075030750307503, 0.2
813, 5754.0, 2, 7.068796068796069, 0.2
814, 5760.0, 6, 7.067484662576687, 0.2
815, 5764.0, 4, 7.063725490196078, 0.2
816, 5772.0, 8, 7.064871481028152, 0.2
817, 5777.0, 5, 7.0623471882640585, 0.2
818, 5783.0, 6, 7.061050061050061, 0.2
819, 5788.0, 5, 7.058536585365854, 0.2
820, 5794.0, 6, 7.057247259439707, 0.2
821, 5801.0, 7, 7.057177615571776, 0.2
822, 5809.0, 8, 7.058323207776428, 0.2
823, 5815.0, 6, 7.057038834951456, 0.2
824, 5822.0, 7, 7.056969696969697, 0.2
825, 5829.0, 7, 7.056900726392252, 0.2
826, 5836.0, 7, 7.05683192261185, 0.2
827, 5844.0, 8, 7.057971014492754, 0.2
828, 5851.0, 7, 7.057901085645356, 0.2
829, 5857.0, 6, 7.056626506024096, 0.2
830, 5863.0, 6, 7.055354993983153, 0.2
831, 5870.0, 7, 7.055288461538462, 0.2
832, 5876.0, 6, 7.054021608643457, 0.2
833, 5883.0, 7, 7.053956834532374, 0.2
834, 5891.0, 8, 7.055089820359282, 0.2
835, 5897.0, 6, 7.053827751196172, 0.2
836, 5904.0, 7, 7.053763440860215, 0.2
837, 5907.0, 3, 7.048926014319809, 0.2
838, 5912.0, 5, 7.046483909415971, 0.2
839, 5917.0, 5, 7.044047619047619, 0.2
840, 5923.0, 6, 7.042806183115339, 0.2
841, 5930.0, 7, 7.042755344418052, 0.2
842, 5937.0, 7, 7.04270462633452, 0.2
843, 5943.0, 6, 7.041469194312796, 0.2
844, 5948.0, 5, 7.03905325443787, 0.2
845, 5952.0, 4, 7.035460992907802, 0.2
846, 5959.0, 7, 7.035419126328217, 0.2
847, 5962.0, 3, 7.03066037735849, 0.2
848, 5969.0, 7, 7.030624263839812, 0.2
849, 5975.0, 6, 7.029411764705882, 0.2
850, 5982.0, 7, 7.029377203290247, 0.2
851, 5989.0, 7, 7.029342723004695, 0.2
852, 5995.0, 6, 7.028135990621337, 0.2
853, 5998.0, 3, 7.023419203747072, 0.2
854, 6006.0, 8, 7.024561403508772, 0.2
855, 6013.0, 7, 7.024532710280374, 0.2
856, 6019.0, 6, 7.023337222870478, 0.2
857, 6026.0, 7, 7.023310023310024, 0.2
858, 6032.0, 6, 7.022118742724098, 0.2
859, 6038.0, 6, 7.02093023255814, 0.2
860, 6044.0, 6, 7.019744483159117, 0.2
861, 6050.0, 6, 7.018561484918793, 0.2
862, 6057.0, 7, 7.018539976825029, 0.2
863, 6063.0, 6, 7.017361111111111, 0.2
864, 6068.0, 5, 7.015028901734104, 0.2
865, 6075.0, 7, 7.015011547344111, 0.2
866, 6083.0, 8, 7.016147635524798, 0.2
867, 6090.0, 7, 7.016129032258065, 0.2
868, 6097.0, 7, 7.016110471806674, 0.2
869, 6104.0, 7, 7.016091954022989, 0.2
870, 6110.0, 6, 7.014925373134329, 0.2
871, 6117.0, 7, 7.014908256880734, 0.2
872, 6124.0, 7, 7.014891179839633, 0.2
873, 6130.0, 6, 7.0137299771167045, 0.2
874, 6135.0, 5, 7.011428571428572, 0.2
875, 6142.0, 7, 7.011415525114155, 0.2
876, 6146.0, 4, 7.007981755986317, 0.2
877, 6153.0, 7, 7.007972665148063, 0.2
878, 6160.0, 7, 7.007963594994312, 0.2
879, 6166.0, 6, 7.006818181818182, 0.2
880, 6173.0, 7, 7.006810442678774, 0.2
881, 6174.0, 1, 7.0, 0.2
882, 6179.0, 5, 6.997734994337486, 0.2
883, 6185.0, 6, 6.996606334841629, 0.2
884, 6190.0, 5, 6.994350282485875, 0.2
885, 6196.0, 6, 6.993227990970655, 0.2
886, 6203.0, 7, 6.993235625704623, 0.2
887, 6211.0, 8, 6.99436936936937, 0.2
888, 6219.0, 8, 6.995500562429696, 0.2
889, 6226.0, 7, 6.995505617977528, 0.2
890, 6231.0, 5, 6.993265993265993, 0.2
891, 6237.0, 6, 6.992152466367713, 0.2
892, 6240.0, 3, 6.987681970884658, 0.2
893, 6244.0, 4, 6.984340044742729, 0.2
894, 6250.0, 6, 6.983240223463687, 0.2
895, 6258.0, 8, 6.984375, 0.2
896, 6264.0, 6, 6.983277591973244, 0.2
897, 6269.0, 5, 6.981069042316259, 0.2
898, 6276.0, 7, 6.981090100111235, 0.2
899, 6283.0, 7, 6.981111111111111, 0.2
900, 6290.0, 7, 6.981132075471698, 0.2
901, 6295.0, 5, 6.978935698447893, 0.2
902, 6302.0, 7, 6.978959025470654, 0.2
903, 6310.0, 8, 6.980088495575221, 0.2
904, 6317.0, 7, 6.980110497237569, 0.2
905, 6321.0, 4, 6.97682119205298, 0.2
906, 6329.0, 8, 6.977949283351709, 0.2
907, 6335.0, 6, 6.976872246696035, 0.2
908, 6340.0, 5, 6.974697469746975, 0.2
909, 6344.0, 4, 6.9714285714285715, 0.2
910, 6352.0, 8, 6.9725576289791436, 0.2
911, 6359.0, 7, 6.972587719298246, 0.2
912, 6365.0, 6, 6.971522453450164, 0.2
913, 6370.0, 5, 6.969365426695842, 0.2
914, 6374.0, 4, 6.966120218579235, 0.2
915, 6380.0, 6, 6.965065502183406, 0.2
916, 6386.0, 6, 6.964013086150491, 0.2
917, 6393.0, 7, 6.9640522875816995, 0.2
918, 6400.0, 7, 6.9640914036996735, 0.2
919, 6406.0, 6, 6.96304347826087, 0.2
920, 6413.0, 7, 6.963083604777416, 0.2
921, 6419.0, 6, 6.962039045553145, 0.2
922, 6425.0, 6, 6.960996749729144, 0.2
923, 6430.0, 5, 6.958874458874459, 0.2
924, 6436.0, 6, 6.957837837837838, 0.2
925, 6440.0, 4, 6.954643628509719, 0.2
926, 6447.0, 7, 6.9546925566343045, 0.2
927, 6455.0, 8, 6.955818965517241, 0.2
928, 6462.0, 7, 6.955866523143165, 0.2
929, 6469.0, 7, 6.955913978494624, 0.2
930, 6475.0, 6, 6.954887218045113, 0.2
931, 6481.0, 6, 6.953862660944206, 0.2
932, 6488.0, 7, 6.953912111468382, 0.2
933, 6495.0, 7, 6.953961456102784, 0.2
934, 6500.0, 5, 6.951871657754011, 0.2
935, 6507.0, 7, 6.951923076923077, 0.2
936, 6508.0, 1, 6.945570971184631, 0.2
937, 6515.0, 7, 6.945628997867804, 0.2
938, 6521.0, 6, 6.944621938232162, 0.2
939, 6526.0, 5, 6.9425531914893615, 0.2
940, 6531.0, 5, 6.940488841657811, 0.2
941, 6537.0, 6, 6.939490445859873, 0.2
942, 6538.0, 1, 6.933191940615059, 0.2
943, 6538.0, 0, 6.9258474576271185, 0.2
944, 6541.0, 3, 6.921693121693122, 0.2
945, 6546.0, 5, 6.919661733615222, 0.2
946, 6553.0, 7, 6.9197465681098205, 0.2
947, 6558.0, 5, 6.917721518987341, 0.2
948, 6565.0, 7, 6.917808219178082, 0.2
949, 6569.0, 4, 6.914736842105263, 0.2
950, 6577.0, 8, 6.915878023133543, 0.2
951, 6582.0, 5, 6.913865546218488, 0.2
952, 6588.0, 6, 6.912906610703043, 0.2
953, 6594.0, 6, 6.911949685534591, 0.2
954, 6597.0, 3, 6.907853403141361, 0.2
955, 6604.0, 7, 6.907949790794979, 0.2
956, 6612.0, 8, 6.909090909090909, 0.2
957, 6619.0, 7, 6.909185803757829, 0.2
958, 6626.0, 7, 6.909280500521376, 0.2
959, 6633.0, 7, 6.909375, 0.2
960, 6641.0, 8, 6.9105098855359, 0.2
961, 6649.0, 8, 6.911642411642411, 0.2
962, 6656.0, 7, 6.911734164070612, 0.2
963, 6662.0, 6, 6.910788381742739, 0.2
964, 6669.0, 7, 6.910880829015544, 0.2
965, 6672.0, 3, 6.906832298136646, 0.2
966, 6678.0, 6, 6.905894519131334, 0.2
967, 6682.0, 4, 6.902892561983471, 0.2
968, 6688.0, 6, 6.901960784313726, 0.2
969, 6696.0, 8, 6.903092783505155, 0.2
970, 6703.0, 7, 6.903192584963954, 0.2
971, 6710.0, 7, 6.903292181069959, 0.2
972, 6715.0, 5, 6.901336073997944, 0.2
973, 6719.0, 4, 6.898357289527721, 0.2
974, 6719.0, 0, 6.891282051282051, 0.2
975, 6727.0, 8, 6.892418032786885, 0.2
976, 6734.0, 7, 6.892528147389969, 0.2
977, 6739.0, 5, 6.8905930470347645, 0.2
978, 6744.0, 5, 6.888661899897855, 0.2
979, 6750.0, 6, 6.887755102040816, 0.2
980, 6757.0, 7, 6.887869520897044, 0.2
981, 6765.0, 8, 6.889002036659877, 0.2
982, 6770.0, 5, 6.887080366225839, 0.2
983, 6776.0, 6, 6.8861788617886175, 0.2
984, 6782.0, 6, 6.885279187817259, 0.2
985, 6790.0, 8, 6.886409736308316, 0.2
986, 6797.0, 7, 6.886524822695035, 0.2
987, 6802.0, 5, 6.884615384615385, 0.2
988, 6810.0, 8, 6.8857431749241655, 0.2
989, 6816.0, 6, 6.884848484848485, 0.2
990, 6821.0, 5, 6.882946518668012, 0.2
991, 6828.0, 7, 6.883064516129032, 0.2
992, 6835.0, 7, 6.883182275931521, 0.2
993, 6842.0, 7, 6.883299798792756, 0.2
994, 6848.0, 6, 6.882412060301507, 0.2
995, 6855.0, 7, 6.882530120481928, 0.2
996, 6861.0, 6, 6.881644934804413, 0.2
997, 6867.0, 6, 6.880761523046092, 0.2
998, 6874.0, 7, 6.880880880880881, 0.2
999, 6881.0, 7, 6.881, 0.2
1000, 6887.0, 6, 6.88011988011988, 0.2
1001, 6893.0, 6, 6.879241516966068, 0.2
1002, 6899.0, 6, 6.878364905284148, 0.2
1003, 6906.0, 7, 6.878486055776892, 0.2
1004, 6913.0, 7, 6.8786069651741295, 0.2
1005, 6918.0, 5, 6.8767395626242545, 0.2
1006, 6924.0, 6, 6.875868917576962, 0.2
1007, 6929.0, 5, 6.874007936507937, 0.2
1008, 6935.0, 6, 6.873141724479683, 0.2
1009, 6942.0, 7, 6.873267326732673, 0.2
1010, 6944.0, 2, 6.868447082096933, 0.2
1011, 6944.0, 0, 6.861660079051384, 0.2
1012, 6950.0, 6, 6.860809476801579, 0.2
1013, 6955.0, 5, 6.858974358974359, 0.2
1014, 6963.0, 8, 6.860098522167488, 0.2
1015, 6967.0, 4, 6.857283464566929, 0.2
1016, 6968.0, 1, 6.851524090462144, 0.2
1017, 6974.0, 6, 6.850687622789784, 0.2
1018, 6982.0, 8, 6.8518155053974485, 0.2
1019, 6988.0, 6, 6.850980392156862, 0.2
1020, 6992.0, 4, 6.84818805093046, 0.2
1021, 7000.0, 8, 6.8493150684931505, 0.2
1022, 7007.0, 7, 6.849462365591398, 0.2
1023, 7008.0, 1, 6.84375, 0.2
1024, 7013.0, 5, 6.841951219512195, 0.2
1025, 7014.0, 1, 6.83625730994152, 0.2
1026, 7019.0, 5, 6.834469328140214, 0.2
1027, 7022.0, 3, 6.830739299610895, 0.2
1028, 7026.0, 4, 6.82798833819242, 0.2
1029, 7033.0, 7, 6.828155339805825, 0.2
1030, 7040.0, 7, 6.8283220174587775, 0.2
1031, 7047.0, 7, 6.828488372093023, 0.2
1032, 7053.0, 6, 6.827686350435624, 0.2
1033, 7059.0, 6, 6.826885880077369, 0.2
1034, 7065.0, 6, 6.826086956521739, 0.2
1035, 7071.0, 6, 6.825289575289576, 0.2
1036, 7073.0, 2, 6.820636451301832, 0.2
1037, 7080.0, 7, 6.820809248554913, 0.2
1038, 7081.0, 1, 6.8152069297401345, 0.2
1039, 7088.0, 7, 6.815384615384615, 0.2
1040, 7095.0, 7, 6.815561959654179, 0.2
1041, 7100.0, 5, 6.813819577735125, 0.2
1042, 7107.0, 7, 6.813998082454458, 0.2
1043, 7114.0, 7, 6.814176245210728, 0.2
1044, 7118.0, 4, 6.811483253588516, 0.2
1045, 7124.0, 6, 6.810707456978967, 0.2
1046, 7131.0, 7, 6.810888252148997, 0.2
1047, 7138.0, 7, 6.811068702290076, 0.2
1048, 7145.0, 7, 6.8112488083889415, 0.2
1049, 7153.0, 8, 6.812380952380952, 0.2
1050, 7158.0, 5, 6.8106565176022835, 0.2
1051, 7162.0, 4, 6.807984790874524, 0.2
1052, 7168.0, 6, 6.8072174738841404, 0.2
1053, 7172.0, 4, 6.804554079696395, 0.2
1054, 7179.0, 7, 6.804739336492891, 0.2
1055, 7185.0, 6, 6.8039772727272725, 0.2
1056, 7192.0, 7, 6.804162724692526, 0.2
1057, 7198.0, 6, 6.803402646502835, 0.2
1058, 7206.0, 8, 6.804532577903683, 0.2
1059, 7207.0, 1, 6.799056603773585, 0.2
1060, 7214.0, 7, 6.7992459943449575, 0.2
1061, 7222.0, 8, 6.800376647834275, 0.2
1062, 7228.0, 6, 6.799623706491063, 0.2
1063, 7234.0, 6, 6.798872180451128, 0.2
1064, 7240.0, 6, 6.7981220657277, 0.2
1065, 7240.0, 0, 6.791744840525328, 0.2
1066, 7248.0, 8, 6.792877225866917, 0.2
1067, 7255.0, 7, 6.793071161048689, 0.2
1068, 7262.0, 7, 6.793264733395697, 0.2
1069, 7270.0, 8, 6.794392523364486, 0.2
1070, 7276.0, 6, 6.7936507936507935, 0.2
1071, 7276.0, 0, 6.787313432835821, 0.2
1072, 7282.0, 6, 6.786579683131407, 0.2
1073, 7289.0, 7, 6.786778398510242, 0.2
1074, 7296.0, 7, 6.786976744186046, 0.2
1075, 7301.0, 5, 6.7853159851301115, 0.2
1076, 7308.0, 7, 6.7855153203342615, 0.2
1077, 7315.0, 7, 6.785714285714286, 0.2
1078, 7320.0, 5, 6.784059314179796, 0.2
1079, 7327.0, 7, 6.784259259259259, 0.2
1080, 7333.0, 6, 6.783533765032377, 0.2
1081, 7340.0, 7, 6.78373382624769, 0.2
1082, 7345.0, 5, 6.782086795937212, 0.2
1083, 7348.0, 3, 6.77859778597786, 0.2
1084, 7355.0, 7, 6.778801843317972, 0.2
1085, 7355.0, 0, 6.77255985267035, 0.2
1086, 7362.0, 7, 6.772769089236431, 0.2
1087, 7368.0, 6, 6.772058823529412, 0.2
1088, 7372.0, 4, 6.769513314967861, 0.2
1089, 7379.0, 7, 6.769724770642202, 0.2
1090, 7385.0, 6, 6.769019248395967, 0.2
1091, 7392.0, 7, 6.769230769230769, 0.2
1092, 7398.0, 6, 6.768526989935956, 0.2
1093, 7401.0, 3, 6.7650822669104205, 0.2
1094, 7408.0, 7, 6.765296803652968, 0.2
1095, 7415.0, 7, 6.765510948905109, 0.2
1096, 7420.0, 5, 6.7639015496809485, 0.2
1097, 7426.0, 6, 6.763205828779599, 0.2
1098, 7431.0, 5, 6.761601455868972, 0.2
1099, 7437.0, 6, 6.760909090909091, 0.2
1100, 7438.0, 1, 6.755676657584014, 0.2
1101, 7445.0, 7, 6.7558983666061705, 0.2
1102, 7450.0, 5, 6.754306436990027, 0.2
1103, 7453.0, 3, 6.750905797101449, 0.2
1104, 7459.0, 6, 6.750226244343891, 0.2
1105, 7465.0, 6, 6.749547920433996, 0.2
1106, 7470.0, 5, 6.747967479674797, 0.2
1107, 7475.0, 5, 6.746389891696751, 0.2
1108, 7482.0, 7, 6.7466185752930565, 0.2
1109, 7488.0, 6, 6.745945945945946, 0.2
1110, 7496.0, 8, 6.747074707470747, 0.2
1111, 7502.0, 6, 6.746402877697841, 0.2
1112, 7509.0, 7, 6.7466307277628035, 0.2
1113, 7517.0, 8, 6.7477558348294435, 0.2
1114, 7522.0, 5, 6.7461883408071746, 0.2
1115, 7528.0, 6, 6.745519713261649, 0.2
1116, 7536.0, 8, 6.746642793196061, 0.2
1117, 7542.0, 6, 6.745974955277281, 0.2
1118, 7543.0, 1, 6.740840035746202, 0.2
1119, 7551.0, 8, 6.741964285714285, 0.2
1120, 7557.0, 6, 6.741302408563782, 0.2
1121, 7565.0, 8, 6.742424242424242, 0.2
1122, 7570.0, 5, 6.740872662511131, 0.2
1123, 7578.0, 8, 6.741992882562277, 0.2
1124, 7583.0, 5, 6.740444444444444, 0.2
1125, 7585.0, 2, 6.736234458259325, 0.2
1126, 7592.0, 7, 6.736468500443656, 0.2
1127, 7597.0, 5, 6.734929078014185, 0.2
1128, 7601.0, 4, 6.7325066430469445, 0.2
1129, 7608.0, 7, 6.732743362831858, 0.2
1130, 7613.0, 5, 6.7312113174182135, 0.2
1131, 7618.0, 5, 6.729681978798586, 0.2
1132, 7624.0, 6, 6.729037952338923, 0.2
1133, 7629.0, 5, 6.727513227513228, 0.2
1134, 7635.0, 6, 6.726872246696035, 0.2
1135, 7642.0, 7, 6.727112676056338, 0.2
1136, 7647.0, 5, 6.725593667546174, 0.2
1137, 7654.0, 7, 6.725834797891037, 0.2
1138, 7662.0, 8, 6.726953467954346, 0.2
1139, 7666.0, 4, 6.724561403508772, 0.2
1140, 7672.0, 6, 6.723926380368098, 0.2
1141, 7677.0, 5, 6.722416812609457, 0.2
1142, 7683.0, 6, 6.721784776902887, 0.2
1143, 7690.0, 7, 6.722027972027972, 0.2
1144, 7693.0, 3, 6.718777292576419, 0.2
1145, 7694.0, 1, 6.713787085514834, 0.2
1146, 7701.0, 7, 6.7140366172624235, 0.2
1147, 7706.0, 5, 6.7125435540069684, 0.2
1148, 7714.0, 8, 6.713664055700609, 0.2
1149, 7721.0, 7, 6.713913043478261, 0.2
1150, 7725.0, 4, 6.711555169417897, 0.2
1151, 7731.0, 6, 6.7109375, 0.2
1152, 7738.0, 7, 6.711188204683435, 0.2
1153, 7746.0, 8, 6.712305025996534, 0.2
1154, 7751.0, 5, 6.710822510822511, 0.2
1155, 7759.0, 8, 6.711937716262976, 0.2
1156, 7766.0, 7, 6.7121866897147795, 0.2
1157, 7772.0, 6, 6.711571675302245, 0.2
1158, 7775.0, 3, 6.708369283865401, 0.2
1159, 7780.0, 5, 6.706896551724138, 0.2
1160, 7787.0, 7, 6.707149009474591, 0.2
1161, 7793.0, 6, 6.706540447504303, 0.2
1162, 7796.0, 3, 6.70335339638865, 0.2
1163, 7796.0, 0, 6.697594501718213, 0.2
1164, 7803.0, 7, 6.6978540772532185, 0.2
1165, 7810.0, 7, 6.69811320754717, 0.2
1166, 7816.0, 6, 6.69751499571551, 0.2
1167, 7820.0, 4, 6.695205479452055, 0.2
1168, 7827.0, 7, 6.69546621043627, 0.2
1169, 7833.0, 6, 6.694871794871795, 0.2
1170, 7840.0, 7, 6.695132365499573, 0.2
1171, 7846.0, 6, 6.694539249146757, 0.2
1172, 7853.0, 7, 6.694799658994032, 0.2
1173, 7861.0, 8, 6.695911413969336, 0.2
1174, 7868.0, 7, 6.696170212765957, 0.2
1175, 7875.0, 7, 6.696428571428571, 0.2
1176, 7882.0, 7, 6.6966864910790145, 0.2
1177, 7889.0, 7, 6.696943972835314, 0.2
1178, 7896.0, 7, 6.697201017811705, 0.2
1179, 7903.0, 7, 6.697457627118644, 0.2
1180, 7909.0, 6, 6.696867061812024, 0.2
1181, 7914.0, 5, 6.695431472081219, 0.2
1182, 7920.0, 6, 6.694843617920541, 0.2
1183, 7927.0, 7, 6.695101351351352, 0.2
1184, 7932.0, 5, 6.6936708860759495, 0.2
1185, 7938.0, 6, 6.693086003372681, 0.2
1186, 7945.0, 7, 6.693344566133109, 0.2
1187, 7953.0, 8, 6.694444444444445, 0.2
1188, 7960.0, 7, 6.694701429772919, 0.2
1189, 7966.0, 6, 6.694117647058824, 0.2
1190, 7972.0, 6, 6.693534844668346, 0.2
1191, 7978.0, 6, 6.692953020134228, 0.2
1192, 7981.0, 3, 6.689857502095557, 0.2
1193, 7988.0, 7, 6.690117252931323, 0.2
1194, 7988.0, 0, 6.684518828451883, 0.2
1195, 7993.0, 5, 6.683110367892977, 0.2
1196, 7999.0, 6, 6.682539682539683, 0.2
1197, 8004.0, 5, 6.681135225375626, 0.2
1198, 8012.0, 8, 6.682235195996664, 0.2
1199, 8015.0, 3, 6.679166666666666, 0.2
1200, 8017.0, 2, 6.675270607826811, 0.2
1201, 8024.0, 7, 6.675540765391015, 0.2
1202, 8031.0, 7, 6.675810473815462, 0.2
1203, 8037.0, 6, 6.675249169435216, 0.2
1204, 8044.0, 7, 6.67551867219917, 0.2
1205, 8051.0, 7, 6.675787728026534, 0.2
1206, 8057.0, 6, 6.675227837613919, 0.2
1207, 8063.0, 6, 6.674668874172186, 0.2
1208, 8069.0, 6, 6.674110835401158, 0.2
1209, 8076.0, 7, 6.674380165289256, 0.2
1210, 8078.0, 2, 6.670520231213873, 0.2
1211, 8084.0, 6, 6.66996699669967, 0.2
1212, 8089.0, 5, 6.668590272052762, 0.2
1213, 8094.0, 5, 6.667215815485997, 0.2
1214, 8101.0, 7, 6.667489711934157, 0.2
1215, 8106.0, 5, 6.666118421052632, 0.2
1216, 8114.0, 8, 6.66721446179129, 0.2
1217, 8122.0, 8, 6.668308702791461, 0.2
1218, 8129.0, 7, 6.668580803937654, 0.2
1219, 8133.0, 4, 6.666393442622951, 0.2
1220, 8138.0, 5, 6.665028665028665, 0.2
1221, 8146.0, 8, 6.666121112929623, 0.2
1222, 8152.0, 6, 6.665576451349142, 0.2
1223, 8159.0, 7, 6.665849673202614, 0.2
1224, 8165.0, 6, 6.66530612244898, 0.2
1225, 8167.0, 2, 6.661500815660685, 0.2
1226, 8174.0, 7, 6.661776691116544, 0.2
1227, 8182.0, 8, 6.662866449511401, 0.2
1228, 8189.0, 7, 6.663140764849471, 0.2
1229, 8195.0, 6, 6.662601626016261, 0.2
1230, 8201.0, 6, 6.662063363119415, 0.2
1231, 8207.0, 6, 6.661525974025974, 0.2
1232, 8213.0, 6, 6.660989456609895, 0.2
1233, 8215.0, 2, 6.657212317666127, 0.2
1234, 8220.0, 5, 6.65587044534413, 0.2
1235, 8227.0, 7, 6.656148867313916, 0.2
1236, 8232.0, 5, 6.654810024252223, 0.2
1237, 8238.0, 6, 6.654281098546042, 0.2
1238, 8243.0, 5, 6.652945924132365, 0.2
1239, 8249.0, 6, 6.65241935483871, 0.2
1240, 8256.0, 7, 6.652699435938759, 0.2
1241, 8264.0, 8, 6.6537842190016105, 0.2
1242, 8270.0, 6, 6.6532582461786, 0.2
1243, 8276.0, 6, 6.652733118971061, 0.2
1244, 8283.0, 7, 6.653012048192771, 0.2
1245, 8290.0, 7, 6.653290529695024, 0.2
1246, 8294.0, 4, 6.651162790697675, 0.2
1247, 8296.0, 2, 6.647435897435898, 0.2
1248, 8302.0, 6, 6.646917534027222, 0.2
1249, 8309.0, 7, 6.6472, 0.2
1250, 8316.0, 7, 6.64748201438849, 0.2
1251, 8323.0, 7, 6.64776357827476, 0.2
1252, 8327.0, 4, 6.645650438946529, 0.2
1253, 8335.0, 8, 6.646730462519936, 0.2
1254, 8343.0, 8, 6.647808764940239, 0.2
1255, 8344.0, 1, 6.643312101910828, 0.2
1256, 8350.0, 6, 6.642800318217979, 0.2
1257, 8358.0, 8, 6.643879173290938, 0.2
1258, 8364.0, 6, 6.6433677521842736, 0.2
1259, 8368.0, 4, 6.641269841269842, 0.2
1260, 8374.0, 6, 6.640761300555115, 0.2
1261, 8382.0, 8, 6.641838351822504, 0.2
1262, 8390.0, 8, 6.642913697545526, 0.2
1263, 8398.0, 8, 6.643987341772152, 0.2
1264, 8406.0, 8, 6.645059288537549, 0.2
1265, 8412.0, 6, 6.644549763033176, 0.2
1266, 8420.0, 8, 6.6456195737963695, 0.2
1267, 8427.0, 7, 6.64589905362776, 0.2
1268, 8435.0, 8, 6.646966115051222, 0.2
1269, 8441.0, 6, 6.646456692913386, 0.2
1270, 8448.0, 7, 6.646734854445318, 0.2
1271, 8455.0, 7, 6.647012578616352, 0.2
1272, 8462.0, 7, 6.647289866457188, 0.2
1273, 8468.0, 6, 6.646781789638933, 0.2
1274, 8476.0, 8, 6.647843137254902, 0.2
1275, 8482.0, 6, 6.647335423197492, 0.2
1276, 8487.0, 5, 6.646045418950665, 0.2
1277, 8494.0, 7, 6.646322378716745, 0.2
1278, 8498.0, 4, 6.644253322908522, 0.2
1279, 8503.0, 5, 6.64296875, 0.2
1280, 8509.0, 6, 6.642466822794692, 0.2
1281, 8515.0, 6, 6.6419656786271455, 0.2
1282, 8523.0, 8, 6.643024162120031, 0.2
1283, 8531.0, 8, 6.644080996884735, 0.2
1284, 8536.0, 5, 6.642801556420234, 0.2
1285, 8542.0, 6, 6.6423017107309485, 0.2
1286, 8550.0, 8, 6.643356643356643, 0.2
1287, 8557.0, 7, 6.6436335403726705, 0.2
1288, 8564.0, 7, 6.643910007757952, 0.2
1289, 8570.0, 6, 6.6434108527131785, 0.2
1290, 8578.0, 8, 6.644461657629744, 0.2
1291, 8583.0, 5, 6.643188854489164, 0.2
1292, 8588.0, 5, 6.6419180201082755, 0.2
1293, 8594.0, 6, 6.641421947449768, 0.2
1294, 8600.0, 6, 6.640926640926641, 0.2
1295, 8605.0, 5, 6.639660493827161, 0.2
1296, 8609.0, 4, 6.637625289128759, 0.2
1297, 8615.0, 6, 6.63713405238829, 0.2
1298, 8621.0, 6, 6.636643571978445, 0.2
1299, 8627.0, 6, 6.636153846153846, 0.2
1300, 8631.0, 4, 6.63412759415834, 0.2
1301, 8634.0, 3, 6.631336405529954, 0.2
1302, 8641.0, 7, 6.631619339984651, 0.2
1303, 8647.0, 6, 6.631134969325154, 0.2
1304, 8648.0, 1, 6.626819923371648, 0.2
1305, 8655.0, 7, 6.6271056661562024, 0.2
1306, 8663.0, 8, 6.628156082631982, 0.2
1307, 8670.0, 7, 6.628440366972477, 0.2
1308, 8673.0, 3, 6.625668449197861, 0.2
1309, 8678.0, 5, 6.62442748091603, 0.2
1310, 8684.0, 6, 6.6239511823035855, 0.2
1311, 8690.0, 6, 6.623475609756097, 0.2
1312, 8697.0, 7, 6.623762376237623, 0.2
1313, 8705.0, 8, 6.6248097412480975, 0.2
1314, 8712.0, 7, 6.625095057034221, 0.2
1315, 8720.0, 8, 6.62613981762918, 0.2
1316, 8726.0, 6, 6.625664388762338, 0.2
1317, 8732.0, 6, 6.625189681335357, 0.2
1318, 8738.0, 6, 6.624715693707354, 0.2
1319, 8745.0, 7, 6.625, 0.2
1320, 8750.0, 5, 6.623769871309614, 0.2
1321, 8756.0, 6, 6.623298033282905, 0.2
1322, 8764.0, 8, 6.624338624338624, 0.2
1323, 8770.0, 6, 6.623867069486405, 0.2
1324, 8778.0, 8, 6.624905660377358, 0.2
1325, 8783.0, 5, 6.6236802413273, 0.2
1326, 8790.0, 7, 6.623963828183873, 0.2
1327, 8794.0, 4, 6.621987951807229, 0.2
1328, 8800.0, 6, 6.621519939804364, 0.2
1329, 8806.0, 6, 6.621052631578947, 0.2
1330, 8813.0, 7, 6.621337340345605, 0.2
1331, 8818.0, 5, 6.62012012012012, 0.2
1332, 8825.0, 7, 6.620405101275319, 0.2
1333, 8833.0, 8, 6.62143928035982, 0.2
1334, 8837.0, 4, 6.619475655430712, 0.2
1335, 8843.0, 6, 6.619011976047904, 0.2
1336, 8851.0, 8, 6.620044876589379, 0.2
1337, 8858.0, 7, 6.6203288490284, 0.2
1338, 8864.0, 6, 6.619865571321882, 0.2
1339, 8871.0, 7, 6.620149253731343, 0.2
1340, 8871.0, 0, 6.615212527964206, 0.2
1341, 8878.0, 7, 6.615499254843517, 0.2
1342, 8882.0, 4, 6.613551749813849, 0.2
1343, 8889.0, 7, 6.613839285714286, 0.2
1344, 8893.0, 4, 6.611895910780669, 0.2
1345, 8901.0, 8, 6.612927191679049, 0.2
1346, 8903.0, 2, 6.609502598366741, 0.2
1347, 8909.0, 6, 6.609050445103858, 0.2
1348, 8911.0, 2, 6.605633802816901, 0.2
1349, 8913.0, 2, 6.602222222222222, 0.2
1350, 8918.0, 5, 6.601036269430052, 0.2
1351, 8924.0, 6, 6.600591715976331, 0.2
1352, 8928.0, 4, 6.598669623059867, 0.2
1353, 8934.0, 6, 6.598227474150665, 0.2
1354, 8939.0, 5, 6.5970479704797045, 0.2
1355, 8946.0, 7, 6.597345132743363, 0.2
1356, 8949.0, 3, 6.594694178334562, 0.2
1357, 8953.0, 4, 6.592783505154639, 0.2
1358, 8959.0, 6, 6.592347314201619, 0.2
1359, 8966.0, 7, 6.5926470588235295, 0.2
1360, 8974.0, 8, 6.593681116825864, 0.2
1361, 8976.0, 2, 6.590308370044053, 0.2
1362, 8979.0, 3, 6.587674247982392, 0.2
1363, 8986.0, 7, 6.587976539589443, 0.2
1364, 8994.0, 8, 6.589010989010989, 0.2
1365, 9001.0, 7, 6.589311859443631, 0.2
1366, 9007.0, 6, 6.588880760790051, 0.2
1367, 9014.0, 7, 6.5891812865497075, 0.2
1368, 9021.0, 7, 6.589481373265157, 0.2
1369, 9025.0, 4, 6.587591240875913, 0.2
1370, 9032.0, 7, 6.587892049598833, 0.2
1371, 9035.0, 3, 6.585276967930029, 0.2
1372, 9041.0, 6, 6.584850691915514, 0.2
1373, 9047.0, 6, 6.584425036390102, 0.2
1374, 9052.0, 5, 6.583272727272727, 0.2
1375, 9053.0, 1, 6.5792151162790695, 0.2
1376, 9058.0, 5, 6.578068264342774, 0.2
1377, 9064.0, 6, 6.577648766328012, 0.2
1378, 9070.0, 6, 6.577229876722263, 0.2
1379, 9075.0, 5, 6.576086956521739, 0.2
1380, 9081.0, 6, 6.5756698044895, 0.2
1381, 9083.0, 2, 6.572358900144718, 0.2
1382, 9087.0, 4, 6.570498915401301, 0.2
1383, 9094.0, 7, 6.570809248554913, 0.2
1384, 9100.0, 6, 6.5703971119133575, 0.2
1385, 9100.0, 0, 6.565656565656566, 0.2
1386, 9100.0, 0, 6.560922855082913, 0.2
1387, 9102.0, 2, 6.557636887608069, 0.2
1388, 9106.0, 4, 6.555795536357091, 0.2
1389, 9113.0, 7, 6.556115107913669, 0.2
1390, 9116.0, 3, 6.553558590941768, 0.2
1391, 9124.0, 8, 6.554597701149425, 0.2
1392, 9131.0, 7, 6.554917444364681, 0.2
1393, 9135.0, 4, 6.553084648493543, 0.2
1394, 9141.0, 6, 6.552688172043011, 0.2
1395, 9148.0, 7, 6.553008595988539, 0.2
1396, 9156.0, 8, 6.554044380816034, 0.2
1397, 9161.0, 5, 6.552932761087267, 0.2
1398, 9169.0, 8, 6.553967119370979, 0.2
1399, 9174.0, 5, 6.5528571428571425, 0.2
1400, 9180.0, 6, 6.552462526766595, 0.2
1401, 9182.0, 2, 6.5492154065620545, 0.2
1402, 9189.0, 7, 6.5495367070563075, 0.2
1403, 9191.0, 2, 6.546296296296297, 0.2
1404, 9195.0, 4, 6.544483985765124, 0.2
1405, 9201.0, 6, 6.544096728307254, 0.2
1406, 9208.0, 7, 6.544420753375977, 0.2
1407, 9215.0, 7, 6.544744318181818, 0.2
1408, 9217.0, 2, 6.54151880766501, 0.2
1409, 9223.0, 6, 6.54113475177305, 0.2
1410, 9227.0, 4, 6.539333805811482, 0.2
1411, 9233.0, 6, 6.538951841359774, 0.2
1412, 9237.0, 4, 6.537154989384288, 0.2
1413, 9243.0, 6, 6.536775106082037, 0.2
1414, 9250.0, 7, 6.5371024734982335, 0.2
1415, 9257.0, 7, 6.5374293785310735, 0.2
1416, 9263.0, 6, 6.537050105857445, 0.2
1417, 9269.0, 6, 6.536671368124119, 0.2
1418, 9272.0, 3, 6.534178999295278, 0.2
1419, 9272.0, 0, 6.529577464788733, 0.2
1420, 9278.0, 6, 6.52920478536242, 0.2
1421, 9281.0, 3, 6.526722925457102, 0.2
1422, 9289.0, 8, 6.527758257203092, 0.2
1423, 9297.0, 8, 6.528792134831461, 0.2
1424, 9304.0, 7, 6.5291228070175436, 0.2
1425, 9306.0, 2, 6.525946704067321, 0.2
1426, 9312.0, 6, 6.525578135949544, 0.2
1427, 9317.0, 5, 6.5245098039215685, 0.2
1428, 9322.0, 5, 6.523442967109867, 0.2
1429, 9329.0, 7, 6.523776223776224, 0.2
1430, 9333.0, 4, 6.522012578616352, 0.2
1431, 9338.0, 5, 6.520949720670391, 0.2
1432, 9344.0, 6, 6.520586182833217, 0.2
1433, 9350.0, 6, 6.520223152022315, 0.2
1434, 9358.0, 8, 6.521254355400697, 0.2
1435, 9364.0, 6, 6.520891364902507, 0.2
1436, 9371.0, 7, 6.521224773834377, 0.2
1437, 9378.0, 7, 6.521557719054242, 0.2
1438, 9385.0, 7, 6.52189020152884, 0.2
1439, 9392.0, 7, 6.522222222222222, 0.2
1440, 9398.0, 6, 6.521859819569743, 0.2
1441, 9403.0, 5, 6.520804438280167, 0.2
1442, 9409.0, 6, 6.5204435204435205, 0.2
1443, 9415.0, 6, 6.520083102493075, 0.2
1444, 9422.0, 7, 6.520415224913495, 0.2
1445, 9423.0, 1, 6.516597510373444, 0.2
1446, 9431.0, 8, 6.517622667588113, 0.2
1447, 9437.0, 6, 6.517265193370166, 0.2
1448, 9444.0, 7, 6.5175983436853, 0.2
1449, 9451.0, 7, 6.517931034482759, 0.2
1450, 9457.0, 6, 6.517574086836665, 0.2
1451, 9463.0, 6, 6.517217630853994, 0.2
1452, 9469.0, 6, 6.516861665519615, 0.2
1453, 9476.0, 7, 6.517193947730399, 0.2
1454, 9482.0, 6, 6.5168384879725085, 0.2
1455, 9486.0, 4, 6.5151098901098905, 0.2
1456, 9492.0, 6, 6.514756348661633, 0.2
1457, 9497.0, 5, 6.513717421124828, 0.2
1458, 9498.0, 1, 6.509938313913639, 0.2
1459, 9503.0, 5, 6.508904109589041, 0.2
1460, 9510.0, 7, 6.509240246406571, 0.2
1461, 9516.0, 6, 6.5088919288645695, 0.2
1462, 9520.0, 4, 6.507177033492823, 0.2
1463, 9525.0, 5, 6.506147540983607, 0.2
1464, 9533.0, 8, 6.50716723549488, 0.2
1465, 9541.0, 8, 6.5081855388813095, 0.2
1466, 9548.0, 7, 6.50852079072938, 0.2
1467, 9556.0, 8, 6.509536784741145, 0.2
1468, 9562.0, 6, 6.509189925119129, 0.2
1469, 9568.0, 6, 6.508843537414966, 0.2
1470, 9574.0, 6, 6.508497620666214, 0.2
1471, 9582.0, 8, 6.509510869565218, 0.2
1472, 9590.0, 8, 6.510522742701969, 0.2
1473, 9596.0, 6, 6.510176390773406, 0.2
1474, 9603.0, 7, 6.510508474576271, 0.2
1475, 9609.0, 6, 6.510162601626016, 0.2
1476, 9617.0, 8, 6.511171293161815, 0.2
1477, 9621.0, 4, 6.509472259810555, 0.2
1478, 9625.0, 4, 6.507775524002705, 0.2
1479, 9628.0, 3, 6.505405405405406, 0.2
1480, 9632.0, 4, 6.50371370695476, 0.2
1481, 9638.0, 6, 6.503373819163293, 0.2
1482, 9644.0, 6, 6.503034389750506, 0.2
1483, 9651.0, 7, 6.5033692722371965, 0.2
1484, 9658.0, 7, 6.503703703703704, 0.2
1485, 9666.0, 8, 6.504710632570659, 0.2
1486, 9673.0, 7, 6.505043712172158, 0.2
1487, 9680.0, 7, 6.505376344086022, 0.2
1488, 9687.0, 7, 6.505708529214238, 0.2
1489, 9695.0, 8, 6.506711409395973, 0.2
1490, 9702.0, 7, 6.507042253521127, 0.2
1491, 9704.0, 2, 6.50402144772118, 0.2
1492, 9709.0, 5, 6.503014065639651, 0.2
1493, 9714.0, 5, 6.502008032128514, 0.2
1494, 9721.0, 7, 6.502341137123746, 0.2
1495, 9727.0, 6, 6.502005347593583, 0.2
1496, 9732.0, 5, 6.501002004008016, 0.2
1497, 9739.0, 7, 6.501335113484646, 0.2
1498, 9744.0, 5, 6.5003335557038024, 0.2
1499, 9750.0, 6, 6.5, 0.2
1500, 9750.0, 0, 6.495669553630913, 0.2
1501, 9758.0, 8, 6.496671105193076, 0.2
1502, 9766.0, 8, 6.497671324018629, 0.2
1503, 9773.0, 7, 6.498005319148936, 0.2
1504, 9781.0, 8, 6.499003322259136, 0.2
1505, 9787.0, 6, 6.49867197875166, 0.2
1506, 9792.0, 5, 6.497677504976775, 0.2
1507, 9797.0, 5, 6.496684350132626, 0.2
1508, 9803.0, 6, 6.4963552021206095, 0.2
1509, 9808.0, 5, 6.495364238410596, 0.2
1510, 9815.0, 7, 6.495698213103904, 0.2
1511, 9821.0, 6, 6.49537037037037, 0.2
1512, 9828.0, 7, 6.495703899537343, 0.2
1513, 9835.0, 7, 6.496036988110965, 0.2
1514, 9836.0, 1, 6.4924092409240926, 0.2
1515, 9841.0, 5, 6.491424802110818, 0.2
1516, 9847.0, 6, 6.491100856954516, 0.2
1517, 9849.0, 2, 6.488142292490118, 0.2
1518, 9854.0, 5, 6.487162606978275, 0.2
1519, 9860.0, 6, 6.4868421052631575, 0.2
1520, 9865.0, 5, 6.48586456278764, 0.2
1521, 9872.0, 7, 6.486202365308804, 0.2
1522, 9877.0, 5, 6.485226526592252, 0.2
1523, 9884.0, 7, 6.485564304461942, 0.2
1524, 9891.0, 7, 6.485901639344262, 0.2
1525, 9899.0, 8, 6.486893840104849, 0.2
1526, 9901.0, 2, 6.483955468238376, 0.2
1527, 9906.0, 5, 6.482984293193717, 0.2
1528, 9912.0, 6, 6.482668410725965, 0.2
1529, 9918.0, 6, 6.482352941176471, 0.2
1530, 9921.0, 3, 6.480078380143697, 0.2
1531, 9927.0, 6, 6.4797650130548305, 0.2
1532, 9931.0, 4, 6.478147423352903, 0.2
1533, 9935.0, 4, 6.476531942633637, 0.2
1534, 9940.0, 5, 6.47557003257329, 0.2
1535, 9946.0, 6, 6.475260416666667, 0.2
1536, 9954.0, 8, 6.476252439817827, 0.2
1537, 9959.0, 5, 6.475292587776333, 0.2
1538, 9966.0, 7, 6.475633528265107, 0.2
1539, 9973.0, 7, 6.475974025974026, 0.2
1540, 9980.0, 7, 6.4763140817650875, 0.2
1541, 9986.0, 6, 6.476005188067445, 0.2
1542, 9994.0, 8, 6.47699287103046, 0.2
1543, 9999.0, 5, 6.476036269430052, 0.2
1544, 10003.0, 4, 6.474433656957928, 0.2
1545, 10009.0, 6, 6.474126778783958, 0.2
1546, 10015.0, 6, 6.473820297349709, 0.2
1547, 10022.0, 7, 6.474160206718346, 0.2
1548, 10029.0, 7, 6.474499677211104, 0.2
1549, 10032.0, 3, 6.472258064516129, 0.2
1550, 10040.0, 8, 6.47324306898775, 0.2
1551, 10046.0, 6, 6.472938144329897, 0.2
1552, 10052.0, 6, 6.472633612363168, 0.2
1553, 10060.0, 8, 6.473616473616474, 0.2
1554, 10062.0, 2, 6.470739549839228, 0.2
1555, 10063.0, 1, 6.467223650385604, 0.2
1556, 10070.0, 7, 6.467565831727682, 0.2
1557, 10072.0, 2, 6.464698331193838, 0.2
1558, 10078.0, 6, 6.464400256574727, 0.2
1559, 10085.0, 7, 6.464743589743589, 0.2
1560, 10092.0, 7, 6.465086483023703, 0.2
1561, 10098.0, 6, 6.464788732394366, 0.2
1562, 10106.0, 8, 6.465770953294945, 0.2
1563, 10113.0, 7, 6.466112531969309, 0.2
1564, 10115.0, 2, 6.463258785942492, 0.2
1565, 10121.0, 6, 6.462962962962963, 0.2
1566, 10128.0, 7, 6.463305679642629, 0.2
1567, 10134.0, 6, 6.463010204081633, 0.2
1568, 10140.0, 6, 6.462715105162524, 0.2
1569, 10146.0, 6, 6.462420382165605, 0.2
1570, 10153.0, 7, 6.4627625716104395, 0.2
1571, 10160.0, 7, 6.463104325699746, 0.2
1572, 10168.0, 8, 6.464081373172283, 0.2
1573, 10176.0, 8, 6.465057179161373, 0.2
1574, 10183.0, 7, 6.465396825396826, 0.2
1575, 10183.0, 0, 6.461294416243655, 0.2
1576, 10190.0, 7, 6.461636017755231, 0.2
1577, 10197.0, 7, 6.461977186311787, 0.2
1578, 10204.0, 7, 6.462317922735909, 0.2
1579, 10212.0, 8, 6.463291139240506, 0.2
1580, 10217.0, 5, 6.462365591397849, 0.2
1581, 10218.0, 1, 6.458912768647282, 0.2
1582, 10225.0, 7, 6.45925457991156, 0.2
1583, 10231.0, 6, 6.458964646464646, 0.2
1584, 10238.0, 7, 6.459305993690852, 0.2
1585, 10246.0, 8, 6.460277427490542, 0.2
1586, 10247.0, 1, 6.456836798991809, 0.2
1587, 10253.0, 6, 6.456549118387909, 0.2
1588, 10260.0, 7, 6.456891126494651, 0.2
1589, 10268.0, 8, 6.457861635220126, 0.2
1590, 10274.0, 6, 6.45757385292269, 0.2
1591, 10279.0, 5, 6.456658291457287, 0.2
1592, 10285.0, 6, 6.456371625863151, 0.2
1593, 10291.0, 6, 6.456085319949811, 0.2
1594, 10299.0, 8, 6.457053291536051, 0.2
1595, 10306.0, 7, 6.457393483709273, 0.2
1596, 10308.0, 2, 6.45460237946149, 0.2
1597, 10313.0, 5, 6.45369211514393, 0.2
1598, 10319.0, 6, 6.453408380237649, 0.2
1599, 10327.0, 8, 6.454375, 0.2
1600, 10334.0, 7, 6.45471580262336, 0.2
1601, 10342.0, 8, 6.455680399500624, 0.2
1602, 10347.0, 5, 6.454772301933874, 0.2
1603, 10354.0, 7, 6.4551122194513715, 0.2
1604, 10361.0, 7, 6.455451713395639, 0.2
1605, 10367.0, 6, 6.455168119551681, 0.2
1606, 10374.0, 7, 6.455507156191661, 0.2
1607, 10381.0, 7, 6.455845771144278, 0.2
1608, 10388.0, 7, 6.456183965195774, 0.2
1609, 10395.0, 7, 6.456521739130435, 0.2
1610, 10402.0, 7, 6.4568590937306025, 0.2
1611, 10403.0, 1, 6.45347394540943, 0.2
1612, 10407.0, 4, 6.4519528828270305, 0.2
1613, 10410.0, 3, 6.449814126394052, 0.2
1614, 10416.0, 6, 6.44953560371517, 0.2
1615, 10418.0, 2, 6.446782178217822, 0.2
1616, 10426.0, 8, 6.447742733457019, 0.2
1617, 10432.0, 6, 6.447466007416564, 0.2
1618, 10436.0, 4, 6.445954292773317, 0.2
1619, 10443.0, 7, 6.446296296296296, 0.2
1620, 10445.0, 2, 6.443553362122147, 0.2
1621, 10445.0, 0, 6.439580764488286, 0.2
1622, 10449.0, 4, 6.438077634011091, 0.2
1623, 10453.0, 4, 6.436576354679803, 0.2
1624, 10460.0, 7, 6.436923076923077, 0.2
1625, 10467.0, 7, 6.437269372693727, 0.2
1626, 10473.0, 6, 6.4370006146281495, 0.2
1627, 10481.0, 8, 6.437960687960688, 0.2
1628, 10488.0, 7, 6.4383057090239415, 0.2
1629, 10494.0, 6, 6.438036809815951, 0.2
1630, 10500.0, 6, 6.437768240343348, 0.2
1631, 10506.0, 6, 6.4375, 0.2
1632, 10508.0, 2, 6.434782608695652, 0.2
1633, 10516.0, 8, 6.435740514075888, 0.2
1634, 10521.0, 5, 6.434862385321101, 0.2
1635, 10526.0, 5, 6.43398533007335, 0.2
1636, 10532.0, 6, 6.433720219914478, 0.2
1637, 10538.0, 6, 6.433455433455434, 0.2
1638, 10546.0, 8, 6.434411226357535, 0.2
1639, 10550.0, 4, 6.432926829268292, 0.2
1640, 10557.0, 7, 6.43327239488117, 0.2
1641, 10563.0, 6, 6.433008526187576, 0.2
1642, 10570.0, 7, 6.433353621424224, 0.2
1643, 10577.0, 7, 6.433698296836983, 0.2
1644, 10581.0, 4, 6.432218844984803, 0.2
1645, 10587.0, 6, 6.431956257594168, 0.2
1646, 10594.0, 7, 6.432301153612629, 0.2
1647, 10599.0, 5, 6.431432038834951, 0.2
1648, 10604.0, 5, 6.430563978168587, 0.2
1649, 10610.0, 6, 6.430303030303031, 0.2
1650, 10611.0, 1, 6.427013930950939, 0.2
1651, 10612.0, 1, 6.423728813559322, 0.2
1652, 10618.0, 6, 6.423472474289171, 0.2
1653, 10622.0, 4, 6.422007255139057, 0.2
1654, 10630.0, 8, 6.422960725075528, 0.2
1655, 10630.0, 0, 6.419082125603865, 0.2
1656, 10631.0, 1, 6.415811707905854, 0.2
1657, 10637.0, 6, 6.415560916767189, 0.2
1658, 10643.0, 6, 6.415310427968656, 0.2
1659, 10650.0, 7, 6.4156626506024095, 0.2
1660, 10658.0, 8, 6.416616496086695, 0.2
1661, 10664.0, 6, 6.416365824308063, 0.2
1662, 10669.0, 5, 6.415514131088394, 0.2
1663, 10676.0, 7, 6.415865384615385, 0.2
1664, 10683.0, 7, 6.416216216216216, 0.2
1665, 10690.0, 7, 6.416566626650661, 0.2
1666, 10696.0, 6, 6.41631673665267, 0.2
1667, 10700.0, 4, 6.414868105515588, 0.2
1668, 10700.0, 0, 6.411024565608148, 0.2
1669, 10707.0, 7, 6.411377245508982, 0.2
1670, 10712.0, 5, 6.410532615200479, 0.2
1671, 10719.0, 7, 6.410885167464115, 0.2
1672, 10723.0, 4, 6.409444112372983, 0.2
1673, 10729.0, 6, 6.409199522102748, 0.2
1674, 10736.0, 7, 6.40955223880597, 0.2
1675, 10743.0, 7, 6.409904534606206, 0.2
1676, 10749.0, 6, 6.409660107334526, 0.2
1677, 10754.0, 5, 6.408820023837902, 0.2
1678, 10759.0, 5, 6.407980941036331, 0.2
1679, 10764.0, 5, 6.4071428571428575, 0.2
1680, 10770.0, 6, 6.406900654372397, 0.2
1681, 10778.0, 8, 6.407847800237812, 0.2
1682, 10784.0, 6, 6.407605466428996, 0.2
1683, 10790.0, 6, 6.407363420427553, 0.2
1684, 10796.0, 6, 6.407121661721068, 0.2
1685, 10801.0, 5, 6.406287069988138, 0.2
1686, 10808.0, 7, 6.406639004149378, 0.2
1687, 10810.0, 2, 6.404028436018957, 0.2
1688, 10816.0, 6, 6.403789224393132, 0.2
1689, 10824.0, 8, 6.404733727810651, 0.2
1690, 10831.0, 7, 6.4050857480780605, 0.2
1691, 10839.0, 8, 6.406028368794326, 0.2
1692, 10845.0, 6, 6.405788541051388, 0.2
1693, 10852.0, 7, 6.406139315230225, 0.2
1694, 10854.0, 2, 6.40353982300885, 0.2
1695, 10861.0, 7, 6.403891509433962, 0.2
1696, 10868.0, 7, 6.404242781378904, 0.2
1697, 10876.0, 8, 6.4051825677267376, 0.2
1698, 10882.0, 6, 6.404944084755739, 0.2
1699, 10887.0, 5, 6.404117647058824, 0.2
1700, 10893.0, 6, 6.403880070546737, 0.2
1701, 10900.0, 7, 6.404230317273796, 0.2
1702, 10907.0, 7, 6.404580152671755, 0.2
1703, 10910.0, 3, 6.402582159624413, 0.2
1704, 10915.0, 5, 6.4017595307917885, 0.2
1705, 10923.0, 8, 6.402696365767878, 0.2
1706, 10930.0, 7, 6.403046280023433, 0.2
1707, 10935.0, 5, 6.402224824355972, 0.2
1708, 10941.0, 6, 6.401989467524868, 0.2
1709, 10948.0, 7, 6.40233918128655, 0.2
1710, 10952.0, 4, 6.400935125657511, 0.2
1711, 10958.0, 6, 6.400700934579439, 0.2
1712, 10962.0, 4, 6.399299474605955, 0.2
1713, 10964.0, 2, 6.396732788798133, 0.2
1714, 10968.0, 4, 6.39533527696793, 0.2
1715, 10975.0, 7, 6.395687645687645, 0.2
1716, 10979.0, 4, 6.3942923704135115, 0.2
1717, 10986.0, 7, 6.39464493597206, 0.2
1718, 10993.0, 7, 6.394997091332169, 0.2
1719, 10998.0, 5, 6.394186046511628, 0.2
1720, 11006.0, 8, 6.3951191167925625, 0.2
1721, 11013.0, 7, 6.395470383275262, 0.2
1722, 11018.0, 5, 6.394660475914104, 0.2
1723, 11024.0, 6, 6.3944315545243615, 0.2
1724, 11031.0, 7, 6.394782608695652, 0.2
1725, 11039.0, 8, 6.3957126303592124, 0.2
1726, 11044.0, 5, 6.3949044585987265, 0.2
1727, 11052.0, 8, 6.395833333333333, 0.2
1728, 11059.0, 7, 6.396182764603817, 0.2
1729, 11063.0, 4, 6.394797687861272, 0.2
1730, 11071.0, 8, 6.395725014442519, 0.2
1731, 11075.0, 4, 6.394341801385681, 0.2
1732, 11076.0, 1, 6.391229082515869, 0.2
1733, 11082.0, 6, 6.391003460207613, 0.2
1734, 11089.0, 7, 6.39135446685879, 0.2
1735, 11090.0, 1, 6.388248847926267, 0.2
1736, 11097.0, 7, 6.38860103626943, 0.2
1737, 11104.0, 7, 6.388952819332566, 0.2
1738, 11109.0, 5, 6.388154111558367, 0.2
1739, 11117.0, 8, 6.389080459770115, 0.2
1740, 11123.0, 6, 6.388856978747846, 0.2
1741, 11130.0, 7, 6.389207807118255, 0.2
1742, 11136.0, 6, 6.388984509466437, 0.2
1743, 11138.0, 2, 6.386467889908257, 0.2
1744, 11143.0, 5, 6.38567335243553, 0.2
1745, 11149.0, 6, 6.385452462772051, 0.2
1746, 11155.0, 6, 6.385231825987407, 0.2
1747, 11162.0, 7, 6.38558352402746, 0.2
1748, 11168.0, 6, 6.385363064608348, 0.2
1749, 11171.0, 3, 6.3834285714285715, 0.2
1750, 11177.0, 6, 6.383209594517418, 0.2
1751, 11183.0, 6, 6.382990867579909, 0.2
1752, 11189.0, 6, 6.382772390188249, 0.2
1753, 11189.0, 0, 6.379133409350057, 0.2
1754, 11194.0, 5, 6.3783475783475785, 0.2
1755, 11201.0, 7, 6.378701594533029, 0.2
1756, 11207.0, 6, 6.378486055776892, 0.2
1757, 11213.0, 6, 6.378270762229807, 0.2
1758, 11218.0, 5, 6.3774872086412735, 0.2
1759, 11225.0, 7, 6.377840909090909, 0.2
1760, 11230.0, 5, 6.377058489494606, 0.2
1761, 11230.0, 0, 6.373439273552781, 0.2
1762, 11236.0, 6, 6.373227453204764, 0.2
1763, 11243.0, 7, 6.37358276643991, 0.2
1764, 11249.0, 6, 6.373371104815864, 0.2
1765, 11255.0, 6, 6.373159682899208, 0.2
1766, 11261.0, 6, 6.372948500282965, 0.2
1767, 11265.0, 4, 6.371606334841629, 0.2
1768, 11273.0, 8, 6.372526851328434, 0.2
1769, 11278.0, 5, 6.371751412429378, 0.2
1770, 11283.0, 5, 6.370976849237719, 0.2
1771, 11290.0, 7, 6.371331828442438, 0.2
1772, 11297.0, 7, 6.371686407219402, 0.2
1773, 11306.0, 9, 6.373167981961669, 0.2
1774, 11314.0, 8, 6.374084507042253, 0.2
1775, 11322.0, 8, 6.375, 0.2
1776, 11329.0, 7, 6.375351716375914, 0.2
1777, 11334.0, 5, 6.374578177727784, 0.2
1778, 11340.0, 6, 6.3743676222596966, 0.2
1779, 11347.0, 7, 6.3747191011235955, 0.2
1780, 11351.0, 4, 6.373385738349242, 0.2
1781, 11359.0, 8, 6.374298540965207, 0.2
1782, 11364.0, 5, 6.373527762198542, 0.2
1783, 11370.0, 6, 6.373318385650224, 0.2
1784, 11378.0, 8, 6.37422969187675, 0.2
1785, 11386.0, 8, 6.375139977603584, 0.2
1786, 11391.0, 5, 6.374370453273643, 0.2
1787, 11397.0, 6, 6.374161073825503, 0.2
1788, 11397.0, 0, 6.370598099496926, 0.2
1789, 11403.0, 6, 6.370391061452514, 0.2
1790, 11408.0, 5, 6.36962590731435, 0.2
1791, 11416.0, 8, 6.370535714285714, 0.2
1792, 11421.0, 5, 6.369771332961517, 0.2
1793, 11426.0, 5, 6.369007803790413, 0.2
1794, 11433.0, 7, 6.369359331476323, 0.2
1795, 11441.0, 8, 6.370267260579064, 0.2
1796, 11441.0, 0, 6.366722314969393, 0.2
1797, 11441.0, 0, 6.363181312569521, 0.2
1798, 11448.0, 7, 6.363535297387437, 0.2
1799, 11455.0, 7, 6.363888888888889, 0.2
1800, 11461.0, 6, 6.363686840644086, 0.2
1801, 11463.0, 2, 6.36126526082131, 0.2
1802, 11468.0, 5, 6.36051026067665, 0.2
1803, 11473.0, 5, 6.359756097560975, 0.2
1804, 11479.0, 6, 6.359556786703601, 0.2
1805, 11484.0, 5, 6.358803986710964, 0.2
1806, 11485.0, 1, 6.355838406198118, 0.2
1807, 11491.0, 6, 6.355641592920354, 0.2
1808, 11495.0, 4, 6.354339414040907, 0.2
1809, 11501.0, 6, 6.35414364640884, 0.2
1810, 11509.0, 8, 6.3550524572059635, 0.2
1811, 11517.0, 8, 6.355960264900662, 0.2
1812, 11524.0, 7, 6.356315499172642, 0.2
1813, 11532.0, 8, 6.357221609702315, 0.2
1814, 11540.0, 8, 6.358126721763085, 0.2
1815, 11543.0, 3, 6.3562775330396475, 0.2
1816, 11549.0, 6, 6.356081452944414, 0.2
1817, 11554.0, 5, 6.3553355335533555, 0.2
1818, 11562.0, 8, 6.356239692138538, 0.2
1819, 11570.0, 8, 6.357142857142857, 0.2
1820, 11578.0, 8, 6.3580450302031855, 0.2
1821, 11586.0, 8, 6.358946212952799, 0.2
1822, 11592.0, 6, 6.35874931431706, 0.2
1823, 11598.0, 6, 6.358552631578948, 0.2
1824, 11599.0, 1, 6.355616438356164, 0.2
1825, 11602.0, 3, 6.353778751369113, 0.2
1826, 11608.0, 6, 6.353585112205802, 0.2
1827, 11613.0, 5, 6.352844638949672, 0.2
1828, 11621.0, 8, 6.3537452159650085, 0.2
1829, 11626.0, 5, 6.353005464480875, 0.2
1830, 11634.0, 8, 6.35390496996177, 0.2
1831, 11639.0, 5, 6.353165938864628, 0.2
1832, 11646.0, 7, 6.353518821603928, 0.2
1833, 11653.0, 7, 6.353871319520175, 0.2
1834, 11656.0, 3, 6.352043596730245, 0.2
1835, 11661.0, 5, 6.351307189542483, 0.2
1836, 11668.0, 7, 6.351660315732172, 0.2
1837, 11672.0, 4, 6.35038084874864, 0.2
1838, 11673.0, 1, 6.34747145187602, 0.2
1839, 11678.0, 5, 6.346739130434782, 0.2
1840, 11685.0, 7, 6.347093970668115, 0.2
1841, 11692.0, 7, 6.3474484256243215, 0.2
1842, 11698.0, 6, 6.347259902333152, 0.2
1843, 11704.0, 6, 6.3470715835141, 0.2
1844, 11710.0, 6, 6.3468834688346885, 0.2
1845, 11717.0, 7, 6.3472372697724815, 0.2
1846, 11722.0, 5, 6.346507850568489, 0.2
1847, 11727.0, 5, 6.345779220779221, 0.2
1848, 11732.0, 5, 6.34505137912385, 0.2
1849, 11740.0, 8, 6.345945945945946, 0.2
1850, 11745.0, 5, 6.345218800648298, 0.2
1851, 11750.0, 5, 6.344492440604752, 0.2
1852, 11756.0, 6, 6.34430652995143, 0.2
1853, 11763.0, 7, 6.344660194174757, 0.2
1854, 11770.0, 7, 6.345013477088949, 0.2
1855, 11776.0, 6, 6.344827586206897, 0.2
1856, 11782.0, 6, 6.344641895530425, 0.2
1857, 11789.0, 7, 6.344994617868676, 0.2
1858, 11796.0, 7, 6.345346960731576, 0.2
1859, 11803.0, 7, 6.345698924731183, 0.2
1860, 11809.0, 6, 6.345513164965072, 0.2
1861, 11817.0, 8, 6.34640171858217, 0.2
1862, 11824.0, 7, 6.3467525496511, 0.2
1863, 11832.0, 8, 6.347639484978541, 0.2
1864, 11836.0, 4, 6.346380697050939, 0.2
1865, 11841.0, 5, 6.345659163987138, 0.2
1866, 11841.0, 0, 6.342260310658811, 0.2
1867, 11844.0, 3, 6.340471092077088, 0.2
1868, 11849.0, 5, 6.339753879079722, 0.2
1869, 11851.0, 2, 6.337433155080214, 0.2
1870, 11854.0, 3, 6.335649385355425, 0.2
1871, 11860.0, 6, 6.335470085470085, 0.2
1872, 11865.0, 5, 6.334757074212494, 0.2
1873, 11870.0, 5, 6.334044823906083, 0.2
1874, 11875.0, 5, 6.333333333333333, 0.2
1875, 11883.0, 8, 6.334221748400853, 0.2
1876, 11891.0, 8, 6.3351092168353755, 0.2
1877, 11894.0, 3, 6.333333333333333, 0.2
1878, 11901.0, 7, 6.333688131985099, 0.2
1879, 11907.0, 6, 6.333510638297873, 0.2
1880, 11913.0, 6, 6.333333333333333, 0.2
1881, 11919.0, 6, 6.333156216790648, 0.2
1882, 11923.0, 4, 6.331917153478492, 0.2
1883, 11924.0, 1, 6.329087048832272, 0.2
1884, 11930.0, 6, 6.3289124668435015, 0.2
1885, 11935.0, 5, 6.3282078472958645, 0.2
1886, 11940.0, 5, 6.327503974562798, 0.2
1887, 11946.0, 6, 6.327330508474576, 0.2
1888, 11952.0, 6, 6.327157226045527, 0.2
1889, 11955.0, 3, 6.325396825396825, 0.2
1890, 11962.0, 7, 6.325753569539926, 0.2
1891, 11969.0, 7, 6.326109936575053, 0.2
1892, 11977.0, 8, 6.326994189117802, 0.2
1893, 11982.0, 5, 6.326293558606125, 0.2
1894, 11984.0, 2, 6.32401055408971, 0.2
1895, 11992.0, 8, 6.324894514767933, 0.2
1896, 11995.0, 3, 6.3231418028465995, 0.2
1897, 12001.0, 6, 6.322971548998947, 0.2
1898, 12008.0, 7, 6.323328067403897, 0.2
1899, 12016.0, 8, 6.324210526315789, 0.2
1900, 12022.0, 6, 6.324039978958443, 0.2
1901, 12027.0, 5, 6.323343848580442, 0.2
1902, 12035.0, 8, 6.324224908039937, 0.2
1903, 12042.0, 7, 6.324579831932773, 0.2
1904, 12048.0, 6, 6.324409448818898, 0.2
1905, 12055.0, 7, 6.324763903462749, 0.2
1906, 12063.0, 8, 6.3256423702149975, 0.2
1907, 12070.0, 7, 6.325995807127883, 0.2
1908, 12075.0, 5, 6.325301204819277, 0.2
1909, 12078.0, 3, 6.323560209424084, 0.2
1910, 12086.0, 8, 6.32443746729461, 0.2
1911, 12092.0, 6, 6.324267782426778, 0.2
1912, 12100.0, 8, 6.3251437532671195, 0.2
1913, 12105.0, 5, 6.324451410658307, 0.2
1914, 12112.0, 7, 6.324804177545692, 0.2
1915, 12119.0, 7, 6.325156576200418, 0.2
1916, 12125.0, 6, 6.324986958789776, 0.2
1917, 12130.0, 5, 6.32429614181439, 0.2
1918, 12135.0, 5, 6.3236060448150075, 0.2
1919, 12142.0, 7, 6.323958333333334, 0.2
1920, 12146.0, 4, 6.32274856845393, 0.2
1921, 12153.0, 7, 6.323100936524454, 0.2
1922, 12160.0, 7, 6.323452938117525, 0.2
1923, 12168.0, 8, 6.324324324324325, 0.2
1924, 12174.0, 6, 6.324155844155844, 0.2
1925, 12180.0, 6, 6.32398753894081, 0.2
1926, 12188.0, 8, 6.3248572911261025, 0.2
1927, 12194.0, 6, 6.324688796680498, 0.2
1928, 12201.0, 7, 6.325038880248834, 0.2
1929, 12205.0, 4, 6.323834196891192, 0.2
1930, 12212.0, 7, 6.324184360435008, 0.2
1931, 12218.0, 6, 6.324016563146998, 0.2
1932, 12224.0, 6, 6.323848939472323, 0.2
1933, 12231.0, 7, 6.324198552223371, 0.2
1934, 12237.0, 6, 6.324031007751938, 0.2
1935, 12243.0, 6, 6.323863636363637, 0.2
1936, 12250.0, 7, 6.324212700051627, 0.2
1937, 12258.0, 8, 6.325077399380805, 0.2
1938, 12266.0, 8, 6.325941206807633, 0.2
1939, 12269.0, 3, 6.324226804123711, 0.2
1940, 12269.0, 0, 6.320968572900567, 0.2
1941, 12276.0, 7, 6.321318228630278, 0.2
1942, 12283.0, 7, 6.321667524446732, 0.2
1943, 12290.0, 7, 6.32201646090535, 0.2
1944, 12295.0, 5, 6.32133676092545, 0.2
1945, 12300.0, 5, 6.32065775950668, 0.2
1946, 12307.0, 7, 6.321006676938881, 0.2
1947, 12314.0, 7, 6.32135523613963, 0.2
1948, 12320.0, 6, 6.321190354027706, 0.2
1949, 12326.0, 6, 6.321025641025641, 0.2
1950, 12329.0, 3, 6.319323423885187, 0.2
1951, 12335.0, 6, 6.319159836065574, 0.2
1952, 12342.0, 7, 6.319508448540707, 0.2
1953, 12348.0, 6, 6.3193449334698055, 0.2
1954, 12354.0, 6, 6.319181585677749, 0.2
1955, 12358.0, 4, 6.31799591002045, 0.2
1956, 12365.0, 7, 6.318344404701073, 0.2
1957, 12372.0, 7, 6.318692543411644, 0.2
1958, 12375.0, 3, 6.316998468606432, 0.2
1959, 12381.0, 6, 6.316836734693878, 0.2
1960, 12383.0, 2, 6.314635390107088, 0.2
1961, 12390.0, 7, 6.314984709480123, 0.2
1962, 12395.0, 5, 6.314314824248599, 0.2
1963, 12403.0, 8, 6.315173116089613, 0.2
1964, 12409.0, 6, 6.31501272264631, 0.2
1965, 12416.0, 7, 6.315361139369278, 0.2
1966, 12420.0, 4, 6.314184036603965, 0.2
1967, 12426.0, 6, 6.314024390243903, 0.2
1968, 12433.0, 7, 6.314372778059929, 0.2
1969, 12435.0, 2, 6.312182741116751, 0.2
1970, 12442.0, 7, 6.312531709791984, 0.2
1971, 12447.0, 5, 6.311866125760649, 0.2
1972, 12454.0, 7, 6.312214901165738, 0.2
1973, 12462.0, 8, 6.313069908814589, 0.2
1974, 12462.0, 0, 6.309873417721519, 0.2
1975, 12468.0, 6, 6.309716599190283, 0.2
1976, 12469.0, 1, 6.307030854830551, 0.2
1977, 12475.0, 6, 6.306875631951466, 0.2
1978, 12482.0, 7, 6.307225871652349, 0.2
1979, 12490.0, 8, 6.308080808080808, 0.2
1980, 12496.0, 6, 6.307925290257446, 0.2
1981, 12504.0, 8, 6.308779011099899, 0.2
1982, 12507.0, 3, 6.3071104387291985, 0.2
1983, 12515.0, 8, 6.307963709677419, 0.2
1984, 12515.0, 0, 6.30478589420655, 0.2
1985, 12523.0, 8, 6.30563947633434, 0.2
1986, 12528.0, 5, 6.304982385505788, 0.2
1987, 12535.0, 7, 6.30533199195171, 0.2
1988, 12542.0, 7, 6.305681246857717, 0.2
1989, 12549.0, 7, 6.306030150753769, 0.2
1990, 12551.0, 2, 6.303867403314917, 0.2
1991, 12558.0, 7, 6.304216867469879, 0.2
1992, 12564.0, 6, 6.304064224786754, 0.2
1993, 12572.0, 8, 6.304914744232698, 0.2
1994, 12578.0, 6, 6.304761904761905, 0.2
1995, 12583.0, 5, 6.304108216432866, 0.2
1996, 12589.0, 6, 6.303955933900851, 0.2
1997, 12596.0, 7, 6.3043043043043046, 0.2
1998, 12603.0, 7, 6.304652326163081, 0.2
1999, 12611.0, 8, 6.3055, 0.2
