0, 8.0, 8, 8.0, 0.1
1, 16.0, 8, 8.0, 0.1
2, 24.0, 8, 8.0, 0.1
3, 32.0, 8, 8.0, 0.1
4, 40.0, 8, 8.0, 0.1
5, 48.0, 8, 8.0, 0.1
6, 56.0, 8, 8.0, 0.1
7, 64.0, 8, 8.0, 0.1
8, 72.0, 8, 8.0, 0.1
9, 80.0, 8, 8.0, 0.1
10, 88.0, 8, 8.0, 0.1
11, 96.0, 8, 8.0, 0.1
12, 104.0, 8, 8.0, 0.1
13, 112.0, 8, 8.0, 0.1
14, 120.0, 8, 8.0, 0.1
15, 128.0, 8, 8.0, 0.1
16, 136.0, 8, 8.0, 0.1
17, 144.0, 8, 8.0, 0.1
18, 152.0, 8, 8.0, 0.1
19, 160.0, 8, 8.0, 0.1
20, 168.0, 8, 8.0, 0.1
21, 176.0, 8, 8.0, 0.1
22, 184.0, 8, 8.0, 0.1
23, 192.0, 8, 8.0, 0.1
24, 200.0, 8, 8.0, 0.1
25, 208.0, 8, 8.0, 0.1
26, 216.0, 8, 8.0, 0.1
27, 224.0, 8, 8.0, 0.1
28, 232.0, 8, 8.0, 0.1
29, 240.0, 8, 8.0, 0.1
30, 248.0, 8, 8.0, 0.1
31, 256.0, 8, 8.0, 0.1
32, 264.0, 8, 8.0, 0.1
33, 272.0, 8, 8.0, 0.1
34, 280.0, 8, 8.0, 0.1
35, 288.0, 8, 8.0, 0.1
36, 296.0, 8, 8.0, 0.1
37, 304.0, 8, 8.0, 0.1
38, 312.0, 8, 8.0, 0.1
39, 320.0, 8, 8.0, 0.1
40, 328.0, 8, 8.0, 0.1
41, 336.0, 8, 8.0, 0.1
42, 344.0, 8, 8.0, 0.1
43, 352.0, 8, 8.0, 0.1
44, 360.0, 8, 8.0, 0.1
45, 368.0, 8, 8.0, 0.1
46, 376.0, 8, 8.0, 0.1
47, 384.0, 8, 8.0, 0.1
48, 392.0, 8, 8.0, 0.1
49, 400.0, 8, 8.0, 0.1
50, 408.0, 8, 8.0, 0.1
51, 416.0, 8, 8.0, 0.1
52, 424.0, 8, 8.0, 0.1
53, 432.0, 8, 8.0, 0.1
54, 440.0, 8, 8.0, 0.1
55, 448.0, 8, 8.0, 0.1
56, 456.0, 8, 8.0, 0.1
57, 464.0, 8, 8.0, 0.1
58, 472.0, 8, 8.0, 0.1
59, 480.0, 8, 8.0, 0.1
60, 488.0, 8, 8.0, 0.1
61, 496.0, 8, 8.0, 0.1
62, 504.0, 8, 8.0, 0.1
63, 512.0, 8, 8.0, 0.1
64, 520.0, 8, 8.0, 0.1
65, 528.0, 8, 8.0, 0.1
66, 536.0, 8, 8.0, 0.1
67, 544.0, 8, 8.0, 0.1
68, 552.0, 8, 8.0, 0.1
69, 560.0, 8, 8.0, 0.1
70, 568.0, 8, 8.0, 0.1
71, 576.0, 8, 8.0, 0.1
72, 584.0, 8, 8.0, 0.1
73, 592.0, 8, 8.0, 0.1
74, 600.0, 8, 8.0, 0.1
75, 608.0, 8, 8.0, 0.1
76, 616.0, 8, 8.0, 0.1
77, 624.0, 8, 8.0, 0.1
78, 632.0, 8, 8.0, 0.1
79, 640.0, 8, 8.0, 0.1
80, 648.0, 8, 8.0, 0.1
81, 656.0, 8, 8.0, 0.1
82, 664.0, 8, 8.0, 0.1
83, 672.0, 8, 8.0, 0.1
84, 680.0, 8, 8.0, 0.1
85, 688.0, 8, 8.0, 0.1
86, 696.0, 8, 8.0, 0.1
87, 704.0, 8, 8.0, 0.1
88, 712.0, 8, 8.0, 0.1
89, 720.0, 8, 8.0, 0.1
90, 728.0, 8, 8.0, 0.1
91, 736.0, 8, 8.0, 0.1
92, 744.0, 8, 8.0, 0.1
93, 752.0, 8, 8.0, 0.1
94, 760.0, 8, 8.0, 0.1
95, 768.0, 8, 8.0, 0.1
96, 776.0, 8, 8.0, 0.1
97, 784.0, 8, 8.0, 0.1
98, 792.0, 8, 8.0, 0.1
99, 800.0, 8, 8.0, 0.1
100, 808.0, 8, 8.0, 0.1
101, 816.0, 8, 8.0, 0.1
102, 824.0, 8, 8.0, 0.1
103, 832.0, 8, 8.0, 0.1
104, 840.0, 8, 8.0, 0.1
105, 848.0, 8, 8.0, 0.1
106, 856.0, 8, 8.0, 0.1
107, 864.0, 8, 8.0, 0.1
108, 872.0, 8, 8.0, 0.1
109, 880.0, 8, 8.0, 0.1
110, 888.0, 8, 8.0, 0.1
111, 896.0, 8, 8.0, 0.1
112, 904.0, 8, 8.0, 0.1
113, 912.0, 8, 8.0, 0.1
114, 920.0, 8, 8.0, 0.1
115, 928.0, 8, 8.0, 0.1
116, 936.0, 8, 8.0, 0.1
117, 944.0, 8, 8.0, 0.1
118, 952.0, 8, 8.0, 0.1
119, 960.0, 8, 8.0, 0.1
120, 968.0, 8, 8.0, 0.1
121, 976.0, 8, 8.0, 0.1
122, 984.0, 8, 8.0, 0.1
123, 992.0, 8, 8.0, 0.1
124, 1000.0, 8, 8.0, 0.1
125, 1008.0, 8, 8.0, 0.1
126, 1016.0, 8, 8.0, 0.1
127, 1024.0, 8, 8.0, 0.1
128, 1032.0, 8, 8.0, 0.1
129, 1040.0, 8, 8.0, 0.1
130, 1048.0, 8, 8.0, 0.1
131, 1056.0, 8, 8.0, 0.1
132, 1064.0, 8, 8.0, 0.1
133, 1072.0, 8, 8.0, 0.1
134, 1080.0, 8, 8.0, 0.1
135, 1088.0, 8, 8.0, 0.1
136, 1096.0, 8, 8.0, 0.1
137, 1104.0, 8, 8.0, 0.1
138, 1112.0, 8, 8.0, 0.1
139, 1120.0, 8, 8.0, 0.1
140, 1128.0, 8, 8.0, 0.1
141, 1136.0, 8, 8.0, 0.1
142, 1144.0, 8, 8.0, 0.1
143, 1152.0, 8, 8.0, 0.1
144, 1160.0, 8, 8.0, 0.1
145, 1168.0, 8, 8.0, 0.1
146, 1176.0, 8, 8.0, 0.1
147, 1184.0, 8, 8.0, 0.1
148, 1192.0, 8, 8.0, 0.1
149, 1200.0, 8, 8.0, 0.1
150, 1208.0, 8, 8.0, 0.1
151, 1216.0, 8, 8.0, 0.1
152, 1224.0, 8, 8.0, 0.1
153, 1232.0, 8, 8.0, 0.1
154, 1240.0, 8, 8.0, 0.1
155, 1248.0, 8, 8.0, 0.1
156, 1256.0, 8, 8.0, 0.1
157, 1264.0, 8, 8.0, 0.1
158, 1272.0, 8, 8.0, 0.1
159, 1280.0, 8, 8.0, 0.1
160, 1288.0, 8, 8.0, 0.1
161, 1296.0, 8, 8.0, 0.1
162, 1304.0, 8, 8.0, 0.1
163, 1312.0, 8, 8.0, 0.1
164, 1320.0, 8, 8.0, 0.1
165, 1328.0, 8, 8.0, 0.1
166, 1336.0, 8, 8.0, 0.1
167, 1344.0, 8, 8.0, 0.1
168, 1352.0, 8, 8.0, 0.1
169, 1360.0, 8, 8.0, 0.1
170, 1368.0, 8, 8.0, 0.1
171, 1376.0, 8, 8.0, 0.1
172, 1384.0, 8, 8.0, 0.1
173, 1392.0, 8, 8.0, 0.1
174, 1400.0, 8, 8.0, 0.1
175, 1408.0, 8, 8.0, 0.1
176, 1416.0, 8, 8.0, 0.1
177, 1424.0, 8, 8.0, 0.1
178, 1432.0, 8, 8.0, 0.1
179, 1440.0, 8, 8.0, 0.1
180, 1448.0, 8, 8.0, 0.1
181, 1456.0, 8, 8.0, 0.1
182, 1464.0, 8, 8.0, 0.1
183, 1472.0, 8, 8.0, 0.1
184, 1480.0, 8, 8.0, 0.1
185, 1488.0, 8, 8.0, 0.1
186, 1496.0, 8, 8.0, 0.1
187, 1504.0, 8, 8.0, 0.1
188, 1512.0, 8, 8.0, 0.1
189, 1520.0, 8, 8.0, 0.1
190, 1528.0, 8, 8.0, 0.1
191, 1536.0, 8, 8.0, 0.1
192, 1544.0, 8, 8.0, 0.1
193, 1552.0, 8, 8.0, 0.1
194, 1560.0, 8, 8.0, 0.1
195, 1568.0, 8, 8.0, 0.1
196, 1576.0, 8, 8.0, 0.1
197, 1584.0, 8, 8.0, 0.1
198, 1592.0, 8, 8.0, 0.1
199, 1600.0, 8, 8.0, 0.1
200, 1608.0, 8, 8.0, 0.1
201, 1616.0, 8, 8.0, 0.1
202, 1624.0, 8, 8.0, 0.1
203, 1632.0, 8, 8.0, 0.1
204, 1640.0, 8, 8.0, 0.1
205, 1648.0, 8, 8.0, 0.1
206, 1656.0, 8, 8.0, 0.1
207, 1664.0, 8, 8.0, 0.1
208, 1672.0, 8, 8.0, 0.1
209, 1680.0, 8, 8.0, 0.1
210, 1688.0, 8, 8.0, 0.1
211, 1696.0, 8, 8.0, 0.1
212, 1704.0, 8, 8.0, 0.1
213, 1712.0, 8, 8.0, 0.1
214, 1720.0, 8, 8.0, 0.1
215, 1728.0, 8, 8.0, 0.1
216, 1736.0, 8, 8.0, 0.1
217, 1744.0, 8, 8.0, 0.1
218, 1752.0, 8, 8.0, 0.1
219, 1760.0, 8, 8.0, 0.1
220, 1768.0, 8, 8.0, 0.1
221, 1776.0, 8, 8.0, 0.1
222, 1784.0, 8, 8.0, 0.1
223, 1792.0, 8, 8.0, 0.1
224, 1800.0, 8, 8.0, 0.1
225, 1808.0, 8, 8.0, 0.1
226, 1816.0, 8, 8.0, 0.1
227, 1824.0, 8, 8.0, 0.1
228, 1831.0, 7, 7.995633187772926, 0.1
229, 1838.0, 7, 7.991304347826087, 0.1
230, 1845.0, 7, 7.987012987012987, 0.1
231, 1853.0, 8, 7.987068965517241, 0.1
232, 1860.0, 7, 7.982832618025751, 0.1
233, 1868.0, 8, 7.982905982905983, 0.1
234, 1875.0, 7, 7.9787234042553195, 0.1
235, 1883.0, 8, 7.978813559322034, 0.1
236, 1890.0, 7, 7.974683544303797, 0.1
237, 1897.0, 7, 7.970588235294118, 0.1
238, 1905.0, 8, 7.97071129707113, 0.1
239, 1913.0, 8, 7.970833333333333, 0.1
240, 1919.0, 6, 7.962655601659751, 0.1
241, 1927.0, 8, 7.962809917355372, 0.1
242, 1935.0, 8, 7.962962962962963, 0.1
243, 1943.0, 8, 7.963114754098361, 0.1
244, 1951.0, 8, 7.963265306122449, 0.1
245, 1959.0, 8, 7.963414634146342, 0.1
246, 1966.0, 7, 7.959514170040486, 0.1
247, 1973.0, 7, 7.955645161290323, 0.1
248, 1979.0, 6, 7.947791164658635, 0.1
249, 1986.0, 7, 7.944, 0.1
250, 1992.0, 6, 7.936254980079681, 0.1
251, 1999.0, 7, 7.932539682539683, 0.1
252, 2006.0, 7, 7.928853754940712, 0.1
253, 2011.0, 5, 7.917322834645669, 0.1
254, 2018.0, 7, 7.913725490196079, 0.1
255, 2025.0, 7, 7.91015625, 0.1
256, 2033.0, 8, 7.910505836575876, 0.1
257, 2039.0, 6, 7.903100775193798, 0.1
258, 2045.0, 6, 7.895752895752896, 0.1
259, 2051.0, 6, 7.888461538461539, 0.1
260, 2058.0, 7, 7.885057471264368, 0.1
261, 2066.0, 8, 7.885496183206107, 0.1
262, 2072.0, 6, 7.8783269961977185, 0.1
263, 2079.0, 7, 7.875, 0.1
264, 2087.0, 8, 7.875471698113207, 0.1
265, 2095.0, 8, 7.87593984962406, 0.1
266, 2103.0, 8, 7.876404494382022, 0.1
267, 2110.0, 7, 7.873134328358209, 0.1
268, 2118.0, 8, 7.87360594795539, 0.1
269, 2123.0, 5, 7.862962962962963, 0.1
270, 2130.0, 7, 7.8597785977859775, 0.1
271, 2137.0, 7, 7.856617647058823, 0.1
272, 2144.0, 7, 7.853479853479853, 0.1
273, 2151.0, 7, 7.850364963503649, 0.1
274, 2158.0, 7, 7.847272727272728, 0.1
275, 2165.0, 7, 7.844202898550725, 0.1
276, 2170.0, 5, 7.833935018050542, 0.1
277, 2178.0, 8, 7.83453237410072, 0.1
278, 2184.0, 6, 7.827956989247312, 0.1
279, 2192.0, 8, 7.828571428571428, 0.1
280, 2200.0, 8, 7.829181494661921, 0.1
281, 2208.0, 8, 7.829787234042553, 0.1
282, 2216.0, 8, 7.830388692579505, 0.1
283, 2224.0, 8, 7.830985915492958, 0.1
284, 2230.0, 6, 7.824561403508772, 0.1
285, 2237.0, 7, 7.821678321678322, 0.1
286, 2245.0, 8, 7.822299651567945, 0.1
287, 2252.0, 7, 7.819444444444445, 0.1
288, 2259.0, 7, 7.8166089965397925, 0.1
289, 2265.0, 6, 7.810344827586207, 0.1
290, 2273.0, 8, 7.810996563573883, 0.1
291, 2280.0, 7, 7.808219178082192, 0.1
292, 2287.0, 7, 7.805460750853243, 0.1
293, 2295.0, 8, 7.8061224489795915, 0.1
294, 2302.0, 7, 7.803389830508475, 0.1
295, 2310.0, 8, 7.804054054054054, 0.1
296, 2318.0, 8, 7.8047138047138045, 0.1
297, 2326.0, 8, 7.805369127516778, 0.1
298, 2333.0, 7, 7.802675585284281, 0.1
299, 2340.0, 7, 7.8, 0.1
300, 2348.0, 8, 7.8006644518272426, 0.1
301, 2349.0, 1, 7.7781456953642385, 0.1
302, 2357.0, 8, 7.778877887788779, 0.1
303, 2365.0, 8, 7.779605263157895, 0.1
304, 2372.0, 7, 7.777049180327869, 0.1
305, 2379.0, 7, 7.7745098039215685, 0.1
306, 2387.0, 8, 7.7752442996742674, 0.1
307, 2394.0, 7, 7.7727272727272725, 0.1
308, 2402.0, 8, 7.773462783171521, 0.1
309, 2410.0, 8, 7.774193548387097, 0.1
310, 2414.0, 4, 7.762057877813505, 0.1
311, 2422.0, 8, 7.762820512820513, 0.1
312, 2428.0, 6, 7.757188498402556, 0.1
313, 2429.0, 1, 7.735668789808917, 0.1
314, 2437.0, 8, 7.7365079365079366, 0.1
315, 2445.0, 8, 7.737341772151899, 0.1
316, 2452.0, 7, 7.735015772870662, 0.1
317, 2460.0, 8, 7.735849056603773, 0.1
318, 2467.0, 7, 7.733542319749216, 0.1
319, 2474.0, 7, 7.73125, 0.1
320, 2482.0, 8, 7.73208722741433, 0.1
321, 2490.0, 8, 7.732919254658385, 0.1
322, 2498.0, 8, 7.733746130030959, 0.1
323, 2506.0, 8, 7.734567901234568, 0.1
324, 2513.0, 7, 7.7323076923076925, 0.1
325, 2520.0, 7, 7.730061349693251, 0.1
326, 2526.0, 6, 7.724770642201835, 0.1
327, 2534.0, 8, 7.725609756097561, 0.1
328, 2540.0, 6, 7.720364741641338, 0.1
329, 2546.0, 6, 7.715151515151515, 0.1
330, 2554.0, 8, 7.716012084592145, 0.1
331, 2561.0, 7, 7.713855421686747, 0.1
332, 2568.0, 7, 7.711711711711712, 0.1
333, 2576.0, 8, 7.712574850299402, 0.1
334, 2583.0, 7, 7.71044776119403, 0.1
335, 2591.0, 8, 7.711309523809524, 0.1
336, 2599.0, 8, 7.712166172106825, 0.1
337, 2606.0, 7, 7.710059171597633, 0.1
338, 2614.0, 8, 7.710914454277286, 0.1
339, 2621.0, 7, 7.708823529411765, 0.1
340, 2628.0, 7, 7.706744868035191, 0.1
341, 2636.0, 8, 7.707602339181286, 0.1
342, 2643.0, 7, 7.705539358600583, 0.1
343, 2650.0, 7, 7.703488372093023, 0.1
344, 2656.0, 6, 7.698550724637681, 0.1
345, 2663.0, 7, 7.696531791907514, 0.1
346, 2671.0, 8, 7.697406340057637, 0.1
347, 2679.0, 8, 7.698275862068965, 0.1
348, 2685.0, 6, 7.693409742120344, 0.1
349, 2691.0, 6, 7.688571428571429, 0.1
350, 2698.0, 7, 7.686609686609686, 0.1
351, 2706.0, 8, 7.6875, 0.1
352, 2713.0, 7, 7.685552407932011, 0.1
353, 2721.0, 8, 7.686440677966102, 0.1
354, 2728.0, 7, 7.6845070422535215, 0.1
355, 2736.0, 8, 7.685393258426966, 0.1
356, 2742.0, 6, 7.680672268907563, 0.1
357, 2750.0, 8, 7.681564245810056, 0.1
358, 2750.0, 0, 7.66016713091922, 0.1
359, 2750.0, 0, 7.638888888888889, 0.1
360, 2756.0, 6, 7.634349030470914, 0.1
361, 2763.0, 7, 7.632596685082873, 0.1
362, 2771.0, 8, 7.633608815426998, 0.1
363, 2779.0, 8, 7.634615384615385, 0.1
364, 2786.0, 7, 7.632876712328767, 0.1
365, 2794.0, 8, 7.633879781420765, 0.1
366, 2801.0, 7, 7.632152588555858, 0.1
367, 2807.0, 6, 7.627717391304348, 0.1
368, 2813.0, 6, 7.623306233062331, 0.1
369, 2820.0, 7, 7.621621621621622, 0.1
370, 2828.0, 8, 7.622641509433962, 0.1
371, 2834.0, 6, 7.618279569892473, 0.1
372, 2841.0, 7, 7.616621983914209, 0.1
373, 2849.0, 8, 7.617647058823529, 0.1
374, 2856.0, 7, 7.616, 0.1
375, 2861.0, 5, 7.60904255319149, 0.1
376, 2868.0, 7, 7.607427055702917, 0.1
377, 2875.0, 7, 7.605820105820106, 0.1
378, 2882.0, 7, 7.604221635883905, 0.1
379, 2888.0, 6, 7.6, 0.1
380, 2896.0, 8, 7.601049868766404, 0.1
381, 2903.0, 7, 7.599476439790576, 0.1
382, 2911.0, 8, 7.600522193211488, 0.1
383, 2918.0, 7, 7.598958333333333, 0.1
384, 2924.0, 6, 7.594805194805195, 0.1
385, 2931.0, 7, 7.5932642487046635, 0.1
386, 2939.0, 8, 7.594315245478036, 0.1
387, 2947.0, 8, 7.595360824742268, 0.1
388, 2954.0, 7, 7.593830334190232, 0.1
389, 2962.0, 8, 7.5948717948717945, 0.1
390, 2968.0, 6, 7.59079283887468, 0.1
391, 2975.0, 7, 7.589285714285714, 0.1
392, 2983.0, 8, 7.590330788804072, 0.1
393, 2990.0, 7, 7.588832487309645, 0.1
394, 2998.0, 8, 7.589873417721519, 0.1
395, 3004.0, 6, 7.585858585858586, 0.1
396, 3006.0, 2, 7.571788413098237, 0.1
397, 3011.0, 5, 7.565326633165829, 0.1
398, 3019.0, 8, 7.5664160401002505, 0.1
399, 3026.0, 7, 7.565, 0.1
400, 3033.0, 7, 7.56359102244389, 0.1
401, 3041.0, 8, 7.564676616915423, 0.1
402, 3048.0, 7, 7.5632754342431765, 0.1
403, 3055.0, 7, 7.561881188118812, 0.1
404, 3058.0, 3, 7.550617283950618, 0.1
405, 3066.0, 8, 7.551724137931035, 0.1
406, 3074.0, 8, 7.552825552825553, 0.1
407, 3080.0, 6, 7.549019607843137, 0.1
408, 3085.0, 5, 7.54278728606357, 0.1
409, 3092.0, 7, 7.541463414634146, 0.1
410, 3099.0, 7, 7.54014598540146, 0.1
411, 3107.0, 8, 7.54126213592233, 0.1
412, 3114.0, 7, 7.539951573849879, 0.1
413, 3122.0, 8, 7.541062801932367, 0.1
414, 3129.0, 7, 7.539759036144578, 0.1
415, 3136.0, 7, 7.538461538461538, 0.1
416, 3144.0, 8, 7.539568345323741, 0.1
417, 3151.0, 7, 7.538277511961723, 0.1
418, 3158.0, 7, 7.536992840095466, 0.1
419, 3162.0, 4, 7.5285714285714285, 0.1
420, 3165.0, 3, 7.5178147268408555, 0.1
421, 3173.0, 8, 7.518957345971564, 0.1
422, 3180.0, 7, 7.5177304964539005, 0.1
423, 3188.0, 8, 7.518867924528302, 0.1
424, 3194.0, 6, 7.515294117647059, 0.1
425, 3202.0, 8, 7.516431924882629, 0.1
426, 3208.0, 6, 7.51288056206089, 0.1
427, 3216.0, 8, 7.514018691588785, 0.1
428, 3224.0, 8, 7.515151515151516, 0.1
429, 3230.0, 6, 7.511627906976744, 0.1
430, 3238.0, 8, 7.512761020881671, 0.1
431, 3245.0, 7, 7.511574074074074, 0.1
432, 3250.0, 5, 7.505773672055427, 0.1
433, 3258.0, 8, 7.506912442396313, 0.1
434, 3265.0, 7, 7.505747126436781, 0.1
435, 3272.0, 7, 7.504587155963303, 0.1
436, 3280.0, 8, 7.505720823798627, 0.1
437, 3287.0, 7, 7.504566210045662, 0.1
438, 3288.0, 1, 7.489749430523918, 0.1
439, 3294.0, 6, 7.486363636363636, 0.1
440, 3302.0, 8, 7.487528344671202, 0.1
441, 3309.0, 7, 7.486425339366516, 0.1
442, 3314.0, 5, 7.480812641083522, 0.1
443, 3322.0, 8, 7.481981981981982, 0.1
444, 3330.0, 8, 7.48314606741573, 0.1
445, 3337.0, 7, 7.482062780269058, 0.1
446, 3345.0, 8, 7.483221476510067, 0.1
447, 3352.0, 7, 7.482142857142857, 0.1
448, 3359.0, 7, 7.481069042316259, 0.1
449, 3366.0, 7, 7.48, 0.1
450, 3374.0, 8, 7.481152993348116, 0.1
451, 3381.0, 7, 7.480088495575221, 0.1
452, 3387.0, 6, 7.47682119205298, 0.1
453, 3395.0, 8, 7.477973568281938, 0.1
454, 3402.0, 7, 7.476923076923077, 0.1
455, 3410.0, 8, 7.478070175438597, 0.1
456, 3416.0, 6, 7.474835886214442, 0.1
457, 3421.0, 5, 7.46943231441048, 0.1
458, 3429.0, 8, 7.470588235294118, 0.1
459, 3436.0, 7, 7.469565217391304, 0.1
460, 3442.0, 6, 7.466377440347071, 0.1
461, 3450.0, 8, 7.467532467532467, 0.1
462, 3458.0, 8, 7.468682505399568, 0.1
463, 3466.0, 8, 7.469827586206897, 0.1
464, 3473.0, 7, 7.468817204301075, 0.1
465, 3481.0, 8, 7.469957081545064, 0.1
466, 3488.0, 7, 7.4689507494646685, 0.1
467, 3492.0, 4, 7.461538461538462, 0.1
468, 3499.0, 7, 7.460554371002132, 0.1
469, 3507.0, 8, 7.461702127659574, 0.1
470, 3511.0, 4, 7.4543524416135885, 0.1
471, 3519.0, 8, 7.455508474576271, 0.1
472, 3527.0, 8, 7.456659619450317, 0.1
473, 3534.0, 7, 7.455696202531645, 0.1
474, 3541.0, 7, 7.454736842105263, 0.1
475, 3548.0, 7, 7.453781512605042, 0.1
476, 3555.0, 7, 7.452830188679245, 0.1
477, 3560.0, 5, 7.447698744769874, 0.1
478, 3568.0, 8, 7.448851774530271, 0.1
479, 3576.0, 8, 7.45, 0.1
480, 3582.0, 6, 7.446985446985447, 0.1
481, 3589.0, 7, 7.446058091286307, 0.1
482, 3597.0, 8, 7.447204968944099, 0.1
483, 3605.0, 8, 7.448347107438017, 0.1
484, 3613.0, 8, 7.449484536082474, 0.1
485, 3621.0, 8, 7.450617283950617, 0.1
486, 3628.0, 7, 7.449691991786447, 0.1
487, 3635.0, 7, 7.448770491803279, 0.1
488, 3642.0, 7, 7.447852760736196, 0.1
489, 3649.0, 7, 7.446938775510204, 0.1
490, 3657.0, 8, 7.448065173116089, 0.1
491, 3664.0, 7, 7.4471544715447155, 0.1
492, 3670.0, 6, 7.444219066937119, 0.1
493, 3677.0, 7, 7.44331983805668, 0.1
494, 3681.0, 4, 7.4363636363636365, 0.1
495, 3689.0, 8, 7.4375, 0.1
496, 3697.0, 8, 7.438631790744467, 0.1
497, 3705.0, 8, 7.4397590361445785, 0.1
498, 3712.0, 7, 7.438877755511022, 0.1
499, 3720.0, 8, 7.44, 0.1
500, 3727.0, 7, 7.439121756487026, 0.1
501, 3735.0, 8, 7.440239043824701, 0.1
502, 3741.0, 6, 7.437375745526839, 0.1
503, 3749.0, 8, 7.438492063492063, 0.1
504, 3757.0, 8, 7.43960396039604, 0.1
505, 3765.0, 8, 7.440711462450593, 0.1
506, 3772.0, 7, 7.439842209072978, 0.1
507, 3780.0, 8, 7.440944881889764, 0.1
508, 3788.0, 8, 7.442043222003929, 0.1
509, 3796.0, 8, 7.443137254901961, 0.1
510, 3803.0, 7, 7.442270058708415, 0.1
511, 3810.0, 7, 7.44140625, 0.1
512, 3817.0, 7, 7.440545808966862, 0.1
513, 3825.0, 8, 7.441634241245136, 0.1
514, 3833.0, 8, 7.442718446601941, 0.1
515, 3840.0, 7, 7.441860465116279, 0.1
516, 3841.0, 1, 7.429400386847195, 0.1
517, 3847.0, 6, 7.426640926640927, 0.1
518, 3853.0, 6, 7.4238921001926785, 0.1
519, 3860.0, 7, 7.423076923076923, 0.1
520, 3868.0, 8, 7.424184261036468, 0.1
521, 3876.0, 8, 7.425287356321839, 0.1
522, 3884.0, 8, 7.426386233269598, 0.1
523, 3891.0, 7, 7.425572519083969, 0.1
524, 3898.0, 7, 7.424761904761905, 0.1
525, 3906.0, 8, 7.425855513307985, 0.1
526, 3913.0, 7, 7.425047438330171, 0.1
527, 3920.0, 7, 7.424242424242424, 0.1
528, 3926.0, 6, 7.421550094517959, 0.1
529, 3933.0, 7, 7.420754716981132, 0.1
530, 3941.0, 8, 7.421845574387947, 0.1
531, 3949.0, 8, 7.422932330827067, 0.1
532, 3956.0, 7, 7.422138836772983, 0.1
533, 3964.0, 8, 7.4232209737827715, 0.1
534, 3972.0, 8, 7.424299065420561, 0.1
535, 3980.0, 8, 7.425373134328358, 0.1
536, 3988.0, 8, 7.426443202979516, 0.1
537, 3995.0, 7, 7.425650557620818, 0.1
538, 4003.0, 8, 7.426716141001855, 0.1
539, 4011.0, 8, 7.427777777777778, 0.1
540, 4019.0, 8, 7.4288354898336415, 0.1
541, 4026.0, 7, 7.428044280442805, 0.1
542, 4032.0, 6, 7.425414364640884, 0.1
543, 4040.0, 8, 7.426470588235294, 0.1
544, 4048.0, 8, 7.427522935779817, 0.1
545, 4056.0, 8, 7.428571428571429, 0.1
546, 4063.0, 7, 7.427787934186472, 0.1
547, 4070.0, 7, 7.427007299270073, 0.1
548, 4077.0, 7, 7.426229508196721, 0.1
549, 4085.0, 8, 7.427272727272728, 0.1
550, 4092.0, 7, 7.426497277676951, 0.1
551, 4098.0, 6, 7.423913043478261, 0.1
552, 4105.0, 7, 7.4231464737793855, 0.1
553, 4113.0, 8, 7.424187725631769, 0.1
554, 4121.0, 8, 7.425225225225225, 0.1
555, 4129.0, 8, 7.426258992805756, 0.1
556, 4136.0, 7, 7.425493716337522, 0.1
557, 4142.0, 6, 7.422939068100359, 0.1
558, 4149.0, 7, 7.422182468694096, 0.1
559, 4155.0, 6, 7.419642857142857, 0.1
560, 4162.0, 7, 7.418894830659537, 0.1
561, 4170.0, 8, 7.419928825622776, 0.1
562, 4178.0, 8, 7.420959147424512, 0.1
563, 4185.0, 7, 7.420212765957447, 0.1
564, 4192.0, 7, 7.419469026548673, 0.1
565, 4197.0, 5, 7.415194346289753, 0.1
566, 4204.0, 7, 7.414462081128748, 0.1
567, 4210.0, 6, 7.411971830985915, 0.1
568, 4218.0, 8, 7.413005272407733, 0.1
569, 4224.0, 6, 7.410526315789474, 0.1
570, 4232.0, 8, 7.411558669001751, 0.1
571, 4239.0, 7, 7.410839160839161, 0.1
572, 4247.0, 8, 7.4118673647469455, 0.1
573, 4254.0, 7, 7.411149825783972, 0.1
574, 4262.0, 8, 7.412173913043478, 0.1
575, 4270.0, 8, 7.413194444444445, 0.1
576, 4276.0, 6, 7.410745233968804, 0.1
577, 4282.0, 6, 7.408304498269896, 0.1
578, 4290.0, 8, 7.409326424870466, 0.1
579, 4297.0, 7, 7.408620689655172, 0.1
580, 4304.0, 7, 7.407917383820998, 0.1
581, 4311.0, 7, 7.407216494845361, 0.1
582, 4317.0, 6, 7.404802744425386, 0.1
583, 4324.0, 7, 7.404109589041096, 0.1
584, 4332.0, 8, 7.4051282051282055, 0.1
585, 4339.0, 7, 7.40443686006826, 0.1
586, 4344.0, 5, 7.400340715502556, 0.1
587, 4351.0, 7, 7.399659863945578, 0.1
588, 4359.0, 8, 7.400679117147708, 0.1
589, 4365.0, 6, 7.398305084745763, 0.1
590, 4373.0, 8, 7.399323181049069, 0.1
591, 4381.0, 8, 7.400337837837838, 0.1
592, 4389.0, 8, 7.401349072512647, 0.1
593, 4395.0, 6, 7.398989898989899, 0.1
594, 4403.0, 8, 7.4, 0.1
595, 4411.0, 8, 7.401006711409396, 0.1
596, 4417.0, 6, 7.398659966499163, 0.1
597, 4424.0, 7, 7.39799331103679, 0.1
598, 4431.0, 7, 7.397328881469115, 0.1
599, 4438.0, 7, 7.3966666666666665, 0.1
600, 4444.0, 6, 7.394342762063228, 0.1
601, 4446.0, 2, 7.385382059800665, 0.1
602, 4454.0, 8, 7.3864013266998345, 0.1
603, 4461.0, 7, 7.385761589403973, 0.1
604, 4468.0, 7, 7.385123966942149, 0.1
605, 4476.0, 8, 7.3861386138613865, 0.1
606, 4483.0, 7, 7.385502471169687, 0.1
607, 4490.0, 7, 7.384868421052632, 0.1
608, 4497.0, 7, 7.384236453201971, 0.1
609, 4504.0, 7, 7.383606557377049, 0.1
610, 4511.0, 7, 7.382978723404255, 0.1
611, 4519.0, 8, 7.383986928104576, 0.1
612, 4527.0, 8, 7.3849918433931485, 0.1
613, 4534.0, 7, 7.384364820846906, 0.1
614, 4542.0, 8, 7.385365853658537, 0.1
615, 4550.0, 8, 7.386363636363637, 0.1
616, 4557.0, 7, 7.3857374392220425, 0.1
617, 4565.0, 8, 7.38673139158576, 0.1
618, 4573.0, 8, 7.387722132471729, 0.1
619, 4581.0, 8, 7.388709677419355, 0.1
620, 4589.0, 8, 7.389694041867955, 0.1
621, 4597.0, 8, 7.390675241157556, 0.1
622, 4602.0, 5, 7.386837881219904, 0.1
623, 4603.0, 1, 7.376602564102564, 0.1
624, 4611.0, 8, 7.3776, 0.1
625, 4619.0, 8, 7.378594249201278, 0.1
626, 4623.0, 4, 7.373205741626794, 0.1
627, 4629.0, 6, 7.3710191082802545, 0.1
628, 4635.0, 6, 7.368839427662957, 0.1
629, 4642.0, 7, 7.368253968253968, 0.1
630, 4650.0, 8, 7.369255150554675, 0.1
631, 4658.0, 8, 7.370253164556962, 0.1
632, 4666.0, 8, 7.371248025276461, 0.1
633, 4673.0, 7, 7.370662460567823, 0.1
634, 4681.0, 8, 7.371653543307087, 0.1
635, 4682.0, 1, 7.361635220125786, 0.1
636, 4688.0, 6, 7.359497645211931, 0.1
637, 4693.0, 5, 7.355799373040752, 0.1
638, 4700.0, 7, 7.355242566510172, 0.1
639, 4708.0, 8, 7.35625, 0.1
640, 4715.0, 7, 7.355694227769111, 0.1
641, 4721.0, 6, 7.353582554517134, 0.1
642, 4727.0, 6, 7.351477449455676, 0.1
643, 4735.0, 8, 7.35248447204969, 0.1
644, 4742.0, 7, 7.351937984496124, 0.1
645, 4750.0, 8, 7.352941176470588, 0.1
646, 4755.0, 5, 7.349304482225657, 0.1
647, 4763.0, 8, 7.3503086419753085, 0.1
648, 4770.0, 7, 7.349768875192604, 0.1
649, 4778.0, 8, 7.350769230769231, 0.1
650, 4785.0, 7, 7.350230414746544, 0.1
651, 4791.0, 6, 7.348159509202454, 0.1
652, 4799.0, 8, 7.3491577335375196, 0.1
653, 4805.0, 6, 7.347094801223242, 0.1
654, 4813.0, 8, 7.348091603053435, 0.1
655, 4814.0, 1, 7.338414634146342, 0.1
656, 4821.0, 7, 7.337899543378995, 0.1
657, 4828.0, 7, 7.3373860182370825, 0.1
658, 4835.0, 7, 7.336874051593323, 0.1
659, 4843.0, 8, 7.337878787878788, 0.1
660, 4851.0, 8, 7.338880484114977, 0.1
661, 4858.0, 7, 7.338368580060423, 0.1
662, 4862.0, 4, 7.333333333333333, 0.1
663, 4869.0, 7, 7.332831325301205, 0.1
664, 4877.0, 8, 7.333834586466166, 0.1
665, 4885.0, 8, 7.334834834834835, 0.1
666, 4893.0, 8, 7.335832083958021, 0.1
667, 4900.0, 7, 7.335329341317365, 0.1
668, 4908.0, 8, 7.336322869955157, 0.1
669, 4915.0, 7, 7.335820895522388, 0.1
670, 4921.0, 6, 7.333830104321907, 0.1
671, 4927.0, 6, 7.331845238095238, 0.1
672, 4935.0, 8, 7.332838038632986, 0.1
673, 4942.0, 7, 7.332344213649852, 0.1
674, 4950.0, 8, 7.333333333333333, 0.1
675, 4957.0, 7, 7.3328402366863905, 0.1
676, 4965.0, 8, 7.333825701624815, 0.1
677, 4972.0, 7, 7.333333333333333, 0.1
678, 4978.0, 6, 7.331369661266568, 0.1
679, 4986.0, 8, 7.33235294117647, 0.1
680, 4994.0, 8, 7.333333333333333, 0.1
681, 5001.0, 7, 7.332844574780059, 0.1
682, 5009.0, 8, 7.333821376281112, 0.1
683, 5016.0, 7, 7.333333333333333, 0.1
684, 5022.0, 6, 7.331386861313868, 0.1
685, 5028.0, 6, 7.329446064139941, 0.1
686, 5034.0, 6, 7.327510917030568, 0.1
687, 5042.0, 8, 7.328488372093023, 0.1
688, 5044.0, 2, 7.320754716981132, 0.1
689, 5051.0, 7, 7.320289855072463, 0.1
690, 5058.0, 7, 7.319826338639652, 0.1
691, 5066.0, 8, 7.320809248554913, 0.1
692, 5072.0, 6, 7.318903318903319, 0.1
693, 5080.0, 8, 7.3198847262247835, 0.1
694, 5087.0, 7, 7.319424460431654, 0.1
695, 5094.0, 7, 7.318965517241379, 0.1
696, 5102.0, 8, 7.319942611190818, 0.1
697, 5110.0, 8, 7.320916905444126, 0.1
698, 5115.0, 5, 7.317596566523605, 0.1
699, 5122.0, 7, 7.317142857142857, 0.1
700, 5130.0, 8, 7.31811697574893, 0.1
701, 5136.0, 6, 7.316239316239316, 0.1
702, 5142.0, 6, 7.314366998577525, 0.1
703, 5148.0, 6, 7.3125, 0.1
704, 5156.0, 8, 7.313475177304965, 0.1
705, 5163.0, 7, 7.313031161473088, 0.1
706, 5171.0, 8, 7.314002828854314, 0.1
707, 5179.0, 8, 7.314971751412429, 0.1
708, 5187.0, 8, 7.3159379407616365, 0.1
709, 5194.0, 7, 7.3154929577464785, 0.1
710, 5194.0, 0, 7.305203938115331, 0.1
711, 5201.0, 7, 7.304775280898877, 0.1
712, 5207.0, 6, 7.302945301542777, 0.1
713, 5215.0, 8, 7.303921568627451, 0.1
714, 5222.0, 7, 7.303496503496503, 0.1
715, 5229.0, 7, 7.303072625698324, 0.1
716, 5236.0, 7, 7.302649930264993, 0.1
717, 5244.0, 8, 7.303621169916434, 0.1
718, 5252.0, 8, 7.304589707927677, 0.1
719, 5254.0, 2, 7.2972222222222225, 0.1
720, 5260.0, 6, 7.295423023578364, 0.1
721, 5266.0, 6, 7.293628808864266, 0.1
722, 5271.0, 5, 7.29045643153527, 0.1
723, 5277.0, 6, 7.288674033149171, 0.1
724, 5285.0, 8, 7.289655172413793, 0.1
725, 5293.0, 8, 7.290633608815427, 0.1
726, 5300.0, 7, 7.290233837689134, 0.1
727, 5308.0, 8, 7.291208791208791, 0.1
728, 5314.0, 6, 7.289437585733882, 0.1
729, 5320.0, 6, 7.287671232876712, 0.1
730, 5327.0, 7, 7.287277701778386, 0.1
731, 5335.0, 8, 7.288251366120218, 0.1
732, 5343.0, 8, 7.289222373806275, 0.1
733, 5351.0, 8, 7.290190735694823, 0.1
734, 5357.0, 6, 7.2884353741496595, 0.1
735, 5365.0, 8, 7.289402173913044, 0.1
736, 5371.0, 6, 7.287652645861601, 0.1
737, 5378.0, 7, 7.287262872628726, 0.1
738, 5384.0, 6, 7.285520974289581, 0.1
739, 5391.0, 7, 7.285135135135135, 0.1
740, 5398.0, 7, 7.284750337381916, 0.1
741, 5405.0, 7, 7.284366576819407, 0.1
742, 5405.0, 0, 7.2745625841184385, 0.1
743, 5413.0, 8, 7.275537634408602, 0.1
744, 5420.0, 7, 7.275167785234899, 0.1
745, 5427.0, 7, 7.274798927613941, 0.1
746, 5434.0, 7, 7.2744310575635875, 0.1
747, 5441.0, 7, 7.274064171122995, 0.1
748, 5445.0, 4, 7.269692923898531, 0.1
749, 5453.0, 8, 7.270666666666667, 0.1
750, 5459.0, 6, 7.268974700399467, 0.1
751, 5463.0, 4, 7.264627659574468, 0.1
752, 5471.0, 8, 7.2656042496679945, 0.1
753, 5477.0, 6, 7.26392572944297, 0.1
754, 5485.0, 8, 7.264900662251655, 0.1
755, 5490.0, 5, 7.261904761904762, 0.1
756, 5493.0, 3, 7.256274768824307, 0.1
757, 5501.0, 8, 7.257255936675461, 0.1
758, 5508.0, 7, 7.256916996047431, 0.1
759, 5515.0, 7, 7.256578947368421, 0.1
760, 5522.0, 7, 7.256241787122208, 0.1
761, 5528.0, 6, 7.254593175853018, 0.1
762, 5536.0, 8, 7.255570117955439, 0.1
763, 5542.0, 6, 7.2539267015706805, 0.1
764, 5549.0, 7, 7.25359477124183, 0.1
765, 5555.0, 6, 7.251958224543081, 0.1
766, 5562.0, 7, 7.251629726205997, 0.1
767, 5570.0, 8, 7.252604166666667, 0.1
768, 5573.0, 3, 7.247074122236671, 0.1
769, 5581.0, 8, 7.248051948051948, 0.1
770, 5589.0, 8, 7.249027237354086, 0.1
771, 5596.0, 7, 7.248704663212435, 0.1
772, 5604.0, 8, 7.249676584734799, 0.1
773, 5612.0, 8, 7.250645994832041, 0.1
774, 5619.0, 7, 7.250322580645161, 0.1
775, 5627.0, 8, 7.251288659793815, 0.1
776, 5635.0, 8, 7.252252252252252, 0.1
777, 5642.0, 7, 7.251928020565552, 0.1
778, 5650.0, 8, 7.2528883183568675, 0.1
779, 5656.0, 6, 7.251282051282051, 0.1
780, 5663.0, 7, 7.250960307298335, 0.1
781, 5671.0, 8, 7.251918158567775, 0.1
782, 5671.0, 0, 7.242656449553001, 0.1
783, 5678.0, 7, 7.24234693877551, 0.1
784, 5686.0, 8, 7.243312101910828, 0.1
785, 5693.0, 7, 7.243002544529262, 0.1
786, 5700.0, 7, 7.242693773824651, 0.1
787, 5707.0, 7, 7.24238578680203, 0.1
788, 5715.0, 8, 7.243346007604563, 0.1
789, 5723.0, 8, 7.244303797468355, 0.1
790, 5731.0, 8, 7.245259165613148, 0.1
791, 5738.0, 7, 7.244949494949495, 0.1
792, 5745.0, 7, 7.244640605296343, 0.1
793, 5748.0, 3, 7.239294710327456, 0.1
794, 5749.0, 1, 7.231446540880503, 0.1
795, 5757.0, 8, 7.232412060301508, 0.1
796, 5764.0, 7, 7.232120451693852, 0.1
797, 5772.0, 8, 7.2330827067669174, 0.1
798, 5778.0, 6, 7.23153942428035, 0.1
799, 5786.0, 8, 7.2325, 0.1
800, 5794.0, 8, 7.233458177278402, 0.1
801, 5802.0, 8, 7.234413965087282, 0.1
802, 5810.0, 8, 7.235367372353673, 0.1
803, 5818.0, 8, 7.236318407960199, 0.1
804, 5825.0, 7, 7.236024844720497, 0.1
805, 5832.0, 7, 7.235732009925559, 0.1
806, 5840.0, 8, 7.236679058240396, 0.1
807, 5848.0, 8, 7.237623762376238, 0.1
808, 5855.0, 7, 7.237330037082819, 0.1
809, 5862.0, 7, 7.237037037037037, 0.1
810, 5868.0, 6, 7.235511713933415, 0.1
811, 5876.0, 8, 7.236453201970443, 0.1
812, 5880.0, 4, 7.232472324723247, 0.1
813, 5888.0, 8, 7.233415233415234, 0.1
814, 5895.0, 7, 7.233128834355829, 0.1
815, 5903.0, 8, 7.234068627450981, 0.1
816, 5910.0, 7, 7.233782129742962, 0.1
817, 5918.0, 8, 7.234718826405868, 0.1
818, 5924.0, 6, 7.233211233211233, 0.1
819, 5932.0, 8, 7.234146341463415, 0.1
820, 5939.0, 7, 7.233861144945188, 0.1
821, 5947.0, 8, 7.234793187347932, 0.1
822, 5953.0, 6, 7.233292831105711, 0.1
823, 5961.0, 8, 7.234223300970874, 0.1
824, 5969.0, 8, 7.235151515151515, 0.1
825, 5977.0, 8, 7.236077481840193, 0.1
826, 5979.0, 2, 7.229746070133011, 0.1
827, 5986.0, 7, 7.229468599033816, 0.1
828, 5986.0, 0, 7.2207478890229195, 0.1
829, 5993.0, 7, 7.220481927710844, 0.1
830, 6001.0, 8, 7.221419975932611, 0.1
831, 6009.0, 8, 7.222355769230769, 0.1
832, 6017.0, 8, 7.223289315726291, 0.1
833, 6024.0, 7, 7.223021582733813, 0.1
834, 6031.0, 7, 7.222754491017964, 0.1
835, 6039.0, 8, 7.223684210526316, 0.1
836, 6047.0, 8, 7.224611708482676, 0.1
837, 6053.0, 6, 7.223150357995227, 0.1
838, 6060.0, 7, 7.222884386174017, 0.1
839, 6060.0, 0, 7.214285714285714, 0.1
840, 6067.0, 7, 7.214030915576695, 0.1
841, 6074.0, 7, 7.2137767220902616, 0.1
842, 6080.0, 6, 7.212336892052194, 0.1
843, 6080.0, 0, 7.203791469194313, 0.1
844, 6088.0, 8, 7.204733727810651, 0.1
845, 6095.0, 7, 7.204491725768322, 0.1
846, 6101.0, 6, 7.203069657615112, 0.1
847, 6108.0, 7, 7.202830188679245, 0.1
848, 6114.0, 6, 7.201413427561837, 0.1
849, 6122.0, 8, 7.20235294117647, 0.1
850, 6127.0, 5, 7.1997649823736785, 0.1
851, 6135.0, 8, 7.200704225352113, 0.1
852, 6143.0, 8, 7.201641266119578, 0.1
853, 6150.0, 7, 7.201405152224824, 0.1
854, 6157.0, 7, 7.201169590643275, 0.1
855, 6164.0, 7, 7.200934579439252, 0.1
856, 6170.0, 6, 7.19953325554259, 0.1
857, 6176.0, 6, 7.198135198135198, 0.1
858, 6183.0, 7, 7.19790454016298, 0.1
859, 6188.0, 5, 7.195348837209302, 0.1
860, 6190.0, 2, 7.18931475029036, 0.1
861, 6198.0, 8, 7.190255220417633, 0.1
862, 6206.0, 8, 7.1911935110081115, 0.1
863, 6211.0, 5, 7.188657407407407, 0.1
864, 6219.0, 8, 7.1895953757225435, 0.1
865, 6227.0, 8, 7.190531177829099, 0.1
866, 6234.0, 7, 7.190311418685121, 0.1
867, 6242.0, 8, 7.191244239631336, 0.1
868, 6247.0, 5, 7.188722669735328, 0.1
869, 6253.0, 6, 7.18735632183908, 0.1
870, 6260.0, 7, 7.1871412169919635, 0.1
871, 6268.0, 8, 7.1880733944954125, 0.1
872, 6275.0, 7, 7.187857961053838, 0.1
873, 6282.0, 7, 7.187643020594965, 0.1
874, 6290.0, 8, 7.188571428571429, 0.1
875, 6296.0, 6, 7.187214611872146, 0.1
876, 6299.0, 3, 7.1824401368301025, 0.1
877, 6302.0, 3, 7.1776765375854215, 0.1
878, 6309.0, 7, 7.177474402730375, 0.1
879, 6317.0, 8, 7.178409090909091, 0.1
880, 6323.0, 6, 7.177071509648127, 0.1
881, 6331.0, 8, 7.178004535147393, 0.1
882, 6339.0, 8, 7.178935447338619, 0.1
883, 6345.0, 6, 7.177601809954751, 0.1
884, 6353.0, 8, 7.178531073446328, 0.1
885, 6361.0, 8, 7.179458239277652, 0.1
886, 6367.0, 6, 7.178128523111612, 0.1
887, 6375.0, 8, 7.179054054054054, 0.1
888, 6383.0, 8, 7.179977502812148, 0.1
889, 6386.0, 3, 7.175280898876404, 0.1
890, 6393.0, 7, 7.175084175084175, 0.1
891, 6401.0, 8, 7.176008968609866, 0.1
892, 6402.0, 1, 7.16909294512878, 0.1
893, 6403.0, 1, 7.162192393736018, 0.1
894, 6409.0, 6, 7.160893854748603, 0.1
895, 6416.0, 7, 7.160714285714286, 0.1
896, 6423.0, 7, 7.160535117056856, 0.1
897, 6431.0, 8, 7.161469933184855, 0.1
898, 6438.0, 7, 7.161290322580645, 0.1
899, 6445.0, 7, 7.161111111111111, 0.1
900, 6453.0, 8, 7.16204217536071, 0.1
901, 6460.0, 7, 7.1618625277161865, 0.1
902, 6461.0, 1, 7.155038759689923, 0.1
903, 6468.0, 7, 7.154867256637168, 0.1
904, 6476.0, 8, 7.155801104972376, 0.1
905, 6483.0, 7, 7.155629139072848, 0.1
906, 6484.0, 1, 7.148842337375965, 0.1
907, 6491.0, 7, 7.148678414096916, 0.1
908, 6494.0, 3, 7.144114411441144, 0.1
909, 6500.0, 6, 7.142857142857143, 0.1
910, 6506.0, 6, 7.141602634467618, 0.1
911, 6513.0, 7, 7.141447368421052, 0.1
912, 6519.0, 6, 7.140197152245345, 0.1
913, 6526.0, 7, 7.1400437636761485, 0.1
914, 6532.0, 6, 7.13879781420765, 0.1
915, 6540.0, 8, 7.139737991266376, 0.1
916, 6545.0, 5, 7.137404580152672, 0.1
917, 6553.0, 8, 7.1383442265795205, 0.1
918, 6560.0, 7, 7.138193688792166, 0.1
919, 6568.0, 8, 7.139130434782609, 0.1
920, 6574.0, 6, 7.137893593919652, 0.1
921, 6580.0, 6, 7.136659436008677, 0.1
922, 6588.0, 8, 7.137594799566631, 0.1
923, 6595.0, 7, 7.137445887445887, 0.1
924, 6603.0, 8, 7.138378378378379, 0.1
925, 6611.0, 8, 7.139308855291577, 0.1
926, 6619.0, 8, 7.140237324703344, 0.1
927, 6625.0, 6, 7.139008620689655, 0.1
928, 6627.0, 2, 7.133476856835307, 0.1
929, 6633.0, 6, 7.132258064516129, 0.1
930, 6641.0, 8, 7.133190118152524, 0.1
931, 6643.0, 2, 7.127682403433476, 0.1
932, 6650.0, 7, 7.127545551982851, 0.1
933, 6656.0, 6, 7.126338329764454, 0.1
934, 6657.0, 1, 7.119786096256685, 0.1
935, 6664.0, 7, 7.119658119658119, 0.1
936, 6671.0, 7, 7.119530416221985, 0.1
937, 6677.0, 6, 7.118336886993603, 0.1
938, 6685.0, 8, 7.119275825346113, 0.1
939, 6691.0, 6, 7.118085106382979, 0.1
940, 6698.0, 7, 7.1179596174282675, 0.1
941, 6705.0, 7, 7.117834394904459, 0.1
942, 6712.0, 7, 7.117709437963945, 0.1
943, 6720.0, 8, 7.11864406779661, 0.1
944, 6727.0, 7, 7.118518518518519, 0.1
945, 6727.0, 0, 7.1109936575052854, 0.1
946, 6735.0, 8, 7.111932418162619, 0.1
947, 6743.0, 8, 7.112869198312236, 0.1
948, 6750.0, 7, 7.112750263435195, 0.1
949, 6757.0, 7, 7.112631578947369, 0.1
950, 6764.0, 7, 7.112513144058886, 0.1
951, 6771.0, 7, 7.112394957983193, 0.1
952, 6778.0, 7, 7.112277019937041, 0.1
953, 6784.0, 6, 7.111111111111111, 0.1
954, 6792.0, 8, 7.112041884816754, 0.1
955, 6799.0, 7, 7.111924686192468, 0.1
956, 6806.0, 7, 7.111807732497388, 0.1
957, 6811.0, 5, 7.109603340292275, 0.1
958, 6818.0, 7, 7.109489051094891, 0.1
959, 6826.0, 8, 7.110416666666667, 0.1
960, 6828.0, 2, 7.105098855359001, 0.1
961, 6835.0, 7, 7.104989604989605, 0.1
962, 6838.0, 3, 7.1007268951194185, 0.1
963, 6844.0, 6, 7.0995850622406635, 0.1
964, 6851.0, 7, 7.099481865284974, 0.1
965, 6858.0, 7, 7.099378881987578, 0.1
966, 6866.0, 8, 7.100310237849017, 0.1
967, 6874.0, 8, 7.101239669421488, 0.1
968, 6880.0, 6, 7.100103199174407, 0.1
969, 6888.0, 8, 7.101030927835051, 0.1
970, 6895.0, 7, 7.100926879505664, 0.1
971, 6902.0, 7, 7.100823045267489, 0.1
972, 6909.0, 7, 7.100719424460432, 0.1
973, 6917.0, 8, 7.101642710472279, 0.1
974, 6922.0, 5, 7.09948717948718, 0.1
975, 6930.0, 8, 7.100409836065574, 0.1
976, 6936.0, 6, 7.0992835209826, 0.1
977, 6944.0, 8, 7.100204498977505, 0.1
978, 6949.0, 5, 7.0980592441266595, 0.1
979, 6957.0, 8, 7.098979591836735, 0.1
980, 6965.0, 8, 7.099898063200816, 0.1
981, 6968.0, 3, 7.095723014256619, 0.1
982, 6971.0, 3, 7.091556459816887, 0.1
983, 6977.0, 6, 7.090447154471545, 0.1
984, 6984.0, 7, 7.090355329949238, 0.1
985, 6992.0, 8, 7.0912778904665315, 0.1
986, 7000.0, 8, 7.092198581560283, 0.1
987, 7007.0, 7, 7.092105263157895, 0.1
988, 7015.0, 8, 7.093023255813954, 0.1
989, 7022.0, 7, 7.092929292929293, 0.1
990, 7029.0, 7, 7.092835519677094, 0.1
991, 7037.0, 8, 7.09375, 0.1
992, 7044.0, 7, 7.093655589123867, 0.1
993, 7052.0, 8, 7.094567404426559, 0.1
994, 7053.0, 1, 7.088442211055276, 0.1
995, 7060.0, 7, 7.088353413654619, 0.1
996, 7067.0, 7, 7.088264794383149, 0.1
997, 7074.0, 7, 7.0881763527054105, 0.1
998, 7082.0, 8, 7.089089089089089, 0.1
999, 7090.0, 8, 7.09, 0.1
1000, 7095.0, 5, 7.087912087912088, 0.1
1001, 7098.0, 3, 7.083832335329341, 0.1
1002, 7104.0, 6, 7.0827517447657025, 0.1
1003, 7112.0, 8, 7.083665338645418, 0.1
1004, 7119.0, 7, 7.083582089552239, 0.1
1005, 7123.0, 4, 7.08051689860835, 0.1
1006, 7130.0, 7, 7.080436941410129, 0.1
1007, 7138.0, 8, 7.0813492063492065, 0.1
1008, 7138.0, 0, 7.074331020812686, 0.1
1009, 7145.0, 7, 7.074257425742574, 0.1
1010, 7153.0, 8, 7.075173095944609, 0.1
1011, 7160.0, 7, 7.075098814229249, 0.1
1012, 7162.0, 2, 7.070088845014808, 0.1
1013, 7164.0, 2, 7.06508875739645, 0.1
1014, 7164.0, 0, 7.058128078817734, 0.1
1015, 7171.0, 7, 7.058070866141732, 0.1
1016, 7177.0, 6, 7.057030481809243, 0.1
1017, 7184.0, 7, 7.056974459724951, 0.1
1018, 7187.0, 3, 7.052993130520118, 0.1
1019, 7195.0, 8, 7.053921568627451, 0.1
1020, 7201.0, 6, 7.052889324191969, 0.1
1021, 7209.0, 8, 7.053816046966732, 0.1
1022, 7217.0, 8, 7.054740957966764, 0.1
1023, 7225.0, 8, 7.0556640625, 0.1
1024, 7232.0, 7, 7.055609756097561, 0.1
1025, 7240.0, 8, 7.056530214424951, 0.1
1026, 7246.0, 6, 7.055501460564752, 0.1
1027, 7253.0, 7, 7.05544747081712, 0.1
1028, 7258.0, 5, 7.053449951409135, 0.1
1029, 7266.0, 8, 7.054368932038835, 0.1
1030, 7274.0, 8, 7.055286129970902, 0.1
1031, 7281.0, 7, 7.055232558139535, 0.1
1032, 7288.0, 7, 7.055179090029042, 0.1
1033, 7295.0, 7, 7.055125725338491, 0.1
1034, 7303.0, 8, 7.056038647342995, 0.1
1035, 7311.0, 8, 7.056949806949807, 0.1
1036, 7319.0, 8, 7.057859209257473, 0.1
1037, 7327.0, 8, 7.058766859344894, 0.1
1038, 7334.0, 7, 7.0587102983638115, 0.1
1039, 7342.0, 8, 7.059615384615385, 0.1
1040, 7349.0, 7, 7.059558117195005, 0.1
1041, 7357.0, 8, 7.06046065259117, 0.1
1042, 7364.0, 7, 7.060402684563758, 0.1
1043, 7371.0, 7, 7.060344827586207, 0.1
1044, 7378.0, 7, 7.0602870813397125, 0.1
1045, 7385.0, 7, 7.0602294455066925, 0.1
1046, 7392.0, 7, 7.060171919770774, 0.1
1047, 7396.0, 4, 7.057251908396947, 0.1
1048, 7404.0, 8, 7.05815061963775, 0.1
1049, 7412.0, 8, 7.059047619047619, 0.1
1050, 7420.0, 8, 7.059942911512845, 0.1
1051, 7427.0, 7, 7.059885931558935, 0.1
1052, 7435.0, 8, 7.060778727445394, 0.1
1053, 7442.0, 7, 7.060721062618596, 0.1
1054, 7442.0, 0, 7.054028436018958, 0.1
1055, 7450.0, 8, 7.054924242424242, 0.1
1056, 7457.0, 7, 7.054872280037843, 0.1
1057, 7465.0, 8, 7.055765595463138, 0.1
1058, 7465.0, 0, 7.049102927289896, 0.1
1059, 7472.0, 7, 7.049056603773585, 0.1
1060, 7480.0, 8, 7.04995287464656, 0.1
1061, 7487.0, 7, 7.049905838041432, 0.1
1062, 7495.0, 8, 7.050799623706491, 0.1
1063, 7497.0, 2, 7.046052631578948, 0.1
1064, 7504.0, 7, 7.046009389671362, 0.1
1065, 7512.0, 8, 7.046904315196998, 0.1
1066, 7519.0, 7, 7.046860356138707, 0.1
1067, 7524.0, 5, 7.044943820224719, 0.1
1068, 7531.0, 7, 7.04490177736202, 0.1
1069, 7538.0, 7, 7.044859813084112, 0.1
1070, 7545.0, 7, 7.044817927170868, 0.1
1071, 7552.0, 7, 7.044776119402985, 0.1
1072, 7556.0, 4, 7.041938490214353, 0.1
1073, 7564.0, 8, 7.042830540037244, 0.1
1074, 7571.0, 7, 7.042790697674419, 0.1
1075, 7571.0, 0, 7.036245353159852, 0.1
1076, 7578.0, 7, 7.036211699164346, 0.1
1077, 7585.0, 7, 7.036178107606679, 0.1
1078, 7593.0, 8, 7.037071362372568, 0.1
1079, 7594.0, 1, 7.031481481481482, 0.1
1080, 7596.0, 2, 7.026827012025902, 0.1
1081, 7604.0, 8, 7.027726432532347, 0.1
1082, 7611.0, 7, 7.027700831024931, 0.1
1083, 7618.0, 7, 7.027675276752768, 0.1
1084, 7626.0, 8, 7.0285714285714285, 0.1
1085, 7634.0, 8, 7.029465930018416, 0.1
1086, 7641.0, 7, 7.029438822447102, 0.1
1087, 7648.0, 7, 7.029411764705882, 0.1
1088, 7654.0, 6, 7.028466483011938, 0.1
1089, 7661.0, 7, 7.028440366972477, 0.1
1090, 7662.0, 1, 7.022914757103575, 0.1
1091, 7662.0, 0, 7.016483516483516, 0.1
1092, 7670.0, 8, 7.017383348581885, 0.1
1093, 7678.0, 8, 7.0182815356489945, 0.1
1094, 7685.0, 7, 7.018264840182648, 0.1
1095, 7693.0, 8, 7.019160583941606, 0.1
1096, 7701.0, 8, 7.020054694621695, 0.1
1097, 7708.0, 7, 7.020036429872495, 0.1
1098, 7715.0, 7, 7.0200181983621475, 0.1
1099, 7721.0, 6, 7.0190909090909095, 0.1
1100, 7728.0, 7, 7.0190735694822886, 0.1
1101, 7736.0, 8, 7.019963702359346, 0.1
1102, 7744.0, 8, 7.020852221214868, 0.1
1103, 7751.0, 7, 7.020833333333333, 0.1
1104, 7753.0, 2, 7.016289592760181, 0.1
1105, 7761.0, 8, 7.017179023508137, 0.1
1106, 7769.0, 8, 7.01806684733514, 0.1
1107, 7777.0, 8, 7.018953068592058, 0.1
1108, 7783.0, 6, 7.018034265103697, 0.1
1109, 7791.0, 8, 7.018918918918919, 0.1
1110, 7793.0, 2, 7.014401440144014, 0.1
1111, 7797.0, 4, 7.011690647482014, 0.1
1112, 7801.0, 4, 7.008984725965858, 0.1
1113, 7809.0, 8, 7.009874326750449, 0.1
1114, 7817.0, 8, 7.010762331838565, 0.1
1115, 7820.0, 3, 7.007168458781362, 0.1
1116, 7827.0, 7, 7.007162041181736, 0.1
1117, 7835.0, 8, 7.0080500894454385, 0.1
1118, 7843.0, 8, 7.00893655049151, 0.1
1119, 7850.0, 7, 7.008928571428571, 0.1
1120, 7857.0, 7, 7.008920606601249, 0.1
1121, 7864.0, 7, 7.008912655971479, 0.1
1122, 7871.0, 7, 7.008904719501336, 0.1
1123, 7879.0, 8, 7.009786476868327, 0.1
1124, 7882.0, 3, 7.006222222222222, 0.1
1125, 7889.0, 7, 7.006216696269982, 0.1
1126, 7897.0, 8, 7.007098491570542, 0.1
1127, 7904.0, 7, 7.00709219858156, 0.1
1128, 7911.0, 7, 7.007085916740478, 0.1
1129, 7915.0, 4, 7.004424778761062, 0.1
1130, 7920.0, 5, 7.002652519893899, 0.1
1131, 7928.0, 8, 7.003533568904594, 0.1
1132, 7936.0, 8, 7.00441306266549, 0.1
1133, 7941.0, 5, 7.002645502645502, 0.1
1134, 7948.0, 7, 7.0026431718061675, 0.1
1135, 7953.0, 5, 7.000880281690141, 0.1
1136, 7958.0, 5, 6.999120492524186, 0.1
1137, 7965.0, 7, 6.999121265377856, 0.1
1138, 7972.0, 7, 6.999122036874451, 0.1
1139, 7980.0, 8, 7.0, 0.1
1140, 7986.0, 6, 6.999123575810692, 0.1
1141, 7994.0, 8, 7.0, 0.1
1142, 8002.0, 8, 7.00087489063867, 0.1
1143, 8008.0, 6, 7.0, 0.1
1144, 8015.0, 7, 7.0, 0.1
1145, 8021.0, 6, 6.99912739965096, 0.1
1146, 8029.0, 8, 7.0, 0.1
1147, 8037.0, 8, 7.0008710801393725, 0.1
1148, 8038.0, 1, 6.9956483899042645, 0.1
1149, 8046.0, 8, 6.996521739130435, 0.1
1150, 8054.0, 8, 6.997393570807993, 0.1
1151, 8061.0, 7, 6.997395833333333, 0.1
1152, 8066.0, 5, 6.995663486556809, 0.1
1153, 8072.0, 6, 6.994800693240901, 0.1
1154, 8080.0, 8, 6.995670995670996, 0.1
1155, 8088.0, 8, 6.996539792387543, 0.1
1156, 8096.0, 8, 6.997407087294728, 0.1
1157, 8104.0, 8, 6.998272884283247, 0.1
1158, 8111.0, 7, 6.998274374460742, 0.1
1159, 8119.0, 8, 6.999137931034483, 0.1
1160, 8127.0, 8, 7.0, 0.1
1161, 8135.0, 8, 7.000860585197935, 0.1
1162, 8143.0, 8, 7.001719690455718, 0.1
1163, 8151.0, 8, 7.002577319587629, 0.1
1164, 8158.0, 7, 7.0025751072961375, 0.1
1165, 8165.0, 7, 7.002572898799314, 0.1
1166, 8171.0, 6, 7.001713796058269, 0.1
1167, 8179.0, 8, 7.002568493150685, 0.1
1168, 8186.0, 7, 7.002566295979469, 0.1
1169, 8194.0, 8, 7.003418803418803, 0.1
1170, 8201.0, 7, 7.003415883859949, 0.1
1171, 8202.0, 1, 6.998293515358362, 0.1
1172, 8210.0, 8, 6.9991474850809885, 0.1
1173, 8218.0, 8, 7.0, 0.1
1174, 8225.0, 7, 7.0, 0.1
1175, 8230.0, 5, 6.9982993197278915, 0.1
1176, 8238.0, 8, 6.999150382327953, 0.1
1177, 8245.0, 7, 6.999151103565365, 0.1
1178, 8252.0, 7, 6.999151823579305, 0.1
1179, 8260.0, 8, 7.0, 0.1
1180, 8268.0, 8, 7.000846740050805, 0.1
1181, 8275.0, 7, 7.000846023688664, 0.1
1182, 8281.0, 6, 7.0, 0.1
1183, 8285.0, 4, 6.997466216216216, 0.1
1184, 8291.0, 6, 6.996624472573839, 0.1
1185, 8299.0, 8, 6.997470489038786, 0.1
1186, 8306.0, 7, 6.997472620050548, 0.1
1187, 8314.0, 8, 6.998316498316498, 0.1
1188, 8322.0, 8, 6.999158957106812, 0.1
1189, 8329.0, 7, 6.999159663865546, 0.1
1190, 8336.0, 7, 6.999160369437448, 0.1
1191, 8342.0, 6, 6.998322147651007, 0.1
1192, 8350.0, 8, 6.999161777032691, 0.1
1193, 8351.0, 1, 6.994137353433836, 0.1
1194, 8359.0, 8, 6.994979079497908, 0.1
1195, 8367.0, 8, 6.995819397993311, 0.1
1196, 8373.0, 6, 6.994987468671679, 0.1
1197, 8377.0, 4, 6.992487479131887, 0.1
1198, 8384.0, 7, 6.992493744787323, 0.1
1199, 8392.0, 8, 6.993333333333333, 0.1
1200, 8400.0, 8, 6.994171523730225, 0.1
1201, 8402.0, 2, 6.990016638935108, 0.1
1202, 8409.0, 7, 6.9900249376558605, 0.1
1203, 8417.0, 8, 6.990863787375416, 0.1
1204, 8424.0, 7, 6.990871369294606, 0.1
1205, 8432.0, 8, 6.991708126036484, 0.1
1206, 8440.0, 8, 6.9925434962717485, 0.1
1207, 8448.0, 8, 6.993377483443709, 0.1
1208, 8454.0, 6, 6.992555831265508, 0.1
1209, 8462.0, 8, 6.993388429752066, 0.1
1210, 8470.0, 8, 6.994219653179191, 0.1
1211, 8477.0, 7, 6.994224422442244, 0.1
1212, 8485.0, 8, 6.995053586150041, 0.1
1213, 8485.0, 0, 6.9892915980230645, 0.1
1214, 8486.0, 1, 6.984362139917695, 0.1
1215, 8494.0, 8, 6.985197368421052, 0.1
1216, 8496.0, 2, 6.981101068200493, 0.1
1217, 8496.0, 0, 6.975369458128079, 0.1
1218, 8502.0, 6, 6.974569319114028, 0.1
1219, 8510.0, 8, 6.975409836065574, 0.1
1220, 8518.0, 8, 6.976248976248976, 0.1
1221, 8526.0, 8, 6.97708674304419, 0.1
1222, 8534.0, 8, 6.977923139820114, 0.1
1223, 8538.0, 4, 6.9754901960784315, 0.1
1224, 8544.0, 6, 6.9746938775510205, 0.1
1225, 8550.0, 6, 6.9738988580750405, 0.1
1226, 8557.0, 7, 6.973920130399348, 0.1
1227, 8565.0, 8, 6.9747557003257326, 0.1
1228, 8573.0, 8, 6.975589910496338, 0.1
1229, 8578.0, 5, 6.973983739837398, 0.1
1230, 8584.0, 6, 6.9731925264012995, 0.1
1231, 8592.0, 8, 6.974025974025974, 0.1
1232, 8600.0, 8, 6.9748580697485805, 0.1
1233, 8608.0, 8, 6.975688816855754, 0.1
1234, 8615.0, 7, 6.9757085020242915, 0.1
1235, 8623.0, 8, 6.976537216828479, 0.1
1236, 8624.0, 1, 6.971705739692805, 0.1
1237, 8624.0, 0, 6.966074313408724, 0.1
1238, 8630.0, 6, 6.965294592413237, 0.1
1239, 8631.0, 1, 6.960483870967742, 0.1
1240, 8638.0, 7, 6.960515713134569, 0.1
1241, 8639.0, 1, 6.955716586151369, 0.1
1242, 8645.0, 6, 6.9549477071600965, 0.1
1243, 8652.0, 7, 6.954983922829582, 0.1
1244, 8653.0, 1, 6.9502008032128515, 0.1
1245, 8661.0, 8, 6.951043338683788, 0.1
1246, 8667.0, 6, 6.95028067361668, 0.1
1247, 8675.0, 8, 6.951121794871795, 0.1
1248, 8683.0, 8, 6.951961569255404, 0.1
1249, 8691.0, 8, 6.9528, 0.1
1250, 8697.0, 6, 6.952038369304557, 0.1
1251, 8697.0, 0, 6.946485623003195, 0.1
1252, 8697.0, 0, 6.940941739824422, 0.1
1253, 8705.0, 8, 6.941786283891547, 0.1
1254, 8711.0, 6, 6.941035856573706, 0.1
1255, 8717.0, 6, 6.9402866242038215, 0.1
1256, 8723.0, 6, 6.939538583929992, 0.1
1257, 8731.0, 8, 6.940381558028617, 0.1
1258, 8732.0, 1, 6.935663224781573, 0.1
1259, 8740.0, 8, 6.936507936507937, 0.1
1260, 8746.0, 6, 6.935765265662173, 0.1
1261, 8753.0, 7, 6.93581616481775, 0.1
1262, 8761.0, 8, 6.936658749010293, 0.1
1263, 8769.0, 8, 6.9375, 0.1
1264, 8776.0, 7, 6.937549407114624, 0.1
1265, 8780.0, 4, 6.935229067930489, 0.1
1266, 8787.0, 7, 6.935280189423835, 0.1
1267, 8795.0, 8, 6.936119873817034, 0.1
1268, 8803.0, 8, 6.936958234830575, 0.1
1269, 8810.0, 7, 6.937007874015748, 0.1
1270, 8816.0, 6, 6.936270653029111, 0.1
1271, 8823.0, 7, 6.936320754716981, 0.1
1272, 8831.0, 8, 6.937156323644933, 0.1
1273, 8837.0, 6, 6.936420722135008, 0.1
1274, 8842.0, 5, 6.934901960784313, 0.1
1275, 8848.0, 6, 6.934169278996865, 0.1
1276, 8849.0, 1, 6.929522317932655, 0.1
1277, 8856.0, 7, 6.929577464788732, 0.1
1278, 8858.0, 2, 6.925723221266614, 0.1
1279, 8864.0, 6, 6.925, 0.1
1280, 8869.0, 5, 6.923497267759563, 0.1
1281, 8876.0, 7, 6.923556942277691, 0.1
1282, 8883.0, 7, 6.9236165237724085, 0.1
1283, 8891.0, 8, 6.924454828660436, 0.1
1284, 8893.0, 2, 6.9206225680933855, 0.1
1285, 8900.0, 7, 6.920684292379471, 0.1
1286, 8903.0, 3, 6.917637917637918, 0.1
1287, 8910.0, 7, 6.917701863354037, 0.1
1288, 8917.0, 7, 6.917765709852599, 0.1
1289, 8924.0, 7, 6.917829457364341, 0.1
1290, 8932.0, 8, 6.918667699457784, 0.1
1291, 8932.0, 0, 6.913312693498452, 0.1
1292, 8939.0, 7, 6.913379737045631, 0.1
1293, 8946.0, 7, 6.913446676970634, 0.1
1294, 8954.0, 8, 6.914285714285715, 0.1
1295, 8962.0, 8, 6.915123456790123, 0.1
1296, 8966.0, 4, 6.912875867386276, 0.1
1297, 8973.0, 7, 6.912942989214176, 0.1
1298, 8980.0, 7, 6.9130100076982295, 0.1
1299, 8986.0, 6, 6.912307692307692, 0.1
1300, 8993.0, 7, 6.912375096079939, 0.1
1301, 9000.0, 7, 6.912442396313364, 0.1
1302, 9007.0, 7, 6.912509593246354, 0.1
1303, 9013.0, 6, 6.91180981595092, 0.1
1304, 9021.0, 8, 6.9126436781609195, 0.1
1305, 9028.0, 7, 6.91271056661562, 0.1
1306, 9036.0, 8, 6.9135424636572305, 0.1
1307, 9042.0, 6, 6.912844036697248, 0.1
1308, 9047.0, 5, 6.911382734912147, 0.1
1309, 9048.0, 1, 6.906870229007634, 0.1
1310, 9055.0, 7, 6.906941266209, 0.1
1311, 9055.0, 0, 6.901676829268292, 0.1
1312, 9063.0, 8, 6.902513328255902, 0.1
1313, 9068.0, 5, 6.901065449010654, 0.1
1314, 9076.0, 8, 6.90190114068441, 0.1
1315, 9083.0, 7, 6.901975683890577, 0.1
1316, 9091.0, 8, 6.902809415337889, 0.1
1317, 9098.0, 7, 6.90288315629742, 0.1
1318, 9103.0, 5, 6.901440485216073, 0.1
1319, 9111.0, 8, 6.902272727272727, 0.1
1320, 9113.0, 2, 6.898561695685087, 0.1
1321, 9119.0, 6, 6.897881996974282, 0.1
1322, 9121.0, 2, 6.894179894179894, 0.1
1323, 9129.0, 8, 6.895015105740181, 0.1
1324, 9137.0, 8, 6.895849056603773, 0.1
1325, 9145.0, 8, 6.8966817496229265, 0.1
1326, 9153.0, 8, 6.897513187641296, 0.1
1327, 9153.0, 0, 6.892319277108434, 0.1
1328, 9161.0, 8, 6.893152746425884, 0.1
1329, 9169.0, 8, 6.893984962406015, 0.1
1330, 9173.0, 4, 6.891810668670173, 0.1
1331, 9178.0, 5, 6.89039039039039, 0.1
1332, 9178.0, 0, 6.885221305326332, 0.1
1333, 9186.0, 8, 6.886056971514243, 0.1
1334, 9190.0, 4, 6.883895131086143, 0.1
1335, 9190.0, 0, 6.87874251497006, 0.1
1336, 9195.0, 5, 6.8773373223635, 0.1
1337, 9202.0, 7, 6.8774289985052315, 0.1
1338, 9208.0, 6, 6.876773711725168, 0.1
1339, 9215.0, 7, 6.876865671641791, 0.1
1340, 9221.0, 6, 6.87621178225205, 0.1
1341, 9227.0, 6, 6.875558867362146, 0.1
1342, 9235.0, 8, 6.876396128071482, 0.1
1343, 9242.0, 7, 6.876488095238095, 0.1
1344, 9249.0, 7, 6.8765799256505575, 0.1
1345, 9256.0, 7, 6.876671619613671, 0.1
1346, 9261.0, 5, 6.875278396436526, 0.1
1347, 9268.0, 7, 6.8753709198813056, 0.1
1348, 9275.0, 7, 6.875463306152706, 0.1
1349, 9281.0, 6, 6.8748148148148145, 0.1
1350, 9289.0, 8, 6.875647668393782, 0.1
1351, 9290.0, 1, 6.871301775147929, 0.1
1352, 9298.0, 8, 6.8721359940872135, 0.1
1353, 9306.0, 8, 6.872968980797637, 0.1
1354, 9307.0, 1, 6.868634686346863, 0.1
1355, 9314.0, 7, 6.868731563421829, 0.1
1356, 9322.0, 8, 6.869565217391305, 0.1
1357, 9330.0, 8, 6.8703976435935195, 0.1
1358, 9338.0, 8, 6.871228844738779, 0.1
1359, 9346.0, 8, 6.872058823529412, 0.1
1360, 9353.0, 7, 6.872152828802351, 0.1
1361, 9360.0, 7, 6.872246696035242, 0.1
1362, 9362.0, 2, 6.868672046955246, 0.1
1363, 9369.0, 7, 6.868768328445748, 0.1
1364, 9377.0, 8, 6.869597069597069, 0.1
1365, 9383.0, 6, 6.86896046852123, 0.1
1366, 9391.0, 8, 6.869787856620336, 0.1
1367, 9397.0, 6, 6.869152046783626, 0.1
1368, 9397.0, 0, 6.864134404674945, 0.1
1369, 9401.0, 4, 6.862043795620438, 0.1
1370, 9409.0, 8, 6.862873814733771, 0.1
1371, 9417.0, 8, 6.863702623906706, 0.1
1372, 9424.0, 7, 6.863801893663511, 0.1
1373, 9432.0, 8, 6.864628820960698, 0.1
1374, 9440.0, 8, 6.865454545454545, 0.1
1375, 9448.0, 8, 6.866279069767442, 0.1
1376, 9456.0, 8, 6.867102396514161, 0.1
1377, 9464.0, 8, 6.867924528301887, 0.1
1378, 9471.0, 7, 6.868020304568528, 0.1
1379, 9476.0, 5, 6.866666666666666, 0.1
1380, 9484.0, 8, 6.867487328023172, 0.1
1381, 9492.0, 8, 6.868306801736614, 0.1
1382, 9499.0, 7, 6.868402024584237, 0.1
1383, 9506.0, 7, 6.868497109826589, 0.1
1384, 9506.0, 0, 6.863537906137184, 0.1
1385, 9513.0, 7, 6.863636363636363, 0.1
1386, 9521.0, 8, 6.864455659697188, 0.1
1387, 9527.0, 6, 6.8638328530259365, 0.1
1388, 9529.0, 2, 6.860331173506119, 0.1
1389, 9535.0, 6, 6.859712230215828, 0.1
1390, 9543.0, 8, 6.860531991373112, 0.1
1391, 9543.0, 0, 6.855603448275862, 0.1
1392, 9546.0, 3, 6.852835606604451, 0.1
1393, 9553.0, 7, 6.852941176470588, 0.1
1394, 9554.0, 1, 6.848745519713262, 0.1
1395, 9561.0, 7, 6.848853868194842, 0.1
1396, 9565.0, 4, 6.846814602720115, 0.1
1397, 9573.0, 8, 6.847639484978541, 0.1
1398, 9579.0, 6, 6.847033595425303, 0.1
1399, 9586.0, 7, 6.847142857142857, 0.1
1400, 9594.0, 8, 6.84796573875803, 0.1
1401, 9600.0, 6, 6.847360912981455, 0.1
1402, 9607.0, 7, 6.847469707769067, 0.1
1403, 9610.0, 3, 6.844729344729345, 0.1
1404, 9618.0, 8, 6.845551601423487, 0.1
1405, 9626.0, 8, 6.846372688477952, 0.1
1406, 9631.0, 5, 6.8450604122245915, 0.1
1407, 9639.0, 8, 6.845880681818182, 0.1
1408, 9646.0, 7, 6.845990063875089, 0.1
1409, 9654.0, 8, 6.846808510638298, 0.1
1410, 9661.0, 7, 6.846917080085046, 0.1
1411, 9661.0, 0, 6.842067988668555, 0.1
1412, 9662.0, 1, 6.83793347487615, 0.1
1413, 9668.0, 6, 6.837340876944837, 0.1
1414, 9675.0, 7, 6.837455830388692, 0.1
1415, 9682.0, 7, 6.8375706214689265, 0.1
1416, 9689.0, 7, 6.8376852505292876, 0.1
1417, 9693.0, 4, 6.835684062059238, 0.1
1418, 9700.0, 7, 6.8357998590556734, 0.1
1419, 9708.0, 8, 6.836619718309859, 0.1
1420, 9712.0, 4, 6.834623504574243, 0.1
1421, 9720.0, 8, 6.8354430379746836, 0.1
1422, 9727.0, 7, 6.835558678847505, 0.1
1423, 9734.0, 7, 6.83567415730337, 0.1
1424, 9736.0, 2, 6.832280701754386, 0.1
1425, 9742.0, 6, 6.8316970546984574, 0.1
1426, 9749.0, 7, 6.831814996496146, 0.1
1427, 9756.0, 7, 6.831932773109243, 0.1
1428, 9764.0, 8, 6.832750174947516, 0.1
1429, 9770.0, 6, 6.8321678321678325, 0.1
1430, 9770.0, 0, 6.827393431167016, 0.1
1431, 9774.0, 4, 6.825418994413408, 0.1
1432, 9782.0, 8, 6.826238660153524, 0.1
1433, 9789.0, 7, 6.826359832635983, 0.1
1434, 9796.0, 7, 6.826480836236934, 0.1
1435, 9803.0, 7, 6.826601671309192, 0.1
1436, 9806.0, 3, 6.823938761308281, 0.1
1437, 9812.0, 6, 6.82336578581363, 0.1
1438, 9820.0, 8, 6.824183460736623, 0.1
1439, 9825.0, 5, 6.822916666666667, 0.1
1440, 9832.0, 7, 6.823039555863983, 0.1
1441, 9839.0, 7, 6.823162274618586, 0.1
1442, 9846.0, 7, 6.8232848232848236, 0.1
1443, 9851.0, 5, 6.82202216066482, 0.1
1444, 9859.0, 8, 6.8228373702422145, 0.1
1445, 9865.0, 6, 6.822268326417704, 0.1
1446, 9867.0, 2, 6.818935729094679, 0.1
1447, 9870.0, 3, 6.816298342541437, 0.1
1448, 9873.0, 3, 6.813664596273292, 0.1
1449, 9880.0, 7, 6.813793103448276, 0.1
1450, 9887.0, 7, 6.813921433494142, 0.1
1451, 9894.0, 7, 6.81404958677686, 0.1
1452, 9901.0, 7, 6.81417756366139, 0.1
1453, 9908.0, 7, 6.814305364511692, 0.1
1454, 9915.0, 7, 6.814432989690721, 0.1
1455, 9915.0, 0, 6.809752747252747, 0.1
1456, 9921.0, 6, 6.809196980096088, 0.1
1457, 9921.0, 0, 6.804526748971194, 0.1
1458, 9929.0, 8, 6.805346127484579, 0.1
1459, 9931.0, 2, 6.802054794520548, 0.1
1460, 9938.0, 7, 6.802190280629706, 0.1
1461, 9944.0, 6, 6.801641586867305, 0.1
1462, 9952.0, 8, 6.80246069719754, 0.1
1463, 9960.0, 8, 6.80327868852459, 0.1
1464, 9966.0, 6, 6.802730375426621, 0.1
1465, 9972.0, 6, 6.8021828103683495, 0.1
1466, 9976.0, 4, 6.80027266530334, 0.1
1467, 9977.0, 1, 6.796321525885559, 0.1
1468, 9981.0, 4, 6.794417971409122, 0.1
1469, 9988.0, 7, 6.794557823129252, 0.1
1470, 9995.0, 7, 6.794697484704283, 0.1
1471, 10003.0, 8, 6.795516304347826, 0.1
1472, 10004.0, 1, 6.791581805838425, 0.1
1473, 10011.0, 7, 6.791723202170964, 0.1
1474, 10019.0, 8, 6.792542372881356, 0.1
1475, 10025.0, 6, 6.792005420054201, 0.1
1476, 10033.0, 8, 6.792823290453622, 0.1
1477, 10041.0, 8, 6.793640054127199, 0.1
1478, 10047.0, 6, 6.793103448275862, 0.1
1479, 10053.0, 6, 6.792567567567567, 0.1
1480, 10059.0, 6, 6.792032410533423, 0.1
1481, 10066.0, 7, 6.792172739541161, 0.1
1482, 10072.0, 6, 6.791638570465273, 0.1
1483, 10079.0, 7, 6.79177897574124, 0.1
1484, 10087.0, 8, 6.792592592592593, 0.1
1485, 10092.0, 5, 6.7913862718707945, 0.1
1486, 10099.0, 7, 6.791526563550773, 0.1
1487, 10106.0, 7, 6.791666666666667, 0.1
1488, 10108.0, 2, 6.7884486232370715, 0.1
1489, 10115.0, 7, 6.7885906040268456, 0.1
1490, 10122.0, 7, 6.788732394366197, 0.1
1491, 10129.0, 7, 6.788873994638069, 0.1
1492, 10137.0, 8, 6.789685197588748, 0.1
1493, 10145.0, 8, 6.7904953145917, 0.1
1494, 10151.0, 6, 6.7899665551839465, 0.1
1495, 10159.0, 8, 6.790775401069519, 0.1
1496, 10165.0, 6, 6.790247160988644, 0.1
1497, 10171.0, 6, 6.789719626168225, 0.1
1498, 10179.0, 8, 6.790527018012008, 0.1
1499, 10187.0, 8, 6.791333333333333, 0.1
1500, 10195.0, 8, 6.792138574283811, 0.1
1501, 10195.0, 0, 6.787616511318243, 0.1
1502, 10200.0, 5, 6.786427145708583, 0.1
1503, 10208.0, 8, 6.787234042553192, 0.1
1504, 10216.0, 8, 6.788039867109634, 0.1
1505, 10220.0, 4, 6.7861885790172645, 0.1
1506, 10220.0, 0, 6.781685467816855, 0.1
1507, 10223.0, 3, 6.779177718832892, 0.1
1508, 10228.0, 5, 6.777998674618953, 0.1
1509, 10234.0, 6, 6.77748344370861, 0.1
1510, 10242.0, 8, 6.778292521508934, 0.1
1511, 10250.0, 8, 6.779100529100529, 0.1
1512, 10258.0, 8, 6.77990746860542, 0.1
1513, 10265.0, 7, 6.78005284015852, 0.1
1514, 10272.0, 7, 6.78019801980198, 0.1
1515, 10275.0, 3, 6.777704485488127, 0.1
1516, 10282.0, 7, 6.77785102175346, 0.1
1517, 10290.0, 8, 6.778656126482214, 0.1
1518, 10298.0, 8, 6.7794601711652405, 0.1
1519, 10305.0, 7, 6.779605263157895, 0.1
1520, 10312.0, 7, 6.779750164365549, 0.1
1521, 10320.0, 8, 6.7805519053876475, 0.1
1522, 10328.0, 8, 6.781352593565331, 0.1
1523, 10334.0, 6, 6.7808398950131235, 0.1
1524, 10335.0, 1, 6.777049180327869, 0.1
1525, 10343.0, 8, 6.777850589777195, 0.1
1526, 10345.0, 2, 6.7747216764898495, 0.1
1527, 10352.0, 7, 6.774869109947644, 0.1
1528, 10358.0, 6, 6.774362328319163, 0.1
1529, 10366.0, 8, 6.77516339869281, 0.1
1530, 10373.0, 7, 6.775310254735467, 0.1
1531, 10380.0, 7, 6.775456919060052, 0.1
1532, 10388.0, 8, 6.776255707762557, 0.1
1533, 10392.0, 4, 6.774445893089961, 0.1
1534, 10399.0, 7, 6.774592833876222, 0.1
1535, 10406.0, 7, 6.774739583333333, 0.1
1536, 10407.0, 1, 6.770982433311646, 0.1
1537, 10414.0, 7, 6.771131339401821, 0.1
1538, 10420.0, 6, 6.7706302794022095, 0.1
1539, 10420.0, 0, 6.766233766233766, 0.1
1540, 10428.0, 8, 6.767034393251135, 0.1
1541, 10434.0, 6, 6.766536964980545, 0.1
1542, 10442.0, 8, 6.767336357744654, 0.1
1543, 10449.0, 7, 6.767487046632124, 0.1
1544, 10457.0, 8, 6.768284789644013, 0.1
1545, 10458.0, 1, 6.764553686934024, 0.1
1546, 10460.0, 2, 6.76147382029735, 0.1
1547, 10468.0, 8, 6.762273901808785, 0.1
1548, 10474.0, 6, 6.761781794706262, 0.1
1549, 10482.0, 8, 6.76258064516129, 0.1
1550, 10488.0, 6, 6.762088974854932, 0.1
1551, 10488.0, 0, 6.757731958762887, 0.1
1552, 10495.0, 7, 6.75788795878944, 0.1
1553, 10500.0, 5, 6.756756756756757, 0.1
1554, 10507.0, 7, 6.756913183279742, 0.1
1555, 10507.0, 0, 6.752570694087404, 0.1
1556, 10515.0, 8, 6.753371868978806, 0.1
1557, 10518.0, 3, 6.7509627727856225, 0.1
1558, 10524.0, 6, 6.750481077613855, 0.1
1559, 10524.0, 0, 6.746153846153846, 0.1
1560, 10531.0, 7, 6.746316463805253, 0.1
1561, 10531.0, 0, 6.741997439180538, 0.1
1562, 10535.0, 4, 6.740243122200896, 0.1
1563, 10542.0, 7, 6.740409207161125, 0.1
1564, 10549.0, 7, 6.740575079872205, 0.1
1565, 10556.0, 7, 6.7407407407407405, 0.1
1566, 10562.0, 6, 6.740268028079132, 0.1
1567, 10569.0, 7, 6.740433673469388, 0.1
1568, 10575.0, 6, 6.739961759082218, 0.1
1569, 10581.0, 6, 6.739490445859873, 0.1
1570, 10588.0, 7, 6.739656269891789, 0.1
1571, 10594.0, 6, 6.739185750636132, 0.1
1572, 10601.0, 7, 6.739351557533376, 0.1
1573, 10609.0, 8, 6.74015247776366, 0.1
1574, 10616.0, 7, 6.740317460317461, 0.1
1575, 10624.0, 8, 6.741116751269035, 0.1
1576, 10626.0, 2, 6.738110336081167, 0.1
1577, 10633.0, 7, 6.738276299112801, 0.1
1578, 10633.0, 0, 6.734008866371121, 0.1
1579, 10641.0, 8, 6.734810126582278, 0.1
1580, 10648.0, 7, 6.734977862112587, 0.1
1581, 10648.0, 0, 6.730720606826802, 0.1
1582, 10652.0, 4, 6.728995578016424, 0.1
1583, 10659.0, 7, 6.729166666666667, 0.1
1584, 10667.0, 8, 6.7299684542586755, 0.1
1585, 10675.0, 8, 6.730769230769231, 0.1
1586, 10682.0, 7, 6.730938878386893, 0.1
1587, 10690.0, 8, 6.731738035264484, 0.1
1588, 10698.0, 8, 6.732536186280679, 0.1
1589, 10706.0, 8, 6.733333333333333, 0.1
1590, 10713.0, 7, 6.733500942803269, 0.1
1591, 10722.0, 9, 6.734924623115578, 0.1
1592, 10729.0, 7, 6.735091023226617, 0.1
1593, 10731.0, 2, 6.732120451693852, 0.1
1594, 10732.0, 1, 6.728526645768025, 0.1
1595, 10738.0, 6, 6.728070175438597, 0.1
1596, 10741.0, 3, 6.7257357545397625, 0.1
1597, 10748.0, 7, 6.725907384230288, 0.1
1598, 10751.0, 3, 6.723577235772358, 0.1
1599, 10758.0, 7, 6.72375, 0.1
1600, 10766.0, 8, 6.724547158026233, 0.1
1601, 10773.0, 7, 6.724719101123595, 0.1
1602, 10775.0, 2, 6.721771678103556, 0.1
1603, 10780.0, 5, 6.720698254364089, 0.1
1604, 10787.0, 7, 6.720872274143302, 0.1
1605, 10795.0, 8, 6.721668742216687, 0.1
1606, 10803.0, 8, 6.722464219041693, 0.1
1607, 10811.0, 8, 6.723258706467662, 0.1
1608, 10819.0, 8, 6.7240522063393415, 0.1
1609, 10824.0, 5, 6.722981366459627, 0.1
1610, 10831.0, 7, 6.7231533209186845, 0.1
1611, 10839.0, 8, 6.72394540942928, 0.1
1612, 10847.0, 8, 6.7247365158090515, 0.1
1613, 10854.0, 7, 6.724907063197026, 0.1
1614, 10863.0, 9, 6.726315789473684, 0.1
1615, 10871.0, 8, 6.72710396039604, 0.1
1616, 10879.0, 8, 6.727891156462585, 0.1
1617, 10883.0, 4, 6.726205191594561, 0.1
1618, 10887.0, 4, 6.724521309450278, 0.1
1619, 10888.0, 1, 6.720987654320988, 0.1
1620, 10896.0, 8, 6.7217766810610735, 0.1
1621, 10902.0, 6, 6.721331689272503, 0.1
1622, 10910.0, 8, 6.722119531731361, 0.1
1623, 10917.0, 7, 6.722290640394089, 0.1
1624, 10917.0, 0, 6.718153846153847, 0.1
1625, 10922.0, 5, 6.7170971709717096, 0.1
1626, 10930.0, 8, 6.717885679164105, 0.1
1627, 10938.0, 8, 6.718673218673219, 0.1
1628, 10945.0, 7, 6.718845917740945, 0.1
1629, 10952.0, 7, 6.719018404907976, 0.1
1630, 10960.0, 8, 6.719803801348866, 0.1
1631, 10968.0, 8, 6.720588235294118, 0.1
1632, 10970.0, 2, 6.717697489283527, 0.1
1633, 10977.0, 7, 6.717870257037943, 0.1
1634, 10985.0, 8, 6.718654434250764, 0.1
1635, 10986.0, 1, 6.715158924205379, 0.1
1636, 10994.0, 8, 6.715943799633476, 0.1
1637, 11002.0, 8, 6.716727716727717, 0.1
1638, 11004.0, 2, 6.713849908480781, 0.1
1639, 11012.0, 8, 6.714634146341464, 0.1
1640, 11017.0, 5, 6.713589274832419, 0.1
1641, 11024.0, 7, 6.713763702801462, 0.1
1642, 11032.0, 8, 6.714546561168594, 0.1
1643, 11037.0, 5, 6.713503649635037, 0.1
1644, 11045.0, 8, 6.714285714285714, 0.1
1645, 11047.0, 2, 6.711421628189551, 0.1
1646, 11055.0, 8, 6.712204007285974, 0.1
1647, 11063.0, 8, 6.712985436893204, 0.1
1648, 11070.0, 7, 6.713159490600364, 0.1
1649, 11077.0, 7, 6.713333333333333, 0.1
1650, 11085.0, 8, 6.714112658994549, 0.1
1651, 11091.0, 6, 6.713680387409201, 0.1
1652, 11093.0, 2, 6.710828796128252, 0.1
1653, 11100.0, 7, 6.711003627569529, 0.1
1654, 11108.0, 8, 6.71178247734139, 0.1
1655, 11111.0, 3, 6.709541062801932, 0.1
1656, 11115.0, 4, 6.707905853952927, 0.1
1657, 11122.0, 7, 6.708082026537998, 0.1
1658, 11126.0, 4, 6.706449668474985, 0.1
1659, 11131.0, 5, 6.705421686746988, 0.1
1660, 11137.0, 6, 6.704996989765202, 0.1
1661, 11140.0, 3, 6.702767749699158, 0.1
1662, 11141.0, 1, 6.6993385447985565, 0.1
1663, 11143.0, 2, 6.696514423076923, 0.1
1664, 11150.0, 7, 6.696696696696697, 0.1
1665, 11158.0, 8, 6.697478991596639, 0.1
1666, 11165.0, 7, 6.6976604679064184, 0.1
1667, 11172.0, 7, 6.697841726618705, 0.1
1668, 11180.0, 8, 6.698621929298981, 0.1
1669, 11184.0, 4, 6.697005988023952, 0.1
1670, 11191.0, 7, 6.697187312986236, 0.1
1671, 11199.0, 8, 6.697966507177034, 0.1
1672, 11204.0, 5, 6.696951583980873, 0.1
1673, 11212.0, 8, 6.6977299880525685, 0.1
1674, 11220.0, 8, 6.6985074626865675, 0.1
1675, 11225.0, 5, 6.697494033412887, 0.1
1676, 11232.0, 7, 6.6976744186046515, 0.1
1677, 11238.0, 6, 6.6972586412395705, 0.1
1678, 11246.0, 8, 6.69803454437165, 0.1
1679, 11253.0, 7, 6.698214285714286, 0.1
1680, 11256.0, 3, 6.696014277215943, 0.1
1681, 11263.0, 7, 6.696195005945303, 0.1
1682, 11271.0, 8, 6.696969696969697, 0.1
1683, 11278.0, 7, 6.697149643705464, 0.1
1684, 11286.0, 8, 6.697922848664688, 0.1
1685, 11291.0, 5, 6.696915776986951, 0.1
1686, 11296.0, 5, 6.6959098992294015, 0.1
1687, 11301.0, 5, 6.694905213270142, 0.1
1688, 11308.0, 7, 6.695085849615157, 0.1
1689, 11315.0, 7, 6.695266272189349, 0.1
1690, 11322.0, 7, 6.695446481371969, 0.1
1691, 11327.0, 5, 6.694444444444445, 0.1
1692, 11334.0, 7, 6.6946249261665685, 0.1
1693, 11341.0, 7, 6.694805194805195, 0.1
1694, 11348.0, 7, 6.694985250737463, 0.1
1695, 11353.0, 5, 6.693985849056604, 0.1
1696, 11359.0, 6, 6.693576900412492, 0.1
1697, 11365.0, 6, 6.693168433451119, 0.1
1698, 11372.0, 7, 6.693349028840494, 0.1
1699, 11379.0, 7, 6.693529411764706, 0.1
1700, 11386.0, 7, 6.693709582598472, 0.1
1701, 11393.0, 7, 6.693889541715628, 0.1
1702, 11399.0, 6, 6.693482090428655, 0.1
1703, 11407.0, 8, 6.69424882629108, 0.1
1704, 11414.0, 7, 6.6944281524926685, 0.1
1705, 11422.0, 8, 6.695193434935522, 0.1
1706, 11429.0, 7, 6.695371997656708, 0.1
1707, 11429.0, 0, 6.691451990632318, 0.1
1708, 11436.0, 7, 6.691632533645406, 0.1
1709, 11438.0, 2, 6.688888888888889, 0.1
1710, 11444.0, 6, 6.688486265341905, 0.1
1711, 11451.0, 7, 6.688668224299065, 0.1
1712, 11459.0, 8, 6.689433741973146, 0.1
1713, 11460.0, 1, 6.686114352392066, 0.1
1714, 11463.0, 3, 6.683965014577259, 0.1
1715, 11469.0, 6, 6.683566433566433, 0.1
1716, 11473.0, 4, 6.682003494467094, 0.1
1717, 11478.0, 5, 6.681024447031432, 0.1
1718, 11479.0, 1, 6.677719604421175, 0.1
1719, 11485.0, 6, 6.6773255813953485, 0.1
1720, 11493.0, 8, 6.678094131319001, 0.1
1721, 11499.0, 6, 6.677700348432055, 0.1
1722, 11504.0, 5, 6.6767266395821245, 0.1
1723, 11511.0, 7, 6.676914153132251, 0.1
1724, 11517.0, 6, 6.676521739130434, 0.1
1725, 11517.0, 0, 6.672653534183082, 0.1
1726, 11525.0, 8, 6.673422119281992, 0.1
1727, 11525.0, 0, 6.669560185185185, 0.1
1728, 11533.0, 8, 6.670329670329671, 0.1
1729, 11539.0, 6, 6.6699421965317915, 0.1
1730, 11547.0, 8, 6.670710571923744, 0.1
1731, 11549.0, 2, 6.668013856812933, 0.1
1732, 11555.0, 6, 6.667628390075015, 0.1
1733, 11563.0, 8, 6.668396770472895, 0.1
1734, 11569.0, 6, 6.668011527377522, 0.1
1735, 11576.0, 7, 6.668202764976958, 0.1
1736, 11583.0, 7, 6.668393782383419, 0.1
1737, 11584.0, 1, 6.665132336018412, 0.1
1738, 11587.0, 3, 6.663024726854514, 0.1
1739, 11593.0, 6, 6.6626436781609195, 0.1
1740, 11594.0, 1, 6.659391154508903, 0.1
1741, 11595.0, 1, 6.656142365097589, 0.1
1742, 11602.0, 7, 6.656339644291451, 0.1
1743, 11610.0, 8, 6.657110091743119, 0.1
1744, 11610.0, 0, 6.653295128939828, 0.1
1745, 11618.0, 8, 6.6540664375715926, 0.1
1746, 11625.0, 7, 6.654264453348597, 0.1
1747, 11631.0, 6, 6.6538901601830664, 0.1
1748, 11639.0, 8, 6.654659805603202, 0.1
1749, 11644.0, 5, 6.653714285714286, 0.1
1750, 11647.0, 3, 6.651627641347801, 0.1
1751, 11655.0, 8, 6.652397260273973, 0.1
1752, 11659.0, 4, 6.650884198516828, 0.1
1753, 11661.0, 2, 6.648232611174459, 0.1
1754, 11667.0, 6, 6.647863247863248, 0.1
1755, 11668.0, 1, 6.644646924829157, 0.1
1756, 11676.0, 8, 6.645418326693227, 0.1
1757, 11683.0, 7, 6.645620022753128, 0.1
1758, 11690.0, 7, 6.64582148948266, 0.1
1759, 11697.0, 7, 6.646022727272728, 0.1
1760, 11700.0, 3, 6.6439522998296425, 0.1
1761, 11705.0, 5, 6.6430192962542565, 0.1
1762, 11713.0, 8, 6.643788996029495, 0.1
1763, 11720.0, 7, 6.6439909297052155, 0.1
1764, 11726.0, 6, 6.643626062322946, 0.1
1765, 11732.0, 6, 6.64326160815402, 0.1
1766, 11738.0, 6, 6.642897566496887, 0.1
1767, 11746.0, 8, 6.643665158371041, 0.1
1768, 11753.0, 7, 6.6438665912945165, 0.1
1769, 11755.0, 2, 6.641242937853107, 0.1
1770, 11763.0, 8, 6.642010163749294, 0.1
1771, 11770.0, 7, 6.642212189616253, 0.1
1772, 11777.0, 7, 6.642413987591652, 0.1
1773, 11781.0, 4, 6.640924464487035, 0.1
1774, 11789.0, 8, 6.64169014084507, 0.1
1775, 11796.0, 7, 6.641891891891892, 0.1
1776, 11801.0, 5, 6.640967923466516, 0.1
1777, 11808.0, 7, 6.641169853768279, 0.1
1778, 11815.0, 7, 6.641371557054525, 0.1
1779, 11823.0, 8, 6.642134831460674, 0.1
1780, 11830.0, 7, 6.642335766423358, 0.1
1781, 11836.0, 6, 6.6419753086419755, 0.1
1782, 11839.0, 3, 6.639932697700504, 0.1
1783, 11844.0, 5, 6.639013452914798, 0.1
1784, 11851.0, 7, 6.63921568627451, 0.1
1785, 11859.0, 8, 6.639977603583427, 0.1
1786, 11860.0, 1, 6.63682148852826, 0.1
1787, 11867.0, 7, 6.637024608501118, 0.1
1788, 11874.0, 7, 6.637227501397429, 0.1
1789, 11878.0, 4, 6.635754189944134, 0.1
1790, 11880.0, 2, 6.633165829145729, 0.1
1791, 11886.0, 6, 6.6328125, 0.1
1792, 11893.0, 7, 6.633017289459008, 0.1
1793, 11900.0, 7, 6.633221850613155, 0.1
1794, 11903.0, 3, 6.631197771587744, 0.1
1795, 11910.0, 7, 6.631403118040089, 0.1
1796, 11916.0, 6, 6.631051752921536, 0.1
1797, 11922.0, 6, 6.630700778642937, 0.1
1798, 11929.0, 7, 6.6309060589216235, 0.1
1799, 11934.0, 5, 6.63, 0.1
1800, 11941.0, 7, 6.630205441421433, 0.1
1801, 11942.0, 1, 6.6270810210876805, 0.1
1802, 11949.0, 7, 6.627287853577371, 0.1
1803, 11955.0, 6, 6.626940133037694, 0.1
1804, 11960.0, 5, 6.626038781163435, 0.1
1805, 11966.0, 6, 6.625692137320044, 0.1
1806, 11971.0, 5, 6.624792473713337, 0.1
1807, 11978.0, 7, 6.625, 0.1
1808, 11985.0, 7, 6.625207296849088, 0.1
1809, 11989.0, 4, 6.6237569060773485, 0.1
1810, 11991.0, 2, 6.621203754831585, 0.1
1811, 11999.0, 8, 6.6219646799117, 0.1
1812, 12005.0, 6, 6.621621621621622, 0.1
1813, 12013.0, 8, 6.622381477398015, 0.1
1814, 12015.0, 2, 6.619834710743802, 0.1
1815, 12021.0, 6, 6.619493392070485, 0.1
1816, 12021.0, 0, 6.615850302696753, 0.1
1817, 12027.0, 6, 6.615511551155116, 0.1
1818, 12033.0, 6, 6.615173172072567, 0.1
1819, 12040.0, 7, 6.615384615384615, 0.1
1820, 12048.0, 8, 6.616144975288303, 0.1
1821, 12056.0, 8, 6.616904500548848, 0.1
1822, 12057.0, 1, 6.613823368074602, 0.1
1823, 12065.0, 8, 6.614583333333333, 0.1
1824, 12068.0, 3, 6.612602739726027, 0.1
1825, 12075.0, 7, 6.612814895947426, 0.1
1826, 12083.0, 8, 6.613574165298303, 0.1
1827, 12085.0, 2, 6.611050328227571, 0.1
1828, 12093.0, 8, 6.6118097320940405, 0.1
1829, 12096.0, 3, 6.609836065573771, 0.1
1830, 12104.0, 8, 6.610595303113053, 0.1
1831, 12110.0, 6, 6.610262008733624, 0.1
1832, 12114.0, 4, 6.608837970540098, 0.1
1833, 12122.0, 8, 6.609596510359869, 0.1
1834, 12130.0, 8, 6.610354223433243, 0.1
1835, 12135.0, 5, 6.609477124183006, 0.1
1836, 12141.0, 6, 6.6091453456722915, 0.1
1837, 12146.0, 5, 6.6082698585418935, 0.1
1838, 12147.0, 1, 6.605220228384992, 0.1
1839, 12154.0, 7, 6.605434782608696, 0.1
1840, 12161.0, 7, 6.605649103747963, 0.1
1841, 12167.0, 6, 6.605320304017372, 0.1
1842, 12169.0, 2, 6.602821486706457, 0.1
1843, 12173.0, 4, 6.601409978308026, 0.1
1844, 12177.0, 4, 6.6, 0.1
1845, 12185.0, 8, 6.6007583965330445, 0.1
1846, 12192.0, 7, 6.600974553329724, 0.1
1847, 12200.0, 8, 6.6017316017316015, 0.1
1848, 12207.0, 7, 6.601946998377501, 0.1
1849, 12215.0, 8, 6.602702702702703, 0.1
1850, 12222.0, 7, 6.602917341977309, 0.1
1851, 12224.0, 2, 6.600431965442764, 0.1
1852, 12228.0, 4, 6.5990286022665945, 0.1
1853, 12231.0, 3, 6.597087378640777, 0.1
1854, 12239.0, 8, 6.5978436657681945, 0.1
1855, 12247.0, 8, 6.598599137931035, 0.1
1856, 12255.0, 8, 6.599353796445881, 0.1
1857, 12261.0, 6, 6.599031216361679, 0.1
1858, 12266.0, 5, 6.598171059709522, 0.1
1859, 12266.0, 0, 6.594623655913979, 0.1
1860, 12272.0, 6, 6.594304137560451, 0.1
1861, 12274.0, 2, 6.591836734693878, 0.1
1862, 12275.0, 1, 6.588835212023618, 0.1
1863, 12283.0, 8, 6.589592274678112, 0.1
1864, 12289.0, 6, 6.589276139410187, 0.1
1865, 12295.0, 6, 6.588960342979636, 0.1
1866, 12301.0, 6, 6.588644884841992, 0.1
1867, 12305.0, 4, 6.587259100642398, 0.1
1868, 12313.0, 8, 6.588014981273409, 0.1
1869, 12314.0, 1, 6.585026737967914, 0.1
1870, 12319.0, 5, 6.584179583110636, 0.1
1871, 12325.0, 6, 6.583867521367521, 0.1
1872, 12332.0, 7, 6.584089695675387, 0.1
1873, 12340.0, 8, 6.584845250800427, 0.1
1874, 12345.0, 5, 6.584, 0.1
1875, 12353.0, 8, 6.584754797441365, 0.1
1876, 12361.0, 8, 6.585508790623335, 0.1
1877, 12369.0, 8, 6.586261980830671, 0.1
1878, 12375.0, 6, 6.585949973390101, 0.1
1879, 12376.0, 1, 6.582978723404255, 0.1
1880, 12377.0, 1, 6.580010632642211, 0.1
1881, 12385.0, 8, 6.5807651434644, 0.1
1882, 12388.0, 3, 6.57886351566649, 0.1
1883, 12395.0, 7, 6.579087048832272, 0.1
1884, 12403.0, 8, 6.579840848806366, 0.1
1885, 12403.0, 0, 6.576352067868505, 0.1
1886, 12411.0, 8, 6.577106518282989, 0.1
1887, 12418.0, 7, 6.577330508474576, 0.1
1888, 12425.0, 7, 6.577554261514028, 0.1
1889, 12433.0, 8, 6.578306878306878, 0.1
1890, 12438.0, 5, 6.577472236911687, 0.1
1891, 12439.0, 1, 6.574524312896406, 0.1
1892, 12447.0, 8, 6.575277337559429, 0.1
1893, 12454.0, 7, 6.575501583949314, 0.1
1894, 12460.0, 6, 6.575197889182058, 0.1
1895, 12467.0, 7, 6.57542194092827, 0.1
1896, 12475.0, 8, 6.576172904586189, 0.1
1897, 12475.0, 0, 6.572708113804004, 0.1
1898, 12483.0, 8, 6.57345971563981, 0.1
1899, 12487.0, 4, 6.572105263157895, 0.1
1900, 12489.0, 2, 6.5697001578116785, 0.1
1901, 12496.0, 7, 6.569926393270242, 0.1
1902, 12504.0, 8, 6.570677877036259, 0.1
1903, 12511.0, 7, 6.570903361344538, 0.1
1904, 12519.0, 8, 6.571653543307087, 0.1
1905, 12522.0, 3, 6.569779643231899, 0.1
1906, 12528.0, 6, 6.569480859989512, 0.1
1907, 12532.0, 4, 6.568134171907757, 0.1
1908, 12536.0, 4, 6.566788894709272, 0.1
1909, 12544.0, 8, 6.5675392670157065, 0.1
1910, 12551.0, 7, 6.5677655677655675, 0.1
1911, 12551.0, 0, 6.564330543933054, 0.1
1912, 12559.0, 8, 6.56508102456874, 0.1
1913, 12562.0, 3, 6.563218390804598, 0.1
1914, 12570.0, 8, 6.563968668407311, 0.1
1915, 12573.0, 3, 6.562108559498956, 0.1
1916, 12574.0, 1, 6.559207094418362, 0.1
1917, 12582.0, 8, 6.559958289885297, 0.1
1918, 12589.0, 7, 6.560187597707139, 0.1
1919, 12596.0, 7, 6.560416666666667, 0.1
1920, 12596.0, 0, 6.557001561686621, 0.1
1921, 12597.0, 1, 6.554110301768991, 0.1
1922, 12604.0, 7, 6.554342173686948, 0.1
1923, 12609.0, 5, 6.553534303534303, 0.1
1924, 12611.0, 2, 6.551168831168831, 0.1
1925, 12619.0, 8, 6.551921079958463, 0.1
1926, 12625.0, 6, 6.5516346652828235, 0.1
1927, 12630.0, 5, 6.550829875518672, 0.1
1928, 12637.0, 7, 6.551062726801452, 0.1
1929, 12645.0, 8, 6.551813471502591, 0.1
1930, 12653.0, 8, 6.552563438632832, 0.1
1931, 12655.0, 2, 6.550207039337474, 0.1
1932, 12662.0, 7, 6.550439730988101, 0.1
1933, 12666.0, 4, 6.549120992761117, 0.1
1934, 12674.0, 8, 6.549870801033592, 0.1
1935, 12677.0, 3, 6.548037190082645, 0.1
1936, 12683.0, 6, 6.547754259163655, 0.1
1937, 12691.0, 8, 6.548503611971104, 0.1
1938, 12697.0, 6, 6.548220732336256, 0.1
1939, 12704.0, 7, 6.5484536082474225, 0.1
1940, 12708.0, 4, 6.547140649149923, 0.1
1941, 12716.0, 8, 6.54788877445932, 0.1
1942, 12716.0, 0, 6.544518785383428, 0.1
1943, 12724.0, 8, 6.545267489711934, 0.1
1944, 12728.0, 4, 6.5439588688946015, 0.1
1945, 12736.0, 8, 6.544707091469681, 0.1
1946, 12743.0, 7, 6.544940934771443, 0.1
1947, 12751.0, 8, 6.545687885010267, 0.1
1948, 12753.0, 2, 6.543355566957414, 0.1
1949, 12761.0, 8, 6.544102564102564, 0.1
1950, 12769.0, 8, 6.544848795489493, 0.1
1951, 12771.0, 2, 6.542520491803279, 0.1
1952, 12778.0, 7, 6.542754736303124, 0.1
1953, 12783.0, 5, 6.541965199590583, 0.1
1954, 12788.0, 5, 6.541176470588235, 0.1
1955, 12795.0, 7, 6.541411042944786, 0.1
1956, 12802.0, 7, 6.541645375574859, 0.1
1957, 12806.0, 4, 6.540347293156282, 0.1
1958, 12806.0, 0, 6.537008677896886, 0.1
1959, 12809.0, 3, 6.535204081632653, 0.1
1960, 12817.0, 8, 6.535951045385008, 0.1
1961, 12819.0, 2, 6.533639143730887, 0.1
1962, 12826.0, 7, 6.533876719307183, 0.1
1963, 12832.0, 6, 6.5336048879837065, 0.1
1964, 12837.0, 5, 6.532824427480916, 0.1
1965, 12839.0, 2, 6.530518819938963, 0.1
1966, 12840.0, 1, 6.527707168276564, 0.1
1967, 12847.0, 7, 6.527947154471545, 0.1
1968, 12852.0, 5, 6.527171152869477, 0.1
1969, 12855.0, 3, 6.525380710659898, 0.1
1970, 12860.0, 5, 6.524606798579401, 0.1
1971, 12868.0, 8, 6.525354969574036, 0.1
1972, 12875.0, 7, 6.525595539787126, 0.1
1973, 12883.0, 8, 6.526342451874367, 0.1
1974, 12887.0, 4, 6.52506329113924, 0.1
1975, 12890.0, 3, 6.52327935222672, 0.1
1976, 12898.0, 8, 6.524026302478503, 0.1
1977, 12904.0, 6, 6.52376137512639, 0.1
1978, 12911.0, 7, 6.52400202122284, 0.1
1979, 12911.0, 0, 6.520707070707071, 0.1
1980, 12911.0, 0, 6.517415446744069, 0.1
1981, 12911.0, 0, 6.514127144298688, 0.1
1982, 12918.0, 7, 6.5143721633888045, 0.1
1983, 12926.0, 8, 6.515120967741935, 0.1
1984, 12928.0, 2, 6.512846347607053, 0.1
1985, 12935.0, 7, 6.513091641490433, 0.1
1986, 12942.0, 7, 6.513336688475088, 0.1
1987, 12949.0, 7, 6.5135814889336014, 0.1
1988, 12954.0, 5, 6.512820512820513, 0.1
1989, 12962.0, 8, 6.5135678391959795, 0.1
1990, 12970.0, 8, 6.514314414866901, 0.1
1991, 12977.0, 7, 6.514558232931727, 0.1
1992, 12984.0, 7, 6.514801806322128, 0.1
1993, 12985.0, 1, 6.512036108324975, 0.1
1994, 12993.0, 8, 6.512781954887218, 0.1
1995, 12993.0, 0, 6.509519038076152, 0.1
1996, 13001.0, 8, 6.510265398097146, 0.1
1997, 13009.0, 8, 6.511011011011011, 0.1
1998, 13010.0, 1, 6.508254127063532, 0.1
1999, 13017.0, 7, 6.5085, 0.1
