0, 8.0, 8, 8.0, 0.2
1, 16.0, 8, 8.0, 0.2
2, 24.0, 8, 8.0, 0.2
3, 32.0, 8, 8.0, 0.2
4, 40.0, 8, 8.0, 0.2
5, 48.0, 8, 8.0, 0.2
6, 56.0, 8, 8.0, 0.2
7, 64.0, 8, 8.0, 0.2
8, 72.0, 8, 8.0, 0.2
9, 80.0, 8, 8.0, 0.2
10, 88.0, 8, 8.0, 0.2
11, 96.0, 8, 8.0, 0.2
12, 104.0, 8, 8.0, 0.2
13, 112.0, 8, 8.0, 0.2
14, 120.0, 8, 8.0, 0.2
15, 128.0, 8, 8.0, 0.2
16, 136.0, 8, 8.0, 0.2
17, 144.0, 8, 8.0, 0.2
18, 152.0, 8, 8.0, 0.2
19, 160.0, 8, 8.0, 0.2
20, 168.0, 8, 8.0, 0.2
21, 176.0, 8, 8.0, 0.2
22, 184.0, 8, 8.0, 0.2
23, 192.0, 8, 8.0, 0.2
24, 200.0, 8, 8.0, 0.2
25, 208.0, 8, 8.0, 0.2
26, 216.0, 8, 8.0, 0.2
27, 224.0, 8, 8.0, 0.2
28, 232.0, 8, 8.0, 0.2
29, 240.0, 8, 8.0, 0.2
30, 248.0, 8, 8.0, 0.2
31, 256.0, 8, 8.0, 0.2
32, 264.0, 8, 8.0, 0.2
33, 272.0, 8, 8.0, 0.2
34, 280.0, 8, 8.0, 0.2
35, 288.0, 8, 8.0, 0.2
36, 296.0, 8, 8.0, 0.2
37, 304.0, 8, 8.0, 0.2
38, 312.0, 8, 8.0, 0.2
39, 320.0, 8, 8.0, 0.2
40, 328.0, 8, 8.0, 0.2
41, 336.0, 8, 8.0, 0.2
42, 344.0, 8, 8.0, 0.2
43, 352.0, 8, 8.0, 0.2
44, 360.0, 8, 8.0, 0.2
45, 368.0, 8, 8.0, 0.2
46, 376.0, 8, 8.0, 0.2
47, 384.0, 8, 8.0, 0.2
48, 392.0, 8, 8.0, 0.2
49, 400.0, 8, 8.0, 0.2
50, 408.0, 8, 8.0, 0.2
51, 416.0, 8, 8.0, 0.2
52, 424.0, 8, 8.0, 0.2
53, 432.0, 8, 8.0, 0.2
54, 440.0, 8, 8.0, 0.2
55, 448.0, 8, 8.0, 0.2
56, 456.0, 8, 8.0, 0.2
57, 464.0, 8, 8.0, 0.2
58, 472.0, 8, 8.0, 0.2
59, 480.0, 8, 8.0, 0.2
60, 488.0, 8, 8.0, 0.2
61, 496.0, 8, 8.0, 0.2
62, 504.0, 8, 8.0, 0.2
63, 512.0, 8, 8.0, 0.2
64, 520.0, 8, 8.0, 0.2
65, 528.0, 8, 8.0, 0.2
66, 536.0, 8, 8.0, 0.2
67, 544.0, 8, 8.0, 0.2
68, 552.0, 8, 8.0, 0.2
69, 560.0, 8, 8.0, 0.2
70, 568.0, 8, 8.0, 0.2
71, 576.0, 8, 8.0, 0.2
72, 584.0, 8, 8.0, 0.2
73, 592.0, 8, 8.0, 0.2
74, 600.0, 8, 8.0, 0.2
75, 608.0, 8, 8.0, 0.2
76, 616.0, 8, 8.0, 0.2
77, 624.0, 8, 8.0, 0.2
78, 632.0, 8, 8.0, 0.2
79, 640.0, 8, 8.0, 0.2
80, 648.0, 8, 8.0, 0.2
81, 656.0, 8, 8.0, 0.2
82, 664.0, 8, 8.0, 0.2
83, 672.0, 8, 8.0, 0.2
84, 680.0, 8, 8.0, 0.2
85, 688.0, 8, 8.0, 0.2
86, 696.0, 8, 8.0, 0.2
87, 704.0, 8, 8.0, 0.2
88, 712.0, 8, 8.0, 0.2
89, 720.0, 8, 8.0, 0.2
90, 728.0, 8, 8.0, 0.2
91, 736.0, 8, 8.0, 0.2
92, 744.0, 8, 8.0, 0.2
93, 752.0, 8, 8.0, 0.2
94, 760.0, 8, 8.0, 0.2
95, 768.0, 8, 8.0, 0.2
96, 776.0, 8, 8.0, 0.2
97, 784.0, 8, 8.0, 0.2
98, 792.0, 8, 8.0, 0.2
99, 800.0, 8, 8.0, 0.2
100, 808.0, 8, 8.0, 0.2
101, 816.0, 8, 8.0, 0.2
102, 824.0, 8, 8.0, 0.2
103, 832.0, 8, 8.0, 0.2
104, 840.0, 8, 8.0, 0.2
105, 848.0, 8, 8.0, 0.2
106, 856.0, 8, 8.0, 0.2
107, 864.0, 8, 8.0, 0.2
108, 872.0, 8, 8.0, 0.2
109, 880.0, 8, 8.0, 0.2
110, 888.0, 8, 8.0, 0.2
111, 896.0, 8, 8.0, 0.2
112, 904.0, 8, 8.0, 0.2
113, 912.0, 8, 8.0, 0.2
114, 920.0, 8, 8.0, 0.2
115, 928.0, 8, 8.0, 0.2
116, 936.0, 8, 8.0, 0.2
117, 944.0, 8, 8.0, 0.2
118, 952.0, 8, 8.0, 0.2
119, 960.0, 8, 8.0, 0.2
120, 968.0, 8, 8.0, 0.2
121, 976.0, 8, 8.0, 0.2
122, 984.0, 8, 8.0, 0.2
123, 992.0, 8, 8.0, 0.2
124, 1000.0, 8, 8.0, 0.2
125, 1008.0, 8, 8.0, 0.2
126, 1016.0, 8, 8.0, 0.2
127, 1024.0, 8, 8.0, 0.2
128, 1032.0, 8, 8.0, 0.2
129, 1040.0, 8, 8.0, 0.2
130, 1048.0, 8, 8.0, 0.2
131, 1056.0, 8, 8.0, 0.2
132, 1064.0, 8, 8.0, 0.2
133, 1072.0, 8, 8.0, 0.2
134, 1080.0, 8, 8.0, 0.2
135, 1088.0, 8, 8.0, 0.2
136, 1096.0, 8, 8.0, 0.2
137, 1104.0, 8, 8.0, 0.2
138, 1112.0, 8, 8.0, 0.2
139, 1120.0, 8, 8.0, 0.2
140, 1128.0, 8, 8.0, 0.2
141, 1136.0, 8, 8.0, 0.2
142, 1144.0, 8, 8.0, 0.2
143, 1152.0, 8, 8.0, 0.2
144, 1160.0, 8, 8.0, 0.2
145, 1168.0, 8, 8.0, 0.2
146, 1176.0, 8, 8.0, 0.2
147, 1184.0, 8, 8.0, 0.2
148, 1192.0, 8, 8.0, 0.2
149, 1200.0, 8, 8.0, 0.2
150, 1208.0, 8, 8.0, 0.2
151, 1216.0, 8, 8.0, 0.2
152, 1224.0, 8, 8.0, 0.2
153, 1232.0, 8, 8.0, 0.2
154, 1240.0, 8, 8.0, 0.2
155, 1248.0, 8, 8.0, 0.2
156, 1256.0, 8, 8.0, 0.2
157, 1264.0, 8, 8.0, 0.2
158, 1272.0, 8, 8.0, 0.2
159, 1280.0, 8, 8.0, 0.2
160, 1288.0, 8, 8.0, 0.2
161, 1296.0, 8, 8.0, 0.2
162, 1304.0, 8, 8.0, 0.2
163, 1312.0, 8, 8.0, 0.2
164, 1320.0, 8, 8.0, 0.2
165, 1328.0, 8, 8.0, 0.2
166, 1336.0, 8, 8.0, 0.2
167, 1344.0, 8, 8.0, 0.2
168, 1352.0, 8, 8.0, 0.2
169, 1360.0, 8, 8.0, 0.2
170, 1368.0, 8, 8.0, 0.2
171, 1376.0, 8, 8.0, 0.2
172, 1384.0, 8, 8.0, 0.2
173, 1392.0, 8, 8.0, 0.2
174, 1400.0, 8, 8.0, 0.2
175, 1408.0, 8, 8.0, 0.2
176, 1416.0, 8, 8.0, 0.2
177, 1424.0, 8, 8.0, 0.2
178, 1432.0, 8, 8.0, 0.2
179, 1440.0, 8, 8.0, 0.2
180, 1448.0, 8, 8.0, 0.2
181, 1456.0, 8, 8.0, 0.2
182, 1464.0, 8, 8.0, 0.2
183, 1472.0, 8, 8.0, 0.2
184, 1480.0, 8, 8.0, 0.2
185, 1488.0, 8, 8.0, 0.2
186, 1496.0, 8, 8.0, 0.2
187, 1504.0, 8, 8.0, 0.2
188, 1512.0, 8, 8.0, 0.2
189, 1520.0, 8, 8.0, 0.2
190, 1528.0, 8, 8.0, 0.2
191, 1536.0, 8, 8.0, 0.2
192, 1544.0, 8, 8.0, 0.2
193, 1552.0, 8, 8.0, 0.2
194, 1560.0, 8, 8.0, 0.2
195, 1568.0, 8, 8.0, 0.2
196, 1576.0, 8, 8.0, 0.2
197, 1584.0, 8, 8.0, 0.2
198, 1592.0, 8, 8.0, 0.2
199, 1600.0, 8, 8.0, 0.2
200, 1608.0, 8, 8.0, 0.2
201, 1616.0, 8, 8.0, 0.2
202, 1624.0, 8, 8.0, 0.2
203, 1632.0, 8, 8.0, 0.2
204, 1640.0, 8, 8.0, 0.2
205, 1648.0, 8, 8.0, 0.2
206, 1656.0, 8, 8.0, 0.2
207, 1664.0, 8, 8.0, 0.2
208, 1672.0, 8, 8.0, 0.2
209, 1680.0, 8, 8.0, 0.2
210, 1688.0, 8, 8.0, 0.2
211, 1696.0, 8, 8.0, 0.2
212, 1704.0, 8, 8.0, 0.2
213, 1712.0, 8, 8.0, 0.2
214, 1720.0, 8, 8.0, 0.2
215, 1728.0, 8, 8.0, 0.2
216, 1736.0, 8, 8.0, 0.2
217, 1744.0, 8, 8.0, 0.2
218, 1752.0, 8, 8.0, 0.2
219, 1760.0, 8, 8.0, 0.2
220, 1768.0, 8, 8.0, 0.2
221, 1776.0, 8, 8.0, 0.2
222, 1784.0, 8, 8.0, 0.2
223, 1792.0, 8, 8.0, 0.2
224, 1800.0, 8, 8.0, 0.2
225, 1808.0, 8, 8.0, 0.2
226, 1816.0, 8, 8.0, 0.2
227, 1824.0, 8, 8.0, 0.2
228, 1831.0, 7, 7.995633187772926, 0.2
229, 1837.0, 6, 7.98695652173913, 0.2
230, 1844.0, 7, 7.982683982683983, 0.2
231, 1850.0, 6, 7.974137931034483, 0.2
232, 1856.0, 6, 7.965665236051502, 0.2
233, 1862.0, 6, 7.957264957264957, 0.2
234, 1869.0, 7, 7.953191489361702, 0.2
235, 1876.0, 7, 7.9491525423728815, 0.2
236, 1881.0, 5, 7.936708860759493, 0.2
237, 1887.0, 6, 7.928571428571429, 0.2
238, 1894.0, 7, 7.924686192468619, 0.2
239, 1902.0, 8, 7.925, 0.2
240, 1909.0, 7, 7.921161825726141, 0.2
241, 1917.0, 8, 7.921487603305785, 0.2
242, 1924.0, 7, 7.917695473251029, 0.2
243, 1931.0, 7, 7.913934426229508, 0.2
244, 1935.0, 4, 7.8979591836734695, 0.2
245, 1943.0, 8, 7.8983739837398375, 0.2
246, 1948.0, 5, 7.886639676113361, 0.2
247, 1956.0, 8, 7.887096774193548, 0.2
248, 1963.0, 7, 7.883534136546185, 0.2
249, 1970.0, 7, 7.88, 0.2
250, 1977.0, 7, 7.876494023904383, 0.2
251, 1984.0, 7, 7.873015873015873, 0.2
252, 1991.0, 7, 7.869565217391305, 0.2
253, 1996.0, 5, 7.858267716535433, 0.2
254, 2003.0, 7, 7.854901960784313, 0.2
255, 2007.0, 4, 7.83984375, 0.2
256, 2014.0, 7, 7.836575875486381, 0.2
257, 2022.0, 8, 7.837209302325581, 0.2
258, 2028.0, 6, 7.8301158301158305, 0.2
259, 2034.0, 6, 7.823076923076923, 0.2
260, 2040.0, 6, 7.816091954022989, 0.2
261, 2047.0, 7, 7.812977099236641, 0.2
262, 2054.0, 7, 7.809885931558935, 0.2
263, 2062.0, 8, 7.8106060606060606, 0.2
264, 2069.0, 7, 7.807547169811321, 0.2
265, 2075.0, 6, 7.8007518796992485, 0.2
266, 2080.0, 5, 7.790262172284645, 0.2
267, 2087.0, 7, 7.787313432835821, 0.2
268, 2094.0, 7, 7.784386617100372, 0.2
269, 2102.0, 8, 7.785185185185185, 0.2
270, 2109.0, 7, 7.782287822878229, 0.2
271, 2116.0, 7, 7.779411764705882, 0.2
272, 2123.0, 7, 7.7765567765567765, 0.2
273, 2129.0, 6, 7.7700729927007295, 0.2
274, 2136.0, 7, 7.7672727272727276, 0.2
275, 2143.0, 7, 7.7644927536231885, 0.2
276, 2149.0, 6, 7.758122743682311, 0.2
277, 2155.0, 6, 7.751798561151079, 0.2
278, 2162.0, 7, 7.749103942652329, 0.2
279, 2167.0, 5, 7.739285714285714, 0.2
280, 2173.0, 6, 7.733096085409253, 0.2
281, 2178.0, 5, 7.723404255319149, 0.2
282, 2185.0, 7, 7.720848056537102, 0.2
283, 2191.0, 6, 7.714788732394366, 0.2
284, 2197.0, 6, 7.708771929824562, 0.2
285, 2202.0, 5, 7.699300699300699, 0.2
286, 2209.0, 7, 7.696864111498257, 0.2
287, 2216.0, 7, 7.694444444444445, 0.2
288, 2223.0, 7, 7.692041522491349, 0.2
289, 2229.0, 6, 7.686206896551724, 0.2
290, 2235.0, 6, 7.680412371134021, 0.2
291, 2241.0, 6, 7.674657534246576, 0.2
292, 2248.0, 7, 7.67235494880546, 0.2
293, 2250.0, 2, 7.653061224489796, 0.2
294, 2256.0, 6, 7.647457627118644, 0.2
295, 2263.0, 7, 7.64527027027027, 0.2
296, 2269.0, 6, 7.63973063973064, 0.2
297, 2276.0, 7, 7.6375838926174495, 0.2
298, 2282.0, 6, 7.632107023411371, 0.2
299, 2287.0, 5, 7.623333333333333, 0.2
300, 2287.0, 0, 7.598006644518272, 0.2
301, 2294.0, 7, 7.596026490066225, 0.2
302, 2301.0, 7, 7.594059405940594, 0.2
303, 2308.0, 7, 7.592105263157895, 0.2
304, 2313.0, 5, 7.583606557377049, 0.2
305, 2321.0, 8, 7.584967320261438, 0.2
306, 2327.0, 6, 7.579804560260587, 0.2
307, 2335.0, 8, 7.5811688311688314, 0.2
308, 2338.0, 3, 7.566343042071197, 0.2
309, 2344.0, 6, 7.561290322580645, 0.2
310, 2349.0, 5, 7.553054662379421, 0.2
311, 2354.0, 5, 7.544871794871795, 0.2
312, 2361.0, 7, 7.543130990415335, 0.2
313, 2367.0, 6, 7.538216560509555, 0.2
314, 2369.0, 2, 7.520634920634921, 0.2
315, 2377.0, 8, 7.522151898734177, 0.2
316, 2384.0, 7, 7.520504731861199, 0.2
317, 2390.0, 6, 7.515723270440252, 0.2
318, 2396.0, 6, 7.5109717868338555, 0.2
319, 2403.0, 7, 7.509375, 0.2
320, 2411.0, 8, 7.510903426791277, 0.2
321, 2418.0, 7, 7.509316770186335, 0.2
322, 2423.0, 5, 7.501547987616099, 0.2
323, 2429.0, 6, 7.496913580246914, 0.2
324, 2435.0, 6, 7.492307692307692, 0.2
325, 2441.0, 6, 7.487730061349693, 0.2
326, 2447.0, 6, 7.483180428134556, 0.2
327, 2455.0, 8, 7.484756097560975, 0.2
328, 2463.0, 8, 7.486322188449848, 0.2
329, 2464.0, 1, 7.466666666666667, 0.2
330, 2467.0, 3, 7.453172205438066, 0.2
331, 2475.0, 8, 7.454819277108434, 0.2
332, 2483.0, 8, 7.456456456456457, 0.2
333, 2490.0, 7, 7.455089820359281, 0.2
334, 2496.0, 6, 7.450746268656716, 0.2
335, 2503.0, 7, 7.449404761904762, 0.2
336, 2510.0, 7, 7.448071216617211, 0.2
337, 2518.0, 8, 7.449704142011834, 0.2
338, 2520.0, 2, 7.433628318584071, 0.2
339, 2526.0, 6, 7.429411764705883, 0.2
340, 2532.0, 6, 7.425219941348973, 0.2
341, 2538.0, 6, 7.421052631578948, 0.2
342, 2546.0, 8, 7.422740524781341, 0.2
343, 2547.0, 1, 7.40406976744186, 0.2
344, 2553.0, 6, 7.4, 0.2
345, 2560.0, 7, 7.398843930635838, 0.2
346, 2565.0, 5, 7.39193083573487, 0.2
347, 2572.0, 7, 7.390804597701149, 0.2
348, 2580.0, 8, 7.392550143266476, 0.2
349, 2587.0, 7, 7.3914285714285715, 0.2
350, 2594.0, 7, 7.39031339031339, 0.2
351, 2601.0, 7, 7.389204545454546, 0.2
352, 2608.0, 7, 7.388101983002833, 0.2
353, 2616.0, 8, 7.389830508474576, 0.2
354, 2621.0, 5, 7.383098591549296, 0.2
355, 2627.0, 6, 7.379213483146067, 0.2
356, 2635.0, 8, 7.380952380952381, 0.2
357, 2642.0, 7, 7.379888268156424, 0.2
358, 2649.0, 7, 7.378830083565459, 0.2
359, 2653.0, 4, 7.3694444444444445, 0.2
360, 2661.0, 8, 7.371191135734072, 0.2
361, 2668.0, 7, 7.370165745856354, 0.2
362, 2675.0, 7, 7.369146005509642, 0.2
363, 2681.0, 6, 7.365384615384615, 0.2
364, 2686.0, 5, 7.358904109589041, 0.2
365, 2693.0, 7, 7.35792349726776, 0.2
366, 2699.0, 6, 7.354223433242507, 0.2
367, 2707.0, 8, 7.355978260869565, 0.2
368, 2714.0, 7, 7.355013550135501, 0.2
369, 2721.0, 7, 7.354054054054054, 0.2
370, 2727.0, 6, 7.350404312668464, 0.2
371, 2732.0, 5, 7.344086021505376, 0.2
372, 2738.0, 6, 7.340482573726542, 0.2
373, 2743.0, 5, 7.334224598930481, 0.2
374, 2750.0, 7, 7.333333333333333, 0.2
375, 2757.0, 7, 7.332446808510638, 0.2
376, 2764.0, 7, 7.3315649867374, 0.2
377, 2771.0, 7, 7.330687830687831, 0.2
378, 2778.0, 7, 7.329815303430079, 0.2
379, 2782.0, 4, 7.321052631578947, 0.2
380, 2788.0, 6, 7.31758530183727, 0.2
381, 2795.0, 7, 7.316753926701571, 0.2
382, 2802.0, 7, 7.315926892950392, 0.2
383, 2810.0, 8, 7.317708333333333, 0.2
384, 2816.0, 6, 7.314285714285714, 0.2
385, 2818.0, 2, 7.300518134715026, 0.2
386, 2825.0, 7, 7.299741602067184, 0.2
387, 2832.0, 7, 7.298969072164948, 0.2
388, 2837.0, 5, 7.29305912596401, 0.2
389, 2844.0, 7, 7.292307692307692, 0.2
390, 2852.0, 8, 7.294117647058823, 0.2
391, 2857.0, 5, 7.288265306122449, 0.2
392, 2864.0, 7, 7.287531806615776, 0.2
393, 2872.0, 8, 7.289340101522843, 0.2
394, 2879.0, 7, 7.288607594936709, 0.2
395, 2884.0, 5, 7.282828282828283, 0.2
396, 2890.0, 6, 7.279596977329975, 0.2
397, 2898.0, 8, 7.28140703517588, 0.2
398, 2905.0, 7, 7.280701754385965, 0.2
399, 2912.0, 7, 7.28, 0.2
400, 2919.0, 7, 7.279301745635911, 0.2
401, 2927.0, 8, 7.281094527363184, 0.2
402, 2935.0, 8, 7.28287841191067, 0.2
403, 2939.0, 4, 7.274752475247524, 0.2
404, 2946.0, 7, 7.274074074074074, 0.2
405, 2952.0, 6, 7.270935960591133, 0.2
406, 2959.0, 7, 7.27027027027027, 0.2
407, 2959.0, 0, 7.252450980392157, 0.2
408, 2967.0, 8, 7.254278728606357, 0.2
409, 2973.0, 6, 7.251219512195122, 0.2
410, 2978.0, 5, 7.245742092457421, 0.2
411, 2984.0, 6, 7.242718446601942, 0.2
412, 2991.0, 7, 7.242130750605327, 0.2
413, 2998.0, 7, 7.241545893719807, 0.2
414, 3004.0, 6, 7.2385542168674695, 0.2
415, 3010.0, 6, 7.235576923076923, 0.2
416, 3014.0, 4, 7.227817745803358, 0.2
417, 3020.0, 6, 7.22488038277512, 0.2
418, 3027.0, 7, 7.2243436754176615, 0.2
419, 3034.0, 7, 7.223809523809524, 0.2
420, 3038.0, 4, 7.216152019002375, 0.2
421, 3045.0, 7, 7.2156398104265405, 0.2
422, 3052.0, 7, 7.215130023640662, 0.2
423, 3060.0, 8, 7.216981132075472, 0.2
424, 3065.0, 5, 7.211764705882353, 0.2
425, 3072.0, 7, 7.211267605633803, 0.2
426, 3078.0, 6, 7.208430913348946, 0.2
427, 3083.0, 5, 7.203271028037383, 0.2
428, 3090.0, 7, 7.2027972027972025, 0.2
429, 3097.0, 7, 7.202325581395349, 0.2
430, 3103.0, 6, 7.199535962877031, 0.2
431, 3111.0, 8, 7.201388888888889, 0.2
432, 3117.0, 6, 7.1986143187066975, 0.2
433, 3124.0, 7, 7.1981566820276495, 0.2
434, 3130.0, 6, 7.195402298850575, 0.2
435, 3138.0, 8, 7.197247706422019, 0.2
436, 3145.0, 7, 7.196796338672769, 0.2
437, 3153.0, 8, 7.198630136986301, 0.2
438, 3161.0, 8, 7.2004555808656034, 0.2
439, 3169.0, 8, 7.202272727272727, 0.2
440, 3176.0, 7, 7.201814058956916, 0.2
441, 3183.0, 7, 7.201357466063349, 0.2
442, 3189.0, 6, 7.198645598194131, 0.2
443, 3196.0, 7, 7.198198198198198, 0.2
444, 3201.0, 5, 7.193258426966292, 0.2
445, 3206.0, 5, 7.188340807174888, 0.2
446, 3213.0, 7, 7.1879194630872485, 0.2
447, 3220.0, 7, 7.1875, 0.2
448, 3227.0, 7, 7.187082405345212, 0.2
449, 3235.0, 8, 7.188888888888889, 0.2
450, 3240.0, 5, 7.184035476718403, 0.2
451, 3247.0, 7, 7.183628318584071, 0.2
452, 3254.0, 7, 7.183222958057395, 0.2
453, 3256.0, 2, 7.171806167400881, 0.2
454, 3261.0, 5, 7.167032967032967, 0.2
455, 3265.0, 4, 7.160087719298246, 0.2
456, 3272.0, 7, 7.1597374179431075, 0.2
457, 3280.0, 8, 7.1615720524017465, 0.2
458, 3286.0, 6, 7.159041394335512, 0.2
459, 3291.0, 5, 7.154347826086957, 0.2
460, 3297.0, 6, 7.151843817787419, 0.2
461, 3303.0, 6, 7.14935064935065, 0.2
462, 3309.0, 6, 7.146868250539957, 0.2
463, 3317.0, 8, 7.148706896551724, 0.2
464, 3324.0, 7, 7.148387096774194, 0.2
465, 3328.0, 4, 7.141630901287554, 0.2
466, 3334.0, 6, 7.139186295503212, 0.2
467, 3342.0, 8, 7.141025641025641, 0.2
468, 3349.0, 7, 7.140724946695096, 0.2
469, 3355.0, 6, 7.138297872340425, 0.2
470, 3363.0, 8, 7.140127388535032, 0.2
471, 3370.0, 7, 7.139830508474576, 0.2
472, 3377.0, 7, 7.1395348837209305, 0.2
473, 3384.0, 7, 7.139240506329114, 0.2
474, 3391.0, 7, 7.138947368421053, 0.2
475, 3398.0, 7, 7.138655462184874, 0.2
476, 3406.0, 8, 7.140461215932914, 0.2
477, 3413.0, 7, 7.140167364016737, 0.2
478, 3420.0, 7, 7.139874739039666, 0.2
479, 3427.0, 7, 7.139583333333333, 0.2
480, 3433.0, 6, 7.137214137214137, 0.2
481, 3440.0, 7, 7.136929460580913, 0.2
482, 3446.0, 6, 7.134575569358178, 0.2
483, 3454.0, 8, 7.136363636363637, 0.2
484, 3461.0, 7, 7.1360824742268045, 0.2
485, 3468.0, 7, 7.135802469135802, 0.2
486, 3471.0, 3, 7.1273100616016425, 0.2
487, 3477.0, 6, 7.125, 0.2
488, 3482.0, 5, 7.120654396728017, 0.2
489, 3488.0, 6, 7.118367346938776, 0.2
490, 3495.0, 7, 7.1181262729124235, 0.2
491, 3499.0, 4, 7.111788617886178, 0.2
492, 3506.0, 7, 7.1115618661257605, 0.2
493, 3514.0, 8, 7.113360323886639, 0.2
494, 3520.0, 6, 7.111111111111111, 0.2
495, 3524.0, 4, 7.104838709677419, 0.2
496, 3528.0, 4, 7.098591549295775, 0.2
497, 3534.0, 6, 7.096385542168675, 0.2
498, 3540.0, 6, 7.094188376753507, 0.2
499, 3546.0, 6, 7.092, 0.2
500, 3552.0, 6, 7.089820359281437, 0.2
501, 3554.0, 2, 7.079681274900398, 0.2
502, 3559.0, 5, 7.075546719681909, 0.2
503, 3567.0, 8, 7.0773809523809526, 0.2
504, 3573.0, 6, 7.075247524752475, 0.2
505, 3580.0, 7, 7.075098814229249, 0.2
506, 3586.0, 6, 7.072978303747535, 0.2
507, 3593.0, 7, 7.072834645669292, 0.2
508, 3599.0, 6, 7.070726915520629, 0.2
509, 3605.0, 6, 7.068627450980392, 0.2
510, 3611.0, 6, 7.066536203522505, 0.2
511, 3616.0, 5, 7.0625, 0.2
512, 3624.0, 8, 7.064327485380117, 0.2
513, 3632.0, 8, 7.066147859922179, 0.2
514, 3639.0, 7, 7.0660194174757285, 0.2
515, 3647.0, 8, 7.067829457364341, 0.2
516, 3654.0, 7, 7.067698259187621, 0.2
517, 3661.0, 7, 7.0675675675675675, 0.2
518, 3668.0, 7, 7.067437379576108, 0.2
519, 3672.0, 4, 7.061538461538461, 0.2
520, 3676.0, 4, 7.0556621880998085, 0.2
521, 3682.0, 6, 7.053639846743295, 0.2
522, 3689.0, 7, 7.053537284894838, 0.2
523, 3696.0, 7, 7.0534351145038165, 0.2
524, 3703.0, 7, 7.053333333333334, 0.2
525, 3709.0, 6, 7.051330798479087, 0.2
526, 3717.0, 8, 7.053130929791271, 0.2
527, 3721.0, 4, 7.047348484848484, 0.2
528, 3727.0, 6, 7.045368620037808, 0.2
529, 3734.0, 7, 7.0452830188679245, 0.2
530, 3740.0, 6, 7.043314500941619, 0.2
531, 3747.0, 7, 7.043233082706767, 0.2
532, 3755.0, 8, 7.045028142589119, 0.2
533, 3762.0, 7, 7.044943820224719, 0.2
534, 3768.0, 6, 7.0429906542056075, 0.2
535, 3774.0, 6, 7.041044776119403, 0.2
536, 3779.0, 5, 7.037243947858473, 0.2
537, 3786.0, 7, 7.037174721189591, 0.2
538, 3794.0, 8, 7.038961038961039, 0.2
539, 3801.0, 7, 7.038888888888889, 0.2
540, 3807.0, 6, 7.036968576709796, 0.2
541, 3815.0, 8, 7.038745387453875, 0.2
542, 3823.0, 8, 7.040515653775322, 0.2
543, 3830.0, 7, 7.040441176470588, 0.2
544, 3836.0, 6, 7.038532110091743, 0.2
545, 3844.0, 8, 7.04029304029304, 0.2
546, 3850.0, 6, 7.038391224862888, 0.2
547, 3857.0, 7, 7.038321167883212, 0.2
548, 3864.0, 7, 7.038251366120218, 0.2
549, 3869.0, 5, 7.034545454545454, 0.2
550, 3875.0, 6, 7.032667876588022, 0.2
551, 3882.0, 7, 7.032608695652174, 0.2
552, 3888.0, 6, 7.030741410488246, 0.2
553, 3895.0, 7, 7.030685920577618, 0.2
554, 3896.0, 1, 7.01981981981982, 0.2
555, 3903.0, 7, 7.01978417266187, 0.2
556, 3903.0, 0, 7.007181328545781, 0.2
557, 3910.0, 7, 7.007168458781362, 0.2
558, 3915.0, 5, 7.003577817531306, 0.2
559, 3923.0, 8, 7.005357142857143, 0.2
560, 3929.0, 6, 7.003565062388592, 0.2
561, 3937.0, 8, 7.005338078291815, 0.2
562, 3943.0, 6, 7.003552397868561, 0.2
563, 3949.0, 6, 7.00177304964539, 0.2
564, 3951.0, 2, 6.992920353982301, 0.2
565, 3957.0, 6, 6.991166077738516, 0.2
566, 3962.0, 5, 6.987654320987654, 0.2
567, 3966.0, 4, 6.982394366197183, 0.2
568, 3974.0, 8, 6.984182776801406, 0.2
569, 3977.0, 3, 6.97719298245614, 0.2
570, 3981.0, 4, 6.971978984238179, 0.2
571, 3989.0, 8, 6.973776223776224, 0.2
572, 3995.0, 6, 6.972076788830716, 0.2
573, 4002.0, 7, 6.97212543554007, 0.2
574, 4007.0, 5, 6.968695652173913, 0.2
575, 4012.0, 5, 6.965277777777778, 0.2
576, 4019.0, 7, 6.965337954939342, 0.2
577, 4024.0, 5, 6.961937716262976, 0.2
578, 4030.0, 6, 6.960276338514681, 0.2
579, 4037.0, 7, 6.960344827586207, 0.2
580, 4044.0, 7, 6.960413080895009, 0.2
581, 4044.0, 0, 6.948453608247423, 0.2
582, 4050.0, 6, 6.9468267581475125, 0.2
583, 4058.0, 8, 6.948630136986301, 0.2
584, 4065.0, 7, 6.948717948717949, 0.2
585, 4073.0, 8, 6.950511945392491, 0.2
586, 4080.0, 7, 6.950596252129472, 0.2
587, 4086.0, 6, 6.948979591836735, 0.2
588, 4089.0, 3, 6.942275042444821, 0.2
589, 4097.0, 8, 6.944067796610169, 0.2
590, 4105.0, 8, 6.94585448392555, 0.2
591, 4111.0, 6, 6.944256756756757, 0.2
592, 4118.0, 7, 6.944350758853289, 0.2
593, 4123.0, 5, 6.941077441077441, 0.2
594, 4131.0, 8, 6.942857142857143, 0.2
595, 4138.0, 7, 6.942953020134228, 0.2
596, 4145.0, 7, 6.943048576214405, 0.2
597, 4153.0, 8, 6.944816053511706, 0.2
598, 4158.0, 5, 6.941569282136895, 0.2
599, 4164.0, 6, 6.94, 0.2
600, 4168.0, 4, 6.935108153078203, 0.2
601, 4173.0, 5, 6.931893687707642, 0.2
602, 4181.0, 8, 6.933665008291874, 0.2
603, 4188.0, 7, 6.933774834437086, 0.2
604, 4196.0, 8, 6.935537190082645, 0.2
605, 4202.0, 6, 6.933993399339934, 0.2
606, 4207.0, 5, 6.930807248764415, 0.2
607, 4212.0, 5, 6.927631578947368, 0.2
608, 4219.0, 7, 6.927750410509031, 0.2
609, 4226.0, 7, 6.927868852459016, 0.2
610, 4233.0, 7, 6.927986906710311, 0.2
611, 4238.0, 5, 6.92483660130719, 0.2
612, 4245.0, 7, 6.924959216965743, 0.2
613, 4253.0, 8, 6.9267100977198695, 0.2
614, 4259.0, 6, 6.92520325203252, 0.2
615, 4265.0, 6, 6.923701298701299, 0.2
616, 4271.0, 6, 6.922204213938412, 0.2
617, 4278.0, 7, 6.922330097087379, 0.2
618, 4282.0, 4, 6.9176090468497575, 0.2
619, 4285.0, 3, 6.911290322580645, 0.2
620, 4290.0, 5, 6.908212560386473, 0.2
621, 4297.0, 7, 6.908360128617363, 0.2
622, 4302.0, 5, 6.90529695024077, 0.2
623, 4310.0, 8, 6.907051282051282, 0.2
624, 4315.0, 5, 6.904, 0.2
625, 4317.0, 2, 6.896166134185304, 0.2
626, 4323.0, 6, 6.894736842105263, 0.2
627, 4330.0, 7, 6.8949044585987265, 0.2
628, 4332.0, 2, 6.887122416534181, 0.2
629, 4338.0, 6, 6.885714285714286, 0.2
630, 4346.0, 8, 6.887480190174326, 0.2
631, 4353.0, 7, 6.887658227848101, 0.2
632, 4359.0, 6, 6.886255924170616, 0.2
633, 4364.0, 5, 6.883280757097792, 0.2
634, 4369.0, 5, 6.880314960629922, 0.2
635, 4376.0, 7, 6.880503144654088, 0.2
636, 4383.0, 7, 6.880690737833595, 0.2
637, 4390.0, 7, 6.8808777429467085, 0.2
638, 4397.0, 7, 6.881064162754304, 0.2
639, 4404.0, 7, 6.88125, 0.2
640, 4409.0, 5, 6.878315132605304, 0.2
641, 4415.0, 6, 6.876947040498442, 0.2
642, 4422.0, 7, 6.877138413685848, 0.2
643, 4423.0, 1, 6.868012422360248, 0.2
644, 4429.0, 6, 6.866666666666666, 0.2
645, 4431.0, 2, 6.859133126934984, 0.2
646, 4439.0, 8, 6.860896445131376, 0.2
647, 4446.0, 7, 6.861111111111111, 0.2
648, 4454.0, 8, 6.86286594761171, 0.2
649, 4460.0, 6, 6.861538461538461, 0.2
650, 4462.0, 2, 6.854070660522273, 0.2
651, 4462.0, 0, 6.843558282208589, 0.2
652, 4468.0, 6, 6.842266462480858, 0.2
653, 4473.0, 5, 6.839449541284404, 0.2
654, 4473.0, 0, 6.8290076335877865, 0.2
655, 4479.0, 6, 6.827743902439025, 0.2
656, 4483.0, 4, 6.823439878234399, 0.2
657, 4491.0, 8, 6.825227963525836, 0.2
658, 4499.0, 8, 6.82701062215478, 0.2
659, 4504.0, 5, 6.824242424242424, 0.2
660, 4511.0, 7, 6.8245083207261725, 0.2
661, 4516.0, 5, 6.8217522658610275, 0.2
662, 4516.0, 0, 6.811463046757164, 0.2
663, 4524.0, 8, 6.813253012048193, 0.2
664, 4525.0, 1, 6.804511278195489, 0.2
665, 4532.0, 7, 6.804804804804805, 0.2
666, 4539.0, 7, 6.805097451274363, 0.2
667, 4547.0, 8, 6.8068862275449105, 0.2
668, 4553.0, 6, 6.8056801195814645, 0.2
669, 4561.0, 8, 6.807462686567164, 0.2
670, 4561.0, 0, 6.797317436661699, 0.2
671, 4565.0, 4, 6.793154761904762, 0.2
672, 4570.0, 5, 6.790490341753343, 0.2
673, 4577.0, 7, 6.79080118694362, 0.2
674, 4584.0, 7, 6.791111111111111, 0.2
675, 4590.0, 6, 6.789940828402367, 0.2
676, 4594.0, 4, 6.7858197932053175, 0.2
677, 4599.0, 5, 6.783185840707965, 0.2
678, 4602.0, 3, 6.777614138438881, 0.2
679, 4610.0, 8, 6.779411764705882, 0.2
680, 4618.0, 8, 6.781204111600587, 0.2
681, 4624.0, 6, 6.780058651026393, 0.2
682, 4631.0, 7, 6.780380673499268, 0.2
683, 4638.0, 7, 6.780701754385965, 0.2
684, 4640.0, 2, 6.773722627737226, 0.2
685, 4647.0, 7, 6.774052478134111, 0.2
686, 4653.0, 6, 6.77292576419214, 0.2
687, 4658.0, 5, 6.770348837209302, 0.2
688, 4666.0, 8, 6.772133526850508, 0.2
689, 4670.0, 4, 6.768115942028985, 0.2
690, 4678.0, 8, 6.769898697539797, 0.2
691, 4685.0, 7, 6.770231213872832, 0.2
692, 4692.0, 7, 6.770562770562771, 0.2
693, 4692.0, 0, 6.760806916426513, 0.2
694, 4699.0, 7, 6.761151079136691, 0.2
695, 4707.0, 8, 6.762931034482759, 0.2
696, 4713.0, 6, 6.761836441893831, 0.2
697, 4721.0, 8, 6.763610315186247, 0.2
698, 4729.0, 8, 6.765379113018598, 0.2
699, 4736.0, 7, 6.765714285714286, 0.2
700, 4741.0, 5, 6.763195435092725, 0.2
701, 4747.0, 6, 6.762108262108262, 0.2
702, 4754.0, 7, 6.762446657183499, 0.2
703, 4762.0, 8, 6.764204545454546, 0.2
704, 4769.0, 7, 6.764539007092199, 0.2
705, 4776.0, 7, 6.764872521246459, 0.2
706, 4782.0, 6, 6.763790664780764, 0.2
707, 4790.0, 8, 6.765536723163842, 0.2
708, 4797.0, 7, 6.765867418899859, 0.2
709, 4804.0, 7, 6.766197183098591, 0.2
710, 4809.0, 5, 6.763713080168777, 0.2
711, 4814.0, 5, 6.76123595505618, 0.2
712, 4820.0, 6, 6.760168302945302, 0.2
713, 4825.0, 5, 6.757703081232493, 0.2
714, 4831.0, 6, 6.756643356643357, 0.2
715, 4838.0, 7, 6.756983240223463, 0.2
716, 4843.0, 5, 6.754532775453278, 0.2
717, 4851.0, 8, 6.756267409470752, 0.2
718, 4852.0, 1, 6.748261474269819, 0.2
719, 4859.0, 7, 6.748611111111111, 0.2
720, 4865.0, 6, 6.747572815533981, 0.2
721, 4870.0, 5, 6.745152354570637, 0.2
722, 4876.0, 6, 6.744121715076072, 0.2
723, 4884.0, 8, 6.745856353591161, 0.2
724, 4884.0, 0, 6.736551724137931, 0.2
725, 4891.0, 7, 6.736914600550964, 0.2
726, 4898.0, 7, 6.7372764786795045, 0.2
727, 4904.0, 6, 6.736263736263736, 0.2
728, 4910.0, 6, 6.735253772290809, 0.2
729, 4910.0, 0, 6.726027397260274, 0.2
730, 4917.0, 7, 6.726402188782489, 0.2
731, 4921.0, 4, 6.722677595628415, 0.2
732, 4926.0, 5, 6.720327421555252, 0.2
733, 4933.0, 7, 6.720708446866485, 0.2
734, 4940.0, 7, 6.72108843537415, 0.2
735, 4948.0, 8, 6.7228260869565215, 0.2
736, 4955.0, 7, 6.723202170963365, 0.2
737, 4962.0, 7, 6.723577235772358, 0.2
738, 4968.0, 6, 6.7225981055480375, 0.2
739, 4974.0, 6, 6.721621621621622, 0.2
740, 4981.0, 7, 6.721997300944669, 0.2
741, 4983.0, 2, 6.715633423180593, 0.2
742, 4991.0, 8, 6.717362045760431, 0.2
743, 4994.0, 3, 6.712365591397849, 0.2
744, 4998.0, 4, 6.708724832214765, 0.2
745, 5004.0, 6, 6.7077747989276135, 0.2
746, 5010.0, 6, 6.706827309236948, 0.2
747, 5015.0, 5, 6.704545454545454, 0.2
748, 5015.0, 0, 6.6955941255006675, 0.2
749, 5023.0, 8, 6.697333333333333, 0.2
750, 5030.0, 7, 6.697736351531292, 0.2
751, 5035.0, 5, 6.695478723404255, 0.2
752, 5041.0, 6, 6.694555112881806, 0.2
753, 5048.0, 7, 6.694960212201591, 0.2
754, 5055.0, 7, 6.695364238410596, 0.2
755, 5059.0, 4, 6.691798941798941, 0.2
756, 5064.0, 5, 6.689564068692206, 0.2
757, 5069.0, 5, 6.687335092348285, 0.2
758, 5076.0, 7, 6.687747035573122, 0.2
759, 5082.0, 6, 6.686842105263158, 0.2
760, 5089.0, 7, 6.687253613666229, 0.2
761, 5097.0, 8, 6.688976377952756, 0.2
762, 5103.0, 6, 6.6880733944954125, 0.2
763, 5108.0, 5, 6.68586387434555, 0.2
764, 5114.0, 6, 6.684967320261438, 0.2
765, 5122.0, 8, 6.68668407310705, 0.2
766, 5124.0, 2, 6.680573663624511, 0.2
767, 5129.0, 5, 6.678385416666667, 0.2
768, 5135.0, 6, 6.677503250975293, 0.2
769, 5141.0, 6, 6.676623376623376, 0.2
770, 5143.0, 2, 6.6705577172503245, 0.2
771, 5150.0, 7, 6.670984455958549, 0.2
772, 5157.0, 7, 6.671410090556274, 0.2
773, 5165.0, 8, 6.67312661498708, 0.2
774, 5171.0, 6, 6.672258064516129, 0.2
775, 5178.0, 7, 6.672680412371134, 0.2
776, 5185.0, 7, 6.673101673101673, 0.2
777, 5190.0, 5, 6.67095115681234, 0.2
778, 5198.0, 8, 6.672657252888318, 0.2
779, 5205.0, 7, 6.673076923076923, 0.2
780, 5208.0, 3, 6.668373879641485, 0.2
781, 5216.0, 8, 6.670076726342711, 0.2
782, 5218.0, 2, 6.664112388250319, 0.2
783, 5223.0, 5, 6.661989795918367, 0.2
784, 5230.0, 7, 6.662420382165605, 0.2
785, 5238.0, 8, 6.66412213740458, 0.2
786, 5243.0, 5, 6.662007623888183, 0.2
787, 5248.0, 5, 6.659898477157361, 0.2
788, 5256.0, 8, 6.661596958174905, 0.2
789, 5261.0, 5, 6.659493670886076, 0.2
790, 5268.0, 7, 6.659924146649811, 0.2
791, 5268.0, 0, 6.651515151515151, 0.2
792, 5274.0, 6, 6.650693568726355, 0.2
793, 5279.0, 5, 6.648614609571789, 0.2
794, 5287.0, 8, 6.650314465408805, 0.2
795, 5291.0, 4, 6.646984924623116, 0.2
796, 5297.0, 6, 6.646173149309912, 0.2
797, 5304.0, 7, 6.646616541353383, 0.2
798, 5312.0, 8, 6.648310387984981, 0.2
799, 5318.0, 6, 6.6475, 0.2
800, 5325.0, 7, 6.647940074906367, 0.2
801, 5328.0, 3, 6.643391521197008, 0.2
802, 5336.0, 8, 6.645080946450809, 0.2
803, 5343.0, 7, 6.645522388059701, 0.2
804, 5350.0, 7, 6.645962732919255, 0.2
805, 5357.0, 7, 6.6464019851116625, 0.2
806, 5364.0, 7, 6.646840148698884, 0.2
807, 5366.0, 2, 6.641089108910891, 0.2
808, 5367.0, 1, 6.634116192830655, 0.2
809, 5373.0, 6, 6.633333333333334, 0.2
810, 5378.0, 5, 6.631319358816276, 0.2
811, 5382.0, 4, 6.62807881773399, 0.2
812, 5389.0, 7, 6.628536285362854, 0.2
813, 5392.0, 3, 6.624078624078624, 0.2
814, 5397.0, 5, 6.6220858895705526, 0.2
815, 5404.0, 7, 6.622549019607843, 0.2
816, 5410.0, 6, 6.621787025703794, 0.2
817, 5418.0, 8, 6.623471882640587, 0.2
818, 5425.0, 7, 6.6239316239316235, 0.2
819, 5425.0, 0, 6.615853658536586, 0.2
820, 5433.0, 8, 6.617539585870889, 0.2
821, 5437.0, 4, 6.614355231143552, 0.2
822, 5444.0, 7, 6.614823815309842, 0.2
823, 5450.0, 6, 6.614077669902913, 0.2
824, 5456.0, 6, 6.613333333333333, 0.2
825, 5461.0, 5, 6.61138014527845, 0.2
826, 5463.0, 2, 6.605804111245465, 0.2
827, 5470.0, 7, 6.606280193236715, 0.2
828, 5477.0, 7, 6.606755126658625, 0.2
829, 5484.0, 7, 6.607228915662651, 0.2
830, 5489.0, 5, 6.605294825511432, 0.2
831, 5495.0, 6, 6.6045673076923075, 0.2
832, 5501.0, 6, 6.603841536614646, 0.2
833, 5507.0, 6, 6.603117505995204, 0.2
834, 5513.0, 6, 6.6023952095808385, 0.2
835, 5518.0, 5, 6.600478468899522, 0.2
836, 5525.0, 7, 6.6009557945041815, 0.2
837, 5532.0, 7, 6.601431980906921, 0.2
838, 5533.0, 1, 6.594755661501788, 0.2
839, 5537.0, 4, 6.591666666666667, 0.2
840, 5542.0, 5, 6.589774078478002, 0.2
841, 5550.0, 8, 6.59144893111639, 0.2
842, 5555.0, 5, 6.5895610913404505, 0.2
843, 5563.0, 8, 6.591232227488152, 0.2
844, 5571.0, 8, 6.5928994082840235, 0.2
845, 5575.0, 4, 6.58983451536643, 0.2
846, 5583.0, 8, 6.591499409681228, 0.2
847, 5590.0, 7, 6.591981132075472, 0.2
848, 5598.0, 8, 6.593639575971731, 0.2
849, 5606.0, 8, 6.595294117647059, 0.2
850, 5613.0, 7, 6.595769682726204, 0.2
851, 5614.0, 1, 6.589201877934272, 0.2
852, 5620.0, 6, 6.588511137162954, 0.2
853, 5625.0, 5, 6.586651053864169, 0.2
854, 5632.0, 7, 6.587134502923977, 0.2
855, 5640.0, 8, 6.588785046728972, 0.2
856, 5646.0, 6, 6.588098016336056, 0.2
857, 5653.0, 7, 6.588578088578089, 0.2
858, 5660.0, 7, 6.589057043073341, 0.2
859, 5660.0, 0, 6.5813953488372094, 0.2
860, 5660.0, 0, 6.5737514518002325, 0.2
861, 5668.0, 8, 6.575406032482599, 0.2
862, 5673.0, 5, 6.573580533024334, 0.2
863, 5673.0, 0, 6.565972222222222, 0.2
864, 5681.0, 8, 6.567630057803468, 0.2
865, 5688.0, 7, 6.568129330254042, 0.2
866, 5694.0, 6, 6.567474048442906, 0.2
867, 5698.0, 4, 6.564516129032258, 0.2
868, 5704.0, 6, 6.563866513233602, 0.2
869, 5709.0, 5, 6.562068965517241, 0.2
870, 5715.0, 6, 6.56142365097589, 0.2
871, 5722.0, 7, 6.5619266055045875, 0.2
872, 5728.0, 6, 6.561282932416953, 0.2
873, 5734.0, 6, 6.560640732265446, 0.2
874, 5740.0, 6, 6.56, 0.2
875, 5748.0, 8, 6.561643835616438, 0.2
876, 5750.0, 2, 6.556442417331813, 0.2
877, 5757.0, 7, 6.556947608200455, 0.2
878, 5764.0, 7, 6.55745164960182, 0.2
879, 5771.0, 7, 6.557954545454545, 0.2
880, 5777.0, 6, 6.557321225879682, 0.2
881, 5785.0, 8, 6.558956916099773, 0.2
882, 5792.0, 7, 6.559456398640997, 0.2
883, 5799.0, 7, 6.5599547511312215, 0.2
884, 5805.0, 6, 6.559322033898305, 0.2
885, 5807.0, 2, 6.554176072234763, 0.2
886, 5812.0, 5, 6.552423900789177, 0.2
887, 5817.0, 5, 6.550675675675675, 0.2
888, 5824.0, 7, 6.551181102362205, 0.2
889, 5831.0, 7, 6.551685393258427, 0.2
890, 5834.0, 3, 6.547699214365881, 0.2
891, 5842.0, 8, 6.54932735426009, 0.2
892, 5843.0, 1, 6.543113101903695, 0.2
893, 5849.0, 6, 6.542505592841163, 0.2
894, 5854.0, 5, 6.540782122905028, 0.2
895, 5857.0, 3, 6.536830357142857, 0.2
896, 5863.0, 6, 6.536231884057971, 0.2
897, 5869.0, 6, 6.535634743875279, 0.2
898, 5876.0, 7, 6.53615127919911, 0.2
899, 5883.0, 7, 6.536666666666667, 0.2
900, 5890.0, 7, 6.537180910099889, 0.2
901, 5897.0, 7, 6.53769401330377, 0.2
902, 5903.0, 6, 6.537098560354374, 0.2
903, 5909.0, 6, 6.536504424778761, 0.2
904, 5913.0, 4, 6.533701657458564, 0.2
905, 5921.0, 8, 6.535320088300221, 0.2
906, 5926.0, 5, 6.533627342888644, 0.2
907, 5927.0, 1, 6.527533039647577, 0.2
908, 5934.0, 7, 6.528052805280528, 0.2
909, 5942.0, 8, 6.52967032967033, 0.2
910, 5948.0, 6, 6.5290889132821075, 0.2
911, 5953.0, 5, 6.527412280701754, 0.2
912, 5957.0, 4, 6.524644030668127, 0.2
913, 5963.0, 6, 6.524070021881838, 0.2
914, 5970.0, 7, 6.524590163934426, 0.2
915, 5976.0, 6, 6.524017467248909, 0.2
916, 5981.0, 5, 6.5223555070883314, 0.2
917, 5986.0, 5, 6.5206971677559915, 0.2
918, 5987.0, 1, 6.514689880304679, 0.2
919, 5994.0, 7, 6.515217391304348, 0.2
920, 5999.0, 5, 6.51357220412595, 0.2
921, 6007.0, 8, 6.515184381778742, 0.2
922, 6014.0, 7, 6.515709642470206, 0.2
923, 6020.0, 6, 6.515151515151516, 0.2
924, 6027.0, 7, 6.515675675675675, 0.2
925, 6033.0, 6, 6.515118790496761, 0.2
926, 6040.0, 7, 6.51564185544768, 0.2
927, 6046.0, 6, 6.515086206896552, 0.2
928, 6051.0, 5, 6.513455328310011, 0.2
929, 6057.0, 6, 6.512903225806451, 0.2
930, 6065.0, 8, 6.514500537056928, 0.2
931, 6072.0, 7, 6.515021459227468, 0.2
932, 6080.0, 8, 6.516613076098607, 0.2
933, 6088.0, 8, 6.518201284796574, 0.2
934, 6089.0, 1, 6.512299465240642, 0.2
935, 6094.0, 5, 6.510683760683761, 0.2
936, 6095.0, 1, 6.504802561366062, 0.2
937, 6102.0, 7, 6.505330490405117, 0.2
938, 6106.0, 4, 6.5026624068157615, 0.2
939, 6109.0, 3, 6.498936170212766, 0.2
940, 6116.0, 7, 6.499468650371945, 0.2
941, 6123.0, 7, 6.5, 0.2
942, 6130.0, 7, 6.5005302226935315, 0.2
943, 6136.0, 6, 6.5, 0.2
944, 6142.0, 6, 6.499470899470899, 0.2
945, 6150.0, 8, 6.501057082452431, 0.2
946, 6156.0, 6, 6.500527983104541, 0.2
947, 6162.0, 6, 6.5, 0.2
948, 6168.0, 6, 6.499473129610116, 0.2
949, 6174.0, 6, 6.498947368421053, 0.2
950, 6180.0, 6, 6.4984227129337535, 0.2
951, 6184.0, 4, 6.495798319327731, 0.2
952, 6190.0, 6, 6.495278069254984, 0.2
953, 6196.0, 6, 6.49475890985325, 0.2
954, 6204.0, 8, 6.496335078534031, 0.2
955, 6210.0, 6, 6.49581589958159, 0.2
956, 6215.0, 5, 6.494252873563219, 0.2
957, 6222.0, 7, 6.494780793319415, 0.2
958, 6225.0, 3, 6.4911366006256515, 0.2
959, 6233.0, 8, 6.492708333333334, 0.2
960, 6239.0, 6, 6.492195629552549, 0.2
961, 6244.0, 5, 6.490644490644491, 0.2
962, 6249.0, 5, 6.489096573208723, 0.2
963, 6255.0, 6, 6.488589211618257, 0.2
964, 6261.0, 6, 6.488082901554404, 0.2
965, 6267.0, 6, 6.487577639751553, 0.2
966, 6274.0, 7, 6.4881075491209925, 0.2
967, 6279.0, 5, 6.4865702479338845, 0.2
968, 6285.0, 6, 6.486068111455109, 0.2
969, 6293.0, 8, 6.4876288659793815, 0.2
970, 6294.0, 1, 6.4819773429454175, 0.2
971, 6300.0, 6, 6.481481481481482, 0.2
972, 6301.0, 1, 6.47584789311408, 0.2
973, 6306.0, 5, 6.474332648870637, 0.2
974, 6314.0, 8, 6.475897435897436, 0.2
975, 6321.0, 7, 6.476434426229508, 0.2
976, 6328.0, 7, 6.476970317297851, 0.2
977, 6333.0, 5, 6.475460122699387, 0.2
978, 6339.0, 6, 6.4749744637385085, 0.2
979, 6343.0, 4, 6.472448979591837, 0.2
980, 6348.0, 5, 6.470948012232416, 0.2
981, 6354.0, 6, 6.470468431771894, 0.2
982, 6360.0, 6, 6.4699898270600205, 0.2
983, 6365.0, 5, 6.46849593495935, 0.2
984, 6373.0, 8, 6.470050761421319, 0.2
985, 6381.0, 8, 6.471602434077079, 0.2
986, 6386.0, 5, 6.470111448834853, 0.2
987, 6390.0, 4, 6.467611336032388, 0.2
988, 6396.0, 6, 6.467138523761375, 0.2
989, 6401.0, 5, 6.465656565656565, 0.2
990, 6408.0, 7, 6.46619576185671, 0.2
991, 6415.0, 7, 6.466733870967742, 0.2
992, 6421.0, 6, 6.466263846928499, 0.2
993, 6428.0, 7, 6.466800804828974, 0.2
994, 6436.0, 8, 6.468341708542714, 0.2
995, 6444.0, 8, 6.469879518072289, 0.2
996, 6451.0, 7, 6.470411233701103, 0.2
997, 6459.0, 8, 6.471943887775551, 0.2
998, 6465.0, 6, 6.471471471471472, 0.2
999, 6471.0, 6, 6.471, 0.2
1000, 6476.0, 5, 6.469530469530469, 0.2
1001, 6484.0, 8, 6.471057884231537, 0.2
1002, 6489.0, 5, 6.469591226321037, 0.2
1003, 6496.0, 7, 6.47011952191235, 0.2
1004, 6499.0, 3, 6.466666666666667, 0.2
1005, 6503.0, 4, 6.464214711729622, 0.2
1006, 6511.0, 8, 6.465739821251241, 0.2
1007, 6511.0, 0, 6.459325396825397, 0.2
1008, 6517.0, 6, 6.458870168483648, 0.2
1009, 6522.0, 5, 6.457425742574258, 0.2
1010, 6528.0, 6, 6.456973293768546, 0.2
1011, 6531.0, 3, 6.453557312252965, 0.2
1012, 6537.0, 6, 6.453109575518263, 0.2
1013, 6544.0, 7, 6.453648915187377, 0.2
1014, 6550.0, 6, 6.45320197044335, 0.2
1015, 6555.0, 5, 6.451771653543307, 0.2
1016, 6562.0, 7, 6.4523107177974435, 0.2
1017, 6569.0, 7, 6.452848722986247, 0.2
1018, 6572.0, 3, 6.44946025515211, 0.2
1019, 6578.0, 6, 6.449019607843137, 0.2
1020, 6584.0, 6, 6.448579823702253, 0.2
1021, 6591.0, 7, 6.449119373776908, 0.2
1022, 6596.0, 5, 6.447702834799609, 0.2
1023, 6601.0, 5, 6.4462890625, 0.2
1024, 6608.0, 7, 6.446829268292683, 0.2
1025, 6616.0, 8, 6.448343079922028, 0.2
1026, 6624.0, 8, 6.44985394352483, 0.2
1027, 6627.0, 3, 6.446498054474708, 0.2
1028, 6632.0, 5, 6.445092322643343, 0.2
1029, 6636.0, 4, 6.442718446601941, 0.2
1030, 6643.0, 7, 6.443258971871969, 0.2
1031, 6650.0, 7, 6.4437984496124034, 0.2
1032, 6657.0, 7, 6.44433688286544, 0.2
1033, 6663.0, 6, 6.443907156673114, 0.2
1034, 6670.0, 7, 6.444444444444445, 0.2
1035, 6676.0, 6, 6.444015444015444, 0.2
1036, 6683.0, 7, 6.4445515911282545, 0.2
1037, 6688.0, 5, 6.443159922928709, 0.2
1038, 6691.0, 3, 6.4398460057747835, 0.2
1039, 6699.0, 8, 6.441346153846154, 0.2
1040, 6706.0, 7, 6.441882804995197, 0.2
1041, 6713.0, 7, 6.442418426103647, 0.2
1042, 6718.0, 5, 6.441035474592522, 0.2
1043, 6724.0, 6, 6.440613026819923, 0.2
1044, 6732.0, 8, 6.442105263157894, 0.2
1045, 6738.0, 6, 6.441682600382409, 0.2
1046, 6746.0, 8, 6.443170964660936, 0.2
1047, 6749.0, 3, 6.439885496183206, 0.2
1048, 6756.0, 7, 6.440419447092469, 0.2
1049, 6764.0, 8, 6.441904761904762, 0.2
1050, 6770.0, 6, 6.4414843006660325, 0.2
1051, 6776.0, 6, 6.44106463878327, 0.2
1052, 6778.0, 2, 6.43684710351377, 0.2
1053, 6782.0, 4, 6.434535104364326, 0.2
1054, 6789.0, 7, 6.435071090047393, 0.2
1055, 6796.0, 7, 6.4356060606060606, 0.2
1056, 6802.0, 6, 6.43519394512772, 0.2
1057, 6805.0, 3, 6.4319470699432895, 0.2
1058, 6813.0, 8, 6.43342776203966, 0.2
1059, 6821.0, 8, 6.434905660377359, 0.2
1060, 6827.0, 6, 6.434495758718191, 0.2
1061, 6835.0, 8, 6.435969868173258, 0.2
1062, 6840.0, 5, 6.434619002822202, 0.2
1063, 6848.0, 8, 6.43609022556391, 0.2
1064, 6856.0, 8, 6.437558685446009, 0.2
1065, 6862.0, 6, 6.437148217636023, 0.2
1066, 6867.0, 5, 6.435801312089972, 0.2
1067, 6875.0, 8, 6.437265917602996, 0.2
1068, 6883.0, 8, 6.438727782974743, 0.2
1069, 6890.0, 7, 6.4392523364485985, 0.2
1070, 6891.0, 1, 6.434173669467787, 0.2
1071, 6898.0, 7, 6.434701492537314, 0.2
1072, 6904.0, 6, 6.434296365330848, 0.2
1073, 6912.0, 8, 6.435754189944134, 0.2
1074, 6918.0, 6, 6.435348837209302, 0.2
1075, 6926.0, 8, 6.436802973977695, 0.2
1076, 6930.0, 4, 6.4345403899721445, 0.2
1077, 6932.0, 2, 6.430426716141002, 0.2
1078, 6940.0, 8, 6.431881371640408, 0.2
1079, 6942.0, 2, 6.427777777777778, 0.2
1080, 6948.0, 6, 6.427382053654024, 0.2
1081, 6954.0, 6, 6.426987060998152, 0.2
1082, 6958.0, 4, 6.424746075715605, 0.2
1083, 6966.0, 8, 6.42619926199262, 0.2
1084, 6974.0, 8, 6.427649769585253, 0.2
1085, 6978.0, 4, 6.425414364640884, 0.2
1086, 6986.0, 8, 6.426862925482981, 0.2
1087, 6991.0, 5, 6.4255514705882355, 0.2
1088, 6995.0, 4, 6.423324150596878, 0.2
1089, 7003.0, 8, 6.4247706422018345, 0.2
1090, 7011.0, 8, 6.42621448212649, 0.2
1091, 7018.0, 7, 6.426739926739927, 0.2
1092, 7024.0, 6, 6.426349496797804, 0.2
1093, 7030.0, 6, 6.4259597806215725, 0.2
1094, 7036.0, 6, 6.425570776255708, 0.2
1095, 7042.0, 6, 6.425182481751825, 0.2
1096, 7049.0, 7, 6.425706472196901, 0.2
1097, 7053.0, 4, 6.423497267759563, 0.2
1098, 7059.0, 6, 6.423111919927207, 0.2
1099, 7059.0, 0, 6.417272727272727, 0.2
1100, 7066.0, 7, 6.41780199818347, 0.2
1101, 7072.0, 6, 6.417422867513611, 0.2
1102, 7080.0, 8, 6.4188576609247505, 0.2
1103, 7086.0, 6, 6.418478260869565, 0.2
1104, 7094.0, 8, 6.419909502262444, 0.2
1105, 7099.0, 5, 6.418625678119349, 0.2
1106, 7106.0, 7, 6.419150858175248, 0.2
1107, 7113.0, 7, 6.419675090252707, 0.2
1108, 7119.0, 6, 6.419296663660956, 0.2
1109, 7125.0, 6, 6.418918918918919, 0.2
1110, 7132.0, 7, 6.4194419441944195, 0.2
1111, 7138.0, 6, 6.419064748201439, 0.2
1112, 7146.0, 8, 6.420485175202156, 0.2
1113, 7150.0, 4, 6.418312387791741, 0.2
1114, 7158.0, 8, 6.419730941704036, 0.2
1115, 7166.0, 8, 6.421146953405018, 0.2
1116, 7172.0, 6, 6.420769919427037, 0.2
1117, 7176.0, 4, 6.4186046511627906, 0.2
1118, 7183.0, 7, 6.419124218051832, 0.2
1119, 7190.0, 7, 6.419642857142857, 0.2
1120, 7195.0, 5, 6.418376449598573, 0.2
1121, 7199.0, 4, 6.4162210338680925, 0.2
1122, 7206.0, 7, 6.416740872662511, 0.2
1123, 7208.0, 2, 6.412811387900356, 0.2
1124, 7213.0, 5, 6.411555555555555, 0.2
1125, 7219.0, 6, 6.411190053285968, 0.2
1126, 7227.0, 8, 6.412599822537711, 0.2
1127, 7234.0, 7, 6.413120567375887, 0.2
1128, 7238.0, 4, 6.410983170947741, 0.2
1129, 7243.0, 5, 6.409734513274336, 0.2
1130, 7247.0, 4, 6.407603890362511, 0.2
1131, 7254.0, 7, 6.408127208480566, 0.2
1132, 7260.0, 6, 6.407766990291262, 0.2
1133, 7265.0, 5, 6.40652557319224, 0.2
1134, 7270.0, 5, 6.405286343612334, 0.2
1135, 7271.0, 1, 6.400528169014085, 0.2
1136, 7276.0, 5, 6.399296394019349, 0.2
1137, 7282.0, 6, 6.398945518453427, 0.2
1138, 7290.0, 8, 6.400351185250219, 0.2
1139, 7294.0, 4, 6.398245614035088, 0.2
1140, 7301.0, 7, 6.398773006134969, 0.2
1141, 7309.0, 8, 6.400175131348512, 0.2
1142, 7313.0, 4, 6.398075240594926, 0.2
1143, 7319.0, 6, 6.3977272727272725, 0.2
1144, 7320.0, 1, 6.393013100436681, 0.2
1145, 7326.0, 6, 6.392670157068062, 0.2
1146, 7333.0, 7, 6.393199651264167, 0.2
1147, 7340.0, 7, 6.393728222996516, 0.2
1148, 7347.0, 7, 6.394255874673629, 0.2
1149, 7349.0, 2, 6.390434782608696, 0.2
1150, 7357.0, 8, 6.391833188531711, 0.2
1151, 7365.0, 8, 6.393229166666667, 0.2
1152, 7373.0, 8, 6.394622723330443, 0.2
1153, 7378.0, 5, 6.393414211438475, 0.2
1154, 7385.0, 7, 6.393939393939394, 0.2
1155, 7392.0, 7, 6.3944636678200695, 0.2
1156, 7397.0, 5, 6.393258426966292, 0.2
1157, 7403.0, 6, 6.3929188255613125, 0.2
1158, 7408.0, 5, 6.391716997411562, 0.2
1159, 7414.0, 6, 6.391379310344828, 0.2
1160, 7420.0, 6, 6.391042204995693, 0.2
1161, 7428.0, 8, 6.392426850258175, 0.2
1162, 7433.0, 5, 6.391229578675838, 0.2
1163, 7438.0, 5, 6.390034364261169, 0.2
1164, 7444.0, 6, 6.38969957081545, 0.2
1165, 7449.0, 5, 6.388507718696398, 0.2
1166, 7457.0, 8, 6.389888603256212, 0.2
1167, 7463.0, 6, 6.3895547945205475, 0.2
1168, 7468.0, 5, 6.388366124893071, 0.2
1169, 7475.0, 7, 6.388888888888889, 0.2
1170, 7478.0, 3, 6.38599487617421, 0.2
1171, 7486.0, 8, 6.387372013651877, 0.2
1172, 7492.0, 6, 6.387041773231031, 0.2
1173, 7497.0, 5, 6.385860306643952, 0.2
1174, 7504.0, 7, 6.386382978723404, 0.2
1175, 7510.0, 6, 6.386054421768708, 0.2
1176, 7516.0, 6, 6.385726423109601, 0.2
1177, 7522.0, 6, 6.385398981324278, 0.2
1178, 7524.0, 2, 6.3816793893129775, 0.2
1179, 7525.0, 1, 6.377118644067797, 0.2
1180, 7531.0, 6, 6.376799322607959, 0.2
1181, 7538.0, 7, 6.377326565143824, 0.2
1182, 7544.0, 6, 6.3770076077768385, 0.2
1183, 7550.0, 6, 6.3766891891891895, 0.2
1184, 7553.0, 3, 6.373839662447257, 0.2
1185, 7559.0, 6, 6.373524451939292, 0.2
1186, 7563.0, 4, 6.371524852569503, 0.2
1187, 7569.0, 6, 6.371212121212121, 0.2
1188, 7573.0, 4, 6.369217830109336, 0.2
1189, 7578.0, 5, 6.368067226890756, 0.2
1190, 7584.0, 6, 6.367758186397985, 0.2
1191, 7592.0, 8, 6.369127516778524, 0.2
1192, 7597.0, 5, 6.367979882648784, 0.2
1193, 7602.0, 5, 6.366834170854271, 0.2
1194, 7608.0, 6, 6.3665271966527195, 0.2
1195, 7612.0, 4, 6.364548494983278, 0.2
1196, 7619.0, 7, 6.365079365079365, 0.2
1197, 7626.0, 7, 6.365609348914858, 0.2
1198, 7630.0, 4, 6.363636363636363, 0.2
1199, 7634.0, 4, 6.361666666666666, 0.2
1200, 7642.0, 8, 6.363030807660283, 0.2
1201, 7649.0, 7, 6.363560732113145, 0.2
1202, 7656.0, 7, 6.364089775561097, 0.2
1203, 7661.0, 5, 6.362956810631229, 0.2
1204, 7668.0, 7, 6.363485477178423, 0.2
1205, 7673.0, 5, 6.362354892205638, 0.2
1206, 7680.0, 7, 6.362883181441591, 0.2
1207, 7688.0, 8, 6.364238410596027, 0.2
1208, 7693.0, 5, 6.363110008271299, 0.2
1209, 7699.0, 6, 6.362809917355372, 0.2
1210, 7706.0, 7, 6.363336085879438, 0.2
1211, 7712.0, 6, 6.363036303630363, 0.2
1212, 7713.0, 1, 6.3586150041220115, 0.2
1213, 7720.0, 7, 6.359143327841845, 0.2
1214, 7727.0, 7, 6.359670781893004, 0.2
1215, 7731.0, 4, 6.357730263157895, 0.2
1216, 7735.0, 4, 6.355792933442892, 0.2
1217, 7741.0, 6, 6.355500821018063, 0.2
1218, 7747.0, 6, 6.3552091878589, 0.2
1219, 7753.0, 6, 6.354918032786885, 0.2
1220, 7754.0, 1, 6.35053235053235, 0.2
1221, 7762.0, 8, 6.351882160392798, 0.2
1222, 7767.0, 5, 6.350776778413737, 0.2
1223, 7774.0, 7, 6.351307189542483, 0.2
1224, 7781.0, 7, 6.351836734693878, 0.2
1225, 7781.0, 0, 6.346655791190865, 0.2
1226, 7788.0, 7, 6.34718826405868, 0.2
1227, 7793.0, 5, 6.346091205211726, 0.2
1228, 7798.0, 5, 6.3449959316517495, 0.2
1229, 7803.0, 5, 6.34390243902439, 0.2
1230, 7810.0, 7, 6.344435418359057, 0.2
1231, 7812.0, 2, 6.340909090909091, 0.2
1232, 7819.0, 7, 6.341443633414436, 0.2
1233, 7819.0, 0, 6.336304700162074, 0.2
1234, 7825.0, 6, 6.336032388663968, 0.2
1235, 7831.0, 6, 6.335760517799352, 0.2
1236, 7837.0, 6, 6.335489086499596, 0.2
1237, 7845.0, 8, 6.336833602584814, 0.2
1238, 7847.0, 2, 6.333333333333333, 0.2
1239, 7851.0, 4, 6.3314516129032254, 0.2
1240, 7858.0, 7, 6.331990330378727, 0.2
1241, 7862.0, 4, 6.330112721417069, 0.2
1242, 7864.0, 2, 6.3266291230893, 0.2
1243, 7870.0, 6, 6.326366559485531, 0.2
1244, 7877.0, 7, 6.326907630522088, 0.2
1245, 7885.0, 8, 6.328250401284109, 0.2
1246, 7892.0, 7, 6.32878909382518, 0.2
1247, 7896.0, 4, 6.326923076923077, 0.2
1248, 7903.0, 7, 6.32746196957566, 0.2
1249, 7907.0, 4, 6.3256, 0.2
1250, 7908.0, 1, 6.321342925659472, 0.2
1251, 7913.0, 5, 6.3202875399361025, 0.2
1252, 7919.0, 6, 6.320031923383879, 0.2
1253, 7926.0, 7, 6.320574162679426, 0.2
1254, 7934.0, 8, 6.32191235059761, 0.2
1255, 7941.0, 7, 6.322452229299363, 0.2
1256, 7948.0, 7, 6.322991249005569, 0.2
1257, 7954.0, 6, 6.322734499205088, 0.2
1258, 7960.0, 6, 6.322478157267673, 0.2
1259, 7968.0, 8, 6.3238095238095235, 0.2
1260, 7974.0, 6, 6.32355273592387, 0.2
1261, 7980.0, 6, 6.323296354992076, 0.2
1262, 7985.0, 5, 6.322248614410134, 0.2
1263, 7989.0, 4, 6.320411392405063, 0.2
1264, 7989.0, 0, 6.315415019762846, 0.2
1265, 7996.0, 7, 6.315955766192733, 0.2
1266, 8002.0, 6, 6.31570639305446, 0.2
1267, 8003.0, 1, 6.311514195583596, 0.2
1268, 8009.0, 6, 6.311268715524035, 0.2
1269, 8015.0, 6, 6.311023622047244, 0.2
1270, 8019.0, 4, 6.309205350118018, 0.2
1271, 8026.0, 7, 6.309748427672956, 0.2
1272, 8032.0, 6, 6.309505106048704, 0.2
1273, 8039.0, 7, 6.310047095761382, 0.2
1274, 8045.0, 6, 6.309803921568627, 0.2
1275, 8051.0, 6, 6.309561128526646, 0.2
1276, 8057.0, 6, 6.309318715740016, 0.2
1277, 8063.0, 6, 6.309076682316119, 0.2
1278, 8070.0, 7, 6.309616888193902, 0.2
1279, 8074.0, 4, 6.3078125, 0.2
1280, 8081.0, 7, 6.308352849336456, 0.2
1281, 8089.0, 8, 6.309672386895476, 0.2
1282, 8096.0, 7, 6.310210444271239, 0.2
1283, 8103.0, 7, 6.3107476635514015, 0.2
1284, 8108.0, 5, 6.309727626459144, 0.2
1285, 8115.0, 7, 6.310264385692069, 0.2
1286, 8122.0, 7, 6.310800310800311, 0.2
1287, 8129.0, 7, 6.311335403726708, 0.2
1288, 8136.0, 7, 6.311869666408068, 0.2
1289, 8142.0, 6, 6.311627906976744, 0.2
1290, 8149.0, 7, 6.3121611154144075, 0.2
1291, 8157.0, 8, 6.313467492260062, 0.2
1292, 8164.0, 7, 6.3139984532095905, 0.2
1293, 8172.0, 8, 6.315301391035549, 0.2
1294, 8179.0, 7, 6.315830115830116, 0.2
1295, 8186.0, 7, 6.316358024691358, 0.2
1296, 8187.0, 1, 6.312259059367772, 0.2
1297, 8194.0, 7, 6.312788906009245, 0.2
1298, 8201.0, 7, 6.313317936874519, 0.2
1299, 8208.0, 7, 6.313846153846153, 0.2
1300, 8216.0, 8, 6.315142198308993, 0.2
1301, 8216.0, 0, 6.310291858678956, 0.2
1302, 8221.0, 5, 6.30928626247122, 0.2
1303, 8227.0, 6, 6.309049079754601, 0.2
1304, 8234.0, 7, 6.309578544061303, 0.2
1305, 8240.0, 6, 6.309341500765697, 0.2
1306, 8247.0, 7, 6.309869931140016, 0.2
1307, 8254.0, 7, 6.31039755351682, 0.2
1308, 8262.0, 8, 6.311688311688312, 0.2
1309, 8264.0, 2, 6.308396946564885, 0.2
1310, 8270.0, 6, 6.308161708619375, 0.2
1311, 8274.0, 4, 6.3064024390243905, 0.2
1312, 8281.0, 7, 6.306930693069307, 0.2
1313, 8285.0, 4, 6.30517503805175, 0.2
1314, 8290.0, 5, 6.304182509505703, 0.2
1315, 8291.0, 1, 6.300151975683891, 0.2
1316, 8298.0, 7, 6.300683371298406, 0.2
1317, 8300.0, 2, 6.29742033383915, 0.2
1318, 8301.0, 1, 6.293404094010614, 0.2
1319, 8308.0, 7, 6.293939393939394, 0.2
1320, 8316.0, 8, 6.295230885692657, 0.2
1321, 8322.0, 6, 6.295007564296521, 0.2
1322, 8329.0, 7, 6.295540438397581, 0.2
1323, 8336.0, 7, 6.2960725075528705, 0.2
1324, 8337.0, 1, 6.292075471698113, 0.2
1325, 8339.0, 2, 6.288838612368024, 0.2
1326, 8345.0, 6, 6.2886209495101735, 0.2
1327, 8351.0, 6, 6.288403614457831, 0.2
1328, 8358.0, 7, 6.288939051918736, 0.2
1329, 8364.0, 6, 6.288721804511278, 0.2
1330, 8371.0, 7, 6.289256198347108, 0.2
1331, 8376.0, 5, 6.288288288288288, 0.2
1332, 8382.0, 6, 6.2880720180045016, 0.2
1333, 8388.0, 6, 6.287856071964018, 0.2
1334, 8393.0, 5, 6.28689138576779, 0.2
1335, 8399.0, 6, 6.286676646706587, 0.2
1336, 8406.0, 7, 6.287210172026926, 0.2
1337, 8413.0, 7, 6.287742899850524, 0.2
1338, 8421.0, 8, 6.289021657953697, 0.2
1339, 8429.0, 8, 6.290298507462687, 0.2
1340, 8437.0, 8, 6.291573452647278, 0.2
1341, 8442.0, 5, 6.290611028315946, 0.2
1342, 8447.0, 5, 6.289650037230082, 0.2
1343, 8448.0, 1, 6.285714285714286, 0.2
1344, 8456.0, 8, 6.286988847583643, 0.2
1345, 8464.0, 8, 6.288261515601783, 0.2
1346, 8468.0, 4, 6.28656273199703, 0.2
1347, 8475.0, 7, 6.287091988130563, 0.2
1348, 8483.0, 8, 6.288361749444032, 0.2
1349, 8486.0, 3, 6.285925925925926, 0.2
1350, 8494.0, 8, 6.28719467061436, 0.2
1351, 8499.0, 5, 6.286242603550296, 0.2
1352, 8507.0, 8, 6.287509238728751, 0.2
1353, 8514.0, 7, 6.288035450516987, 0.2
1354, 8520.0, 6, 6.287822878228782, 0.2
1355, 8526.0, 6, 6.287610619469026, 0.2
1356, 8532.0, 6, 6.287398673544583, 0.2
1357, 8538.0, 6, 6.287187039764359, 0.2
1358, 8544.0, 6, 6.286975717439294, 0.2
1359, 8551.0, 7, 6.2875, 0.2
1360, 8557.0, 6, 6.287288758265981, 0.2
1361, 8565.0, 8, 6.288546255506608, 0.2
1362, 8572.0, 7, 6.289068231841526, 0.2
1363, 8572.0, 0, 6.284457478005865, 0.2
1364, 8579.0, 7, 6.284981684981685, 0.2
1365, 8586.0, 7, 6.285505124450951, 0.2
1366, 8590.0, 4, 6.283833211411851, 0.2
1367, 8597.0, 7, 6.284356725146199, 0.2
1368, 8604.0, 7, 6.2848794740686635, 0.2
1369, 8609.0, 5, 6.283941605839416, 0.2
1370, 8613.0, 4, 6.282275711159738, 0.2
1371, 8617.0, 4, 6.280612244897959, 0.2
1372, 8624.0, 7, 6.281136198106337, 0.2
1373, 8625.0, 1, 6.277292576419214, 0.2
1374, 8630.0, 5, 6.276363636363636, 0.2
1375, 8635.0, 5, 6.275436046511628, 0.2
1376, 8640.0, 5, 6.2745098039215685, 0.2
1377, 8648.0, 8, 6.2757619738751815, 0.2
1378, 8655.0, 7, 6.276287164612038, 0.2
1379, 8662.0, 7, 6.276811594202899, 0.2
1380, 8669.0, 7, 6.277335264301231, 0.2
1381, 8673.0, 4, 6.275687409551375, 0.2
1382, 8679.0, 6, 6.275488069414317, 0.2
1383, 8680.0, 1, 6.271676300578035, 0.2
1384, 8684.0, 4, 6.270036101083033, 0.2
1385, 8688.0, 4, 6.268398268398268, 0.2
1386, 8693.0, 5, 6.267483777937995, 0.2
1387, 8700.0, 7, 6.268011527377522, 0.2
1388, 8707.0, 7, 6.268538516918647, 0.2
1389, 8713.0, 6, 6.268345323741007, 0.2
1390, 8720.0, 7, 6.268871315600288, 0.2
1391, 8725.0, 5, 6.267959770114943, 0.2
1392, 8730.0, 5, 6.267049533381192, 0.2
1393, 8737.0, 7, 6.267575322812052, 0.2
1394, 8743.0, 6, 6.267383512544803, 0.2
1395, 8748.0, 5, 6.26647564469914, 0.2
1396, 8756.0, 8, 6.267716535433071, 0.2
1397, 8764.0, 8, 6.2689556509299, 0.2
1398, 8771.0, 7, 6.269478198713367, 0.2
1399, 8771.0, 0, 6.265, 0.2
1400, 8775.0, 4, 6.263383297644539, 0.2
1401, 8780.0, 5, 6.262482168330956, 0.2
1402, 8787.0, 7, 6.263007840342124, 0.2
1403, 8792.0, 5, 6.262108262108262, 0.2
1404, 8799.0, 7, 6.262633451957296, 0.2
1405, 8806.0, 7, 6.2631578947368425, 0.2
1406, 8812.0, 6, 6.262970859985785, 0.2
1407, 8819.0, 7, 6.263494318181818, 0.2
1408, 8826.0, 7, 6.264017033356991, 0.2
1409, 8827.0, 1, 6.260283687943263, 0.2
1410, 8834.0, 7, 6.260807937632885, 0.2
1411, 8841.0, 7, 6.2613314447592066, 0.2
1412, 8845.0, 4, 6.259731068648266, 0.2
1413, 8849.0, 4, 6.2581329561527586, 0.2
1414, 8855.0, 6, 6.257950530035336, 0.2
1415, 8861.0, 6, 6.257768361581921, 0.2
1416, 8867.0, 6, 6.257586450247, 0.2
1417, 8867.0, 0, 6.253173483779972, 0.2
1418, 8874.0, 7, 6.25369978858351, 0.2
1419, 8878.0, 4, 6.252112676056338, 0.2
1420, 8884.0, 6, 6.2519352568613655, 0.2
1421, 8890.0, 6, 6.251758087201125, 0.2
1422, 8892.0, 2, 6.2487702037948, 0.2
1423, 8898.0, 6, 6.248595505617978, 0.2
1424, 8904.0, 6, 6.248421052631579, 0.2
1425, 8910.0, 6, 6.248246844319776, 0.2
1426, 8917.0, 7, 6.248773651016117, 0.2
1427, 8920.0, 3, 6.246498599439776, 0.2
1428, 8925.0, 5, 6.245626312106368, 0.2
1429, 8931.0, 6, 6.245454545454545, 0.2
1430, 8935.0, 4, 6.243885394828791, 0.2
1431, 8941.0, 6, 6.243715083798882, 0.2
1432, 8943.0, 2, 6.240753663642708, 0.2
1433, 8948.0, 5, 6.239888423988843, 0.2
1434, 8956.0, 8, 6.241114982578397, 0.2
1435, 8963.0, 7, 6.241643454038997, 0.2
1436, 8971.0, 8, 6.242867084203201, 0.2
1437, 8978.0, 7, 6.243393602225313, 0.2
1438, 8979.0, 1, 6.239749826268242, 0.2
1439, 8982.0, 3, 6.2375, 0.2
1440, 8985.0, 3, 6.235253296321998, 0.2
1441, 8993.0, 8, 6.236477115117892, 0.2
1442, 8999.0, 6, 6.2363132363132365, 0.2
1443, 9004.0, 5, 6.2354570637119116, 0.2
1444, 9012.0, 8, 6.236678200692041, 0.2
1445, 9020.0, 8, 6.2378976486860305, 0.2
1446, 9025.0, 5, 6.237042156185211, 0.2
1447, 9030.0, 5, 6.236187845303867, 0.2
1448, 9038.0, 8, 6.237405106970324, 0.2
1449, 9043.0, 5, 6.236551724137931, 0.2
1450, 9050.0, 7, 6.237077877325982, 0.2
1451, 9054.0, 4, 6.235537190082645, 0.2
1452, 9060.0, 6, 6.235375086028906, 0.2
1453, 9065.0, 5, 6.234525447042641, 0.2
1454, 9072.0, 7, 6.235051546391753, 0.2
1455, 9079.0, 7, 6.235576923076923, 0.2
1456, 9085.0, 6, 6.2354152367879205, 0.2
1457, 9093.0, 8, 6.2366255144032925, 0.2
1458, 9098.0, 5, 6.235777930089102, 0.2
1459, 9106.0, 8, 6.236986301369863, 0.2
1460, 9113.0, 7, 6.23750855578371, 0.2
1461, 9120.0, 7, 6.238030095759234, 0.2
1462, 9127.0, 7, 6.2385509227614495, 0.2
1463, 9134.0, 7, 6.2390710382513666, 0.2
1464, 9141.0, 7, 6.239590443686007, 0.2
1465, 9148.0, 7, 6.240109140518418, 0.2
1466, 9152.0, 4, 6.238582140422631, 0.2
1467, 9157.0, 5, 6.237738419618529, 0.2
1468, 9164.0, 7, 6.238257317903336, 0.2
1469, 9170.0, 6, 6.238095238095238, 0.2
1470, 9178.0, 8, 6.239292997960571, 0.2
1471, 9183.0, 5, 6.2384510869565215, 0.2
1472, 9190.0, 7, 6.238968092328581, 0.2
1473, 9198.0, 8, 6.240162822252374, 0.2
1474, 9204.0, 6, 6.24, 0.2
1475, 9211.0, 7, 6.240514905149052, 0.2
1476, 9219.0, 8, 6.241706161137441, 0.2
1477, 9226.0, 7, 6.2422192151556155, 0.2
1478, 9234.0, 8, 6.243407707910751, 0.2
1479, 9241.0, 7, 6.243918918918919, 0.2
1480, 9247.0, 6, 6.24375422012154, 0.2
1481, 9255.0, 8, 6.244939271255061, 0.2
1482, 9261.0, 6, 6.244774106540795, 0.2
1483, 9268.0, 7, 6.245283018867925, 0.2
1484, 9275.0, 7, 6.245791245791246, 0.2
1485, 9282.0, 7, 6.246298788694482, 0.2
1486, 9290.0, 8, 6.247478143913921, 0.2
1487, 9296.0, 6, 6.247311827956989, 0.2
1488, 9302.0, 6, 6.247145735392881, 0.2
1489, 9310.0, 8, 6.248322147651007, 0.2
1490, 9316.0, 6, 6.2481556002682765, 0.2
1491, 9322.0, 6, 6.2479892761394105, 0.2
1492, 9329.0, 7, 6.248492967180174, 0.2
1493, 9334.0, 5, 6.247657295850067, 0.2
1494, 9340.0, 6, 6.247491638795987, 0.2
1495, 9347.0, 7, 6.247994652406417, 0.2
1496, 9353.0, 6, 6.2478289913159655, 0.2
1497, 9358.0, 5, 6.246995994659546, 0.2
1498, 9362.0, 4, 6.245496997998666, 0.2
1499, 9367.0, 5, 6.244666666666666, 0.2
1500, 9375.0, 8, 6.245836109260493, 0.2
1501, 9382.0, 7, 6.246338215712384, 0.2
1502, 9389.0, 7, 6.246839654025282, 0.2
1503, 9395.0, 6, 6.246675531914893, 0.2
1504, 9402.0, 7, 6.247176079734219, 0.2
1505, 9410.0, 8, 6.248339973439575, 0.2
1506, 9417.0, 7, 6.248838752488387, 0.2
1507, 9418.0, 1, 6.245358090185676, 0.2
1508, 9425.0, 7, 6.2458581842279655, 0.2
1509, 9430.0, 5, 6.245033112582782, 0.2
1510, 9436.0, 6, 6.244870946393117, 0.2
1511, 9443.0, 7, 6.24537037037037, 0.2
1512, 9451.0, 8, 6.246530072703239, 0.2
1513, 9457.0, 6, 6.246367239101717, 0.2
1514, 9463.0, 6, 6.246204620462046, 0.2
1515, 9463.0, 0, 6.242084432717678, 0.2
1516, 9469.0, 6, 6.241924851680949, 0.2
1517, 9475.0, 6, 6.241765480895916, 0.2
1518, 9479.0, 4, 6.240289664252798, 0.2
1519, 9485.0, 6, 6.240131578947368, 0.2
1520, 9491.0, 6, 6.239973701512163, 0.2
1521, 9499.0, 8, 6.241130091984231, 0.2
1522, 9505.0, 6, 6.240971766250821, 0.2
1523, 9510.0, 5, 6.24015748031496, 0.2
1524, 9515.0, 5, 6.239344262295082, 0.2
1525, 9522.0, 7, 6.239842726081259, 0.2
1526, 9529.0, 7, 6.240340537000655, 0.2
1527, 9535.0, 6, 6.240183246073299, 0.2
1528, 9541.0, 6, 6.24002616088947, 0.2
1529, 9546.0, 5, 6.23921568627451, 0.2
1530, 9552.0, 6, 6.239059438275637, 0.2
1531, 9559.0, 7, 6.239556135770235, 0.2
1532, 9566.0, 7, 6.240052185257665, 0.2
1533, 9571.0, 5, 6.239243807040417, 0.2
1534, 9572.0, 1, 6.235830618892508, 0.2
1535, 9578.0, 6, 6.235677083333333, 0.2
1536, 9578.0, 0, 6.231620039037085, 0.2
1537, 9583.0, 5, 6.230819245773732, 0.2
1538, 9589.0, 6, 6.230669265756985, 0.2
1539, 9595.0, 6, 6.23051948051948, 0.2
1540, 9600.0, 5, 6.229720960415315, 0.2
1541, 9607.0, 7, 6.230220492866407, 0.2
1542, 9613.0, 6, 6.230071289695399, 0.2
1543, 9620.0, 7, 6.230569948186528, 0.2
1544, 9627.0, 7, 6.231067961165048, 0.2
1545, 9634.0, 7, 6.231565329883571, 0.2
1546, 9641.0, 7, 6.232062055591467, 0.2
1547, 9643.0, 2, 6.229328165374677, 0.2
1548, 9651.0, 8, 6.23047127178825, 0.2
1549, 9656.0, 5, 6.2296774193548385, 0.2
1550, 9659.0, 3, 6.227595099935526, 0.2
1551, 9663.0, 4, 6.226159793814433, 0.2
1552, 9669.0, 6, 6.226014166130071, 0.2
1553, 9673.0, 4, 6.224581724581725, 0.2
1554, 9680.0, 7, 6.22508038585209, 0.2
1555, 9685.0, 5, 6.224293059125964, 0.2
1556, 9688.0, 3, 6.222222222222222, 0.2
1557, 9692.0, 4, 6.220795892169448, 0.2
1558, 9698.0, 6, 6.220654265554843, 0.2
1559, 9705.0, 7, 6.221153846153846, 0.2
1560, 9712.0, 7, 6.221652786675208, 0.2
1561, 9718.0, 6, 6.221510883482715, 0.2
1562, 9721.0, 3, 6.219449776071657, 0.2
1563, 9728.0, 7, 6.219948849104859, 0.2
1564, 9735.0, 7, 6.220447284345048, 0.2
1565, 9735.0, 0, 6.216475095785441, 0.2
1566, 9741.0, 6, 6.216336949585195, 0.2
1567, 9748.0, 7, 6.216836734693878, 0.2
1568, 9755.0, 7, 6.217335882727852, 0.2
1569, 9759.0, 4, 6.215923566878981, 0.2
1570, 9766.0, 7, 6.2164226607256525, 0.2
1571, 9768.0, 2, 6.213740458015267, 0.2
1572, 9774.0, 6, 6.2136045772409405, 0.2
1573, 9780.0, 6, 6.213468869123253, 0.2
1574, 9787.0, 7, 6.213968253968254, 0.2
1575, 9795.0, 8, 6.215101522842639, 0.2
1576, 9801.0, 6, 6.2149651236525045, 0.2
1577, 9807.0, 6, 6.214828897338403, 0.2
1578, 9815.0, 8, 6.215959468017733, 0.2
1579, 9820.0, 5, 6.215189873417722, 0.2
1580, 9827.0, 7, 6.215686274509804, 0.2
1581, 9834.0, 7, 6.216182048040455, 0.2
1582, 9840.0, 6, 6.2160454832596335, 0.2
1583, 9843.0, 3, 6.214015151515151, 0.2
1584, 9849.0, 6, 6.213880126182965, 0.2
1585, 9854.0, 5, 6.213114754098361, 0.2
1586, 9860.0, 6, 6.212980466288595, 0.2
1587, 9866.0, 6, 6.212846347607053, 0.2
1588, 9871.0, 5, 6.212083071113908, 0.2
1589, 9875.0, 4, 6.210691823899371, 0.2
1590, 9881.0, 6, 6.210559396605908, 0.2
1591, 9888.0, 7, 6.211055276381909, 0.2
1592, 9896.0, 8, 6.21217827997489, 0.2
1593, 9901.0, 5, 6.211417816813049, 0.2
1594, 9907.0, 6, 6.21128526645768, 0.2
1595, 9913.0, 6, 6.211152882205514, 0.2
1596, 9916.0, 3, 6.209142141515342, 0.2
1597, 9924.0, 8, 6.21026282853567, 0.2
1598, 9932.0, 8, 6.211382113821138, 0.2
1599, 9938.0, 6, 6.21125, 0.2
1600, 9943.0, 5, 6.2104934415990005, 0.2
1601, 9950.0, 7, 6.210986267166042, 0.2
1602, 9957.0, 7, 6.2114784778540235, 0.2
1603, 9961.0, 4, 6.210099750623441, 0.2
1604, 9967.0, 6, 6.209968847352025, 0.2
1605, 9974.0, 7, 6.210460772104608, 0.2
1606, 9979.0, 5, 6.209707529558183, 0.2
1607, 9987.0, 8, 6.210820895522388, 0.2
1608, 9987.0, 0, 6.2069608452454945, 0.2
1609, 9994.0, 7, 6.207453416149068, 0.2
1610, 10001.0, 7, 6.207945375543141, 0.2
1611, 10006.0, 5, 6.207196029776675, 0.2
1612, 10014.0, 8, 6.208307501549907, 0.2
1613, 10021.0, 7, 6.208798017348204, 0.2
1614, 10027.0, 6, 6.208668730650155, 0.2
1615, 10032.0, 5, 6.207920792079208, 0.2
1616, 10036.0, 4, 6.2065553494124925, 0.2
1617, 10041.0, 5, 6.205809641532756, 0.2
1618, 10044.0, 3, 6.203829524397777, 0.2
1619, 10051.0, 7, 6.204320987654321, 0.2
1620, 10059.0, 8, 6.2054287476866135, 0.2
1621, 10059.0, 0, 6.201602959309494, 0.2
1622, 10065.0, 6, 6.2014787430683915, 0.2
1623, 10073.0, 8, 6.202586206896552, 0.2
1624, 10081.0, 8, 6.203692307692307, 0.2
1625, 10087.0, 6, 6.203567035670357, 0.2
1626, 10088.0, 1, 6.200368776889982, 0.2
1627, 10095.0, 7, 6.200859950859951, 0.2
1628, 10102.0, 7, 6.201350521792511, 0.2
1629, 10106.0, 4, 6.2, 0.2
1630, 10112.0, 6, 6.199877375843041, 0.2
1631, 10118.0, 6, 6.199754901960785, 0.2
1632, 10124.0, 6, 6.199632578077159, 0.2
1633, 10128.0, 4, 6.19828641370869, 0.2
1634, 10128.0, 0, 6.194495412844037, 0.2
1635, 10134.0, 6, 6.19437652811736, 0.2
1636, 10140.0, 6, 6.194257788637752, 0.2
1637, 10140.0, 0, 6.190476190476191, 0.2
1638, 10147.0, 7, 6.1909701037217815, 0.2
1639, 10154.0, 7, 6.191463414634146, 0.2
1640, 10160.0, 6, 6.1913467397928095, 0.2
1641, 10165.0, 5, 6.190621193666261, 0.2
1642, 10170.0, 5, 6.1898965307364575, 0.2
1643, 10178.0, 8, 6.190997566909975, 0.2
1644, 10184.0, 6, 6.190881458966565, 0.2
1645, 10192.0, 8, 6.191980558930741, 0.2
1646, 10193.0, 1, 6.18882817243473, 0.2
1647, 10200.0, 7, 6.189320388349515, 0.2
1648, 10206.0, 6, 6.189205579138872, 0.2
1649, 10211.0, 5, 6.1884848484848485, 0.2
1650, 10219.0, 8, 6.189582071471835, 0.2
1651, 10224.0, 5, 6.188861985472155, 0.2
1652, 10229.0, 5, 6.188142770719903, 0.2
1653, 10233.0, 4, 6.186819830713422, 0.2
1654, 10234.0, 1, 6.18368580060423, 0.2
1655, 10239.0, 5, 6.182971014492754, 0.2
1656, 10247.0, 8, 6.184067592033796, 0.2
1657, 10249.0, 2, 6.181544028950543, 0.2
1658, 10255.0, 6, 6.181434599156118, 0.2
1659, 10261.0, 6, 6.1813253012048195, 0.2
1660, 10269.0, 8, 6.182420228777844, 0.2
1661, 10274.0, 5, 6.1817087845968715, 0.2
1662, 10280.0, 6, 6.181599518941671, 0.2
1663, 10287.0, 7, 6.182091346153846, 0.2
1664, 10288.0, 1, 6.178978978978979, 0.2
1665, 10295.0, 7, 6.179471788715486, 0.2
1666, 10302.0, 7, 6.17996400719856, 0.2
1667, 10309.0, 7, 6.180455635491607, 0.2
1668, 10316.0, 7, 6.180946674655482, 0.2
1669, 10321.0, 5, 6.180239520958084, 0.2
1670, 10324.0, 3, 6.178336325553561, 0.2
1671, 10331.0, 7, 6.178827751196172, 0.2
1672, 10332.0, 1, 6.175732217573222, 0.2
1673, 10340.0, 8, 6.176821983273596, 0.2
1674, 10347.0, 7, 6.177313432835821, 0.2
1675, 10352.0, 5, 6.176610978520286, 0.2
1676, 10360.0, 8, 6.177698270721526, 0.2
1677, 10367.0, 7, 6.17818831942789, 0.2
1678, 10372.0, 5, 6.17748659916617, 0.2
1679, 10376.0, 4, 6.1761904761904765, 0.2
1680, 10380.0, 4, 6.174895895300416, 0.2
1681, 10386.0, 6, 6.174791914387634, 0.2
1682, 10393.0, 7, 6.175282234105763, 0.2
1683, 10399.0, 6, 6.175178147268409, 0.2
1684, 10407.0, 8, 6.176261127596439, 0.2
1685, 10415.0, 8, 6.177342823250297, 0.2
1686, 10421.0, 6, 6.177237700059277, 0.2
1687, 10429.0, 8, 6.178317535545023, 0.2
1688, 10436.0, 7, 6.178804026050917, 0.2
1689, 10438.0, 2, 6.176331360946746, 0.2
1690, 10446.0, 8, 6.177409816676523, 0.2
1691, 10453.0, 7, 6.17789598108747, 0.2
1692, 10457.0, 4, 6.176609568812759, 0.2
1693, 10462.0, 5, 6.1759149940968125, 0.2
1694, 10462.0, 0, 6.172271386430679, 0.2
1695, 10469.0, 7, 6.1727594339622645, 0.2
1696, 10475.0, 6, 6.17265763111373, 0.2
1697, 10481.0, 6, 6.172555948174323, 0.2
1698, 10488.0, 7, 6.173042966450853, 0.2
1699, 10494.0, 6, 6.172941176470588, 0.2
1700, 10499.0, 5, 6.1722516166960615, 0.2
1701, 10505.0, 6, 6.172150411280846, 0.2
1702, 10511.0, 6, 6.172049324721081, 0.2
1703, 10516.0, 5, 6.171361502347418, 0.2
1704, 10524.0, 8, 6.172434017595308, 0.2
1705, 10530.0, 6, 6.172332942555686, 0.2
1706, 10537.0, 7, 6.172817809021676, 0.2
1707, 10543.0, 6, 6.17271662763466, 0.2
1708, 10549.0, 6, 6.172615564657694, 0.2
1709, 10550.0, 1, 6.169590643274854, 0.2
1710, 10555.0, 5, 6.1689070718877845, 0.2
1711, 10561.0, 6, 6.168808411214953, 0.2
1712, 10568.0, 7, 6.169293636894338, 0.2
1713, 10575.0, 7, 6.169778296382731, 0.2
1714, 10582.0, 7, 6.170262390670554, 0.2
1715, 10589.0, 7, 6.1707459207459205, 0.2
1716, 10595.0, 6, 6.170646476412347, 0.2
1717, 10601.0, 6, 6.1705471478463325, 0.2
1718, 10608.0, 7, 6.171029668411867, 0.2
1719, 10612.0, 4, 6.169767441860465, 0.2
1720, 10620.0, 8, 6.170830912260314, 0.2
1721, 10628.0, 8, 6.171893147502904, 0.2
1722, 10635.0, 7, 6.172373766686013, 0.2
1723, 10642.0, 7, 6.172853828306264, 0.2
1724, 10649.0, 7, 6.173333333333333, 0.2
1725, 10657.0, 8, 6.174391657010429, 0.2
1726, 10661.0, 4, 6.173132599884192, 0.2
1727, 10665.0, 4, 6.171875, 0.2
1728, 10672.0, 7, 6.172353961827646, 0.2
1729, 10679.0, 7, 6.1728323699421965, 0.2
1730, 10685.0, 6, 6.1727325245522815, 0.2
1731, 10692.0, 7, 6.173210161662817, 0.2
1732, 10693.0, 1, 6.170225043277553, 0.2
1733, 10699.0, 6, 6.1701268742791235, 0.2
1734, 10700.0, 1, 6.1671469740634, 0.2
1735, 10707.0, 7, 6.167626728110599, 0.2
1736, 10712.0, 5, 6.166954519286126, 0.2
1737, 10717.0, 5, 6.166283084004603, 0.2
1738, 10722.0, 5, 6.16561242093157, 0.2
1739, 10728.0, 6, 6.165517241379311, 0.2
1740, 10731.0, 3, 6.163699023549684, 0.2
1741, 10738.0, 7, 6.164179104477612, 0.2
1742, 10743.0, 5, 6.163511187607573, 0.2
1743, 10751.0, 8, 6.164564220183486, 0.2
1744, 10757.0, 6, 6.164469914040114, 0.2
1745, 10763.0, 6, 6.164375715922108, 0.2
1746, 10771.0, 8, 6.16542644533486, 0.2
1747, 10771.0, 0, 6.161899313501144, 0.2
1748, 10776.0, 5, 6.161234991423671, 0.2
1749, 10783.0, 7, 6.161714285714286, 0.2
1750, 10788.0, 5, 6.1610508280982295, 0.2
1751, 10795.0, 7, 6.161529680365297, 0.2
1752, 10801.0, 6, 6.161437535653166, 0.2
1753, 10806.0, 5, 6.160775370581528, 0.2
1754, 10813.0, 7, 6.161253561253561, 0.2
1755, 10813.0, 0, 6.157744874715262, 0.2
1756, 10814.0, 1, 6.154809334092203, 0.2
1757, 10818.0, 4, 6.15358361774744, 0.2
1758, 10822.0, 4, 6.152359295054008, 0.2
1759, 10827.0, 5, 6.151704545454545, 0.2
1760, 10832.0, 5, 6.151050539466213, 0.2
1761, 10839.0, 7, 6.151532349602724, 0.2
1762, 10846.0, 7, 6.152013613159387, 0.2
1763, 10854.0, 8, 6.153061224489796, 0.2
1764, 10860.0, 6, 6.152974504249292, 0.2
1765, 10867.0, 7, 6.153454133635334, 0.2
1766, 10872.0, 5, 6.152801358234296, 0.2
1767, 10875.0, 3, 6.151018099547511, 0.2
1768, 10882.0, 7, 6.151498021481062, 0.2
1769, 10887.0, 5, 6.150847457627119, 0.2
1770, 10892.0, 5, 6.150197628458498, 0.2
1771, 10899.0, 7, 6.150677200902934, 0.2
1772, 10905.0, 6, 6.150592216582064, 0.2
1773, 10912.0, 7, 6.151071025930102, 0.2
1774, 10918.0, 6, 6.150985915492957, 0.2
1775, 10926.0, 8, 6.152027027027027, 0.2
1776, 10932.0, 6, 6.151941474395048, 0.2
1777, 10938.0, 6, 6.15185601799775, 0.2
1778, 10940.0, 2, 6.149522203485104, 0.2
1779, 10947.0, 7, 6.15, 0.2
1780, 10954.0, 7, 6.150477259966311, 0.2
1781, 10955.0, 1, 6.147586980920314, 0.2
1782, 10962.0, 7, 6.148065058889512, 0.2
1783, 10969.0, 7, 6.148542600896861, 0.2
1784, 10976.0, 7, 6.149019607843138, 0.2
1785, 10982.0, 6, 6.148936170212766, 0.2
1786, 10990.0, 8, 6.149972020145495, 0.2
1787, 10994.0, 4, 6.148769574944072, 0.2
1788, 11000.0, 6, 6.148686416992733, 0.2
1789, 11006.0, 6, 6.148603351955307, 0.2
1790, 11011.0, 5, 6.147962032384143, 0.2
1791, 11019.0, 8, 6.148995535714286, 0.2
1792, 11025.0, 6, 6.148912437255995, 0.2
1793, 11031.0, 6, 6.148829431438127, 0.2
1794, 11038.0, 7, 6.149303621169916, 0.2
1795, 11042.0, 4, 6.148106904231626, 0.2
1796, 11047.0, 5, 6.147468002225932, 0.2
1797, 11054.0, 7, 6.147942157953281, 0.2
1798, 11062.0, 8, 6.148971650917177, 0.2
1799, 11065.0, 3, 6.147222222222222, 0.2
1800, 11071.0, 6, 6.147140477512493, 0.2
1801, 11077.0, 6, 6.147058823529412, 0.2
1802, 11082.0, 5, 6.146422628951747, 0.2
1803, 11090.0, 8, 6.147450110864745, 0.2
1804, 11093.0, 3, 6.145706371191136, 0.2
1805, 11100.0, 7, 6.146179401993355, 0.2
1806, 11101.0, 1, 6.14333148865523, 0.2
1807, 11107.0, 6, 6.14325221238938, 0.2
1808, 11114.0, 7, 6.143725815367606, 0.2
1809, 11118.0, 4, 6.1425414364640885, 0.2
1810, 11125.0, 7, 6.143014908890116, 0.2
1811, 11130.0, 5, 6.142384105960265, 0.2
1812, 11134.0, 4, 6.1412024269167125, 0.2
1813, 11139.0, 5, 6.140573318632856, 0.2
1814, 11146.0, 7, 6.141046831955923, 0.2
1815, 11154.0, 8, 6.142070484581498, 0.2
1816, 11158.0, 4, 6.140891579526692, 0.2
1817, 11163.0, 5, 6.14026402640264, 0.2
1818, 11171.0, 8, 6.1412864211105, 0.2
1819, 11178.0, 7, 6.141758241758242, 0.2
1820, 11185.0, 7, 6.14222954420648, 0.2
1821, 11192.0, 7, 6.142700329308452, 0.2
1822, 11199.0, 7, 6.143170597915524, 0.2
1823, 11205.0, 6, 6.1430921052631575, 0.2
1824, 11211.0, 6, 6.143013698630137, 0.2
1825, 11217.0, 6, 6.142935377875137, 0.2
1826, 11224.0, 7, 6.143404488232075, 0.2
1827, 11228.0, 4, 6.142231947483588, 0.2
1828, 11236.0, 8, 6.143247676325861, 0.2
1829, 11243.0, 7, 6.143715846994535, 0.2
1830, 11250.0, 7, 6.144183506280721, 0.2
1831, 11257.0, 7, 6.1446506550218345, 0.2
1832, 11261.0, 4, 6.143480632842335, 0.2
1833, 11268.0, 7, 6.143947655398037, 0.2
1834, 11275.0, 7, 6.144414168937329, 0.2
1835, 11282.0, 7, 6.144880174291939, 0.2
1836, 11285.0, 3, 6.143168209036473, 0.2
1837, 11292.0, 7, 6.143634385201306, 0.2
1838, 11298.0, 6, 6.143556280587275, 0.2
1839, 11299.0, 1, 6.140760869565217, 0.2
1840, 11305.0, 6, 6.140684410646388, 0.2
1841, 11308.0, 3, 6.138979370249729, 0.2
1842, 11315.0, 7, 6.1394465545306565, 0.2
1843, 11321.0, 6, 6.139370932754881, 0.2
1844, 11326.0, 5, 6.138753387533876, 0.2
1845, 11326.0, 0, 6.135427952329361, 0.2
1846, 11332.0, 6, 6.135354629128316, 0.2
1847, 11337.0, 5, 6.134740259740259, 0.2
1848, 11344.0, 7, 6.135208220659816, 0.2
1849, 11351.0, 7, 6.135675675675675, 0.2
1850, 11358.0, 7, 6.136142625607779, 0.2
1851, 11366.0, 8, 6.137149028077753, 0.2
1852, 11373.0, 7, 6.137614678899083, 0.2
1853, 11378.0, 5, 6.137001078748652, 0.2
1854, 11384.0, 6, 6.136927223719677, 0.2
1855, 11391.0, 7, 6.1373922413793105, 0.2
1856, 11396.0, 5, 6.136779752288637, 0.2
1857, 11403.0, 7, 6.13724434876211, 0.2
1858, 11410.0, 7, 6.137708445400753, 0.2
1859, 11415.0, 5, 6.137096774193548, 0.2
1860, 11420.0, 5, 6.136485760343901, 0.2
1861, 11427.0, 7, 6.136949516648765, 0.2
1862, 11429.0, 2, 6.134728931830381, 0.2
1863, 11437.0, 8, 6.135729613733906, 0.2
1864, 11443.0, 6, 6.135656836461126, 0.2
1865, 11449.0, 6, 6.135584137191854, 0.2
1866, 11455.0, 6, 6.13551151580075, 0.2
1867, 11461.0, 6, 6.135438972162741, 0.2
1868, 11464.0, 3, 6.133761369716426, 0.2
1869, 11465.0, 1, 6.1310160427807485, 0.2
1870, 11470.0, 5, 6.130411544628541, 0.2
1871, 11477.0, 7, 6.130876068376068, 0.2
1872, 11482.0, 5, 6.1302722904431395, 0.2
1873, 11487.0, 5, 6.129669156883671, 0.2
1874, 11495.0, 8, 6.1306666666666665, 0.2
1875, 11499.0, 4, 6.12953091684435, 0.2
1876, 11505.0, 6, 6.129461907298881, 0.2
1877, 11511.0, 6, 6.1293929712460065, 0.2
1878, 11517.0, 6, 6.129324108568388, 0.2
1879, 11524.0, 7, 6.129787234042553, 0.2
1880, 11531.0, 7, 6.1302498670919725, 0.2
1881, 11536.0, 5, 6.129649309245483, 0.2
1882, 11541.0, 5, 6.129049389272438, 0.2
1883, 11547.0, 6, 6.1289808917197455, 0.2
1884, 11552.0, 5, 6.128381962864721, 0.2
1885, 11560.0, 8, 6.129374337221633, 0.2
1886, 11567.0, 7, 6.129835718071012, 0.2
1887, 11572.0, 5, 6.129237288135593, 0.2
1888, 11579.0, 7, 6.129698253043939, 0.2
1889, 11583.0, 4, 6.128571428571429, 0.2
1890, 11586.0, 3, 6.126916975145425, 0.2
1891, 11591.0, 5, 6.126321353065539, 0.2
1892, 11596.0, 5, 6.1257263602746965, 0.2
1893, 11602.0, 6, 6.125659978880676, 0.2
1894, 11608.0, 6, 6.125593667546174, 0.2
1895, 11616.0, 8, 6.1265822784810124, 0.2
1896, 11623.0, 7, 6.127042698998419, 0.2
1897, 11629.0, 6, 6.126975763962065, 0.2
1898, 11635.0, 6, 6.126908899420748, 0.2
1899, 11640.0, 5, 6.126315789473685, 0.2
1900, 11647.0, 7, 6.126775381378222, 0.2
1901, 11649.0, 2, 6.124605678233438, 0.2
1902, 11655.0, 6, 6.124540199684708, 0.2
1903, 11661.0, 6, 6.124474789915967, 0.2
1904, 11668.0, 7, 6.1249343832021, 0.2
1905, 11676.0, 8, 6.12591815320042, 0.2
1906, 11681.0, 5, 6.125327739905611, 0.2
1907, 11684.0, 3, 6.123689727463312, 0.2
1908, 11690.0, 6, 6.1236249345206915, 0.2
1909, 11696.0, 6, 6.123560209424084, 0.2
1910, 11703.0, 7, 6.124018838304552, 0.2
1911, 11710.0, 7, 6.124476987447698, 0.2
1912, 11716.0, 6, 6.124411918452692, 0.2
1913, 11722.0, 6, 6.1243469174503655, 0.2
1914, 11728.0, 6, 6.124281984334203, 0.2
1915, 11729.0, 1, 6.12160751565762, 0.2
1916, 11736.0, 7, 6.122065727699531, 0.2
1917, 11741.0, 5, 6.12148070907195, 0.2
1918, 11747.0, 6, 6.121417404898384, 0.2
1919, 11752.0, 5, 6.120833333333334, 0.2
1920, 11757.0, 5, 6.120249869859448, 0.2
1921, 11762.0, 5, 6.119667013527575, 0.2
1922, 11767.0, 5, 6.119084763390536, 0.2
1923, 11773.0, 6, 6.119022869022869, 0.2
1924, 11778.0, 5, 6.118441558441559, 0.2
1925, 11781.0, 3, 6.116822429906542, 0.2
1926, 11786.0, 5, 6.116242864556305, 0.2
1927, 11791.0, 5, 6.115663900414938, 0.2
1928, 11798.0, 7, 6.1161223431829965, 0.2
1929, 11805.0, 7, 6.116580310880829, 0.2
1930, 11813.0, 8, 6.117555670636976, 0.2
1931, 11820.0, 7, 6.118012422360248, 0.2
1932, 11825.0, 5, 6.117434040351784, 0.2
1933, 11832.0, 7, 6.117890382626681, 0.2
1934, 11838.0, 6, 6.1178294573643415, 0.2
1935, 11844.0, 6, 6.117768595041323, 0.2
1936, 11851.0, 7, 6.118224057821373, 0.2
1937, 11856.0, 5, 6.117647058823529, 0.2
1938, 11864.0, 8, 6.118617844249613, 0.2
1939, 11869.0, 5, 6.118041237113402, 0.2
1940, 11871.0, 2, 6.115919629057187, 0.2
1941, 11877.0, 6, 6.1158599382080325, 0.2
1942, 11882.0, 5, 6.115285640761709, 0.2
1943, 11886.0, 4, 6.114197530864198, 0.2
1944, 11889.0, 3, 6.112596401028278, 0.2
1945, 11896.0, 7, 6.113052415210689, 0.2
1946, 11901.0, 5, 6.112480739599384, 0.2
1947, 11909.0, 8, 6.113449691991787, 0.2
1948, 11909.0, 0, 6.110312981015905, 0.2
1949, 11915.0, 6, 6.11025641025641, 0.2
1950, 11921.0, 6, 6.110199897488467, 0.2
1951, 11928.0, 7, 6.110655737704918, 0.2
1952, 11934.0, 6, 6.110599078341014, 0.2
1953, 11940.0, 6, 6.110542476970317, 0.2
1954, 11947.0, 7, 6.110997442455243, 0.2
1955, 11954.0, 7, 6.1114519427402865, 0.2
1956, 11957.0, 3, 6.109862033725089, 0.2
1957, 11963.0, 6, 6.109805924412666, 0.2
1958, 11969.0, 6, 6.109749872383869, 0.2
1959, 11977.0, 8, 6.110714285714286, 0.2
1960, 11983.0, 6, 6.11065782763896, 0.2
1961, 11989.0, 6, 6.1106014271151885, 0.2
1962, 11994.0, 5, 6.1100356597045336, 0.2
1963, 11995.0, 1, 6.107433808553972, 0.2
1964, 11996.0, 1, 6.104834605597964, 0.2
1965, 12001.0, 5, 6.104272634791455, 0.2
1966, 12007.0, 6, 6.104219623792577, 0.2
1967, 12015.0, 8, 6.1051829268292686, 0.2
1968, 12019.0, 4, 6.1041137633316405, 0.2
1969, 12020.0, 1, 6.101522842639594, 0.2
1970, 12026.0, 6, 6.101471334348047, 0.2
1971, 12032.0, 6, 6.101419878296146, 0.2
1972, 12033.0, 1, 6.098834262544349, 0.2
1973, 12037.0, 4, 6.097771023302938, 0.2
1974, 12042.0, 5, 6.097215189873418, 0.2
1975, 12046.0, 4, 6.096153846153846, 0.2
1976, 12053.0, 7, 6.096611026808295, 0.2
1977, 12060.0, 7, 6.097067745197169, 0.2
1978, 12066.0, 6, 6.0970186963112685, 0.2
1979, 12072.0, 6, 6.096969696969697, 0.2
1980, 12078.0, 6, 6.096920747097426, 0.2
1981, 12084.0, 6, 6.096871846619576, 0.2
1982, 12090.0, 6, 6.096822995461422, 0.2
1983, 12095.0, 5, 6.096270161290323, 0.2
1984, 12102.0, 7, 6.096725440806045, 0.2
1985, 12107.0, 5, 6.096173212487412, 0.2
1986, 12112.0, 5, 6.0956215400100655, 0.2
1987, 12118.0, 6, 6.0955734406438635, 0.2
1988, 12123.0, 5, 6.095022624434389, 0.2
1989, 12128.0, 5, 6.0944723618090455, 0.2
1990, 12135.0, 7, 6.094927172275239, 0.2
1991, 12138.0, 3, 6.093373493975903, 0.2
1992, 12143.0, 5, 6.092824887104867, 0.2
1993, 12147.0, 4, 6.091775325977934, 0.2
1994, 12154.0, 7, 6.092230576441103, 0.2
1995, 12160.0, 6, 6.092184368737475, 0.2
1996, 12166.0, 6, 6.092138207310967, 0.2
1997, 12172.0, 6, 6.092092092092092, 0.2
1998, 12179.0, 7, 6.092546273136568, 0.2
1999, 12182.0, 3, 6.091, 0.2
