0, 8.0, 8, 8.0, 0.2
1, 16.0, 8, 8.0, 0.2
2, 24.0, 8, 8.0, 0.2
3, 32.0, 8, 8.0, 0.2
4, 40.0, 8, 8.0, 0.2
5, 48.0, 8, 8.0, 0.2
6, 56.0, 8, 8.0, 0.2
7, 64.0, 8, 8.0, 0.2
8, 72.0, 8, 8.0, 0.2
9, 80.0, 8, 8.0, 0.2
10, 88.0, 8, 8.0, 0.2
11, 96.0, 8, 8.0, 0.2
12, 104.0, 8, 8.0, 0.2
13, 112.0, 8, 8.0, 0.2
14, 120.0, 8, 8.0, 0.2
15, 128.0, 8, 8.0, 0.2
16, 136.0, 8, 8.0, 0.2
17, 144.0, 8, 8.0, 0.2
18, 152.0, 8, 8.0, 0.2
19, 160.0, 8, 8.0, 0.2
20, 168.0, 8, 8.0, 0.2
21, 176.0, 8, 8.0, 0.2
22, 184.0, 8, 8.0, 0.2
23, 192.0, 8, 8.0, 0.2
24, 200.0, 8, 8.0, 0.2
25, 208.0, 8, 8.0, 0.2
26, 216.0, 8, 8.0, 0.2
27, 224.0, 8, 8.0, 0.2
28, 232.0, 8, 8.0, 0.2
29, 240.0, 8, 8.0, 0.2
30, 248.0, 8, 8.0, 0.2
31, 256.0, 8, 8.0, 0.2
32, 264.0, 8, 8.0, 0.2
33, 272.0, 8, 8.0, 0.2
34, 280.0, 8, 8.0, 0.2
35, 288.0, 8, 8.0, 0.2
36, 296.0, 8, 8.0, 0.2
37, 304.0, 8, 8.0, 0.2
38, 312.0, 8, 8.0, 0.2
39, 320.0, 8, 8.0, 0.2
40, 328.0, 8, 8.0, 0.2
41, 336.0, 8, 8.0, 0.2
42, 344.0, 8, 8.0, 0.2
43, 352.0, 8, 8.0, 0.2
44, 360.0, 8, 8.0, 0.2
45, 368.0, 8, 8.0, 0.2
46, 376.0, 8, 8.0, 0.2
47, 384.0, 8, 8.0, 0.2
48, 392.0, 8, 8.0, 0.2
49, 400.0, 8, 8.0, 0.2
50, 408.0, 8, 8.0, 0.2
51, 416.0, 8, 8.0, 0.2
52, 424.0, 8, 8.0, 0.2
53, 432.0, 8, 8.0, 0.2
54, 440.0, 8, 8.0, 0.2
55, 448.0, 8, 8.0, 0.2
56, 456.0, 8, 8.0, 0.2
57, 464.0, 8, 8.0, 0.2
58, 472.0, 8, 8.0, 0.2
59, 480.0, 8, 8.0, 0.2
60, 488.0, 8, 8.0, 0.2
61, 496.0, 8, 8.0, 0.2
62, 504.0, 8, 8.0, 0.2
63, 512.0, 8, 8.0, 0.2
64, 520.0, 8, 8.0, 0.2
65, 528.0, 8, 8.0, 0.2
66, 536.0, 8, 8.0, 0.2
67, 544.0, 8, 8.0, 0.2
68, 552.0, 8, 8.0, 0.2
69, 560.0, 8, 8.0, 0.2
70, 568.0, 8, 8.0, 0.2
71, 576.0, 8, 8.0, 0.2
72, 584.0, 8, 8.0, 0.2
73, 592.0, 8, 8.0, 0.2
74, 600.0, 8, 8.0, 0.2
75, 608.0, 8, 8.0, 0.2
76, 616.0, 8, 8.0, 0.2
77, 624.0, 8, 8.0, 0.2
78, 632.0, 8, 8.0, 0.2
79, 640.0, 8, 8.0, 0.2
80, 648.0, 8, 8.0, 0.2
81, 656.0, 8, 8.0, 0.2
82, 664.0, 8, 8.0, 0.2
83, 672.0, 8, 8.0, 0.2
84, 680.0, 8, 8.0, 0.2
85, 688.0, 8, 8.0, 0.2
86, 696.0, 8, 8.0, 0.2
87, 704.0, 8, 8.0, 0.2
88, 712.0, 8, 8.0, 0.2
89, 720.0, 8, 8.0, 0.2
90, 728.0, 8, 8.0, 0.2
91, 736.0, 8, 8.0, 0.2
92, 744.0, 8, 8.0, 0.2
93, 752.0, 8, 8.0, 0.2
94, 760.0, 8, 8.0, 0.2
95, 768.0, 8, 8.0, 0.2
96, 776.0, 8, 8.0, 0.2
97, 784.0, 8, 8.0, 0.2
98, 792.0, 8, 8.0, 0.2
99, 800.0, 8, 8.0, 0.2
100, 808.0, 8, 8.0, 0.2
101, 816.0, 8, 8.0, 0.2
102, 824.0, 8, 8.0, 0.2
103, 832.0, 8, 8.0, 0.2
104, 840.0, 8, 8.0, 0.2
105, 848.0, 8, 8.0, 0.2
106, 856.0, 8, 8.0, 0.2
107, 864.0, 8, 8.0, 0.2
108, 872.0, 8, 8.0, 0.2
109, 880.0, 8, 8.0, 0.2
110, 888.0, 8, 8.0, 0.2
111, 896.0, 8, 8.0, 0.2
112, 904.0, 8, 8.0, 0.2
113, 912.0, 8, 8.0, 0.2
114, 920.0, 8, 8.0, 0.2
115, 928.0, 8, 8.0, 0.2
116, 936.0, 8, 8.0, 0.2
117, 944.0, 8, 8.0, 0.2
118, 952.0, 8, 8.0, 0.2
119, 960.0, 8, 8.0, 0.2
120, 968.0, 8, 8.0, 0.2
121, 976.0, 8, 8.0, 0.2
122, 984.0, 8, 8.0, 0.2
123, 992.0, 8, 8.0, 0.2
124, 1000.0, 8, 8.0, 0.2
125, 1008.0, 8, 8.0, 0.2
126, 1016.0, 8, 8.0, 0.2
127, 1024.0, 8, 8.0, 0.2
128, 1032.0, 8, 8.0, 0.2
129, 1040.0, 8, 8.0, 0.2
130, 1048.0, 8, 8.0, 0.2
131, 1056.0, 8, 8.0, 0.2
132, 1064.0, 8, 8.0, 0.2
133, 1072.0, 8, 8.0, 0.2
134, 1080.0, 8, 8.0, 0.2
135, 1088.0, 8, 8.0, 0.2
136, 1096.0, 8, 8.0, 0.2
137, 1104.0, 8, 8.0, 0.2
138, 1112.0, 8, 8.0, 0.2
139, 1120.0, 8, 8.0, 0.2
140, 1128.0, 8, 8.0, 0.2
141, 1136.0, 8, 8.0, 0.2
142, 1144.0, 8, 8.0, 0.2
143, 1152.0, 8, 8.0, 0.2
144, 1160.0, 8, 8.0, 0.2
145, 1168.0, 8, 8.0, 0.2
146, 1176.0, 8, 8.0, 0.2
147, 1184.0, 8, 8.0, 0.2
148, 1192.0, 8, 8.0, 0.2
149, 1200.0, 8, 8.0, 0.2
150, 1208.0, 8, 8.0, 0.2
151, 1216.0, 8, 8.0, 0.2
152, 1224.0, 8, 8.0, 0.2
153, 1232.0, 8, 8.0, 0.2
154, 1240.0, 8, 8.0, 0.2
155, 1248.0, 8, 8.0, 0.2
156, 1256.0, 8, 8.0, 0.2
157, 1264.0, 8, 8.0, 0.2
158, 1272.0, 8, 8.0, 0.2
159, 1280.0, 8, 8.0, 0.2
160, 1288.0, 8, 8.0, 0.2
161, 1296.0, 8, 8.0, 0.2
162, 1304.0, 8, 8.0, 0.2
163, 1312.0, 8, 8.0, 0.2
164, 1320.0, 8, 8.0, 0.2
165, 1328.0, 8, 8.0, 0.2
166, 1336.0, 8, 8.0, 0.2
167, 1344.0, 8, 8.0, 0.2
168, 1352.0, 8, 8.0, 0.2
169, 1360.0, 8, 8.0, 0.2
170, 1368.0, 8, 8.0, 0.2
171, 1376.0, 8, 8.0, 0.2
172, 1384.0, 8, 8.0, 0.2
173, 1392.0, 8, 8.0, 0.2
174, 1400.0, 8, 8.0, 0.2
175, 1408.0, 8, 8.0, 0.2
176, 1416.0, 8, 8.0, 0.2
177, 1424.0, 8, 8.0, 0.2
178, 1432.0, 8, 8.0, 0.2
179, 1440.0, 8, 8.0, 0.2
180, 1448.0, 8, 8.0, 0.2
181, 1456.0, 8, 8.0, 0.2
182, 1464.0, 8, 8.0, 0.2
183, 1472.0, 8, 8.0, 0.2
184, 1480.0, 8, 8.0, 0.2
185, 1488.0, 8, 8.0, 0.2
186, 1496.0, 8, 8.0, 0.2
187, 1504.0, 8, 8.0, 0.2
188, 1512.0, 8, 8.0, 0.2
189, 1520.0, 8, 8.0, 0.2
190, 1528.0, 8, 8.0, 0.2
191, 1536.0, 8, 8.0, 0.2
192, 1544.0, 8, 8.0, 0.2
193, 1552.0, 8, 8.0, 0.2
194, 1560.0, 8, 8.0, 0.2
195, 1568.0, 8, 8.0, 0.2
196, 1576.0, 8, 8.0, 0.2
197, 1584.0, 8, 8.0, 0.2
198, 1592.0, 8, 8.0, 0.2
199, 1600.0, 8, 8.0, 0.2
200, 1608.0, 8, 8.0, 0.2
201, 1616.0, 8, 8.0, 0.2
202, 1624.0, 8, 8.0, 0.2
203, 1632.0, 8, 8.0, 0.2
204, 1640.0, 8, 8.0, 0.2
205, 1648.0, 8, 8.0, 0.2
206, 1656.0, 8, 8.0, 0.2
207, 1664.0, 8, 8.0, 0.2
208, 1672.0, 8, 8.0, 0.2
209, 1680.0, 8, 8.0, 0.2
210, 1688.0, 8, 8.0, 0.2
211, 1696.0, 8, 8.0, 0.2
212, 1704.0, 8, 8.0, 0.2
213, 1712.0, 8, 8.0, 0.2
214, 1720.0, 8, 8.0, 0.2
215, 1728.0, 8, 8.0, 0.2
216, 1736.0, 8, 8.0, 0.2
217, 1744.0, 8, 8.0, 0.2
218, 1752.0, 8, 8.0, 0.2
219, 1760.0, 8, 8.0, 0.2
220, 1768.0, 8, 8.0, 0.2
221, 1776.0, 8, 8.0, 0.2
222, 1784.0, 8, 8.0, 0.2
223, 1792.0, 8, 8.0, 0.2
224, 1800.0, 8, 8.0, 0.2
225, 1808.0, 8, 8.0, 0.2
226, 1816.0, 8, 8.0, 0.2
227, 1824.0, 8, 8.0, 0.2
228, 1832.0, 8, 8.0, 0.2
229, 1840.0, 8, 8.0, 0.2
230, 1848.0, 8, 8.0, 0.2
231, 1856.0, 8, 8.0, 0.2
232, 1864.0, 8, 8.0, 0.2
233, 1872.0, 8, 8.0, 0.2
234, 1880.0, 8, 8.0, 0.2
235, 1888.0, 8, 8.0, 0.2
236, 1896.0, 8, 8.0, 0.2
237, 1904.0, 8, 8.0, 0.2
238, 1912.0, 8, 8.0, 0.2
239, 1920.0, 8, 8.0, 0.2
240, 1928.0, 8, 8.0, 0.2
241, 1936.0, 8, 8.0, 0.2
242, 1944.0, 8, 8.0, 0.2
243, 1952.0, 8, 8.0, 0.2
244, 1960.0, 8, 8.0, 0.2
245, 1968.0, 8, 8.0, 0.2
246, 1976.0, 8, 8.0, 0.2
247, 1984.0, 8, 8.0, 0.2
248, 1992.0, 8, 8.0, 0.2
249, 2000.0, 8, 8.0, 0.2
250, 2008.0, 8, 8.0, 0.2
251, 2016.0, 8, 8.0, 0.2
252, 2024.0, 8, 8.0, 0.2
253, 2032.0, 8, 8.0, 0.2
254, 2040.0, 8, 8.0, 0.2
255, 2048.0, 8, 8.0, 0.2
256, 2056.0, 8, 8.0, 0.2
257, 2064.0, 8, 8.0, 0.2
258, 2072.0, 8, 8.0, 0.2
259, 2080.0, 8, 8.0, 0.2
260, 2088.0, 8, 8.0, 0.2
261, 2096.0, 8, 8.0, 0.2
262, 2104.0, 8, 8.0, 0.2
263, 2112.0, 8, 8.0, 0.2
264, 2120.0, 8, 8.0, 0.2
265, 2128.0, 8, 8.0, 0.2
266, 2136.0, 8, 8.0, 0.2
267, 2144.0, 8, 8.0, 0.2
268, 2152.0, 8, 8.0, 0.2
269, 2160.0, 8, 8.0, 0.2
270, 2168.0, 8, 8.0, 0.2
271, 2176.0, 8, 8.0, 0.2
272, 2184.0, 8, 8.0, 0.2
273, 2192.0, 8, 8.0, 0.2
274, 2200.0, 8, 8.0, 0.2
275, 2208.0, 8, 8.0, 0.2
276, 2216.0, 8, 8.0, 0.2
277, 2224.0, 8, 8.0, 0.2
278, 2232.0, 8, 8.0, 0.2
279, 2240.0, 8, 8.0, 0.2
280, 2248.0, 8, 8.0, 0.2
281, 2256.0, 8, 8.0, 0.2
282, 2264.0, 8, 8.0, 0.2
283, 2272.0, 8, 8.0, 0.2
284, 2280.0, 8, 8.0, 0.2
285, 2288.0, 8, 8.0, 0.2
286, 2296.0, 8, 8.0, 0.2
287, 2304.0, 8, 8.0, 0.2
288, 2312.0, 8, 8.0, 0.2
289, 2320.0, 8, 8.0, 0.2
290, 2328.0, 8, 8.0, 0.2
291, 2336.0, 8, 8.0, 0.2
292, 2344.0, 8, 8.0, 0.2
293, 2352.0, 8, 8.0, 0.2
294, 2360.0, 8, 8.0, 0.2
295, 2368.0, 8, 8.0, 0.2
296, 2376.0, 8, 8.0, 0.2
297, 2384.0, 8, 8.0, 0.2
298, 2392.0, 8, 8.0, 0.2
299, 2400.0, 8, 8.0, 0.2
300, 2408.0, 8, 8.0, 0.2
301, 2416.0, 8, 8.0, 0.2
302, 2424.0, 8, 8.0, 0.2
303, 2432.0, 8, 8.0, 0.2
304, 2440.0, 8, 8.0, 0.2
305, 2448.0, 8, 8.0, 0.2
306, 2456.0, 8, 8.0, 0.2
307, 2464.0, 8, 8.0, 0.2
308, 2472.0, 8, 8.0, 0.2
309, 2480.0, 8, 8.0, 0.2
310, 2488.0, 8, 8.0, 0.2
311, 2496.0, 8, 8.0, 0.2
312, 2504.0, 8, 8.0, 0.2
313, 2512.0, 8, 8.0, 0.2
314, 2520.0, 8, 8.0, 0.2
315, 2528.0, 8, 8.0, 0.2
316, 2536.0, 8, 8.0, 0.2
317, 2544.0, 8, 8.0, 0.2
318, 2552.0, 8, 8.0, 0.2
319, 2560.0, 8, 8.0, 0.2
320, 2568.0, 8, 8.0, 0.2
321, 2576.0, 8, 8.0, 0.2
322, 2584.0, 8, 8.0, 0.2
323, 2592.0, 8, 8.0, 0.2
324, 2600.0, 8, 8.0, 0.2
325, 2608.0, 8, 8.0, 0.2
326, 2616.0, 8, 8.0, 0.2
327, 2624.0, 8, 8.0, 0.2
328, 2632.0, 8, 8.0, 0.2
329, 2640.0, 8, 8.0, 0.2
330, 2648.0, 8, 8.0, 0.2
331, 2656.0, 8, 8.0, 0.2
332, 2664.0, 8, 8.0, 0.2
333, 2672.0, 8, 8.0, 0.2
334, 2680.0, 8, 8.0, 0.2
335, 2688.0, 8, 8.0, 0.2
336, 2696.0, 8, 8.0, 0.2
337, 2704.0, 8, 8.0, 0.2
338, 2712.0, 8, 8.0, 0.2
339, 2720.0, 8, 8.0, 0.2
340, 2728.0, 8, 8.0, 0.2
341, 2736.0, 8, 8.0, 0.2
342, 2744.0, 8, 8.0, 0.2
343, 2752.0, 8, 8.0, 0.2
344, 2760.0, 8, 8.0, 0.2
345, 2768.0, 8, 8.0, 0.2
346, 2776.0, 8, 8.0, 0.2
347, 2784.0, 8, 8.0, 0.2
348, 2792.0, 8, 8.0, 0.2
349, 2800.0, 8, 8.0, 0.2
350, 2808.0, 8, 8.0, 0.2
351, 2816.0, 8, 8.0, 0.2
352, 2824.0, 8, 8.0, 0.2
353, 2832.0, 8, 8.0, 0.2
354, 2840.0, 8, 8.0, 0.2
355, 2848.0, 8, 8.0, 0.2
356, 2856.0, 8, 8.0, 0.2
357, 2864.0, 8, 8.0, 0.2
358, 2872.0, 8, 8.0, 0.2
359, 2880.0, 8, 8.0, 0.2
360, 2888.0, 8, 8.0, 0.2
361, 2896.0, 8, 8.0, 0.2
362, 2904.0, 8, 8.0, 0.2
363, 2912.0, 8, 8.0, 0.2
364, 2920.0, 8, 8.0, 0.2
365, 2928.0, 8, 8.0, 0.2
366, 2936.0, 8, 8.0, 0.2
367, 2944.0, 8, 8.0, 0.2
368, 2952.0, 8, 8.0, 0.2
369, 2960.0, 8, 8.0, 0.2
370, 2968.0, 8, 8.0, 0.2
371, 2976.0, 8, 8.0, 0.2
372, 2984.0, 8, 8.0, 0.2
373, 2992.0, 8, 8.0, 0.2
374, 3000.0, 8, 8.0, 0.2
375, 3008.0, 8, 8.0, 0.2
376, 3016.0, 8, 8.0, 0.2
377, 3024.0, 8, 8.0, 0.2
378, 3032.0, 8, 8.0, 0.2
379, 3040.0, 8, 8.0, 0.2
380, 3048.0, 8, 8.0, 0.2
381, 3056.0, 8, 8.0, 0.2
382, 3064.0, 8, 8.0, 0.2
383, 3072.0, 8, 8.0, 0.2
384, 3080.0, 8, 8.0, 0.2
385, 3088.0, 8, 8.0, 0.2
386, 3096.0, 8, 8.0, 0.2
387, 3104.0, 8, 8.0, 0.2
388, 3112.0, 8, 8.0, 0.2
389, 3120.0, 8, 8.0, 0.2
390, 3128.0, 8, 8.0, 0.2
391, 3136.0, 8, 8.0, 0.2
392, 3144.0, 8, 8.0, 0.2
393, 3152.0, 8, 8.0, 0.2
394, 3160.0, 8, 8.0, 0.2
395, 3168.0, 8, 8.0, 0.2
396, 3176.0, 8, 8.0, 0.2
397, 3184.0, 8, 8.0, 0.2
398, 3192.0, 8, 8.0, 0.2
399, 3200.0, 8, 8.0, 0.2
400, 3208.0, 8, 8.0, 0.2
401, 3216.0, 8, 8.0, 0.2
402, 3224.0, 8, 8.0, 0.2
403, 3232.0, 8, 8.0, 0.2
404, 3240.0, 8, 8.0, 0.2
405, 3248.0, 8, 8.0, 0.2
406, 3256.0, 8, 8.0, 0.2
407, 3264.0, 8, 8.0, 0.2
408, 3272.0, 8, 8.0, 0.2
409, 3280.0, 8, 8.0, 0.2
410, 3288.0, 8, 8.0, 0.2
411, 3296.0, 8, 8.0, 0.2
412, 3304.0, 8, 8.0, 0.2
413, 3312.0, 8, 8.0, 0.2
414, 3320.0, 8, 8.0, 0.2
415, 3328.0, 8, 8.0, 0.2
416, 3336.0, 8, 8.0, 0.2
417, 3344.0, 8, 8.0, 0.2
418, 3352.0, 8, 8.0, 0.2
419, 3360.0, 8, 8.0, 0.2
420, 3368.0, 8, 8.0, 0.2
421, 3376.0, 8, 8.0, 0.2
422, 3384.0, 8, 8.0, 0.2
423, 3392.0, 8, 8.0, 0.2
424, 3400.0, 8, 8.0, 0.2
425, 3408.0, 8, 8.0, 0.2
426, 3416.0, 8, 8.0, 0.2
427, 3424.0, 8, 8.0, 0.2
428, 3432.0, 8, 8.0, 0.2
429, 3440.0, 8, 8.0, 0.2
430, 3448.0, 8, 8.0, 0.2
431, 3456.0, 8, 8.0, 0.2
432, 3464.0, 8, 8.0, 0.2
433, 3472.0, 8, 8.0, 0.2
434, 3480.0, 8, 8.0, 0.2
435, 3488.0, 8, 8.0, 0.2
436, 3496.0, 8, 8.0, 0.2
437, 3504.0, 8, 8.0, 0.2
438, 3512.0, 8, 8.0, 0.2
439, 3520.0, 8, 8.0, 0.2
440, 3528.0, 8, 8.0, 0.2
441, 3536.0, 8, 8.0, 0.2
442, 3544.0, 8, 8.0, 0.2
443, 3552.0, 8, 8.0, 0.2
444, 3560.0, 8, 8.0, 0.2
445, 3568.0, 8, 8.0, 0.2
446, 3576.0, 8, 8.0, 0.2
447, 3584.0, 8, 8.0, 0.2
448, 3592.0, 8, 8.0, 0.2
449, 3600.0, 8, 8.0, 0.2
450, 3608.0, 8, 8.0, 0.2
451, 3616.0, 8, 8.0, 0.2
452, 3624.0, 8, 8.0, 0.2
453, 3632.0, 8, 8.0, 0.2
454, 3640.0, 8, 8.0, 0.2
455, 3646.0, 6, 7.995614035087719, 0.2
456, 3653.0, 7, 7.993435448577681, 0.2
457, 3661.0, 8, 7.993449781659389, 0.2
458, 3669.0, 8, 7.993464052287582, 0.2
459, 3674.0, 5, 7.98695652173913, 0.2
460, 3680.0, 6, 7.982646420824295, 0.2
461, 3687.0, 7, 7.98051948051948, 0.2
462, 3693.0, 6, 7.976241900647948, 0.2
463, 3699.0, 6, 7.9719827586206895, 0.2
464, 3706.0, 7, 7.969892473118279, 0.2
465, 3713.0, 7, 7.967811158798283, 0.2
466, 3720.0, 7, 7.965738758029978, 0.2
467, 3728.0, 8, 7.965811965811966, 0.2
468, 3729.0, 1, 7.950959488272921, 0.2
469, 3735.0, 6, 7.946808510638298, 0.2
470, 3743.0, 8, 7.946921443736731, 0.2
471, 3751.0, 8, 7.947033898305085, 0.2
472, 3757.0, 6, 7.94291754756871, 0.2
473, 3761.0, 4, 7.934599156118144, 0.2
474, 3767.0, 6, 7.930526315789474, 0.2
475, 3775.0, 8, 7.930672268907563, 0.2
476, 3781.0, 6, 7.926624737945493, 0.2
477, 3788.0, 7, 7.924686192468619, 0.2
478, 3793.0, 5, 7.918580375782881, 0.2
479, 3800.0, 7, 7.916666666666667, 0.2
480, 3807.0, 7, 7.914760914760914, 0.2
481, 3813.0, 6, 7.910788381742739, 0.2
482, 3820.0, 7, 7.908902691511387, 0.2
483, 3826.0, 6, 7.904958677685951, 0.2
484, 3834.0, 8, 7.905154639175258, 0.2
485, 3840.0, 6, 7.901234567901234, 0.2
486, 3845.0, 5, 7.895277207392197, 0.2
487, 3851.0, 6, 7.891393442622951, 0.2
488, 3859.0, 8, 7.89161554192229, 0.2
489, 3867.0, 8, 7.891836734693878, 0.2
490, 3872.0, 5, 7.885947046843177, 0.2
491, 3879.0, 7, 7.884146341463414, 0.2
492, 3883.0, 4, 7.876267748478702, 0.2
493, 3889.0, 6, 7.872469635627531, 0.2
494, 3897.0, 8, 7.872727272727273, 0.2
495, 3903.0, 6, 7.868951612903226, 0.2
496, 3911.0, 8, 7.869215291750503, 0.2
497, 3917.0, 6, 7.865461847389558, 0.2
498, 3923.0, 6, 7.861723446893787, 0.2
499, 3930.0, 7, 7.86, 0.2
500, 3938.0, 8, 7.860279441117765, 0.2
501, 3944.0, 6, 7.856573705179283, 0.2
502, 3949.0, 5, 7.850894632206759, 0.2
503, 3956.0, 7, 7.849206349206349, 0.2
504, 3964.0, 8, 7.849504950495049, 0.2
505, 3970.0, 6, 7.845849802371541, 0.2
506, 3971.0, 1, 7.832347140039448, 0.2
507, 3977.0, 6, 7.828740157480315, 0.2
508, 3984.0, 7, 7.827111984282908, 0.2
509, 3990.0, 6, 7.823529411764706, 0.2
510, 3997.0, 7, 7.821917808219178, 0.2
511, 4004.0, 7, 7.8203125, 0.2
512, 4011.0, 7, 7.818713450292398, 0.2
513, 4019.0, 8, 7.819066147859922, 0.2
514, 4027.0, 8, 7.819417475728155, 0.2
515, 4032.0, 5, 7.813953488372093, 0.2
516, 4037.0, 5, 7.808510638297872, 0.2
517, 4045.0, 8, 7.808880308880309, 0.2
518, 4052.0, 7, 7.807321772639692, 0.2
519, 4059.0, 7, 7.805769230769231, 0.2
520, 4064.0, 5, 7.800383877159309, 0.2
521, 4071.0, 7, 7.7988505747126435, 0.2
522, 4079.0, 8, 7.7992351816443595, 0.2
523, 4083.0, 4, 7.791984732824427, 0.2
524, 4089.0, 6, 7.788571428571428, 0.2
525, 4096.0, 7, 7.787072243346008, 0.2
526, 4103.0, 7, 7.785578747628083, 0.2
527, 4110.0, 7, 7.784090909090909, 0.2
528, 4116.0, 6, 7.780718336483932, 0.2
529, 4122.0, 6, 7.777358490566038, 0.2
530, 4128.0, 6, 7.7740112994350286, 0.2
531, 4134.0, 6, 7.7706766917293235, 0.2
532, 4140.0, 6, 7.767354596622889, 0.2
533, 4146.0, 6, 7.764044943820225, 0.2
534, 4152.0, 6, 7.760747663551402, 0.2
535, 4160.0, 8, 7.7611940298507465, 0.2
536, 4166.0, 6, 7.757914338919925, 0.2
537, 4174.0, 8, 7.758364312267658, 0.2
538, 4181.0, 7, 7.7569573283859, 0.2
539, 4186.0, 5, 7.7518518518518515, 0.2
540, 4190.0, 4, 7.744916820702403, 0.2
541, 4196.0, 6, 7.74169741697417, 0.2
542, 4202.0, 6, 7.738489871086556, 0.2
543, 4209.0, 7, 7.737132352941177, 0.2
544, 4214.0, 5, 7.732110091743119, 0.2
545, 4218.0, 4, 7.725274725274725, 0.2
546, 4224.0, 6, 7.7221206581352835, 0.2
547, 4229.0, 5, 7.717153284671533, 0.2
548, 4233.0, 4, 7.7103825136612025, 0.2
549, 4240.0, 7, 7.709090909090909, 0.2
550, 4245.0, 5, 7.704174228675136, 0.2
551, 4251.0, 6, 7.701086956521739, 0.2
552, 4256.0, 5, 7.69620253164557, 0.2
553, 4263.0, 7, 7.694945848375451, 0.2
554, 4270.0, 7, 7.693693693693693, 0.2
555, 4277.0, 7, 7.692446043165468, 0.2
556, 4285.0, 8, 7.692998204667863, 0.2
557, 4285.0, 0, 7.67921146953405, 0.2
558, 4291.0, 6, 7.6762075134168155, 0.2
559, 4297.0, 6, 7.673214285714286, 0.2
560, 4304.0, 7, 7.672014260249554, 0.2
561, 4310.0, 6, 7.669039145907473, 0.2
562, 4317.0, 7, 7.66785079928952, 0.2
563, 4324.0, 7, 7.666666666666667, 0.2
564, 4332.0, 8, 7.667256637168141, 0.2
565, 4340.0, 8, 7.667844522968198, 0.2
566, 4345.0, 5, 7.663139329805997, 0.2
567, 4351.0, 6, 7.660211267605634, 0.2
568, 4354.0, 3, 7.6520210896309315, 0.2
569, 4361.0, 7, 7.650877192982456, 0.2
570, 4365.0, 4, 7.644483362521892, 0.2
571, 4372.0, 7, 7.643356643356643, 0.2
572, 4378.0, 6, 7.640488656195463, 0.2
573, 4383.0, 5, 7.63588850174216, 0.2
574, 4384.0, 1, 7.624347826086956, 0.2
575, 4391.0, 7, 7.623263888888889, 0.2
576, 4396.0, 5, 7.618717504332755, 0.2
577, 4401.0, 5, 7.614186851211072, 0.2
578, 4408.0, 7, 7.613126079447323, 0.2
579, 4415.0, 7, 7.612068965517241, 0.2
580, 4422.0, 7, 7.611015490533563, 0.2
581, 4429.0, 7, 7.609965635738831, 0.2
582, 4436.0, 7, 7.608919382504288, 0.2
583, 4441.0, 5, 7.60445205479452, 0.2
584, 4444.0, 3, 7.596581196581196, 0.2
585, 4449.0, 5, 7.592150170648464, 0.2
586, 4449.0, 0, 7.579216354344123, 0.2
587, 4455.0, 6, 7.576530612244898, 0.2
588, 4462.0, 7, 7.5755517826825125, 0.2
589, 4467.0, 5, 7.571186440677966, 0.2
590, 4471.0, 4, 7.565143824027073, 0.2
591, 4478.0, 7, 7.5641891891891895, 0.2
592, 4485.0, 7, 7.5632377740303545, 0.2
593, 4491.0, 6, 7.5606060606060606, 0.2
594, 4498.0, 7, 7.559663865546218, 0.2
595, 4504.0, 6, 7.557046979865772, 0.2
596, 4510.0, 6, 7.5544388609715245, 0.2
597, 4516.0, 6, 7.551839464882943, 0.2
598, 4522.0, 6, 7.549248747913189, 0.2
599, 4525.0, 3, 7.541666666666667, 0.2
600, 4529.0, 4, 7.5357737104825295, 0.2
601, 4537.0, 8, 7.5365448504983386, 0.2
602, 4544.0, 7, 7.535655058043118, 0.2
603, 4551.0, 7, 7.53476821192053, 0.2
604, 4557.0, 6, 7.532231404958678, 0.2
605, 4565.0, 8, 7.533003300330033, 0.2
606, 4566.0, 1, 7.522240527182866, 0.2
607, 4571.0, 5, 7.5180921052631575, 0.2
608, 4576.0, 5, 7.513957307060755, 0.2
609, 4582.0, 6, 7.511475409836065, 0.2
610, 4588.0, 6, 7.509001636661211, 0.2
611, 4594.0, 6, 7.506535947712418, 0.2
612, 4600.0, 6, 7.504078303425775, 0.2
613, 4606.0, 6, 7.501628664495114, 0.2
614, 4612.0, 6, 7.4991869918699186, 0.2
615, 4617.0, 5, 7.49512987012987, 0.2
616, 4622.0, 5, 7.491085899513776, 0.2
617, 4629.0, 7, 7.490291262135922, 0.2
618, 4635.0, 6, 7.487883683360258, 0.2
619, 4638.0, 3, 7.480645161290322, 0.2
620, 4644.0, 6, 7.478260869565218, 0.2
621, 4652.0, 8, 7.479099678456592, 0.2
622, 4658.0, 6, 7.476725521669342, 0.2
623, 4665.0, 7, 7.475961538461538, 0.2
624, 4671.0, 6, 7.4736, 0.2
625, 4678.0, 7, 7.472843450479234, 0.2
626, 4685.0, 7, 7.4720893141945774, 0.2
627, 4691.0, 6, 7.469745222929936, 0.2
628, 4699.0, 8, 7.470588235294118, 0.2
629, 4705.0, 6, 7.468253968253968, 0.2
630, 4709.0, 4, 7.462757527733756, 0.2
631, 4715.0, 6, 7.4604430379746836, 0.2
632, 4722.0, 7, 7.459715639810427, 0.2
633, 4728.0, 6, 7.457413249211356, 0.2
634, 4734.0, 6, 7.455118110236221, 0.2
635, 4739.0, 5, 7.45125786163522, 0.2
636, 4746.0, 7, 7.450549450549451, 0.2
637, 4753.0, 7, 7.4498432601880875, 0.2
638, 4760.0, 7, 7.449139280125196, 0.2
639, 4768.0, 8, 7.45, 0.2
640, 4775.0, 7, 7.4492979719188765, 0.2
641, 4779.0, 4, 7.44392523364486, 0.2
642, 4786.0, 7, 7.443234836702955, 0.2
643, 4794.0, 8, 7.444099378881988, 0.2
644, 4801.0, 7, 7.443410852713178, 0.2
645, 4807.0, 6, 7.4411764705882355, 0.2
646, 4815.0, 8, 7.442040185471407, 0.2
647, 4820.0, 5, 7.438271604938271, 0.2
648, 4825.0, 5, 7.434514637904468, 0.2
649, 4828.0, 3, 7.427692307692308, 0.2
650, 4834.0, 6, 7.425499231950845, 0.2
651, 4840.0, 6, 7.423312883435583, 0.2
652, 4847.0, 7, 7.422664624808576, 0.2
653, 4854.0, 7, 7.422018348623853, 0.2
654, 4861.0, 7, 7.421374045801527, 0.2
655, 4868.0, 7, 7.420731707317073, 0.2
656, 4875.0, 7, 7.420091324200913, 0.2
657, 4881.0, 6, 7.4179331306990886, 0.2
658, 4888.0, 7, 7.417298937784522, 0.2
659, 4895.0, 7, 7.416666666666667, 0.2
660, 4901.0, 6, 7.414523449319213, 0.2
661, 4906.0, 5, 7.410876132930514, 0.2
662, 4912.0, 6, 7.408748114630468, 0.2
663, 4919.0, 7, 7.408132530120482, 0.2
664, 4927.0, 8, 7.409022556390977, 0.2
665, 4932.0, 5, 7.405405405405405, 0.2
666, 4937.0, 5, 7.401799100449775, 0.2
667, 4941.0, 4, 7.3967065868263475, 0.2
668, 4949.0, 8, 7.3976083707025415, 0.2
669, 4957.0, 8, 7.398507462686567, 0.2
670, 4964.0, 7, 7.397913561847988, 0.2
671, 4972.0, 8, 7.398809523809524, 0.2
672, 4980.0, 8, 7.399702823179792, 0.2
673, 4986.0, 6, 7.397626112759644, 0.2
674, 4990.0, 4, 7.392592592592592, 0.2
675, 4997.0, 7, 7.3920118343195265, 0.2
676, 4997.0, 0, 7.38109305760709, 0.2
677, 5004.0, 7, 7.380530973451328, 0.2
678, 5009.0, 5, 7.377025036818852, 0.2
679, 5017.0, 8, 7.377941176470588, 0.2
680, 5023.0, 6, 7.375917767988253, 0.2
681, 5029.0, 6, 7.373900293255132, 0.2
682, 5035.0, 6, 7.3718887262079065, 0.2
683, 5043.0, 8, 7.37280701754386, 0.2
684, 5051.0, 8, 7.3737226277372265, 0.2
685, 5058.0, 7, 7.373177842565598, 0.2
686, 5064.0, 6, 7.37117903930131, 0.2
687, 5071.0, 7, 7.370639534883721, 0.2
688, 5075.0, 4, 7.365747460087083, 0.2
689, 5081.0, 6, 7.363768115942029, 0.2
690, 5089.0, 8, 7.364688856729377, 0.2
691, 5095.0, 6, 7.36271676300578, 0.2
692, 5102.0, 7, 7.362193362193362, 0.2
693, 5106.0, 4, 7.357348703170029, 0.2
694, 5111.0, 5, 7.353956834532374, 0.2
695, 5119.0, 8, 7.3548850574712645, 0.2
696, 5127.0, 8, 7.355810616929698, 0.2
697, 5134.0, 7, 7.355300859598854, 0.2
698, 5139.0, 5, 7.351931330472103, 0.2
699, 5146.0, 7, 7.351428571428571, 0.2
700, 5153.0, 7, 7.3509272467903, 0.2
701, 5160.0, 7, 7.35042735042735, 0.2
702, 5167.0, 7, 7.3499288762446655, 0.2
703, 5175.0, 8, 7.3508522727272725, 0.2
704, 5181.0, 6, 7.348936170212766, 0.2
705, 5186.0, 5, 7.3456090651558075, 0.2
706, 5190.0, 4, 7.3408769448373405, 0.2
707, 5197.0, 7, 7.340395480225989, 0.2
708, 5204.0, 7, 7.339915373765868, 0.2
709, 5212.0, 8, 7.340845070422535, 0.2
710, 5218.0, 6, 7.338959212376934, 0.2
711, 5225.0, 7, 7.338483146067416, 0.2
712, 5232.0, 7, 7.338008415147265, 0.2
713, 5239.0, 7, 7.337535014005602, 0.2
714, 5247.0, 8, 7.338461538461538, 0.2
715, 5252.0, 5, 7.335195530726257, 0.2
716, 5256.0, 4, 7.330543933054393, 0.2
717, 5262.0, 6, 7.328690807799443, 0.2
718, 5263.0, 1, 7.319888734353269, 0.2
719, 5271.0, 8, 7.320833333333334, 0.2
720, 5277.0, 6, 7.319001386962552, 0.2
721, 5285.0, 8, 7.31994459833795, 0.2
722, 5288.0, 3, 7.313969571230982, 0.2
723, 5296.0, 8, 7.314917127071824, 0.2
724, 5303.0, 7, 7.31448275862069, 0.2
725, 5307.0, 4, 7.309917355371901, 0.2
726, 5307.0, 0, 7.299862448418157, 0.2
727, 5313.0, 6, 7.298076923076923, 0.2
728, 5319.0, 6, 7.296296296296297, 0.2
729, 5326.0, 7, 7.295890410958904, 0.2
730, 5327.0, 1, 7.287277701778386, 0.2
731, 5332.0, 5, 7.284153005464481, 0.2
732, 5338.0, 6, 7.282401091405184, 0.2
733, 5339.0, 1, 7.273841961852861, 0.2
734, 5346.0, 7, 7.273469387755102, 0.2
735, 5353.0, 7, 7.273097826086956, 0.2
736, 5360.0, 7, 7.2727272727272725, 0.2
737, 5367.0, 7, 7.272357723577236, 0.2
738, 5374.0, 7, 7.2719891745602165, 0.2
739, 5378.0, 4, 7.267567567567568, 0.2
740, 5385.0, 7, 7.267206477732794, 0.2
741, 5392.0, 7, 7.2668463611859835, 0.2
742, 5396.0, 4, 7.262449528936743, 0.2
743, 5403.0, 7, 7.262096774193548, 0.2
744, 5409.0, 6, 7.260402684563759, 0.2
745, 5416.0, 7, 7.2600536193029495, 0.2
746, 5422.0, 6, 7.258366800535475, 0.2
747, 5429.0, 7, 7.258021390374331, 0.2
748, 5436.0, 7, 7.257676902536716, 0.2
749, 5441.0, 5, 7.254666666666667, 0.2
750, 5448.0, 7, 7.254327563249001, 0.2
751, 5452.0, 4, 7.25, 0.2
752, 5459.0, 7, 7.249667994687915, 0.2
753, 5461.0, 2, 7.242705570291777, 0.2
754, 5467.0, 6, 7.241059602649007, 0.2
755, 5473.0, 6, 7.23941798941799, 0.2
756, 5478.0, 5, 7.236459709379128, 0.2
757, 5484.0, 6, 7.2348284960422165, 0.2
758, 5488.0, 4, 7.230566534914361, 0.2
759, 5495.0, 7, 7.230263157894737, 0.2
760, 5503.0, 8, 7.231274638633377, 0.2
761, 5505.0, 2, 7.224409448818897, 0.2
762, 5512.0, 7, 7.224115334207077, 0.2
763, 5517.0, 5, 7.221204188481676, 0.2
764, 5525.0, 8, 7.222222222222222, 0.2
765, 5533.0, 8, 7.223237597911227, 0.2
766, 5539.0, 6, 7.2216427640156455, 0.2
767, 5546.0, 7, 7.221354166666667, 0.2
768, 5550.0, 4, 7.217165149544863, 0.2
769, 5555.0, 5, 7.214285714285714, 0.2
770, 5560.0, 5, 7.211413748378729, 0.2
771, 5566.0, 6, 7.209844559585492, 0.2
772, 5574.0, 8, 7.2108667529107375, 0.2
773, 5581.0, 7, 7.210594315245478, 0.2
774, 5588.0, 7, 7.210322580645161, 0.2
775, 5595.0, 7, 7.210051546391752, 0.2
776, 5603.0, 8, 7.211068211068211, 0.2
777, 5609.0, 6, 7.209511568123394, 0.2
778, 5616.0, 7, 7.2092426187419765, 0.2
779, 5620.0, 4, 7.205128205128205, 0.2
780, 5625.0, 5, 7.202304737516005, 0.2
781, 5631.0, 6, 7.20076726342711, 0.2
782, 5636.0, 5, 7.197956577266922, 0.2
783, 5643.0, 7, 7.197704081632653, 0.2
784, 5649.0, 6, 7.196178343949045, 0.2
785, 5654.0, 5, 7.193384223918575, 0.2
786, 5654.0, 0, 7.184243964421855, 0.2
787, 5660.0, 6, 7.182741116751269, 0.2
788, 5662.0, 2, 7.17617237008872, 0.2
789, 5670.0, 8, 7.177215189873418, 0.2
790, 5676.0, 6, 7.175726927939317, 0.2
791, 5683.0, 7, 7.17550505050505, 0.2
792, 5687.0, 4, 7.171500630517024, 0.2
793, 5693.0, 6, 7.170025188916877, 0.2
794, 5699.0, 6, 7.168553459119497, 0.2
795, 5704.0, 5, 7.165829145728643, 0.2
796, 5711.0, 7, 7.165621079046424, 0.2
797, 5715.0, 4, 7.161654135338346, 0.2
798, 5722.0, 7, 7.16145181476846, 0.2
799, 5726.0, 4, 7.1575, 0.2
800, 5734.0, 8, 7.158551810237204, 0.2
801, 5740.0, 6, 7.157107231920199, 0.2
802, 5744.0, 4, 7.153175591531756, 0.2
803, 5750.0, 6, 7.151741293532338, 0.2
804, 5756.0, 6, 7.150310559006211, 0.2
805, 5761.0, 5, 7.147642679900744, 0.2
806, 5769.0, 8, 7.148698884758364, 0.2
807, 5770.0, 1, 7.141089108910891, 0.2
808, 5778.0, 8, 7.142150803461063, 0.2
809, 5784.0, 6, 7.140740740740741, 0.2
810, 5789.0, 5, 7.1381011097410605, 0.2
811, 5795.0, 6, 7.136699507389163, 0.2
812, 5801.0, 6, 7.1353013530135305, 0.2
813, 5808.0, 7, 7.135135135135135, 0.2
814, 5813.0, 5, 7.132515337423313, 0.2
815, 5817.0, 4, 7.1286764705882355, 0.2
816, 5824.0, 7, 7.128518971848226, 0.2
817, 5828.0, 4, 7.124694376528117, 0.2
818, 5835.0, 7, 7.124542124542124, 0.2
819, 5841.0, 6, 7.123170731707317, 0.2
820, 5848.0, 7, 7.123020706455542, 0.2
821, 5855.0, 7, 7.122871046228711, 0.2
822, 5859.0, 4, 7.119076549210207, 0.2
823, 5866.0, 7, 7.118932038834951, 0.2
824, 5870.0, 4, 7.115151515151515, 0.2
825, 5874.0, 4, 7.11138014527845, 0.2
826, 5878.0, 4, 7.107617896009674, 0.2
827, 5885.0, 7, 7.107487922705314, 0.2
828, 5889.0, 4, 7.103739445114596, 0.2
829, 5895.0, 6, 7.102409638554217, 0.2
830, 5901.0, 6, 7.101083032490974, 0.2
831, 5906.0, 5, 7.0985576923076925, 0.2
832, 5912.0, 6, 7.097238895558223, 0.2
833, 5919.0, 7, 7.097122302158273, 0.2
834, 5925.0, 6, 7.095808383233533, 0.2
835, 5933.0, 8, 7.09688995215311, 0.2
836, 5941.0, 8, 7.0979689366786145, 0.2
837, 5947.0, 6, 7.0966587112171835, 0.2
838, 5953.0, 6, 7.095351609058403, 0.2
839, 5961.0, 8, 7.0964285714285715, 0.2
840, 5969.0, 8, 7.097502972651605, 0.2
841, 5975.0, 6, 7.096199524940618, 0.2
842, 5981.0, 6, 7.094899169632265, 0.2
843, 5988.0, 7, 7.0947867298578196, 0.2
844, 5992.0, 4, 7.09112426035503, 0.2
845, 5997.0, 5, 7.088652482269503, 0.2
846, 6003.0, 6, 7.087367178276269, 0.2
847, 6009.0, 6, 7.086084905660377, 0.2
848, 6014.0, 5, 7.083627797408716, 0.2
849, 6021.0, 7, 7.083529411764706, 0.2
850, 6028.0, 7, 7.083431257344301, 0.2
851, 6035.0, 7, 7.083333333333333, 0.2
852, 6040.0, 5, 7.080890973036342, 0.2
853, 6040.0, 0, 7.072599531615925, 0.2
854, 6046.0, 6, 7.071345029239766, 0.2
855, 6052.0, 6, 7.070093457943925, 0.2
856, 6059.0, 7, 7.070011668611436, 0.2
857, 6064.0, 5, 7.067599067599067, 0.2
858, 6069.0, 5, 7.065192083818394, 0.2
859, 6072.0, 3, 7.06046511627907, 0.2
860, 6079.0, 7, 7.060394889663183, 0.2
861, 6086.0, 7, 7.060324825986079, 0.2
862, 6091.0, 5, 7.057937427578215, 0.2
863, 6098.0, 7, 7.05787037037037, 0.2
864, 6102.0, 4, 7.054335260115607, 0.2
865, 6107.0, 5, 7.051963048498846, 0.2
866, 6113.0, 6, 7.050749711649366, 0.2
867, 6114.0, 1, 7.043778801843318, 0.2
868, 6121.0, 7, 7.043728423475259, 0.2
869, 6128.0, 7, 7.04367816091954, 0.2
870, 6136.0, 8, 7.044776119402985, 0.2
871, 6142.0, 6, 7.043577981651376, 0.2
872, 6146.0, 4, 7.040091638029782, 0.2
873, 6150.0, 4, 7.036613272311213, 0.2
874, 6156.0, 6, 7.035428571428572, 0.2
875, 6163.0, 7, 7.0353881278538815, 0.2
876, 6170.0, 7, 7.035347776510832, 0.2
877, 6175.0, 5, 7.033029612756264, 0.2
878, 6182.0, 7, 7.032992036405005, 0.2
879, 6189.0, 7, 7.032954545454546, 0.2
880, 6197.0, 8, 7.0340522133938705, 0.2
881, 6202.0, 5, 7.031746031746032, 0.2
882, 6206.0, 4, 7.028312570781427, 0.2
883, 6211.0, 5, 7.026018099547511, 0.2
884, 6216.0, 5, 7.023728813559322, 0.2
885, 6217.0, 1, 7.016930022573363, 0.2
886, 6219.0, 2, 7.011273957158963, 0.2
887, 6226.0, 7, 7.011261261261262, 0.2
888, 6230.0, 4, 7.0078740157480315, 0.2
889, 6237.0, 7, 7.007865168539326, 0.2
890, 6244.0, 7, 7.007856341189674, 0.2
891, 6250.0, 6, 7.006726457399103, 0.2
892, 6256.0, 6, 7.005599104143337, 0.2
893, 6257.0, 1, 6.998881431767338, 0.2
894, 6262.0, 5, 6.996648044692737, 0.2
895, 6264.0, 2, 6.991071428571429, 0.2
896, 6270.0, 6, 6.989966555183947, 0.2
897, 6277.0, 7, 6.989977728285078, 0.2
898, 6280.0, 3, 6.985539488320356, 0.2
899, 6288.0, 8, 6.986666666666666, 0.2
900, 6295.0, 7, 6.986681465038846, 0.2
901, 6298.0, 3, 6.982261640798226, 0.2
902, 6304.0, 6, 6.981173864894795, 0.2
903, 6310.0, 6, 6.980088495575221, 0.2
904, 6318.0, 8, 6.98121546961326, 0.2
905, 6325.0, 7, 6.981236203090508, 0.2
906, 6331.0, 6, 6.980154355016538, 0.2
907, 6337.0, 6, 6.979074889867841, 0.2
908, 6342.0, 5, 6.976897689768977, 0.2
909, 6348.0, 6, 6.975824175824176, 0.2
910, 6355.0, 7, 6.9758507135016465, 0.2
911, 6360.0, 5, 6.973684210526316, 0.2
912, 6368.0, 8, 6.974808324205915, 0.2
913, 6376.0, 8, 6.975929978118162, 0.2
914, 6383.0, 7, 6.975956284153005, 0.2
915, 6389.0, 6, 6.974890829694323, 0.2
916, 6397.0, 8, 6.9760087241003275, 0.2
917, 6403.0, 6, 6.974945533769064, 0.2
918, 6409.0, 6, 6.973884657236126, 0.2
919, 6416.0, 7, 6.973913043478261, 0.2
920, 6422.0, 6, 6.9728555917481, 0.2
921, 6427.0, 5, 6.9707158351409975, 0.2
922, 6433.0, 6, 6.969664138678223, 0.2
923, 6438.0, 5, 6.967532467532467, 0.2
924, 6438.0, 0, 6.96, 0.2
925, 6443.0, 5, 6.957883369330453, 0.2
926, 6449.0, 6, 6.9568500539374325, 0.2
927, 6457.0, 8, 6.957974137931035, 0.2
928, 6465.0, 8, 6.9590958019375675, 0.2
929, 6470.0, 5, 6.956989247311828, 0.2
930, 6477.0, 7, 6.95703544575725, 0.2
931, 6483.0, 6, 6.956008583690987, 0.2
932, 6488.0, 5, 6.953912111468382, 0.2
933, 6493.0, 5, 6.951820128479658, 0.2
934, 6500.0, 7, 6.951871657754011, 0.2
935, 6505.0, 5, 6.9497863247863245, 0.2
936, 6512.0, 7, 6.949839914621132, 0.2
937, 6518.0, 6, 6.948827292110874, 0.2
938, 6519.0, 1, 6.942492012779553, 0.2
939, 6527.0, 8, 6.943617021276595, 0.2
940, 6534.0, 7, 6.943676939426142, 0.2
941, 6539.0, 5, 6.941613588110403, 0.2
942, 6545.0, 6, 6.9406150583244965, 0.2
943, 6548.0, 3, 6.936440677966102, 0.2
944, 6552.0, 4, 6.933333333333334, 0.2
945, 6559.0, 7, 6.9334038054968286, 0.2
946, 6566.0, 7, 6.933474128827878, 0.2
947, 6569.0, 3, 6.929324894514768, 0.2
948, 6574.0, 5, 6.927291886195996, 0.2
949, 6574.0, 0, 6.92, 0.2
950, 6580.0, 6, 6.919032597266035, 0.2
951, 6581.0, 1, 6.91281512605042, 0.2
952, 6588.0, 7, 6.912906610703043, 0.2
953, 6590.0, 2, 6.9077568134171905, 0.2
954, 6596.0, 6, 6.906806282722513, 0.2
955, 6603.0, 7, 6.906903765690377, 0.2
956, 6610.0, 7, 6.90700104493208, 0.2
957, 6617.0, 7, 6.907098121085595, 0.2
958, 6621.0, 4, 6.904066736183524, 0.2
959, 6626.0, 5, 6.902083333333334, 0.2
960, 6628.0, 2, 6.8969823100936525, 0.2
961, 6636.0, 8, 6.898128898128898, 0.2
962, 6642.0, 6, 6.897196261682243, 0.2
963, 6649.0, 7, 6.897302904564316, 0.2
964, 6656.0, 7, 6.897409326424871, 0.2
965, 6663.0, 7, 6.89751552795031, 0.2
966, 6668.0, 5, 6.895553257497415, 0.2
967, 6674.0, 6, 6.894628099173554, 0.2
968, 6680.0, 6, 6.893704850361197, 0.2
969, 6686.0, 6, 6.89278350515464, 0.2
970, 6692.0, 6, 6.891864057672502, 0.2
971, 6694.0, 2, 6.886831275720165, 0.2
972, 6694.0, 0, 6.879753340184995, 0.2
973, 6702.0, 8, 6.880903490759754, 0.2
974, 6710.0, 8, 6.8820512820512825, 0.2
975, 6710.0, 0, 6.875, 0.2
976, 6718.0, 8, 6.876151484135107, 0.2
977, 6725.0, 7, 6.876278118609407, 0.2
978, 6731.0, 6, 6.87538304392237, 0.2
979, 6737.0, 6, 6.874489795918367, 0.2
980, 6744.0, 7, 6.874617737003058, 0.2
981, 6751.0, 7, 6.874745417515275, 0.2
982, 6756.0, 5, 6.872838250254324, 0.2
983, 6763.0, 7, 6.872967479674797, 0.2
984, 6769.0, 6, 6.872081218274111, 0.2
985, 6775.0, 6, 6.871196754563894, 0.2
986, 6776.0, 1, 6.865248226950355, 0.2
987, 6783.0, 7, 6.865384615384615, 0.2
988, 6791.0, 8, 6.866531850353893, 0.2
989, 6794.0, 3, 6.862626262626263, 0.2
990, 6800.0, 6, 6.86175580221998, 0.2
991, 6808.0, 8, 6.862903225806452, 0.2
992, 6815.0, 7, 6.863041289023162, 0.2
993, 6820.0, 5, 6.861167002012072, 0.2
994, 6825.0, 5, 6.85929648241206, 0.2
995, 6826.0, 1, 6.853413654618474, 0.2
996, 6832.0, 6, 6.852557673019057, 0.2
997, 6836.0, 4, 6.849699398797595, 0.2
998, 6844.0, 8, 6.8508508508508505, 0.2
999, 6849.0, 5, 6.849, 0.2
1000, 6857.0, 8, 6.85014985014985, 0.2
1001, 6857.0, 0, 6.843313373253493, 0.2
1002, 6863.0, 6, 6.84247258225324, 0.2
1003, 6869.0, 6, 6.841633466135458, 0.2
1004, 6875.0, 6, 6.840796019900497, 0.2
1005, 6879.0, 4, 6.837972166998012, 0.2
1006, 6883.0, 4, 6.835153922542204, 0.2
1007, 6890.0, 7, 6.8353174603174605, 0.2
1008, 6898.0, 8, 6.836471754212091, 0.2
1009, 6906.0, 8, 6.8376237623762375, 0.2
1010, 6912.0, 6, 6.836795252225519, 0.2
1011, 6920.0, 8, 6.83794466403162, 0.2
1012, 6925.0, 5, 6.836130306021718, 0.2
1013, 6932.0, 7, 6.83629191321499, 0.2
1014, 6938.0, 6, 6.835467980295567, 0.2
1015, 6938.0, 0, 6.828740157480315, 0.2
1016, 6946.0, 8, 6.829891838741396, 0.2
1017, 6951.0, 5, 6.828094302554027, 0.2
1018, 6958.0, 7, 6.8282630029440625, 0.2
1019, 6963.0, 5, 6.826470588235294, 0.2
1020, 6970.0, 7, 6.826640548481881, 0.2
1021, 6976.0, 6, 6.825831702544031, 0.2
1022, 6983.0, 7, 6.826001955034213, 0.2
1023, 6989.0, 6, 6.8251953125, 0.2
1024, 6994.0, 5, 6.823414634146341, 0.2
1025, 6999.0, 5, 6.821637426900585, 0.2
1026, 7006.0, 7, 6.821811100292113, 0.2
1027, 7013.0, 7, 6.821984435797665, 0.2
1028, 7019.0, 6, 6.821185617103985, 0.2
1029, 7026.0, 7, 6.821359223300971, 0.2
1030, 7033.0, 7, 6.82153249272551, 0.2
1031, 7040.0, 7, 6.821705426356589, 0.2
1032, 7046.0, 6, 6.820909970958374, 0.2
1033, 7051.0, 5, 6.819148936170213, 0.2
1034, 7057.0, 6, 6.818357487922706, 0.2
1035, 7063.0, 6, 6.8175675675675675, 0.2
1036, 7069.0, 6, 6.816779170684668, 0.2
1037, 7077.0, 8, 6.817919075144508, 0.2
1038, 7085.0, 8, 6.819056785370549, 0.2
1039, 7092.0, 7, 6.819230769230769, 0.2
1040, 7099.0, 7, 6.81940441882805, 0.2
1041, 7107.0, 8, 6.820537428023033, 0.2
1042, 7114.0, 7, 6.820709491850431, 0.2
1043, 7119.0, 5, 6.818965517241379, 0.2
1044, 7127.0, 8, 6.820095693779904, 0.2
1045, 7135.0, 8, 6.821223709369025, 0.2
1046, 7141.0, 6, 6.8204393505253105, 0.2
1047, 7147.0, 6, 6.819656488549619, 0.2
1048, 7153.0, 6, 6.818875119161106, 0.2
1049, 7159.0, 6, 6.818095238095238, 0.2
1050, 7164.0, 5, 6.816365366317792, 0.2
1051, 7170.0, 6, 6.815589353612167, 0.2
1052, 7171.0, 1, 6.810066476733144, 0.2
1053, 7174.0, 3, 6.806451612903226, 0.2
1054, 7180.0, 6, 6.805687203791469, 0.2
1055, 7184.0, 4, 6.803030303030303, 0.2
1056, 7191.0, 7, 6.80321665089877, 0.2
1057, 7198.0, 7, 6.803402646502835, 0.2
1058, 7205.0, 7, 6.803588290840415, 0.2
1059, 7211.0, 6, 6.802830188679246, 0.2
1060, 7218.0, 7, 6.803016022620169, 0.2
1061, 7226.0, 8, 6.804143126177024, 0.2
1062, 7229.0, 3, 6.800564440263406, 0.2
1063, 7236.0, 7, 6.8007518796992485, 0.2
1064, 7241.0, 5, 6.799061032863849, 0.2
1065, 7241.0, 0, 6.7926829268292686, 0.2
1066, 7246.0, 5, 6.791002811621368, 0.2
1067, 7254.0, 8, 6.792134831460674, 0.2
1068, 7260.0, 6, 6.791393826005613, 0.2
1069, 7267.0, 7, 6.791588785046729, 0.2
1070, 7273.0, 6, 6.790849673202614, 0.2
1071, 7280.0, 7, 6.791044776119403, 0.2
1072, 7280.0, 0, 6.784715750232992, 0.2
1073, 7287.0, 7, 6.784916201117318, 0.2
1074, 7295.0, 8, 6.786046511627907, 0.2
1075, 7302.0, 7, 6.786245353159852, 0.2
1076, 7307.0, 5, 6.784586815227484, 0.2
1077, 7313.0, 6, 6.783858998144712, 0.2
1078, 7320.0, 7, 6.784059314179796, 0.2
1079, 7327.0, 7, 6.784259259259259, 0.2
1080, 7333.0, 6, 6.783533765032377, 0.2
1081, 7338.0, 5, 6.7818853974122, 0.2
1082, 7344.0, 6, 6.781163434903047, 0.2
1083, 7349.0, 5, 6.779520295202952, 0.2
1084, 7357.0, 8, 6.780645161290322, 0.2
1085, 7363.0, 6, 6.779926335174954, 0.2
1086, 7369.0, 6, 6.779208831646734, 0.2
1087, 7374.0, 5, 6.7775735294117645, 0.2
1088, 7381.0, 7, 6.777777777777778, 0.2
1089, 7384.0, 3, 6.774311926605504, 0.2
1090, 7391.0, 7, 6.774518790100825, 0.2
1091, 7396.0, 5, 6.772893772893773, 0.2
1092, 7402.0, 6, 6.772186642268984, 0.2
1093, 7410.0, 8, 6.773308957952468, 0.2
1094, 7417.0, 7, 6.77351598173516, 0.2
1095, 7420.0, 3, 6.7700729927007295, 0.2
1096, 7424.0, 4, 6.767547857793984, 0.2
1097, 7430.0, 6, 6.766848816029144, 0.2
1098, 7435.0, 5, 6.765241128298453, 0.2
1099, 7439.0, 4, 6.762727272727273, 0.2
1100, 7445.0, 6, 6.762034514078111, 0.2
1101, 7452.0, 7, 6.762250453720508, 0.2
1102, 7456.0, 4, 6.759746146872167, 0.2
1103, 7464.0, 8, 6.760869565217392, 0.2
1104, 7471.0, 7, 6.761085972850679, 0.2
1105, 7478.0, 7, 6.76130198915009, 0.2
1106, 7486.0, 8, 6.762420957542909, 0.2
1107, 7491.0, 5, 6.7608303249097474, 0.2
1108, 7497.0, 6, 6.7601442741208295, 0.2
1109, 7503.0, 6, 6.7594594594594595, 0.2
1110, 7510.0, 7, 6.75967596759676, 0.2
1111, 7514.0, 4, 6.7571942446043165, 0.2
1112, 7521.0, 7, 6.757412398921833, 0.2
1113, 7528.0, 7, 6.757630161579892, 0.2
1114, 7535.0, 7, 6.757847533632287, 0.2
1115, 7535.0, 0, 6.75179211469534, 0.2
1116, 7542.0, 7, 6.752014324082364, 0.2
1117, 7549.0, 7, 6.752236135957066, 0.2
1118, 7552.0, 3, 6.748882931188561, 0.2
1119, 7557.0, 5, 6.7473214285714285, 0.2
1120, 7564.0, 7, 6.747546833184656, 0.2
1121, 7570.0, 6, 6.746880570409982, 0.2
1122, 7578.0, 8, 6.7479964381121995, 0.2
1123, 7585.0, 7, 6.748220640569395, 0.2
1124, 7593.0, 8, 6.749333333333333, 0.2
1125, 7598.0, 5, 6.747779751332149, 0.2
1126, 7605.0, 7, 6.7480035492457855, 0.2
1127, 7612.0, 7, 6.74822695035461, 0.2
1128, 7617.0, 5, 6.746678476527901, 0.2
1129, 7617.0, 0, 6.74070796460177, 0.2
1130, 7624.0, 7, 6.740937223695845, 0.2
1131, 7631.0, 7, 6.741166077738516, 0.2
1132, 7639.0, 8, 6.742277140335393, 0.2
1133, 7646.0, 7, 6.742504409171076, 0.2
1134, 7646.0, 0, 6.736563876651982, 0.2
1135, 7653.0, 7, 6.736795774647887, 0.2
1136, 7659.0, 6, 6.736147757255937, 0.2
1137, 7666.0, 7, 6.736379613356767, 0.2
1138, 7669.0, 3, 6.733099209833187, 0.2
1139, 7675.0, 6, 6.732456140350878, 0.2
1140, 7675.0, 0, 6.726555652936021, 0.2
1141, 7683.0, 8, 6.727670753064799, 0.2
1142, 7690.0, 7, 6.727909011373578, 0.2
1143, 7696.0, 6, 6.7272727272727275, 0.2
1144, 7696.0, 0, 6.721397379912664, 0.2
1145, 7701.0, 5, 6.719895287958115, 0.2
1146, 7708.0, 7, 6.720139494333043, 0.2
1147, 7713.0, 5, 6.718641114982578, 0.2
1148, 7721.0, 8, 6.719756309834639, 0.2
1149, 7727.0, 6, 6.719130434782609, 0.2
1150, 7732.0, 5, 6.717636837532581, 0.2
1151, 7738.0, 6, 6.717013888888889, 0.2
1152, 7744.0, 6, 6.716392020815264, 0.2
1153, 7750.0, 6, 6.715771230502599, 0.2
1154, 7752.0, 2, 6.711688311688311, 0.2
1155, 7760.0, 8, 6.71280276816609, 0.2
1156, 7767.0, 7, 6.71305099394987, 0.2
1157, 7769.0, 2, 6.708981001727116, 0.2
1158, 7774.0, 5, 6.707506471095773, 0.2
1159, 7781.0, 7, 6.707758620689655, 0.2
1160, 7789.0, 8, 6.708871662360035, 0.2
1161, 7794.0, 5, 6.707401032702237, 0.2
1162, 7800.0, 6, 6.706792777300086, 0.2
1163, 7806.0, 6, 6.706185567010309, 0.2
1164, 7813.0, 7, 6.7064377682403435, 0.2
1165, 7820.0, 7, 6.7066895368782165, 0.2
1166, 7827.0, 7, 6.70694087403599, 0.2
1167, 7832.0, 5, 6.705479452054795, 0.2
1168, 7839.0, 7, 6.7057313943541486, 0.2
1169, 7846.0, 7, 6.705982905982906, 0.2
1170, 7852.0, 6, 6.7053800170794196, 0.2
1171, 7858.0, 6, 6.704778156996587, 0.2
1172, 7865.0, 7, 6.705029838022165, 0.2
1173, 7873.0, 8, 6.706132879045996, 0.2
1174, 7880.0, 7, 6.706382978723404, 0.2
1175, 7887.0, 7, 6.706632653061225, 0.2
1176, 7888.0, 1, 6.7017841971113, 0.2
1177, 7895.0, 7, 6.702037351443124, 0.2
1178, 7901.0, 6, 6.701441899915182, 0.2
1179, 7901.0, 0, 6.695762711864407, 0.2
1180, 7908.0, 7, 6.696020321761219, 0.2
1181, 7914.0, 6, 6.695431472081219, 0.2
1182, 7916.0, 2, 6.691462383770076, 0.2
1183, 7921.0, 5, 6.690033783783784, 0.2
1184, 7922.0, 1, 6.685232067510548, 0.2
1185, 7924.0, 2, 6.681281618887015, 0.2
1186, 7930.0, 6, 6.680707666385847, 0.2
1187, 7936.0, 6, 6.68013468013468, 0.2
1188, 7943.0, 7, 6.68040370058873, 0.2
1189, 7947.0, 4, 6.678151260504202, 0.2
1190, 7953.0, 6, 6.6775818639798485, 0.2
1191, 7959.0, 6, 6.677013422818792, 0.2
1192, 7966.0, 7, 6.677284157585918, 0.2
1193, 7968.0, 2, 6.673366834170854, 0.2
1194, 7974.0, 6, 6.672803347280334, 0.2
1195, 7976.0, 2, 6.668896321070235, 0.2
1196, 7984.0, 8, 6.67000835421888, 0.2
1197, 7990.0, 6, 6.669449081803005, 0.2
1198, 7996.0, 6, 6.668890742285238, 0.2
1199, 8003.0, 7, 6.6691666666666665, 0.2
1200, 8006.0, 3, 6.6661115736885925, 0.2
1201, 8012.0, 6, 6.665557404326123, 0.2
1202, 8019.0, 7, 6.665835411471321, 0.2
1203, 8025.0, 6, 6.665282392026578, 0.2
1204, 8030.0, 5, 6.66390041493776, 0.2
1205, 8035.0, 5, 6.662520729684909, 0.2
1206, 8038.0, 3, 6.659486329743165, 0.2
1207, 8043.0, 5, 6.658112582781457, 0.2
1208, 8051.0, 8, 6.659222497932175, 0.2
1209, 8059.0, 8, 6.660330578512396, 0.2
1210, 8063.0, 4, 6.65813377374071, 0.2
1211, 8067.0, 4, 6.655940594059406, 0.2
1212, 8075.0, 8, 6.657048639736192, 0.2
1213, 8081.0, 6, 6.656507413509061, 0.2
1214, 8087.0, 6, 6.655967078189301, 0.2
1215, 8092.0, 5, 6.654605263157895, 0.2
1216, 8099.0, 7, 6.654889071487264, 0.2
1217, 8105.0, 6, 6.654351395730706, 0.2
1218, 8112.0, 7, 6.6546349466776045, 0.2
1219, 8120.0, 8, 6.655737704918033, 0.2
1220, 8124.0, 4, 6.653562653562654, 0.2
1221, 8130.0, 6, 6.653027823240589, 0.2
1222, 8131.0, 1, 6.648405560098119, 0.2
1223, 8138.0, 7, 6.648692810457517, 0.2
1224, 8142.0, 4, 6.646530612244898, 0.2
1225, 8148.0, 6, 6.646003262642741, 0.2
1226, 8156.0, 8, 6.647106764466177, 0.2
1227, 8158.0, 2, 6.643322475570033, 0.2
1228, 8165.0, 7, 6.643612693246542, 0.2
1229, 8173.0, 8, 6.644715447154471, 0.2
1230, 8180.0, 7, 6.645004061738424, 0.2
1231, 8183.0, 3, 6.642045454545454, 0.2
1232, 8189.0, 6, 6.641524736415247, 0.2
1233, 8195.0, 6, 6.6410048622366284, 0.2
1234, 8201.0, 6, 6.640485829959514, 0.2
1235, 8208.0, 7, 6.640776699029126, 0.2
1236, 8214.0, 6, 6.640258690379952, 0.2
1237, 8220.0, 6, 6.639741518578353, 0.2
1238, 8226.0, 6, 6.6392251815980625, 0.2
1239, 8233.0, 7, 6.639516129032258, 0.2
1240, 8238.0, 5, 6.638195004029009, 0.2
1241, 8246.0, 8, 6.639291465378422, 0.2
1242, 8252.0, 6, 6.638777152051488, 0.2
1243, 8259.0, 7, 6.639067524115756, 0.2
1244, 8264.0, 5, 6.6377510040160645, 0.2
1245, 8271.0, 7, 6.638041733547351, 0.2
1246, 8274.0, 3, 6.635124298315958, 0.2
1247, 8280.0, 6, 6.634615384615385, 0.2
1248, 8288.0, 8, 6.6357085668534825, 0.2
1249, 8292.0, 4, 6.6336, 0.2
1250, 8299.0, 7, 6.633892885691447, 0.2
1251, 8306.0, 7, 6.634185303514377, 0.2
1252, 8314.0, 8, 6.635275339185954, 0.2
1253, 8318.0, 4, 6.63317384370016, 0.2
1254, 8325.0, 7, 6.633466135458168, 0.2
1255, 8330.0, 5, 6.632165605095541, 0.2
1256, 8337.0, 7, 6.6324582338902145, 0.2
1257, 8344.0, 7, 6.63275039745628, 0.2
1258, 8350.0, 6, 6.6322478157267675, 0.2
1259, 8356.0, 6, 6.631746031746032, 0.2
1260, 8364.0, 8, 6.632831086439334, 0.2
1261, 8371.0, 7, 6.633122028526149, 0.2
1262, 8377.0, 6, 6.632620744259699, 0.2
1263, 8384.0, 7, 6.632911392405063, 0.2
1264, 8389.0, 5, 6.631620553359684, 0.2
1265, 8390.0, 1, 6.627172195892575, 0.2
1266, 8397.0, 7, 6.627466456195738, 0.2
1267, 8403.0, 6, 6.6269716088328074, 0.2
1268, 8410.0, 7, 6.627265563435776, 0.2
1269, 8417.0, 7, 6.62755905511811, 0.2
1270, 8423.0, 6, 6.6270653029110935, 0.2
1271, 8428.0, 5, 6.6257861635220126, 0.2
1272, 8435.0, 7, 6.626080125687353, 0.2
1273, 8442.0, 7, 6.626373626373627, 0.2
1274, 8449.0, 7, 6.626666666666667, 0.2
1275, 8454.0, 5, 6.62539184952978, 0.2
1276, 8458.0, 4, 6.623335943617854, 0.2
1277, 8463.0, 5, 6.622065727699531, 0.2
1278, 8470.0, 7, 6.622361219702893, 0.2
1279, 8477.0, 7, 6.62265625, 0.2
1280, 8483.0, 6, 6.622170179547228, 0.2
1281, 8489.0, 6, 6.621684867394696, 0.2
1282, 8497.0, 8, 6.622759158222915, 0.2
1283, 8504.0, 7, 6.623052959501558, 0.2
1284, 8504.0, 0, 6.6178988326848245, 0.2
1285, 8511.0, 7, 6.618195956454121, 0.2
1286, 8515.0, 4, 6.616161616161616, 0.2
1287, 8522.0, 7, 6.616459627329193, 0.2
1288, 8529.0, 7, 6.616757176105508, 0.2
1289, 8536.0, 7, 6.617054263565891, 0.2
1290, 8541.0, 5, 6.615801704105345, 0.2
1291, 8541.0, 0, 6.610681114551084, 0.2
1292, 8542.0, 1, 6.606341840680588, 0.2
1293, 8548.0, 6, 6.605873261205564, 0.2
1294, 8555.0, 7, 6.6061776061776065, 0.2
1295, 8560.0, 5, 6.604938271604938, 0.2
1296, 8565.0, 5, 6.603700848111026, 0.2
1297, 8573.0, 8, 6.60477657935285, 0.2
1298, 8577.0, 4, 6.602771362586605, 0.2
1299, 8583.0, 6, 6.602307692307693, 0.2
1300, 8586.0, 3, 6.599538816295158, 0.2
1301, 8593.0, 7, 6.599846390168971, 0.2
1302, 8599.0, 6, 6.5993860322333076, 0.2
1303, 8605.0, 6, 6.598926380368098, 0.2
1304, 8610.0, 5, 6.597701149425287, 0.2
1305, 8613.0, 3, 6.594946401225115, 0.2
1306, 8619.0, 6, 6.594491201224177, 0.2
1307, 8626.0, 7, 6.59480122324159, 0.2
1308, 8633.0, 7, 6.59511077158136, 0.2
1309, 8640.0, 7, 6.595419847328245, 0.2
1310, 8648.0, 8, 6.5964912280701755, 0.2
1311, 8652.0, 4, 6.594512195121951, 0.2
1312, 8659.0, 7, 6.594821020563595, 0.2
1313, 8666.0, 7, 6.595129375951294, 0.2
1314, 8672.0, 6, 6.59467680608365, 0.2
1315, 8674.0, 2, 6.591185410334346, 0.2
1316, 8681.0, 7, 6.591495823842065, 0.2
1317, 8688.0, 7, 6.591805766312595, 0.2
1318, 8692.0, 4, 6.589840788476118, 0.2
1319, 8698.0, 6, 6.58939393939394, 0.2
1320, 8704.0, 6, 6.588947766843301, 0.2
1321, 8711.0, 7, 6.5892586989409985, 0.2
1322, 8713.0, 2, 6.585789871504157, 0.2
1323, 8719.0, 6, 6.585347432024169, 0.2
1324, 8724.0, 5, 6.584150943396226, 0.2
1325, 8728.0, 4, 6.582202111613876, 0.2
1326, 8730.0, 2, 6.578749058025622, 0.2
1327, 8735.0, 5, 6.577560240963855, 0.2
1328, 8737.0, 2, 6.574115876598946, 0.2
1329, 8745.0, 8, 6.575187969924812, 0.2
1330, 8746.0, 1, 6.570999248685199, 0.2
1331, 8750.0, 4, 6.569069069069069, 0.2
1332, 8756.0, 6, 6.568642160540135, 0.2
1333, 8764.0, 8, 6.569715142428786, 0.2
1334, 8770.0, 6, 6.569288389513108, 0.2
1335, 8778.0, 8, 6.570359281437126, 0.2
1336, 8785.0, 7, 6.570680628272251, 0.2
1337, 8791.0, 6, 6.570254110612855, 0.2
1338, 8797.0, 6, 6.569828230022405, 0.2
1339, 8802.0, 5, 6.568656716417911, 0.2
1340, 8807.0, 5, 6.567486950037286, 0.2
1341, 8814.0, 7, 6.567809239940387, 0.2
1342, 8820.0, 6, 6.567386448250186, 0.2
1343, 8826.0, 6, 6.566964285714286, 0.2
1344, 8833.0, 7, 6.56728624535316, 0.2
1345, 8839.0, 6, 6.566864784546805, 0.2
1346, 8845.0, 6, 6.5664439495174465, 0.2
1347, 8852.0, 7, 6.566765578635015, 0.2
1348, 8858.0, 6, 6.566345441067457, 0.2
1349, 8862.0, 4, 6.564444444444445, 0.2
1350, 8869.0, 7, 6.564766839378239, 0.2
1351, 8875.0, 6, 6.564349112426036, 0.2
1352, 8881.0, 6, 6.563932002956393, 0.2
1353, 8887.0, 6, 6.5635155096011815, 0.2
1354, 8893.0, 6, 6.56309963099631, 0.2
1355, 8898.0, 5, 6.561946902654867, 0.2
1356, 8904.0, 6, 6.561532792925571, 0.2
1357, 8909.0, 5, 6.560382916053019, 0.2
1358, 8916.0, 7, 6.560706401766004, 0.2
1359, 8923.0, 7, 6.561029411764705, 0.2
1360, 8929.0, 6, 6.560617193240264, 0.2
1361, 8935.0, 6, 6.560205580029368, 0.2
1362, 8941.0, 6, 6.559794570799706, 0.2
1363, 8946.0, 5, 6.558651026392962, 0.2
1364, 8952.0, 6, 6.558241758241758, 0.2
1365, 8957.0, 5, 6.557101024890191, 0.2
1366, 8961.0, 4, 6.555230431602048, 0.2
1367, 8961.0, 0, 6.550438596491228, 0.2
1368, 8966.0, 5, 6.549306062819577, 0.2
1369, 8974.0, 8, 6.550364963503649, 0.2
1370, 8979.0, 5, 6.549234135667396, 0.2
1371, 8985.0, 6, 6.548833819241983, 0.2
1372, 8991.0, 6, 6.54843408594319, 0.2
1373, 8998.0, 7, 6.548762736535663, 0.2
1374, 9005.0, 7, 6.549090909090909, 0.2
1375, 9012.0, 7, 6.549418604651163, 0.2
1376, 9019.0, 7, 6.549745824255628, 0.2
1377, 9019.0, 0, 6.544992743105951, 0.2
1378, 9026.0, 7, 6.545322697606961, 0.2
1379, 9028.0, 2, 6.542028985507247, 0.2
1380, 9035.0, 7, 6.542360608254888, 0.2
1381, 9043.0, 8, 6.543415340086831, 0.2
1382, 9047.0, 4, 6.541576283441793, 0.2
1383, 9055.0, 8, 6.542630057803469, 0.2
1384, 9058.0, 3, 6.540072202166065, 0.2
1385, 9065.0, 7, 6.540404040404041, 0.2
1386, 9070.0, 5, 6.539293439077145, 0.2
1387, 9070.0, 0, 6.534582132564841, 0.2
1388, 9077.0, 7, 6.53491720662347, 0.2
1389, 9082.0, 5, 6.5338129496402875, 0.2
1390, 9087.0, 5, 6.5327102803738315, 0.2
1391, 9089.0, 2, 6.529454022988506, 0.2
1392, 9092.0, 3, 6.5269203158650395, 0.2
1393, 9099.0, 7, 6.52725968436155, 0.2
1394, 9105.0, 6, 6.526881720430108, 0.2
1395, 9112.0, 7, 6.527220630372493, 0.2
1396, 9118.0, 6, 6.526843235504653, 0.2
1397, 9125.0, 7, 6.527181688125894, 0.2
1398, 9130.0, 5, 6.526090064331665, 0.2
1399, 9137.0, 7, 6.526428571428571, 0.2
1400, 9137.0, 0, 6.521770164168451, 0.2
1401, 9145.0, 8, 6.522824536376604, 0.2
1402, 9152.0, 7, 6.523164647184604, 0.2
1403, 9159.0, 7, 6.523504273504273, 0.2
1404, 9165.0, 6, 6.523131672597865, 0.2
1405, 9170.0, 5, 6.522048364153627, 0.2
1406, 9177.0, 7, 6.522388059701493, 0.2
1407, 9183.0, 6, 6.522017045454546, 0.2
1408, 9191.0, 8, 6.5230660042583395, 0.2
1409, 9195.0, 4, 6.5212765957446805, 0.2
1410, 9202.0, 7, 6.521615875265769, 0.2
1411, 9206.0, 4, 6.519830028328612, 0.2
1412, 9212.0, 6, 6.519462137296532, 0.2
1413, 9218.0, 6, 6.519094766619519, 0.2
1414, 9225.0, 7, 6.519434628975265, 0.2
1415, 9233.0, 8, 6.520480225988701, 0.2
1416, 9240.0, 7, 6.520818630910374, 0.2
1417, 9243.0, 3, 6.518335684062059, 0.2
1418, 9250.0, 7, 6.518675123326286, 0.2
1419, 9257.0, 7, 6.519014084507043, 0.2
1420, 9263.0, 6, 6.518648838845883, 0.2
1421, 9269.0, 6, 6.518284106891702, 0.2
1422, 9275.0, 6, 6.51791988756149, 0.2
1423, 9282.0, 7, 6.518258426966292, 0.2
1424, 9289.0, 7, 6.51859649122807, 0.2
1425, 9293.0, 4, 6.516830294530155, 0.2
1426, 9293.0, 0, 6.512263489838823, 0.2
1427, 9299.0, 6, 6.511904761904762, 0.2
1428, 9307.0, 8, 6.512946116165151, 0.2
1429, 9313.0, 6, 6.512587412587413, 0.2
1430, 9320.0, 7, 6.512928022361985, 0.2
1431, 9327.0, 7, 6.513268156424581, 0.2
1432, 9333.0, 6, 6.512909979064899, 0.2
1433, 9333.0, 0, 6.50836820083682, 0.2
1434, 9335.0, 2, 6.505226480836237, 0.2
1435, 9338.0, 3, 6.502785515320334, 0.2
1436, 9345.0, 7, 6.503131524008351, 0.2
1437, 9351.0, 6, 6.50278164116829, 0.2
1438, 9358.0, 7, 6.503127171646977, 0.2
1439, 9366.0, 8, 6.504166666666666, 0.2
1440, 9372.0, 6, 6.5038167938931295, 0.2
1441, 9378.0, 6, 6.503467406380028, 0.2
1442, 9385.0, 7, 6.503811503811503, 0.2
1443, 9392.0, 7, 6.50415512465374, 0.2
1444, 9397.0, 5, 6.503114186851211, 0.2
1445, 9402.0, 5, 6.5020746887966805, 0.2
1446, 9408.0, 6, 6.501727712508639, 0.2
1447, 9415.0, 7, 6.50207182320442, 0.2
1448, 9422.0, 7, 6.502415458937198, 0.2
1449, 9426.0, 4, 6.500689655172414, 0.2
1450, 9431.0, 5, 6.499655410062026, 0.2
1451, 9437.0, 6, 6.49931129476584, 0.2
1452, 9443.0, 6, 6.498967653131452, 0.2
1453, 9448.0, 5, 6.497936726272352, 0.2
1454, 9455.0, 7, 6.498281786941581, 0.2
1455, 9460.0, 5, 6.497252747252747, 0.2
1456, 9464.0, 4, 6.495538778311599, 0.2
1457, 9471.0, 7, 6.495884773662551, 0.2
1458, 9477.0, 6, 6.495544893762851, 0.2
1459, 9485.0, 8, 6.4965753424657535, 0.2
1460, 9493.0, 8, 6.49760438056126, 0.2
1461, 9500.0, 7, 6.497948016415869, 0.2
1462, 9505.0, 5, 6.496924128503076, 0.2
1463, 9512.0, 7, 6.497267759562842, 0.2
1464, 9517.0, 5, 6.496245733788396, 0.2
1465, 9523.0, 6, 6.495907230559345, 0.2
1466, 9528.0, 5, 6.494887525562373, 0.2
1467, 9534.0, 6, 6.494550408719346, 0.2
1468, 9538.0, 4, 6.4928522804629, 0.2
1469, 9545.0, 7, 6.493197278911564, 0.2
1470, 9552.0, 7, 6.493541808293678, 0.2
1471, 9557.0, 5, 6.492527173913044, 0.2
1472, 9562.0, 5, 6.491513917175832, 0.2
1473, 9569.0, 7, 6.491858887381276, 0.2
1474, 9577.0, 8, 6.492881355932203, 0.2
1475, 9577.0, 0, 6.488482384823849, 0.2
1476, 9582.0, 5, 6.487474610697359, 0.2
1477, 9590.0, 8, 6.488497970230041, 0.2
1478, 9597.0, 7, 6.488843813387424, 0.2
1479, 9603.0, 6, 6.488513513513514, 0.2
1480, 9609.0, 6, 6.488183659689399, 0.2
1481, 9613.0, 4, 6.486504723346829, 0.2
1482, 9615.0, 2, 6.48347943358058, 0.2
1483, 9620.0, 5, 6.482479784366577, 0.2
1484, 9621.0, 1, 6.4787878787878785, 0.2
1485, 9627.0, 6, 6.478465679676985, 0.2
1486, 9631.0, 4, 6.47679892400807, 0.2
1487, 9635.0, 4, 6.475134408602151, 0.2
1488, 9637.0, 2, 6.472128945601074, 0.2
1489, 9642.0, 5, 6.471140939597316, 0.2
1490, 9644.0, 2, 6.468142186452045, 0.2
1491, 9647.0, 3, 6.4658176943699734, 0.2
1492, 9648.0, 1, 6.462156731413262, 0.2
1493, 9654.0, 6, 6.461847389558233, 0.2
1494, 9660.0, 6, 6.461538461538462, 0.2
1495, 9665.0, 5, 6.4605614973262036, 0.2
1496, 9671.0, 6, 6.460253841015364, 0.2
1497, 9676.0, 5, 6.459279038718291, 0.2
1498, 9682.0, 6, 6.4589726484322885, 0.2
1499, 9687.0, 5, 6.458, 0.2
1500, 9693.0, 6, 6.457694870086609, 0.2
1501, 9699.0, 6, 6.457390146471371, 0.2
1502, 9706.0, 7, 6.45775116433799, 0.2
1503, 9714.0, 8, 6.4587765957446805, 0.2
1504, 9716.0, 2, 6.455813953488372, 0.2
1505, 9720.0, 4, 6.4541832669322705, 0.2
1506, 9727.0, 7, 6.454545454545454, 0.2
1507, 9734.0, 7, 6.454907161803714, 0.2
1508, 9739.0, 5, 6.453943008614977, 0.2
1509, 9745.0, 6, 6.453642384105961, 0.2
1510, 9752.0, 7, 6.454003970880212, 0.2
1511, 9758.0, 6, 6.453703703703703, 0.2
1512, 9765.0, 7, 6.454064771976206, 0.2
1513, 9773.0, 8, 6.455085865257596, 0.2
1514, 9778.0, 5, 6.454125412541254, 0.2
1515, 9783.0, 5, 6.453166226912929, 0.2
1516, 9790.0, 7, 6.453526697429137, 0.2
1517, 9798.0, 8, 6.454545454545454, 0.2
1518, 9804.0, 6, 6.454246214614878, 0.2
1519, 9808.0, 4, 6.4526315789473685, 0.2
1520, 9816.0, 8, 6.453648915187377, 0.2
1521, 9819.0, 3, 6.451379763469119, 0.2
1522, 9827.0, 8, 6.452396585686146, 0.2
1523, 9833.0, 6, 6.452099737532809, 0.2
1524, 9840.0, 7, 6.452459016393442, 0.2
1525, 9842.0, 2, 6.4495412844036695, 0.2
1526, 9845.0, 3, 6.447282252783235, 0.2
1527, 9845.0, 0, 6.4430628272251305, 0.2
1528, 9851.0, 6, 6.442773054283846, 0.2
1529, 9858.0, 7, 6.443137254901961, 0.2
1530, 9866.0, 8, 6.444154147615937, 0.2
1531, 9873.0, 7, 6.4445169712793735, 0.2
1532, 9878.0, 5, 6.443574690150033, 0.2
1533, 9884.0, 6, 6.443285528031291, 0.2
1534, 9885.0, 1, 6.4397394136807815, 0.2
1535, 9891.0, 6, 6.439453125, 0.2
1536, 9893.0, 2, 6.436564736499674, 0.2
1537, 9901.0, 8, 6.437581274382315, 0.2
1538, 9909.0, 8, 6.43859649122807, 0.2
1539, 9916.0, 7, 6.438961038961039, 0.2
1540, 9924.0, 8, 6.4399740428293315, 0.2
1541, 9928.0, 4, 6.438391699092088, 0.2
1542, 9935.0, 7, 6.438755670771225, 0.2
1543, 9941.0, 6, 6.438471502590674, 0.2
1544, 9947.0, 6, 6.438187702265372, 0.2
1545, 9951.0, 4, 6.436610608020699, 0.2
1546, 9957.0, 6, 6.436328377504848, 0.2
1547, 9965.0, 8, 6.43733850129199, 0.2
1548, 9971.0, 6, 6.437056165267915, 0.2
1549, 9978.0, 7, 6.43741935483871, 0.2
1550, 9984.0, 6, 6.437137330754352, 0.2
1551, 9990.0, 6, 6.436855670103093, 0.2
1552, 9997.0, 7, 6.4372182871860915, 0.2
1553, 10002.0, 5, 6.436293436293436, 0.2
1554, 10008.0, 6, 6.436012861736335, 0.2
1555, 10014.0, 6, 6.43573264781491, 0.2
1556, 10020.0, 6, 6.435452793834297, 0.2
1557, 10026.0, 6, 6.435173299101412, 0.2
1558, 10027.0, 1, 6.431686978832585, 0.2
1559, 10027.0, 0, 6.427564102564102, 0.2
1560, 10035.0, 8, 6.428571428571429, 0.2
1561, 10041.0, 6, 6.428297055057619, 0.2
1562, 10045.0, 4, 6.4267434420985285, 0.2
1563, 10051.0, 6, 6.426470588235294, 0.2
1564, 10051.0, 0, 6.4223642172523965, 0.2
1565, 10057.0, 6, 6.422094508301405, 0.2
1566, 10064.0, 7, 6.422463305679643, 0.2
1567, 10069.0, 5, 6.42155612244898, 0.2
1568, 10077.0, 8, 6.422562141491396, 0.2
1569, 10082.0, 5, 6.421656050955414, 0.2
1570, 10088.0, 6, 6.421387651177594, 0.2
1571, 10096.0, 8, 6.422391857506361, 0.2
1572, 10102.0, 6, 6.42212333121424, 0.2
1573, 10109.0, 7, 6.422490470139771, 0.2
1574, 10116.0, 7, 6.422857142857143, 0.2
1575, 10117.0, 1, 6.4194162436548226, 0.2
1576, 10121.0, 4, 6.4178820545339255, 0.2
1577, 10126.0, 5, 6.416983523447402, 0.2
1578, 10132.0, 6, 6.416719442685244, 0.2
1579, 10137.0, 5, 6.415822784810127, 0.2
1580, 10145.0, 8, 6.416824794433903, 0.2
1581, 10151.0, 6, 6.416561314791403, 0.2
1582, 10156.0, 5, 6.41566645609602, 0.2
1583, 10157.0, 1, 6.412247474747475, 0.2
1584, 10161.0, 4, 6.410725552050473, 0.2
1585, 10169.0, 8, 6.411727616645649, 0.2
1586, 10175.0, 6, 6.411468178954001, 0.2
1587, 10181.0, 6, 6.411209068010075, 0.2
1588, 10186.0, 5, 6.410320956576463, 0.2
1589, 10192.0, 6, 6.410062893081761, 0.2
1590, 10198.0, 6, 6.409805153991201, 0.2
1591, 10206.0, 8, 6.410804020100502, 0.2
1592, 10209.0, 3, 6.4086629001883235, 0.2
1593, 10215.0, 6, 6.40840652446675, 0.2
1594, 10221.0, 6, 6.408150470219436, 0.2
1595, 10229.0, 8, 6.409147869674185, 0.2
1596, 10235.0, 6, 6.408891671884784, 0.2
1597, 10241.0, 6, 6.40863579474343, 0.2
1598, 10247.0, 6, 6.40838023764853, 0.2
1599, 10255.0, 8, 6.409375, 0.2
1600, 10261.0, 6, 6.409119300437227, 0.2
1601, 10266.0, 5, 6.408239700374532, 0.2
1602, 10273.0, 7, 6.408608858390518, 0.2
1603, 10279.0, 6, 6.408354114713217, 0.2
1604, 10285.0, 6, 6.40809968847352, 0.2
1605, 10286.0, 1, 6.404732254047323, 0.2
1606, 10293.0, 7, 6.405102675793404, 0.2
1607, 10300.0, 7, 6.4054726368159205, 0.2
1608, 10304.0, 4, 6.403977625854568, 0.2
1609, 10311.0, 7, 6.404347826086957, 0.2
1610, 10315.0, 4, 6.402855369335816, 0.2
1611, 10320.0, 5, 6.401985111662531, 0.2
1612, 10323.0, 3, 6.399876007439554, 0.2
1613, 10328.0, 5, 6.399008674101611, 0.2
1614, 10334.0, 6, 6.398761609907121, 0.2
1615, 10334.0, 0, 6.39480198019802, 0.2
1616, 10341.0, 7, 6.39517625231911, 0.2
1617, 10342.0, 1, 6.3918417799752785, 0.2
1618, 10349.0, 7, 6.392217418159357, 0.2
1619, 10354.0, 5, 6.391358024691358, 0.2
1620, 10361.0, 7, 6.391733497840839, 0.2
1621, 10367.0, 6, 6.391491985203452, 0.2
1622, 10372.0, 5, 6.390634627233518, 0.2
1623, 10379.0, 7, 6.391009852216749, 0.2
1624, 10386.0, 7, 6.391384615384616, 0.2
1625, 10394.0, 8, 6.392373923739237, 0.2
1626, 10400.0, 6, 6.392132759680393, 0.2
1627, 10408.0, 8, 6.393120393120393, 0.2
1628, 10413.0, 5, 6.392265193370166, 0.2
1629, 10419.0, 6, 6.3920245398773, 0.2
1630, 10425.0, 6, 6.391784181483752, 0.2
1631, 10429.0, 4, 6.390318627450981, 0.2
1632, 10435.0, 6, 6.3900796080832825, 0.2
1633, 10442.0, 7, 6.3904528763769886, 0.2
1634, 10450.0, 8, 6.391437308868501, 0.2
1635, 10454.0, 4, 6.38997555012225, 0.2
1636, 10462.0, 8, 6.3909590714722055, 0.2
1637, 10470.0, 8, 6.391941391941392, 0.2
1638, 10476.0, 6, 6.391702257474069, 0.2
1639, 10484.0, 8, 6.392682926829268, 0.2
1640, 10491.0, 7, 6.393053016453382, 0.2
1641, 10499.0, 8, 6.394031668696711, 0.2
1642, 10505.0, 6, 6.393791844187462, 0.2
1643, 10513.0, 8, 6.394768856447689, 0.2
1644, 10521.0, 8, 6.395744680851064, 0.2
1645, 10528.0, 7, 6.396111786148238, 0.2
1646, 10534.0, 6, 6.3958712811171825, 0.2
1647, 10541.0, 7, 6.39623786407767, 0.2
1648, 10549.0, 8, 6.3972104305639785, 0.2
1649, 10555.0, 6, 6.3969696969696965, 0.2
1650, 10561.0, 6, 6.396729254996972, 0.2
1651, 10567.0, 6, 6.396489104116223, 0.2
1652, 10568.0, 1, 6.393224440411373, 0.2
1653, 10575.0, 7, 6.393591293833132, 0.2
1654, 10582.0, 7, 6.393957703927493, 0.2
1655, 10589.0, 7, 6.394323671497585, 0.2
1656, 10595.0, 6, 6.394085697042849, 0.2
1657, 10600.0, 5, 6.393244873341375, 0.2
1658, 10608.0, 8, 6.394213381555153, 0.2
1659, 10615.0, 7, 6.394578313253012, 0.2
1660, 10623.0, 8, 6.395544852498495, 0.2
1661, 10629.0, 6, 6.3953068592057765, 0.2
1662, 10635.0, 6, 6.395069152134696, 0.2
1663, 10642.0, 7, 6.3954326923076925, 0.2
1664, 10643.0, 1, 6.3921921921921925, 0.2
1665, 10651.0, 8, 6.393157262905162, 0.2
1666, 10655.0, 4, 6.391721655668866, 0.2
1667, 10661.0, 6, 6.391486810551559, 0.2
1668, 10667.0, 6, 6.391252246854404, 0.2
1669, 10672.0, 5, 6.390419161676647, 0.2
1670, 10677.0, 5, 6.3895870736086176, 0.2
1671, 10685.0, 8, 6.39055023923445, 0.2
1672, 10689.0, 4, 6.389121338912134, 0.2
1673, 10696.0, 7, 6.389486260454002, 0.2
1674, 10702.0, 6, 6.389253731343284, 0.2
1675, 10710.0, 8, 6.390214797136038, 0.2
1676, 10716.0, 6, 6.389982110912343, 0.2
1677, 10716.0, 0, 6.386174016686532, 0.2
1678, 10718.0, 2, 6.383561643835616, 0.2
1679, 10725.0, 7, 6.383928571428571, 0.2
1680, 10732.0, 7, 6.38429506246282, 0.2
1681, 10739.0, 7, 6.384661117717004, 0.2
1682, 10746.0, 7, 6.385026737967914, 0.2
1683, 10753.0, 7, 6.385391923990499, 0.2
1684, 10759.0, 6, 6.385163204747775, 0.2
1685, 10766.0, 7, 6.3855278766310795, 0.2
1686, 10774.0, 8, 6.386484884410196, 0.2
1687, 10780.0, 6, 6.386255924170616, 0.2
1688, 10788.0, 8, 6.38721136767318, 0.2
1689, 10794.0, 6, 6.38698224852071, 0.2
1690, 10800.0, 6, 6.386753400354819, 0.2
1691, 10805.0, 5, 6.385933806146572, 0.2
1692, 10812.0, 7, 6.38629651506202, 0.2
1693, 10816.0, 4, 6.384887839433294, 0.2
1694, 10821.0, 5, 6.384070796460177, 0.2
1695, 10827.0, 6, 6.383844339622642, 0.2
1696, 10833.0, 6, 6.383618149675899, 0.2
1697, 10840.0, 7, 6.383981154299176, 0.2
1698, 10845.0, 5, 6.383166568569747, 0.2
1699, 10851.0, 6, 6.382941176470588, 0.2
1700, 10859.0, 8, 6.383891828336273, 0.2
1701, 10864.0, 5, 6.383078730904818, 0.2
1702, 10872.0, 8, 6.384028185554903, 0.2
1703, 10877.0, 5, 6.383215962441315, 0.2
1704, 10885.0, 8, 6.3841642228739, 0.2
1705, 10889.0, 4, 6.382766705744431, 0.2
1706, 10897.0, 8, 6.383714118336262, 0.2
1707, 10905.0, 8, 6.384660421545667, 0.2
1708, 10910.0, 5, 6.383850204798128, 0.2
1709, 10916.0, 6, 6.383625730994152, 0.2
1710, 10922.0, 6, 6.383401519579193, 0.2
1711, 10928.0, 6, 6.383177570093458, 0.2
1712, 10933.0, 5, 6.38237011091652, 0.2
1713, 10939.0, 6, 6.382147024504084, 0.2
1714, 10946.0, 7, 6.382507288629737, 0.2
1715, 10953.0, 7, 6.3828671328671325, 0.2
1716, 10958.0, 5, 6.3820617355853235, 0.2
1717, 10964.0, 6, 6.381839348079162, 0.2
1718, 10968.0, 4, 6.380453752181501, 0.2
1719, 10974.0, 6, 6.380232558139535, 0.2
1720, 10980.0, 6, 6.380011621150494, 0.2
1721, 10987.0, 7, 6.380371660859466, 0.2
1722, 10995.0, 8, 6.381311665699362, 0.2
1723, 11001.0, 6, 6.381090487238979, 0.2
1724, 11005.0, 4, 6.379710144927536, 0.2
1725, 11008.0, 3, 6.377752027809965, 0.2
1726, 11016.0, 8, 6.378691372321946, 0.2
1727, 11022.0, 6, 6.378472222222222, 0.2
1728, 11027.0, 5, 6.377674956622325, 0.2
1729, 11034.0, 7, 6.378034682080925, 0.2
1730, 11041.0, 7, 6.37839399191219, 0.2
1731, 11049.0, 8, 6.37933025404157, 0.2
1732, 11055.0, 6, 6.379111367570687, 0.2
1733, 11063.0, 8, 6.380046136101499, 0.2
1734, 11068.0, 5, 6.379250720461095, 0.2
1735, 11074.0, 6, 6.379032258064516, 0.2
1736, 11078.0, 4, 6.377662636729994, 0.2
1737, 11085.0, 7, 6.378020713463751, 0.2
1738, 11093.0, 8, 6.378953421506613, 0.2
1739, 11099.0, 6, 6.378735632183908, 0.2
1740, 11106.0, 7, 6.379092475588742, 0.2
1741, 11112.0, 6, 6.378874856486797, 0.2
1742, 11119.0, 7, 6.379231210556512, 0.2
1743, 11119.0, 0, 6.3755733944954125, 0.2
1744, 11125.0, 6, 6.375358166189112, 0.2
1745, 11133.0, 8, 6.376288659793815, 0.2
1746, 11138.0, 5, 6.375500858614768, 0.2
1747, 11145.0, 7, 6.375858123569794, 0.2
1748, 11150.0, 5, 6.375071469411092, 0.2
1749, 11156.0, 6, 6.3748571428571426, 0.2
1750, 11161.0, 5, 6.37407195888064, 0.2
1751, 11169.0, 8, 6.375, 0.2
1752, 11173.0, 4, 6.373645179691956, 0.2
1753, 11175.0, 2, 6.37115165336374, 0.2
1754, 11179.0, 4, 6.36980056980057, 0.2
1755, 11185.0, 6, 6.369589977220957, 0.2
1756, 11190.0, 5, 6.36881047239613, 0.2
1757, 11195.0, 5, 6.368031854379978, 0.2
1758, 11202.0, 7, 6.368391131324616, 0.2
1759, 11208.0, 6, 6.368181818181818, 0.2
1760, 11215.0, 7, 6.368540601930722, 0.2
1761, 11218.0, 3, 6.366628830874006, 0.2
1762, 11225.0, 7, 6.366988088485536, 0.2
1763, 11233.0, 8, 6.367913832199546, 0.2
1764, 11235.0, 2, 6.36543909348442, 0.2
1765, 11235.0, 0, 6.361834654586636, 0.2
1766, 11242.0, 7, 6.362195812110922, 0.2
1767, 11250.0, 8, 6.363122171945701, 0.2
1768, 11257.0, 7, 6.363482193329565, 0.2
1769, 11265.0, 8, 6.364406779661017, 0.2
1770, 11267.0, 2, 6.361942405420666, 0.2
1771, 11272.0, 5, 6.36117381489842, 0.2
1772, 11278.0, 6, 6.360970107163, 0.2
1773, 11282.0, 4, 6.359639233370913, 0.2
1774, 11288.0, 6, 6.35943661971831, 0.2
1775, 11293.0, 5, 6.358671171171171, 0.2
1776, 11298.0, 5, 6.357906584130557, 0.2
1777, 11304.0, 6, 6.3577052868391455, 0.2
1778, 11310.0, 6, 6.357504215851602, 0.2
1779, 11316.0, 6, 6.357303370786517, 0.2
1780, 11323.0, 7, 6.357664233576642, 0.2
1781, 11329.0, 6, 6.357463524130191, 0.2
1782, 11331.0, 2, 6.3550196298373525, 0.2
1783, 11339.0, 8, 6.3559417040358746, 0.2
1784, 11345.0, 6, 6.355742296918767, 0.2
1785, 11349.0, 4, 6.354423292273236, 0.2
1786, 11355.0, 6, 6.354224958030218, 0.2
1787, 11360.0, 5, 6.353467561521253, 0.2
1788, 11365.0, 5, 6.352711011738402, 0.2
1789, 11373.0, 8, 6.353631284916201, 0.2
1790, 11374.0, 1, 6.350642099385818, 0.2
1791, 11380.0, 6, 6.350446428571429, 0.2
1792, 11388.0, 8, 6.351366424986057, 0.2
1793, 11394.0, 6, 6.351170568561873, 0.2
1794, 11401.0, 7, 6.351532033426184, 0.2
1795, 11403.0, 2, 6.349109131403118, 0.2
1796, 11410.0, 7, 6.3494713411240955, 0.2
1797, 11411.0, 1, 6.346496106785317, 0.2
1798, 11417.0, 6, 6.346303501945525, 0.2
1799, 11423.0, 6, 6.346111111111111, 0.2
1800, 11429.0, 6, 6.345918933925597, 0.2
1801, 11436.0, 7, 6.346281908990011, 0.2
1802, 11441.0, 5, 6.345535219079312, 0.2
1803, 11448.0, 7, 6.34589800443459, 0.2
1804, 11450.0, 2, 6.3434903047091415, 0.2
1805, 11457.0, 7, 6.343853820598007, 0.2
1806, 11465.0, 8, 6.344770337576093, 0.2
1807, 11470.0, 5, 6.344026548672566, 0.2
1808, 11478.0, 8, 6.344941956882256, 0.2
1809, 11484.0, 6, 6.344751381215469, 0.2
1810, 11487.0, 3, 6.342904472667035, 0.2
1811, 11493.0, 6, 6.3427152317880795, 0.2
1812, 11499.0, 6, 6.342526199669057, 0.2
1813, 11505.0, 6, 6.342337375964719, 0.2
1814, 11510.0, 5, 6.341597796143251, 0.2
1815, 11516.0, 6, 6.341409691629956, 0.2
1816, 11518.0, 2, 6.339020363236103, 0.2
1817, 11519.0, 1, 6.336083608360836, 0.2
1818, 11526.0, 7, 6.336448598130841, 0.2
1819, 11531.0, 5, 6.335714285714285, 0.2
1820, 11533.0, 2, 6.333333333333333, 0.2
1821, 11538.0, 5, 6.332601536772777, 0.2
1822, 11544.0, 6, 6.332419089413055, 0.2
1823, 11549.0, 5, 6.331688596491228, 0.2
1824, 11552.0, 3, 6.32986301369863, 0.2
1825, 11557.0, 5, 6.329134720700986, 0.2
1826, 11562.0, 5, 6.328407224958949, 0.2
1827, 11570.0, 8, 6.329321663019694, 0.2
1828, 11577.0, 7, 6.329688354291963, 0.2
1829, 11585.0, 8, 6.330601092896175, 0.2
1830, 11593.0, 8, 6.331512834516658, 0.2
1831, 11599.0, 6, 6.331331877729258, 0.2
1832, 11605.0, 6, 6.3311511183851605, 0.2
1833, 11611.0, 6, 6.330970556161396, 0.2
1834, 11617.0, 6, 6.330790190735695, 0.2
1835, 11624.0, 7, 6.331154684095861, 0.2
1836, 11626.0, 2, 6.328796951551443, 0.2
1837, 11633.0, 7, 6.329162132752993, 0.2
1838, 11639.0, 6, 6.328983143012507, 0.2
1839, 11641.0, 2, 6.326630434782609, 0.2
1840, 11649.0, 8, 6.32753938077132, 0.2
1841, 11656.0, 7, 6.3279044516829535, 0.2
1842, 11663.0, 7, 6.328269126424308, 0.2
1843, 11670.0, 7, 6.328633405639914, 0.2
1844, 11678.0, 8, 6.329539295392954, 0.2
1845, 11680.0, 2, 6.327193932827735, 0.2
1846, 11686.0, 6, 6.327016783974012, 0.2
1847, 11693.0, 7, 6.3273809523809526, 0.2
1848, 11701.0, 8, 6.328285559762033, 0.2
1849, 11708.0, 7, 6.328648648648649, 0.2
1850, 11713.0, 5, 6.327930848190167, 0.2
1851, 11721.0, 8, 6.328833693304536, 0.2
1852, 11728.0, 7, 6.3291958985429035, 0.2
1853, 11733.0, 5, 6.328478964401294, 0.2
1854, 11739.0, 6, 6.3283018867924525, 0.2
1855, 11745.0, 6, 6.328125, 0.2
1856, 11752.0, 7, 6.328486806677437, 0.2
1857, 11754.0, 2, 6.326157158234661, 0.2
1858, 11754.0, 0, 6.322754168908015, 0.2
1859, 11762.0, 8, 6.323655913978494, 0.2
1860, 11768.0, 6, 6.323481998925309, 0.2
1861, 11774.0, 6, 6.323308270676692, 0.2
1862, 11780.0, 6, 6.32313472893183, 0.2
1863, 11788.0, 8, 6.324034334763948, 0.2
1864, 11795.0, 7, 6.3243967828418235, 0.2
1865, 11801.0, 6, 6.32422293676313, 0.2
1866, 11809.0, 8, 6.325120514193894, 0.2
1867, 11817.0, 8, 6.326017130620985, 0.2
1868, 11823.0, 6, 6.325842696629214, 0.2
1869, 11824.0, 1, 6.322994652406417, 0.2
1870, 11831.0, 7, 6.323356493853554, 0.2
1871, 11838.0, 7, 6.323717948717949, 0.2
1872, 11843.0, 5, 6.3230112119594235, 0.2
1873, 11851.0, 8, 6.323906083244397, 0.2
1874, 11859.0, 8, 6.3248, 0.2
1875, 11865.0, 6, 6.324626865671642, 0.2
1876, 11871.0, 6, 6.324453915823122, 0.2
1877, 11876.0, 5, 6.3237486687965925, 0.2
1878, 11883.0, 7, 6.32410856838744, 0.2
1879, 11890.0, 7, 6.324468085106383, 0.2
1880, 11897.0, 7, 6.324827219564062, 0.2
1881, 11903.0, 6, 6.324654622741764, 0.2
1882, 11909.0, 6, 6.324482209240574, 0.2
1883, 11916.0, 7, 6.32484076433121, 0.2
1884, 11923.0, 7, 6.325198938992043, 0.2
1885, 11929.0, 6, 6.325026511134676, 0.2
1886, 11937.0, 8, 6.325914149443562, 0.2
1887, 11944.0, 7, 6.326271186440678, 0.2
1888, 11952.0, 8, 6.327157226045527, 0.2
1889, 11958.0, 6, 6.326984126984127, 0.2
1890, 11963.0, 5, 6.326282390269698, 0.2
1891, 11964.0, 1, 6.323467230443975, 0.2
1892, 11971.0, 7, 6.323824617010037, 0.2
1893, 11979.0, 8, 6.324709609292503, 0.2
1894, 11983.0, 4, 6.323482849604222, 0.2
1895, 11990.0, 7, 6.3238396624472575, 0.2
1896, 11997.0, 7, 6.324196099103848, 0.2
1897, 12002.0, 5, 6.32349841938883, 0.2
1898, 12009.0, 7, 6.323854660347552, 0.2
1899, 12016.0, 7, 6.324210526315789, 0.2
1900, 12022.0, 6, 6.324039978958443, 0.2
1901, 12027.0, 5, 6.323343848580442, 0.2
1902, 12035.0, 8, 6.324224908039937, 0.2
1903, 12040.0, 5, 6.323529411764706, 0.2
1904, 12047.0, 7, 6.323884514435695, 0.2
1905, 12053.0, 6, 6.323714585519412, 0.2
1906, 12059.0, 6, 6.323544834819088, 0.2
1907, 12066.0, 7, 6.323899371069182, 0.2
1908, 12071.0, 5, 6.323205866946045, 0.2
1909, 12079.0, 8, 6.324083769633508, 0.2
1910, 12085.0, 6, 6.323914181057038, 0.2
1911, 12086.0, 1, 6.321129707112971, 0.2
1912, 12092.0, 6, 6.320961840041819, 0.2
1913, 12093.0, 1, 6.318181818181818, 0.2
1914, 12097.0, 4, 6.3169712793733686, 0.2
1915, 12103.0, 6, 6.316805845511483, 0.2
1916, 12110.0, 7, 6.317162232655191, 0.2
1917, 12115.0, 5, 6.316475495307612, 0.2
1918, 12123.0, 8, 6.31735278791037, 0.2
1919, 12127.0, 4, 6.316145833333334, 0.2
1920, 12134.0, 7, 6.316501821967726, 0.2
1921, 12141.0, 7, 6.316857440166493, 0.2
1922, 12148.0, 7, 6.31721268850754, 0.2
1923, 12155.0, 7, 6.3175675675675675, 0.2
1924, 12160.0, 5, 6.316883116883117, 0.2
1925, 12163.0, 3, 6.315160955347872, 0.2
1926, 12169.0, 6, 6.314997405293202, 0.2
1927, 12176.0, 7, 6.3153526970954355, 0.2
1928, 12182.0, 6, 6.31518921721099, 0.2
1929, 12190.0, 8, 6.316062176165803, 0.2
1930, 12198.0, 8, 6.3169342309684104, 0.2
1931, 12199.0, 1, 6.314182194616977, 0.2
1932, 12205.0, 6, 6.314019658561821, 0.2
1933, 12213.0, 8, 6.314891416752844, 0.2
1934, 12220.0, 7, 6.315245478036176, 0.2
1935, 12228.0, 8, 6.316115702479339, 0.2
1936, 12233.0, 5, 6.315436241610739, 0.2
1937, 12240.0, 7, 6.315789473684211, 0.2
1938, 12247.0, 7, 6.3161423414131, 0.2
1939, 12250.0, 3, 6.314432989690721, 0.2
1940, 12254.0, 4, 6.313240597630087, 0.2
1941, 12258.0, 4, 6.312049433573636, 0.2
1942, 12265.0, 7, 6.312403499742666, 0.2
1943, 12272.0, 7, 6.31275720164609, 0.2
1944, 12278.0, 6, 6.312596401028277, 0.2
1945, 12282.0, 4, 6.311408016443988, 0.2
1946, 12286.0, 4, 6.3102208525937336, 0.2
1947, 12293.0, 7, 6.310574948665297, 0.2
1948, 12300.0, 7, 6.3109286813750645, 0.2
1949, 12305.0, 5, 6.31025641025641, 0.2
1950, 12312.0, 7, 6.310609943618657, 0.2
1951, 12320.0, 8, 6.311475409836065, 0.2
1952, 12323.0, 3, 6.309779825908858, 0.2
1953, 12331.0, 8, 6.31064483111566, 0.2
1954, 12338.0, 7, 6.310997442455243, 0.2
1955, 12340.0, 2, 6.30879345603272, 0.2
1956, 12348.0, 8, 6.30965763924374, 0.2
1957, 12354.0, 6, 6.30949948927477, 0.2
1958, 12361.0, 7, 6.309851965288413, 0.2
1959, 12366.0, 5, 6.309183673469388, 0.2
1960, 12373.0, 7, 6.309535951045385, 0.2
1961, 12379.0, 6, 6.309378185524975, 0.2
1962, 12385.0, 6, 6.30922058074376, 0.2
1963, 12392.0, 7, 6.3095723014256615, 0.2
1964, 12397.0, 5, 6.308905852417303, 0.2
1965, 12405.0, 8, 6.309766022380468, 0.2
1966, 12409.0, 4, 6.308591764107779, 0.2
1967, 12417.0, 8, 6.309451219512195, 0.2
1968, 12425.0, 8, 6.310309801929914, 0.2
1969, 12426.0, 1, 6.3076142131979696, 0.2
1970, 12431.0, 5, 6.306950786402841, 0.2
1971, 12438.0, 7, 6.307302231237323, 0.2
1972, 12444.0, 6, 6.307146477445515, 0.2
1973, 12452.0, 8, 6.308004052684904, 0.2
1974, 12458.0, 6, 6.307848101265823, 0.2
1975, 12466.0, 8, 6.308704453441296, 0.2
1976, 12473.0, 7, 6.309054122407688, 0.2
1977, 12481.0, 8, 6.3099089989888775, 0.2
1978, 12487.0, 6, 6.309752400202123, 0.2
1979, 12495.0, 8, 6.3106060606060606, 0.2
1980, 12499.0, 4, 6.309439676930843, 0.2
1981, 12505.0, 6, 6.3092835519677095, 0.2
1982, 12510.0, 5, 6.308623298033283, 0.2
1983, 12516.0, 6, 6.308467741935484, 0.2
1984, 12519.0, 3, 6.306801007556675, 0.2
1985, 12519.0, 0, 6.303625377643504, 0.2
1986, 12526.0, 7, 6.303975842979366, 0.2
1987, 12526.0, 0, 6.300804828973843, 0.2
1988, 12532.0, 6, 6.300653594771242, 0.2
1989, 12538.0, 6, 6.300502512562814, 0.2
1990, 12540.0, 2, 6.298342541436464, 0.2
1991, 12548.0, 8, 6.2991967871485945, 0.2
1992, 12554.0, 6, 6.299046663321626, 0.2
1993, 12559.0, 5, 6.29839518555667, 0.2
1994, 12565.0, 6, 6.298245614035087, 0.2
1995, 12569.0, 4, 6.297094188376754, 0.2
1996, 12575.0, 6, 6.296945418127191, 0.2
1997, 12582.0, 7, 6.297297297297297, 0.2
1998, 12588.0, 6, 6.297148574287143, 0.2
1999, 12596.0, 8, 6.298, 0.2
