0, 8.0, 8, 8.0, 0.1
1, 16.0, 8, 8.0, 0.1
2, 24.0, 8, 8.0, 0.1
3, 32.0, 8, 8.0, 0.1
4, 40.0, 8, 8.0, 0.1
5, 48.0, 8, 8.0, 0.1
6, 56.0, 8, 8.0, 0.1
7, 64.0, 8, 8.0, 0.1
8, 72.0, 8, 8.0, 0.1
9, 80.0, 8, 8.0, 0.1
10, 88.0, 8, 8.0, 0.1
11, 96.0, 8, 8.0, 0.1
12, 104.0, 8, 8.0, 0.1
13, 112.0, 8, 8.0, 0.1
14, 120.0, 8, 8.0, 0.1
15, 128.0, 8, 8.0, 0.1
16, 136.0, 8, 8.0, 0.1
17, 144.0, 8, 8.0, 0.1
18, 152.0, 8, 8.0, 0.1
19, 160.0, 8, 8.0, 0.1
20, 168.0, 8, 8.0, 0.1
21, 176.0, 8, 8.0, 0.1
22, 184.0, 8, 8.0, 0.1
23, 192.0, 8, 8.0, 0.1
24, 200.0, 8, 8.0, 0.1
25, 208.0, 8, 8.0, 0.1
26, 216.0, 8, 8.0, 0.1
27, 224.0, 8, 8.0, 0.1
28, 232.0, 8, 8.0, 0.1
29, 240.0, 8, 8.0, 0.1
30, 248.0, 8, 8.0, 0.1
31, 256.0, 8, 8.0, 0.1
32, 264.0, 8, 8.0, 0.1
33, 272.0, 8, 8.0, 0.1
34, 280.0, 8, 8.0, 0.1
35, 288.0, 8, 8.0, 0.1
36, 296.0, 8, 8.0, 0.1
37, 304.0, 8, 8.0, 0.1
38, 312.0, 8, 8.0, 0.1
39, 320.0, 8, 8.0, 0.1
40, 328.0, 8, 8.0, 0.1
41, 336.0, 8, 8.0, 0.1
42, 344.0, 8, 8.0, 0.1
43, 352.0, 8, 8.0, 0.1
44, 360.0, 8, 8.0, 0.1
45, 368.0, 8, 8.0, 0.1
46, 376.0, 8, 8.0, 0.1
47, 384.0, 8, 8.0, 0.1
48, 392.0, 8, 8.0, 0.1
49, 400.0, 8, 8.0, 0.1
50, 408.0, 8, 8.0, 0.1
51, 416.0, 8, 8.0, 0.1
52, 424.0, 8, 8.0, 0.1
53, 432.0, 8, 8.0, 0.1
54, 440.0, 8, 8.0, 0.1
55, 448.0, 8, 8.0, 0.1
56, 456.0, 8, 8.0, 0.1
57, 464.0, 8, 8.0, 0.1
58, 472.0, 8, 8.0, 0.1
59, 480.0, 8, 8.0, 0.1
60, 488.0, 8, 8.0, 0.1
61, 496.0, 8, 8.0, 0.1
62, 504.0, 8, 8.0, 0.1
63, 512.0, 8, 8.0, 0.1
64, 520.0, 8, 8.0, 0.1
65, 528.0, 8, 8.0, 0.1
66, 536.0, 8, 8.0, 0.1
67, 544.0, 8, 8.0, 0.1
68, 552.0, 8, 8.0, 0.1
69, 560.0, 8, 8.0, 0.1
70, 568.0, 8, 8.0, 0.1
71, 576.0, 8, 8.0, 0.1
72, 584.0, 8, 8.0, 0.1
73, 592.0, 8, 8.0, 0.1
74, 600.0, 8, 8.0, 0.1
75, 608.0, 8, 8.0, 0.1
76, 616.0, 8, 8.0, 0.1
77, 624.0, 8, 8.0, 0.1
78, 632.0, 8, 8.0, 0.1
79, 640.0, 8, 8.0, 0.1
80, 648.0, 8, 8.0, 0.1
81, 656.0, 8, 8.0, 0.1
82, 664.0, 8, 8.0, 0.1
83, 672.0, 8, 8.0, 0.1
84, 680.0, 8, 8.0, 0.1
85, 688.0, 8, 8.0, 0.1
86, 696.0, 8, 8.0, 0.1
87, 704.0, 8, 8.0, 0.1
88, 712.0, 8, 8.0, 0.1
89, 720.0, 8, 8.0, 0.1
90, 728.0, 8, 8.0, 0.1
91, 736.0, 8, 8.0, 0.1
92, 744.0, 8, 8.0, 0.1
93, 752.0, 8, 8.0, 0.1
94, 760.0, 8, 8.0, 0.1
95, 768.0, 8, 8.0, 0.1
96, 776.0, 8, 8.0, 0.1
97, 784.0, 8, 8.0, 0.1
98, 792.0, 8, 8.0, 0.1
99, 800.0, 8, 8.0, 0.1
100, 808.0, 8, 8.0, 0.1
101, 816.0, 8, 8.0, 0.1
102, 824.0, 8, 8.0, 0.1
103, 832.0, 8, 8.0, 0.1
104, 840.0, 8, 8.0, 0.1
105, 848.0, 8, 8.0, 0.1
106, 856.0, 8, 8.0, 0.1
107, 864.0, 8, 8.0, 0.1
108, 872.0, 8, 8.0, 0.1
109, 880.0, 8, 8.0, 0.1
110, 888.0, 8, 8.0, 0.1
111, 896.0, 8, 8.0, 0.1
112, 904.0, 8, 8.0, 0.1
113, 912.0, 8, 8.0, 0.1
114, 918.0, 6, 7.982608695652174, 0.1
115, 923.0, 5, 7.956896551724138, 0.1
116, 929.0, 6, 7.94017094017094, 0.1
117, 937.0, 8, 7.940677966101695, 0.1
118, 945.0, 8, 7.9411764705882355, 0.1
119, 953.0, 8, 7.941666666666666, 0.1
120, 959.0, 6, 7.925619834710743, 0.1
121, 966.0, 7, 7.918032786885246, 0.1
122, 973.0, 7, 7.9105691056910565, 0.1
123, 981.0, 8, 7.911290322580645, 0.1
124, 988.0, 7, 7.904, 0.1
125, 996.0, 8, 7.904761904761905, 0.1
126, 1002.0, 6, 7.889763779527559, 0.1
127, 1009.0, 7, 7.8828125, 0.1
128, 1017.0, 8, 7.883720930232558, 0.1
129, 1025.0, 8, 7.884615384615385, 0.1
130, 1032.0, 7, 7.877862595419847, 0.1
131, 1038.0, 6, 7.863636363636363, 0.1
132, 1046.0, 8, 7.864661654135339, 0.1
133, 1053.0, 7, 7.858208955223881, 0.1
134, 1060.0, 7, 7.851851851851852, 0.1
135, 1067.0, 7, 7.845588235294118, 0.1
136, 1073.0, 6, 7.8321167883211675, 0.1
137, 1079.0, 6, 7.818840579710145, 0.1
138, 1086.0, 7, 7.81294964028777, 0.1
139, 1094.0, 8, 7.814285714285714, 0.1
140, 1102.0, 8, 7.815602836879433, 0.1
141, 1110.0, 8, 7.816901408450704, 0.1
142, 1118.0, 8, 7.818181818181818, 0.1
143, 1126.0, 8, 7.819444444444445, 0.1
144, 1134.0, 8, 7.820689655172414, 0.1
145, 1142.0, 8, 7.821917808219178, 0.1
146, 1150.0, 8, 7.8231292517006805, 0.1
147, 1157.0, 7, 7.8175675675675675, 0.1
148, 1164.0, 7, 7.8120805369127515, 0.1
149, 1165.0, 1, 7.766666666666667, 0.1
150, 1172.0, 7, 7.76158940397351, 0.1
151, 1180.0, 8, 7.7631578947368425, 0.1
152, 1188.0, 8, 7.764705882352941, 0.1
153, 1195.0, 7, 7.759740259740259, 0.1
154, 1201.0, 6, 7.748387096774193, 0.1
155, 1208.0, 7, 7.743589743589744, 0.1
156, 1216.0, 8, 7.745222929936306, 0.1
157, 1223.0, 7, 7.7405063291139244, 0.1
158, 1230.0, 7, 7.735849056603773, 0.1
159, 1238.0, 8, 7.7375, 0.1
160, 1245.0, 7, 7.732919254658385, 0.1
161, 1253.0, 8, 7.734567901234568, 0.1
162, 1261.0, 8, 7.736196319018405, 0.1
163, 1267.0, 6, 7.725609756097561, 0.1
164, 1274.0, 7, 7.721212121212122, 0.1
165, 1282.0, 8, 7.72289156626506, 0.1
166, 1289.0, 7, 7.718562874251497, 0.1
167, 1297.0, 8, 7.720238095238095, 0.1
168, 1303.0, 6, 7.710059171597633, 0.1
169, 1311.0, 8, 7.711764705882353, 0.1
170, 1317.0, 6, 7.701754385964913, 0.1
171, 1325.0, 8, 7.703488372093023, 0.1
172, 1331.0, 6, 7.69364161849711, 0.1
173, 1338.0, 7, 7.689655172413793, 0.1
174, 1344.0, 6, 7.68, 0.1
175, 1352.0, 8, 7.681818181818182, 0.1
176, 1359.0, 7, 7.677966101694915, 0.1
177, 1367.0, 8, 7.679775280898877, 0.1
178, 1375.0, 8, 7.681564245810056, 0.1
179, 1383.0, 8, 7.683333333333334, 0.1
180, 1391.0, 8, 7.685082872928176, 0.1
181, 1398.0, 7, 7.681318681318682, 0.1
182, 1406.0, 8, 7.683060109289618, 0.1
183, 1413.0, 7, 7.679347826086956, 0.1
184, 1420.0, 7, 7.675675675675675, 0.1
185, 1425.0, 5, 7.661290322580645, 0.1
186, 1433.0, 8, 7.663101604278075, 0.1
187, 1438.0, 5, 7.648936170212766, 0.1
188, 1446.0, 8, 7.650793650793651, 0.1
189, 1453.0, 7, 7.647368421052631, 0.1
190, 1458.0, 5, 7.633507853403142, 0.1
191, 1464.0, 6, 7.625, 0.1
192, 1472.0, 8, 7.626943005181347, 0.1
193, 1477.0, 5, 7.61340206185567, 0.1
194, 1485.0, 8, 7.615384615384615, 0.1
195, 1492.0, 7, 7.612244897959184, 0.1
196, 1498.0, 6, 7.604060913705584, 0.1
197, 1505.0, 7, 7.601010101010101, 0.1
198, 1512.0, 7, 7.597989949748744, 0.1
199, 1520.0, 8, 7.6, 0.1
200, 1526.0, 6, 7.592039800995025, 0.1
201, 1532.0, 6, 7.584158415841584, 0.1
202, 1540.0, 8, 7.586206896551724, 0.1
203, 1548.0, 8, 7.588235294117647, 0.1
204, 1556.0, 8, 7.590243902439024, 0.1
205, 1559.0, 3, 7.567961165048544, 0.1
206, 1567.0, 8, 7.570048309178744, 0.1
207, 1574.0, 7, 7.5673076923076925, 0.1
208, 1581.0, 7, 7.564593301435407, 0.1
209, 1587.0, 6, 7.557142857142857, 0.1
210, 1594.0, 7, 7.5545023696682465, 0.1
211, 1602.0, 8, 7.556603773584905, 0.1
212, 1608.0, 6, 7.549295774647887, 0.1
213, 1610.0, 2, 7.5233644859813085, 0.1
214, 1616.0, 6, 7.5162790697674415, 0.1
215, 1623.0, 7, 7.513888888888889, 0.1
216, 1625.0, 2, 7.488479262672811, 0.1
217, 1633.0, 8, 7.490825688073395, 0.1
218, 1633.0, 0, 7.45662100456621, 0.1
219, 1635.0, 2, 7.431818181818182, 0.1
220, 1636.0, 1, 7.402714932126697, 0.1
221, 1644.0, 8, 7.405405405405405, 0.1
222, 1652.0, 8, 7.408071748878924, 0.1
223, 1658.0, 6, 7.401785714285714, 0.1
224, 1664.0, 6, 7.395555555555555, 0.1
225, 1672.0, 8, 7.398230088495575, 0.1
226, 1680.0, 8, 7.400881057268722, 0.1
227, 1688.0, 8, 7.4035087719298245, 0.1
228, 1695.0, 7, 7.401746724890829, 0.1
229, 1697.0, 2, 7.378260869565217, 0.1
230, 1705.0, 8, 7.380952380952381, 0.1
231, 1712.0, 7, 7.379310344827586, 0.1
232, 1714.0, 2, 7.356223175965665, 0.1
233, 1717.0, 3, 7.337606837606837, 0.1
234, 1723.0, 6, 7.3319148936170215, 0.1
235, 1730.0, 7, 7.330508474576271, 0.1
236, 1737.0, 7, 7.329113924050633, 0.1
237, 1744.0, 7, 7.3277310924369745, 0.1
238, 1752.0, 8, 7.330543933054393, 0.1
239, 1759.0, 7, 7.329166666666667, 0.1
240, 1764.0, 5, 7.319502074688796, 0.1
241, 1772.0, 8, 7.322314049586777, 0.1
242, 1772.0, 0, 7.292181069958848, 0.1
243, 1780.0, 8, 7.295081967213115, 0.1
244, 1788.0, 8, 7.297959183673469, 0.1
245, 1795.0, 7, 7.296747967479675, 0.1
246, 1801.0, 6, 7.291497975708502, 0.1
247, 1809.0, 8, 7.294354838709677, 0.1
248, 1816.0, 7, 7.293172690763052, 0.1
249, 1823.0, 7, 7.292, 0.1
250, 1831.0, 8, 7.294820717131474, 0.1
251, 1839.0, 8, 7.2976190476190474, 0.1
252, 1847.0, 8, 7.300395256916996, 0.1
253, 1853.0, 6, 7.2952755905511815, 0.1
254, 1860.0, 7, 7.294117647058823, 0.1
255, 1868.0, 8, 7.296875, 0.1
256, 1874.0, 6, 7.291828793774319, 0.1
257, 1882.0, 8, 7.294573643410852, 0.1
258, 1889.0, 7, 7.293436293436294, 0.1
259, 1890.0, 1, 7.269230769230769, 0.1
260, 1897.0, 7, 7.268199233716475, 0.1
261, 1905.0, 8, 7.270992366412214, 0.1
262, 1913.0, 8, 7.273764258555133, 0.1
263, 1920.0, 7, 7.2727272727272725, 0.1
264, 1920.0, 0, 7.245283018867925, 0.1
265, 1927.0, 7, 7.2443609022556394, 0.1
266, 1934.0, 7, 7.2434456928838955, 0.1
267, 1942.0, 8, 7.246268656716418, 0.1
268, 1950.0, 8, 7.24907063197026, 0.1
269, 1958.0, 8, 7.2518518518518515, 0.1
270, 1963.0, 5, 7.243542435424354, 0.1
271, 1970.0, 7, 7.242647058823529, 0.1
272, 1977.0, 7, 7.241758241758242, 0.1
273, 1984.0, 7, 7.240875912408759, 0.1
274, 1992.0, 8, 7.243636363636363, 0.1
275, 1998.0, 6, 7.239130434782608, 0.1
276, 2006.0, 8, 7.241877256317689, 0.1
277, 2013.0, 7, 7.241007194244604, 0.1
278, 2021.0, 8, 7.243727598566308, 0.1
279, 2029.0, 8, 7.246428571428571, 0.1
280, 2036.0, 7, 7.245551601423488, 0.1
281, 2043.0, 7, 7.24468085106383, 0.1
282, 2051.0, 8, 7.247349823321555, 0.1
283, 2059.0, 8, 7.25, 0.1
284, 2066.0, 7, 7.249122807017544, 0.1
285, 2073.0, 7, 7.248251748251748, 0.1
286, 2079.0, 6, 7.2439024390243905, 0.1
287, 2086.0, 7, 7.243055555555555, 0.1
288, 2093.0, 7, 7.242214532871972, 0.1
289, 2101.0, 8, 7.244827586206896, 0.1
290, 2107.0, 6, 7.240549828178694, 0.1
291, 2115.0, 8, 7.243150684931507, 0.1
292, 2123.0, 8, 7.2457337883959045, 0.1
293, 2131.0, 8, 7.2482993197278915, 0.1
294, 2139.0, 8, 7.250847457627119, 0.1
295, 2147.0, 8, 7.253378378378378, 0.1
296, 2153.0, 6, 7.249158249158249, 0.1
297, 2154.0, 1, 7.228187919463087, 0.1
298, 2162.0, 8, 7.230769230769231, 0.1
299, 2169.0, 7, 7.23, 0.1
300, 2175.0, 6, 7.225913621262459, 0.1
301, 2182.0, 7, 7.225165562913907, 0.1
302, 2184.0, 2, 7.207920792079208, 0.1
303, 2191.0, 7, 7.207236842105263, 0.1
304, 2199.0, 8, 7.2098360655737705, 0.1
305, 2207.0, 8, 7.212418300653595, 0.1
306, 2214.0, 7, 7.2117263843648205, 0.1
307, 2220.0, 6, 7.207792207792208, 0.1
308, 2227.0, 7, 7.207119741100324, 0.1
309, 2235.0, 8, 7.209677419354839, 0.1
310, 2242.0, 7, 7.209003215434084, 0.1
311, 2250.0, 8, 7.211538461538462, 0.1
312, 2258.0, 8, 7.214057507987221, 0.1
313, 2265.0, 7, 7.213375796178344, 0.1
314, 2273.0, 8, 7.215873015873016, 0.1
315, 2281.0, 8, 7.218354430379747, 0.1
316, 2288.0, 7, 7.217665615141956, 0.1
317, 2294.0, 6, 7.213836477987422, 0.1
318, 2301.0, 7, 7.213166144200627, 0.1
319, 2308.0, 7, 7.2125, 0.1
320, 2315.0, 7, 7.211838006230529, 0.1
321, 2323.0, 8, 7.214285714285714, 0.1
322, 2330.0, 7, 7.213622291021672, 0.1
323, 2337.0, 7, 7.212962962962963, 0.1
324, 2345.0, 8, 7.2153846153846155, 0.1
325, 2352.0, 7, 7.214723926380368, 0.1
326, 2360.0, 8, 7.217125382262997, 0.1
327, 2367.0, 7, 7.216463414634147, 0.1
328, 2374.0, 7, 7.21580547112462, 0.1
329, 2381.0, 7, 7.215151515151515, 0.1
330, 2386.0, 5, 7.20845921450151, 0.1
331, 2394.0, 8, 7.210843373493976, 0.1
332, 2402.0, 8, 7.213213213213213, 0.1
333, 2410.0, 8, 7.2155688622754495, 0.1
334, 2414.0, 4, 7.205970149253731, 0.1
335, 2417.0, 3, 7.193452380952381, 0.1
336, 2425.0, 8, 7.195845697329377, 0.1
337, 2432.0, 7, 7.195266272189349, 0.1
338, 2440.0, 8, 7.1976401179941005, 0.1
339, 2447.0, 7, 7.197058823529412, 0.1
340, 2454.0, 7, 7.196480938416422, 0.1
341, 2461.0, 7, 7.195906432748538, 0.1
342, 2469.0, 8, 7.198250728862973, 0.1
343, 2476.0, 7, 7.1976744186046515, 0.1
344, 2482.0, 6, 7.194202898550724, 0.1
345, 2488.0, 6, 7.190751445086705, 0.1
346, 2489.0, 1, 7.172910662824208, 0.1
347, 2495.0, 6, 7.169540229885057, 0.1
348, 2500.0, 5, 7.163323782234957, 0.1
349, 2506.0, 6, 7.16, 0.1
350, 2514.0, 8, 7.162393162393163, 0.1
351, 2522.0, 8, 7.1647727272727275, 0.1
352, 2530.0, 8, 7.1671388101983, 0.1
353, 2538.0, 8, 7.169491525423729, 0.1
354, 2546.0, 8, 7.171830985915493, 0.1
355, 2553.0, 7, 7.171348314606742, 0.1
356, 2561.0, 8, 7.173669467787115, 0.1
357, 2561.0, 0, 7.153631284916201, 0.1
358, 2569.0, 8, 7.155988857938719, 0.1
359, 2576.0, 7, 7.155555555555556, 0.1
360, 2584.0, 8, 7.157894736842105, 0.1
361, 2591.0, 7, 7.157458563535911, 0.1
362, 2591.0, 0, 7.137741046831956, 0.1
363, 2599.0, 8, 7.1401098901098905, 0.1
364, 2607.0, 8, 7.142465753424657, 0.1
365, 2611.0, 4, 7.133879781420765, 0.1
366, 2613.0, 2, 7.119891008174387, 0.1
367, 2621.0, 8, 7.122282608695652, 0.1
368, 2628.0, 7, 7.121951219512195, 0.1
369, 2635.0, 7, 7.121621621621622, 0.1
370, 2643.0, 8, 7.123989218328841, 0.1
371, 2650.0, 7, 7.123655913978495, 0.1
372, 2657.0, 7, 7.1233243967828415, 0.1
373, 2662.0, 5, 7.117647058823529, 0.1
374, 2670.0, 8, 7.12, 0.1
375, 2677.0, 7, 7.11968085106383, 0.1
376, 2683.0, 6, 7.116710875331565, 0.1
377, 2687.0, 4, 7.108465608465608, 0.1
378, 2693.0, 6, 7.105540897097625, 0.1
379, 2700.0, 7, 7.105263157894737, 0.1
380, 2708.0, 8, 7.107611548556431, 0.1
381, 2715.0, 7, 7.107329842931938, 0.1
382, 2723.0, 8, 7.1096605744125325, 0.1
383, 2729.0, 6, 7.106770833333333, 0.1
384, 2736.0, 7, 7.106493506493506, 0.1
385, 2743.0, 7, 7.106217616580311, 0.1
386, 2749.0, 6, 7.103359173126615, 0.1
387, 2756.0, 7, 7.103092783505154, 0.1
388, 2764.0, 8, 7.105398457583547, 0.1
389, 2771.0, 7, 7.105128205128205, 0.1
390, 2778.0, 7, 7.1048593350383635, 0.1
391, 2786.0, 8, 7.107142857142857, 0.1
392, 2793.0, 7, 7.106870229007634, 0.1
393, 2798.0, 5, 7.101522842639594, 0.1
394, 2806.0, 8, 7.10379746835443, 0.1
395, 2814.0, 8, 7.106060606060606, 0.1
396, 2820.0, 6, 7.103274559193955, 0.1
397, 2825.0, 5, 7.097989949748744, 0.1
398, 2830.0, 5, 7.0927318295739346, 0.1
399, 2836.0, 6, 7.09, 0.1
400, 2843.0, 7, 7.089775561097257, 0.1
401, 2850.0, 7, 7.08955223880597, 0.1
402, 2858.0, 8, 7.091811414392059, 0.1
403, 2865.0, 7, 7.091584158415841, 0.1
404, 2866.0, 1, 7.076543209876543, 0.1
405, 2873.0, 7, 7.0763546798029555, 0.1
406, 2880.0, 7, 7.076167076167076, 0.1
407, 2888.0, 8, 7.078431372549019, 0.1
408, 2896.0, 8, 7.080684596577017, 0.1
409, 2904.0, 8, 7.082926829268293, 0.1
410, 2911.0, 7, 7.082725060827251, 0.1
411, 2917.0, 6, 7.080097087378641, 0.1
412, 2925.0, 8, 7.0823244552058116, 0.1
413, 2933.0, 8, 7.084541062801932, 0.1
414, 2940.0, 7, 7.0843373493975905, 0.1
415, 2946.0, 6, 7.081730769230769, 0.1
416, 2953.0, 7, 7.081534772182255, 0.1
417, 2959.0, 6, 7.078947368421052, 0.1
418, 2966.0, 7, 7.078758949880668, 0.1
419, 2972.0, 6, 7.076190476190476, 0.1
420, 2980.0, 8, 7.078384798099762, 0.1
421, 2988.0, 8, 7.080568720379147, 0.1
422, 2994.0, 6, 7.078014184397163, 0.1
423, 3001.0, 7, 7.077830188679245, 0.1
424, 3007.0, 6, 7.075294117647059, 0.1
425, 3014.0, 7, 7.075117370892019, 0.1
426, 3021.0, 7, 7.074941451990632, 0.1
427, 3029.0, 8, 7.077102803738318, 0.1
428, 3036.0, 7, 7.076923076923077, 0.1
429, 3044.0, 8, 7.079069767441861, 0.1
430, 3052.0, 8, 7.081206496519721, 0.1
431, 3058.0, 6, 7.078703703703703, 0.1
432, 3064.0, 6, 7.076212471131639, 0.1
433, 3072.0, 8, 7.078341013824885, 0.1
434, 3079.0, 7, 7.07816091954023, 0.1
435, 3085.0, 6, 7.075688073394495, 0.1
436, 3092.0, 7, 7.075514874141876, 0.1
437, 3097.0, 5, 7.070776255707763, 0.1
438, 3104.0, 7, 7.070615034168565, 0.1
439, 3110.0, 6, 7.068181818181818, 0.1
440, 3111.0, 1, 7.054421768707483, 0.1
441, 3118.0, 7, 7.0542986425339365, 0.1
442, 3125.0, 7, 7.054176072234763, 0.1
443, 3132.0, 7, 7.054054054054054, 0.1
444, 3138.0, 6, 7.051685393258427, 0.1
445, 3145.0, 7, 7.051569506726457, 0.1
446, 3153.0, 8, 7.053691275167785, 0.1
447, 3161.0, 8, 7.055803571428571, 0.1
448, 3169.0, 8, 7.057906458797327, 0.1
449, 3176.0, 7, 7.057777777777778, 0.1
450, 3182.0, 6, 7.0554323725055434, 0.1
451, 3189.0, 7, 7.0553097345132745, 0.1
452, 3196.0, 7, 7.0551876379690945, 0.1
453, 3204.0, 8, 7.057268722466961, 0.1
454, 3212.0, 8, 7.059340659340659, 0.1
455, 3216.0, 4, 7.052631578947368, 0.1
456, 3222.0, 6, 7.050328227571116, 0.1
457, 3230.0, 8, 7.0524017467248905, 0.1
458, 3236.0, 6, 7.050108932461874, 0.1
459, 3242.0, 6, 7.047826086956522, 0.1
460, 3248.0, 6, 7.045553145336226, 0.1
461, 3254.0, 6, 7.043290043290043, 0.1
462, 3261.0, 7, 7.043196544276458, 0.1
463, 3268.0, 7, 7.043103448275862, 0.1
464, 3276.0, 8, 7.04516129032258, 0.1
465, 3283.0, 7, 7.045064377682404, 0.1
466, 3290.0, 7, 7.044967880085653, 0.1
467, 3295.0, 5, 7.0405982905982905, 0.1
468, 3302.0, 7, 7.040511727078891, 0.1
469, 3309.0, 7, 7.040425531914893, 0.1
470, 3317.0, 8, 7.042462845010616, 0.1
471, 3323.0, 6, 7.040254237288136, 0.1
472, 3327.0, 4, 7.033826638477802, 0.1
473, 3334.0, 7, 7.033755274261603, 0.1
474, 3341.0, 7, 7.0336842105263155, 0.1
475, 3349.0, 8, 7.035714285714286, 0.1
476, 3357.0, 8, 7.037735849056604, 0.1
477, 3365.0, 8, 7.039748953974895, 0.1
478, 3373.0, 8, 7.041753653444676, 0.1
479, 3380.0, 7, 7.041666666666667, 0.1
480, 3384.0, 4, 7.035343035343035, 0.1
481, 3391.0, 7, 7.035269709543568, 0.1
482, 3397.0, 6, 7.033126293995859, 0.1
483, 3404.0, 7, 7.033057851239669, 0.1
484, 3412.0, 8, 7.0350515463917525, 0.1
485, 3420.0, 8, 7.037037037037037, 0.1
486, 3428.0, 8, 7.039014373716633, 0.1
487, 3436.0, 8, 7.040983606557377, 0.1
488, 3444.0, 8, 7.042944785276074, 0.1
489, 3452.0, 8, 7.044897959183674, 0.1
490, 3453.0, 1, 7.032586558044806, 0.1
491, 3456.0, 3, 7.024390243902439, 0.1
492, 3462.0, 6, 7.0223123732251524, 0.1
493, 3467.0, 5, 7.018218623481781, 0.1
494, 3474.0, 7, 7.0181818181818185, 0.1
495, 3482.0, 8, 7.020161290322581, 0.1
496, 3490.0, 8, 7.022132796780684, 0.1
497, 3497.0, 7, 7.022088353413655, 0.1
498, 3504.0, 7, 7.022044088176353, 0.1
499, 3511.0, 7, 7.022, 0.1
500, 3519.0, 8, 7.023952095808383, 0.1
501, 3527.0, 8, 7.02589641434263, 0.1
502, 3534.0, 7, 7.025844930417495, 0.1
503, 3542.0, 8, 7.027777777777778, 0.1
504, 3550.0, 8, 7.02970297029703, 0.1
505, 3557.0, 7, 7.029644268774703, 0.1
506, 3565.0, 8, 7.031558185404339, 0.1
507, 3572.0, 7, 7.031496062992126, 0.1
508, 3580.0, 8, 7.033398821218075, 0.1
509, 3588.0, 8, 7.035294117647059, 0.1
510, 3596.0, 8, 7.0371819960861055, 0.1
511, 3604.0, 8, 7.0390625, 0.1
512, 3611.0, 7, 7.038986354775829, 0.1
513, 3619.0, 8, 7.0408560311284045, 0.1
514, 3623.0, 4, 7.034951456310679, 0.1
515, 3629.0, 6, 7.032945736434108, 0.1
516, 3637.0, 8, 7.034816247582205, 0.1
517, 3644.0, 7, 7.0347490347490345, 0.1
518, 3650.0, 6, 7.032755298651252, 0.1
519, 3655.0, 5, 7.028846153846154, 0.1
520, 3662.0, 7, 7.028790786948177, 0.1
521, 3669.0, 7, 7.028735632183908, 0.1
522, 3677.0, 8, 7.030592734225621, 0.1
523, 3685.0, 8, 7.032442748091603, 0.1
524, 3692.0, 7, 7.032380952380953, 0.1
525, 3700.0, 8, 7.034220532319392, 0.1
526, 3708.0, 8, 7.036053130929791, 0.1
527, 3716.0, 8, 7.037878787878788, 0.1
528, 3724.0, 8, 7.039697542533081, 0.1
529, 3732.0, 8, 7.041509433962264, 0.1
530, 3739.0, 7, 7.041431261770245, 0.1
531, 3747.0, 8, 7.043233082706767, 0.1
532, 3754.0, 7, 7.043151969981238, 0.1
533, 3761.0, 7, 7.043071161048689, 0.1
534, 3769.0, 8, 7.044859813084112, 0.1
535, 3776.0, 7, 7.044776119402985, 0.1
536, 3782.0, 6, 7.042830540037244, 0.1
537, 3790.0, 8, 7.044609665427509, 0.1
538, 3797.0, 7, 7.044526901669759, 0.1
539, 3805.0, 8, 7.046296296296297, 0.1
540, 3812.0, 7, 7.046210720887246, 0.1
541, 3820.0, 8, 7.047970479704797, 0.1
542, 3828.0, 8, 7.0497237569060776, 0.1
543, 3835.0, 7, 7.049632352941177, 0.1
544, 3842.0, 7, 7.04954128440367, 0.1
545, 3848.0, 6, 7.0476190476190474, 0.1
546, 3855.0, 7, 7.047531992687386, 0.1
547, 3863.0, 8, 7.049270072992701, 0.1
548, 3870.0, 7, 7.049180327868853, 0.1
549, 3877.0, 7, 7.049090909090909, 0.1
550, 3884.0, 7, 7.049001814882033, 0.1
551, 3884.0, 0, 7.036231884057971, 0.1
552, 3892.0, 8, 7.037974683544304, 0.1
553, 3900.0, 8, 7.03971119133574, 0.1
554, 3908.0, 8, 7.0414414414414415, 0.1
555, 3916.0, 8, 7.043165467625899, 0.1
556, 3922.0, 6, 7.04129263913824, 0.1
557, 3929.0, 7, 7.041218637992832, 0.1
558, 3929.0, 0, 7.028622540250447, 0.1
559, 3937.0, 8, 7.0303571428571425, 0.1
560, 3944.0, 7, 7.03030303030303, 0.1
561, 3951.0, 7, 7.030249110320285, 0.1
562, 3959.0, 8, 7.031971580817052, 0.1
563, 3967.0, 8, 7.033687943262412, 0.1
564, 3974.0, 7, 7.0336283185840704, 0.1
565, 3980.0, 6, 7.031802120141343, 0.1
566, 3987.0, 7, 7.031746031746032, 0.1
567, 3994.0, 7, 7.03169014084507, 0.1
568, 4001.0, 7, 7.031634446397188, 0.1
569, 4009.0, 8, 7.033333333333333, 0.1
570, 4016.0, 7, 7.033274956217163, 0.1
571, 4017.0, 1, 7.0227272727272725, 0.1
572, 4024.0, 7, 7.022687609075043, 0.1
573, 4030.0, 6, 7.020905923344948, 0.1
574, 4038.0, 8, 7.022608695652174, 0.1
575, 4045.0, 7, 7.022569444444445, 0.1
576, 4053.0, 8, 7.024263431542461, 0.1
577, 4060.0, 7, 7.024221453287197, 0.1
578, 4067.0, 7, 7.024179620034542, 0.1
579, 4074.0, 7, 7.024137931034483, 0.1
580, 4081.0, 7, 7.024096385542169, 0.1
581, 4088.0, 7, 7.024054982817869, 0.1
582, 4095.0, 7, 7.02401372212693, 0.1
583, 4103.0, 8, 7.0256849315068495, 0.1
584, 4110.0, 7, 7.0256410256410255, 0.1
585, 4118.0, 8, 7.027303754266212, 0.1
586, 4124.0, 6, 7.025553662691652, 0.1
587, 4131.0, 7, 7.025510204081633, 0.1
588, 4138.0, 7, 7.02546689303905, 0.1
589, 4146.0, 8, 7.027118644067796, 0.1
590, 4153.0, 7, 7.027072758037225, 0.1
591, 4161.0, 8, 7.028716216216216, 0.1
592, 4169.0, 8, 7.03035413153457, 0.1
593, 4177.0, 8, 7.031986531986532, 0.1
594, 4185.0, 8, 7.033613445378151, 0.1
595, 4192.0, 7, 7.033557046979865, 0.1
596, 4197.0, 5, 7.030150753768845, 0.1
597, 4204.0, 7, 7.030100334448161, 0.1
598, 4211.0, 7, 7.030050083472454, 0.1
599, 4215.0, 4, 7.025, 0.1
600, 4222.0, 7, 7.02495840266223, 0.1
601, 4230.0, 8, 7.026578073089701, 0.1
602, 4238.0, 8, 7.028192371475954, 0.1
603, 4246.0, 8, 7.029801324503311, 0.1
604, 4254.0, 8, 7.031404958677686, 0.1
605, 4261.0, 7, 7.031353135313531, 0.1
606, 4267.0, 6, 7.029654036243822, 0.1
607, 4275.0, 8, 7.03125, 0.1
608, 4282.0, 7, 7.0311986863711, 0.1
609, 4290.0, 8, 7.032786885245901, 0.1
610, 4295.0, 5, 7.029459901800327, 0.1
611, 4301.0, 6, 7.027777777777778, 0.1
612, 4307.0, 6, 7.0261011419249595, 0.1
613, 4313.0, 6, 7.02442996742671, 0.1
614, 4321.0, 8, 7.026016260162602, 0.1
615, 4328.0, 7, 7.025974025974026, 0.1
616, 4336.0, 8, 7.0275526742301455, 0.1
617, 4344.0, 8, 7.029126213592233, 0.1
618, 4351.0, 7, 7.02907915993538, 0.1
619, 4358.0, 7, 7.029032258064516, 0.1
620, 4366.0, 8, 7.030595813204509, 0.1
621, 4374.0, 8, 7.032154340836013, 0.1
622, 4374.0, 0, 7.020866773675762, 0.1
623, 4380.0, 6, 7.019230769230769, 0.1
624, 4382.0, 2, 7.0112, 0.1
625, 4386.0, 4, 7.006389776357827, 0.1
626, 4394.0, 8, 7.007974481658692, 0.1
627, 4401.0, 7, 7.00796178343949, 0.1
628, 4408.0, 7, 7.007949125596184, 0.1
629, 4414.0, 6, 7.006349206349206, 0.1
630, 4422.0, 8, 7.007923930269413, 0.1
631, 4429.0, 7, 7.007911392405063, 0.1
632, 4436.0, 7, 7.007898894154819, 0.1
633, 4443.0, 7, 7.007886435331231, 0.1
634, 4451.0, 8, 7.009448818897638, 0.1
635, 4457.0, 6, 7.0078616352201255, 0.1
636, 4464.0, 7, 7.007849293563579, 0.1
637, 4471.0, 7, 7.007836990595611, 0.1
638, 4478.0, 7, 7.007824726134586, 0.1
639, 4486.0, 8, 7.009375, 0.1
640, 4494.0, 8, 7.0109204368174725, 0.1
641, 4501.0, 7, 7.010903426791277, 0.1
642, 4509.0, 8, 7.0124416796267495, 0.1
643, 4514.0, 5, 7.009316770186335, 0.1
644, 4522.0, 8, 7.010852713178295, 0.1
645, 4530.0, 8, 7.012383900928793, 0.1
646, 4537.0, 7, 7.012364760432766, 0.1
647, 4544.0, 7, 7.012345679012346, 0.1
648, 4552.0, 8, 7.0138674884437595, 0.1
649, 4560.0, 8, 7.015384615384615, 0.1
650, 4566.0, 6, 7.013824884792626, 0.1
651, 4574.0, 8, 7.015337423312883, 0.1
652, 4581.0, 7, 7.01531393568147, 0.1
653, 4587.0, 6, 7.013761467889908, 0.1
654, 4593.0, 6, 7.012213740458015, 0.1
655, 4598.0, 5, 7.009146341463414, 0.1
656, 4600.0, 2, 7.001522070015221, 0.1
657, 4608.0, 8, 7.003039513677812, 0.1
658, 4615.0, 7, 7.003034901365706, 0.1
659, 4623.0, 8, 7.004545454545455, 0.1
660, 4627.0, 4, 7.0, 0.1
661, 4634.0, 7, 7.0, 0.1
662, 4641.0, 7, 7.0, 0.1
663, 4648.0, 7, 7.0, 0.1
664, 4656.0, 8, 7.001503759398497, 0.1
665, 4663.0, 7, 7.001501501501502, 0.1
666, 4670.0, 7, 7.001499250374812, 0.1
667, 4678.0, 8, 7.002994011976048, 0.1
668, 4683.0, 5, 7.0, 0.1
669, 4690.0, 7, 7.0, 0.1
670, 4698.0, 8, 7.001490312965723, 0.1
671, 4703.0, 5, 6.998511904761905, 0.1
672, 4710.0, 7, 6.99851411589896, 0.1
673, 4718.0, 8, 7.0, 0.1
674, 4725.0, 7, 7.0, 0.1
675, 4731.0, 6, 6.9985207100591715, 0.1
676, 4738.0, 7, 6.998522895125554, 0.1
677, 4744.0, 6, 6.997050147492625, 0.1
678, 4751.0, 7, 6.997054491899853, 0.1
679, 4759.0, 8, 6.998529411764705, 0.1
680, 4764.0, 5, 6.995594713656388, 0.1
681, 4772.0, 8, 6.997067448680352, 0.1
682, 4775.0, 3, 6.99121522693997, 0.1
683, 4782.0, 7, 6.991228070175438, 0.1
684, 4786.0, 4, 6.986861313868613, 0.1
685, 4794.0, 8, 6.988338192419825, 0.1
686, 4801.0, 7, 6.988355167394468, 0.1
687, 4807.0, 6, 6.986918604651163, 0.1
688, 4815.0, 8, 6.988388969521045, 0.1
689, 4823.0, 8, 6.989855072463768, 0.1
690, 4829.0, 6, 6.988422575976845, 0.1
691, 4835.0, 6, 6.986994219653179, 0.1
692, 4842.0, 7, 6.987012987012987, 0.1
693, 4850.0, 8, 6.988472622478386, 0.1
694, 4857.0, 7, 6.988489208633093, 0.1
695, 4865.0, 8, 6.989942528735632, 0.1
696, 4872.0, 7, 6.989956958393114, 0.1
697, 4880.0, 8, 6.991404011461318, 0.1
698, 4888.0, 8, 6.992846924177396, 0.1
699, 4895.0, 7, 6.992857142857143, 0.1
700, 4902.0, 7, 6.992867332382311, 0.1
701, 4908.0, 6, 6.9914529914529915, 0.1
702, 4913.0, 5, 6.988620199146515, 0.1
703, 4917.0, 4, 6.984375, 0.1
704, 4923.0, 6, 6.982978723404256, 0.1
705, 4931.0, 8, 6.984419263456091, 0.1
706, 4936.0, 5, 6.981612446958982, 0.1
707, 4944.0, 8, 6.983050847457627, 0.1
708, 4952.0, 8, 6.984485190409027, 0.1
709, 4959.0, 7, 6.984507042253521, 0.1
710, 4962.0, 3, 6.9789029535864975, 0.1
711, 4970.0, 8, 6.980337078651686, 0.1
712, 4978.0, 8, 6.981767180925666, 0.1
713, 4986.0, 8, 6.983193277310924, 0.1
714, 4993.0, 7, 6.9832167832167835, 0.1
715, 5001.0, 8, 6.98463687150838, 0.1
716, 5002.0, 1, 6.976290097629009, 0.1
717, 5008.0, 6, 6.974930362116992, 0.1
718, 5016.0, 8, 6.976356050069541, 0.1
719, 5016.0, 0, 6.966666666666667, 0.1
720, 5023.0, 7, 6.966712898751734, 0.1
721, 5029.0, 6, 6.965373961218837, 0.1
722, 5036.0, 7, 6.9654218533886585, 0.1
723, 5042.0, 6, 6.964088397790055, 0.1
724, 5050.0, 8, 6.9655172413793105, 0.1
725, 5058.0, 8, 6.966942148760331, 0.1
726, 5066.0, 8, 6.968363136176066, 0.1
727, 5074.0, 8, 6.96978021978022, 0.1
728, 5080.0, 6, 6.968449931412894, 0.1
729, 5087.0, 7, 6.968493150684932, 0.1
730, 5095.0, 8, 6.969904240766074, 0.1
731, 5101.0, 6, 6.968579234972678, 0.1
732, 5107.0, 6, 6.967257844474761, 0.1
733, 5112.0, 5, 6.96457765667575, 0.1
734, 5119.0, 7, 6.964625850340136, 0.1
735, 5124.0, 5, 6.961956521739131, 0.1
736, 5124.0, 0, 6.952510176390773, 0.1
737, 5131.0, 7, 6.952574525745257, 0.1
738, 5139.0, 8, 6.953991880920162, 0.1
739, 5146.0, 7, 6.954054054054054, 0.1
740, 5152.0, 6, 6.9527665317139, 0.1
741, 5160.0, 8, 6.954177897574124, 0.1
742, 5167.0, 7, 6.954239569313594, 0.1
743, 5175.0, 8, 6.955645161290323, 0.1
744, 5180.0, 5, 6.953020134228188, 0.1
745, 5187.0, 7, 6.953083109919571, 0.1
746, 5194.0, 7, 6.953145917001339, 0.1
747, 5201.0, 7, 6.9532085561497325, 0.1
748, 5209.0, 8, 6.95460614152203, 0.1
749, 5209.0, 0, 6.945333333333333, 0.1
750, 5217.0, 8, 6.946737683089214, 0.1
751, 5224.0, 7, 6.946808510638298, 0.1
752, 5226.0, 2, 6.940239043824701, 0.1
753, 5233.0, 7, 6.940318302387268, 0.1
754, 5236.0, 3, 6.935099337748344, 0.1
755, 5243.0, 7, 6.935185185185185, 0.1
756, 5245.0, 2, 6.928665785997358, 0.1
757, 5252.0, 7, 6.928759894459103, 0.1
758, 5257.0, 5, 6.926218708827404, 0.1
759, 5265.0, 8, 6.927631578947368, 0.1
760, 5272.0, 7, 6.92772667542707, 0.1
761, 5279.0, 7, 6.927821522309712, 0.1
762, 5287.0, 8, 6.929226736566186, 0.1
763, 5295.0, 8, 6.930628272251309, 0.1
764, 5301.0, 6, 6.929411764705883, 0.1
765, 5307.0, 6, 6.9281984334203655, 0.1
766, 5311.0, 4, 6.924380704041721, 0.1
767, 5319.0, 8, 6.92578125, 0.1
768, 5327.0, 8, 6.927178153446034, 0.1
769, 5334.0, 7, 6.927272727272728, 0.1
770, 5334.0, 0, 6.918287937743191, 0.1
771, 5342.0, 8, 6.919689119170984, 0.1
772, 5350.0, 8, 6.921086675291074, 0.1
773, 5358.0, 8, 6.922480620155039, 0.1
774, 5365.0, 7, 6.922580645161291, 0.1
775, 5372.0, 7, 6.922680412371134, 0.1
776, 5380.0, 8, 6.924066924066924, 0.1
777, 5387.0, 7, 6.9241645244215935, 0.1
778, 5395.0, 8, 6.925545571245186, 0.1
779, 5403.0, 8, 6.926923076923077, 0.1
780, 5405.0, 2, 6.9206145966709345, 0.1
781, 5412.0, 7, 6.920716112531969, 0.1
782, 5420.0, 8, 6.922094508301405, 0.1
783, 5427.0, 7, 6.92219387755102, 0.1
784, 5435.0, 8, 6.923566878980892, 0.1
785, 5442.0, 7, 6.923664122137405, 0.1
786, 5449.0, 7, 6.923761118170267, 0.1
787, 5456.0, 7, 6.9238578680203045, 0.1
788, 5464.0, 8, 6.925221799746515, 0.1
789, 5471.0, 7, 6.925316455696202, 0.1
790, 5478.0, 7, 6.9254108723135275, 0.1
791, 5485.0, 7, 6.92550505050505, 0.1
792, 5492.0, 7, 6.925598991172762, 0.1
793, 5500.0, 8, 6.926952141057934, 0.1
794, 5506.0, 6, 6.925786163522012, 0.1
795, 5514.0, 8, 6.92713567839196, 0.1
796, 5522.0, 8, 6.928481806775408, 0.1
797, 5530.0, 8, 6.9298245614035086, 0.1
798, 5536.0, 6, 6.928660826032541, 0.1
799, 5542.0, 6, 6.9275, 0.1
800, 5548.0, 6, 6.926342072409488, 0.1
801, 5551.0, 3, 6.9214463840399, 0.1
802, 5559.0, 8, 6.922789539227895, 0.1
803, 5566.0, 7, 6.922885572139304, 0.1
804, 5573.0, 7, 6.922981366459627, 0.1
805, 5573.0, 0, 6.91439205955335, 0.1
806, 5580.0, 7, 6.91449814126394, 0.1
807, 5586.0, 6, 6.913366336633663, 0.1
808, 5594.0, 8, 6.914709517923362, 0.1
809, 5601.0, 7, 6.9148148148148145, 0.1
810, 5609.0, 8, 6.916152897657214, 0.1
811, 5612.0, 3, 6.911330049261084, 0.1
812, 5618.0, 6, 6.910209102091021, 0.1
813, 5625.0, 7, 6.91031941031941, 0.1
814, 5633.0, 8, 6.911656441717791, 0.1
815, 5641.0, 8, 6.9129901960784315, 0.1
816, 5647.0, 6, 6.91187270501836, 0.1
817, 5653.0, 6, 6.910757946210269, 0.1
818, 5659.0, 6, 6.90964590964591, 0.1
819, 5667.0, 8, 6.910975609756098, 0.1
820, 5675.0, 8, 6.912302070645554, 0.1
821, 5682.0, 7, 6.912408759124087, 0.1
822, 5684.0, 2, 6.906439854191981, 0.1
823, 5692.0, 8, 6.907766990291262, 0.1
824, 5697.0, 5, 6.905454545454545, 0.1
825, 5704.0, 7, 6.905569007263923, 0.1
826, 5711.0, 7, 6.905683192261185, 0.1
827, 5719.0, 8, 6.907004830917875, 0.1
828, 5727.0, 8, 6.90832328106152, 0.1
829, 5735.0, 8, 6.909638554216867, 0.1
830, 5743.0, 8, 6.910950661853189, 0.1
831, 5750.0, 7, 6.9110576923076925, 0.1
832, 5757.0, 7, 6.911164465786315, 0.1
833, 5763.0, 6, 6.910071942446043, 0.1
834, 5771.0, 8, 6.911377245508982, 0.1
835, 5777.0, 6, 6.910287081339713, 0.1
836, 5784.0, 7, 6.910394265232975, 0.1
837, 5792.0, 8, 6.911694510739856, 0.1
838, 5800.0, 8, 6.912991656734207, 0.1
839, 5808.0, 8, 6.914285714285715, 0.1
840, 5815.0, 7, 6.914387633769322, 0.1
841, 5822.0, 7, 6.914489311163895, 0.1
842, 5830.0, 8, 6.915776986951364, 0.1
843, 5832.0, 2, 6.909952606635071, 0.1
844, 5839.0, 7, 6.910059171597633, 0.1
845, 5846.0, 7, 6.91016548463357, 0.1
846, 5852.0, 6, 6.909090909090909, 0.1
847, 5859.0, 7, 6.909198113207547, 0.1
848, 5867.0, 8, 6.910482921083628, 0.1
849, 5875.0, 8, 6.911764705882353, 0.1
850, 5881.0, 6, 6.91069330199765, 0.1
851, 5887.0, 6, 6.90962441314554, 0.1
852, 5895.0, 8, 6.910902696365768, 0.1
853, 5902.0, 7, 6.9110070257611245, 0.1
854, 5910.0, 8, 6.912280701754386, 0.1
855, 5917.0, 7, 6.912383177570093, 0.1
856, 5924.0, 7, 6.912485414235706, 0.1
857, 5931.0, 7, 6.9125874125874125, 0.1
858, 5937.0, 6, 6.9115250291036086, 0.1
859, 5944.0, 7, 6.911627906976745, 0.1
860, 5951.0, 7, 6.911730545876887, 0.1
861, 5956.0, 5, 6.909512761020881, 0.1
862, 5964.0, 8, 6.910776361529548, 0.1
863, 5972.0, 8, 6.912037037037037, 0.1
864, 5980.0, 8, 6.913294797687861, 0.1
865, 5983.0, 3, 6.90877598152425, 0.1
866, 5991.0, 8, 6.9100346020761245, 0.1
867, 5998.0, 7, 6.910138248847926, 0.1
868, 6005.0, 7, 6.9102416570771, 0.1
869, 6012.0, 7, 6.910344827586207, 0.1
870, 6015.0, 3, 6.905855338691159, 0.1
871, 6019.0, 4, 6.902522935779817, 0.1
872, 6024.0, 5, 6.900343642611684, 0.1
873, 6032.0, 8, 6.9016018306636155, 0.1
874, 6038.0, 6, 6.900571428571428, 0.1
875, 6045.0, 7, 6.9006849315068495, 0.1
876, 6053.0, 8, 6.90193842645382, 0.1
877, 6059.0, 6, 6.900911161731207, 0.1
878, 6061.0, 2, 6.895335608646189, 0.1
879, 6061.0, 0, 6.8875, 0.1
880, 6069.0, 8, 6.888762769580023, 0.1
881, 6072.0, 3, 6.884353741496598, 0.1
882, 6079.0, 7, 6.884484711211778, 0.1
883, 6086.0, 7, 6.884615384615385, 0.1
884, 6093.0, 7, 6.884745762711864, 0.1
885, 6101.0, 8, 6.8860045146726865, 0.1
886, 6108.0, 7, 6.886133032694476, 0.1
887, 6115.0, 7, 6.886261261261262, 0.1
888, 6122.0, 7, 6.886389201349831, 0.1
889, 6129.0, 7, 6.8865168539325845, 0.1
890, 6137.0, 8, 6.887766554433221, 0.1
891, 6143.0, 6, 6.88677130044843, 0.1
892, 6150.0, 7, 6.886898096304591, 0.1
893, 6155.0, 5, 6.884787472035794, 0.1
894, 6155.0, 0, 6.877094972067039, 0.1
895, 6163.0, 8, 6.878348214285714, 0.1
896, 6163.0, 0, 6.8706800445930885, 0.1
897, 6165.0, 2, 6.865256124721603, 0.1
898, 6173.0, 8, 6.866518353726363, 0.1
899, 6180.0, 7, 6.866666666666666, 0.1
900, 6185.0, 5, 6.864594894561598, 0.1
901, 6192.0, 7, 6.864745011086474, 0.1
902, 6200.0, 8, 6.866002214839424, 0.1
903, 6207.0, 7, 6.866150442477876, 0.1
904, 6212.0, 5, 6.864088397790055, 0.1
905, 6215.0, 3, 6.859823399558499, 0.1
906, 6215.0, 0, 6.85226019845645, 0.1
907, 6223.0, 8, 6.85352422907489, 0.1
908, 6223.0, 0, 6.845984598459846, 0.1
909, 6230.0, 7, 6.846153846153846, 0.1
910, 6236.0, 6, 6.845225027442371, 0.1
911, 6243.0, 7, 6.845394736842105, 0.1
912, 6251.0, 8, 6.846659364731654, 0.1
913, 6259.0, 8, 6.847921225382932, 0.1
914, 6267.0, 8, 6.849180327868853, 0.1
915, 6275.0, 8, 6.850436681222708, 0.1
916, 6282.0, 7, 6.8505997818974915, 0.1
917, 6284.0, 2, 6.845315904139434, 0.1
918, 6284.0, 0, 6.837867247007617, 0.1
919, 6291.0, 7, 6.83804347826087, 0.1
920, 6299.0, 8, 6.839305103148751, 0.1
921, 6305.0, 6, 6.8383947939262475, 0.1
922, 6312.0, 7, 6.838569880823402, 0.1
923, 6320.0, 8, 6.83982683982684, 0.1
924, 6326.0, 6, 6.838918918918919, 0.1
925, 6334.0, 8, 6.840172786177106, 0.1
926, 6335.0, 1, 6.833872707659116, 0.1
927, 6339.0, 4, 6.830818965517241, 0.1
928, 6345.0, 6, 6.829924650161464, 0.1
929, 6352.0, 7, 6.83010752688172, 0.1
930, 6358.0, 6, 6.82921589688507, 0.1
931, 6365.0, 7, 6.829399141630901, 0.1
932, 6372.0, 7, 6.829581993569132, 0.1
933, 6372.0, 0, 6.822269807280514, 0.1
934, 6380.0, 8, 6.823529411764706, 0.1
935, 6380.0, 0, 6.816239316239316, 0.1
936, 6387.0, 7, 6.816435432230523, 0.1
937, 6393.0, 6, 6.815565031982943, 0.1
938, 6401.0, 8, 6.8168264110756125, 0.1
939, 6409.0, 8, 6.818085106382979, 0.1
940, 6416.0, 7, 6.818278427205101, 0.1
941, 6420.0, 4, 6.8152866242038215, 0.1
942, 6428.0, 8, 6.816542948038176, 0.1
943, 6436.0, 8, 6.817796610169491, 0.1
944, 6443.0, 7, 6.817989417989418, 0.1
945, 6451.0, 8, 6.819238900634249, 0.1
946, 6458.0, 7, 6.8194297782470965, 0.1
947, 6466.0, 8, 6.820675105485232, 0.1
948, 6473.0, 7, 6.82086406743941, 0.1
949, 6478.0, 5, 6.818947368421052, 0.1
950, 6484.0, 6, 6.818086225026288, 0.1
951, 6488.0, 4, 6.815126050420168, 0.1
952, 6490.0, 2, 6.8100734522560336, 0.1
953, 6495.0, 5, 6.8081761006289305, 0.1
954, 6502.0, 7, 6.808376963350785, 0.1
955, 6510.0, 8, 6.809623430962343, 0.1
956, 6513.0, 3, 6.80564263322884, 0.1
957, 6521.0, 8, 6.806889352818372, 0.1
958, 6528.0, 7, 6.807090719499478, 0.1
959, 6529.0, 1, 6.801041666666666, 0.1
960, 6536.0, 7, 6.801248699271592, 0.1
961, 6541.0, 5, 6.799376299376299, 0.1
962, 6544.0, 3, 6.795430944963655, 0.1
963, 6546.0, 2, 6.79045643153527, 0.1
964, 6554.0, 8, 6.791709844559586, 0.1
965, 6561.0, 7, 6.791925465838509, 0.1
966, 6569.0, 8, 6.793174767321613, 0.1
967, 6576.0, 7, 6.793388429752066, 0.1
968, 6583.0, 7, 6.7936016511867905, 0.1
969, 6589.0, 6, 6.792783505154639, 0.1
970, 6591.0, 2, 6.787847579814624, 0.1
971, 6599.0, 8, 6.789094650205762, 0.1
972, 6605.0, 6, 6.788283658787256, 0.1
973, 6613.0, 8, 6.78952772073922, 0.1
974, 6621.0, 8, 6.7907692307692304, 0.1
975, 6629.0, 8, 6.792008196721311, 0.1
976, 6635.0, 6, 6.791197543500512, 0.1
977, 6643.0, 8, 6.792433537832311, 0.1
978, 6646.0, 3, 6.78855975485189, 0.1
979, 6649.0, 3, 6.78469387755102, 0.1
980, 6656.0, 7, 6.784913353720693, 0.1
981, 6663.0, 7, 6.785132382892057, 0.1
982, 6671.0, 8, 6.786368260427263, 0.1
983, 6679.0, 8, 6.787601626016261, 0.1
984, 6687.0, 8, 6.788832487309644, 0.1
985, 6695.0, 8, 6.790060851926977, 0.1
986, 6701.0, 6, 6.789260385005066, 0.1
987, 6705.0, 4, 6.786437246963563, 0.1
988, 6708.0, 3, 6.782608695652174, 0.1
989, 6713.0, 5, 6.780808080808081, 0.1
990, 6721.0, 8, 6.782038345105954, 0.1
991, 6728.0, 7, 6.782258064516129, 0.1
992, 6736.0, 8, 6.783484390735146, 0.1
993, 6744.0, 8, 6.7847082494969815, 0.1
994, 6752.0, 8, 6.785929648241206, 0.1
995, 6753.0, 1, 6.780120481927711, 0.1
996, 6760.0, 7, 6.780341023069208, 0.1
997, 6767.0, 7, 6.780561122244489, 0.1
998, 6767.0, 0, 6.773773773773774, 0.1
999, 6775.0, 8, 6.775, 0.1
1000, 6783.0, 8, 6.776223776223776, 0.1
1001, 6785.0, 2, 6.771457085828343, 0.1
1002, 6791.0, 6, 6.770687936191425, 0.1
1003, 6799.0, 8, 6.77191235059761, 0.1
1004, 6806.0, 7, 6.772139303482587, 0.1
1005, 6814.0, 8, 6.773359840954274, 0.1
1006, 6821.0, 7, 6.773584905660377, 0.1
1007, 6828.0, 7, 6.773809523809524, 0.1
1008, 6836.0, 8, 6.775024777006937, 0.1
1009, 6839.0, 3, 6.7712871287128715, 0.1
1010, 6846.0, 7, 6.771513353115727, 0.1
1011, 6854.0, 8, 6.7727272727272725, 0.1
1012, 6858.0, 4, 6.769990128331688, 0.1
1013, 6859.0, 1, 6.764299802761341, 0.1
1014, 6865.0, 6, 6.763546798029557, 0.1
1015, 6872.0, 7, 6.7637795275590555, 0.1
1016, 6878.0, 6, 6.763028515240904, 0.1
1017, 6885.0, 7, 6.763261296660118, 0.1
1018, 6891.0, 6, 6.762512266928361, 0.1
1019, 6899.0, 8, 6.763725490196078, 0.1
1020, 6906.0, 7, 6.763956904995103, 0.1
1021, 6912.0, 6, 6.763209393346379, 0.1
1022, 6918.0, 6, 6.762463343108505, 0.1
1023, 6924.0, 6, 6.76171875, 0.1
1024, 6932.0, 8, 6.7629268292682925, 0.1
1025, 6940.0, 8, 6.764132553606238, 0.1
1026, 6947.0, 7, 6.764362220058422, 0.1
1027, 6953.0, 6, 6.7636186770428015, 0.1
1028, 6961.0, 8, 6.764820213799806, 0.1
1029, 6966.0, 5, 6.763106796116505, 0.1
1030, 6974.0, 8, 6.764306498545102, 0.1
1031, 6982.0, 8, 6.765503875968992, 0.1
1032, 6990.0, 8, 6.766698935140368, 0.1
1033, 6997.0, 7, 6.766924564796906, 0.1
1034, 7001.0, 4, 6.764251207729469, 0.1
1035, 7007.0, 6, 6.763513513513513, 0.1
1036, 7015.0, 8, 6.764705882352941, 0.1
1037, 7022.0, 7, 6.764932562620424, 0.1
1038, 7028.0, 6, 6.764196342637151, 0.1
1039, 7035.0, 7, 6.764423076923077, 0.1
1040, 7043.0, 8, 6.765609990393852, 0.1
1041, 7050.0, 7, 6.765834932821497, 0.1
1042, 7056.0, 6, 6.76510067114094, 0.1
1043, 7063.0, 7, 6.765325670498084, 0.1
1044, 7071.0, 8, 6.766507177033493, 0.1
1045, 7078.0, 7, 6.766730401529637, 0.1
1046, 7086.0, 8, 6.767908309455588, 0.1
1047, 7093.0, 7, 6.768129770992366, 0.1
1048, 7098.0, 5, 6.7664442326024785, 0.1
1049, 7105.0, 7, 6.766666666666667, 0.1
1050, 7113.0, 8, 6.767840152235966, 0.1
1051, 7120.0, 7, 6.768060836501901, 0.1
1052, 7123.0, 3, 6.764482431149098, 0.1
1053, 7131.0, 8, 6.765654648956357, 0.1
1054, 7138.0, 7, 6.765876777251185, 0.1
1055, 7144.0, 6, 6.765151515151516, 0.1
1056, 7151.0, 7, 6.765373699148533, 0.1
1057, 7159.0, 8, 6.766540642722117, 0.1
1058, 7166.0, 7, 6.766761095372994, 0.1
1059, 7174.0, 8, 6.7679245283018865, 0.1
1060, 7181.0, 7, 6.768143261074458, 0.1
1061, 7188.0, 7, 6.768361581920904, 0.1
1062, 7196.0, 8, 6.769520225776105, 0.1
1063, 7204.0, 8, 6.7706766917293235, 0.1
1064, 7212.0, 8, 6.771830985915493, 0.1
1065, 7217.0, 5, 6.770168855534709, 0.1
1066, 7225.0, 8, 6.771321462043112, 0.1
1067, 7233.0, 8, 6.772471910112359, 0.1
1068, 7234.0, 1, 6.767072029934519, 0.1
1069, 7242.0, 8, 6.7682242990654204, 0.1
1070, 7249.0, 7, 6.76844070961718, 0.1
1071, 7256.0, 7, 6.768656716417911, 0.1
1072, 7257.0, 1, 6.763280521901212, 0.1
1073, 7265.0, 8, 6.764432029795159, 0.1
1074, 7272.0, 7, 6.764651162790698, 0.1
1075, 7274.0, 2, 6.760223048327138, 0.1
1076, 7281.0, 7, 6.7604456824512535, 0.1
1077, 7289.0, 8, 6.761595547309833, 0.1
1078, 7294.0, 5, 6.759962928637627, 0.1
1079, 7301.0, 7, 6.760185185185185, 0.1
1080, 7301.0, 0, 6.753931544865865, 0.1
1081, 7306.0, 5, 6.752310536044362, 0.1
1082, 7313.0, 7, 6.752539242843952, 0.1
1083, 7321.0, 8, 6.753690036900369, 0.1
1084, 7328.0, 7, 6.7539170506912445, 0.1
1085, 7335.0, 7, 6.754143646408839, 0.1
1086, 7343.0, 8, 6.755289788408463, 0.1
1087, 7350.0, 7, 6.755514705882353, 0.1
1088, 7358.0, 8, 6.756657483930211, 0.1
1089, 7363.0, 5, 6.755045871559633, 0.1
1090, 7370.0, 7, 6.755270394133822, 0.1
1091, 7378.0, 8, 6.756410256410256, 0.1
1092, 7384.0, 6, 6.755718206770357, 0.1
1093, 7392.0, 8, 6.756855575868373, 0.1
1094, 7399.0, 7, 6.757077625570776, 0.1
1095, 7407.0, 8, 6.758211678832117, 0.1
1096, 7413.0, 6, 6.757520510483136, 0.1
1097, 7420.0, 7, 6.757741347905283, 0.1
1098, 7428.0, 8, 6.758871701546861, 0.1
1099, 7434.0, 6, 6.758181818181818, 0.1
1100, 7440.0, 6, 6.7574931880108995, 0.1
1101, 7447.0, 7, 6.757713248638838, 0.1
1102, 7449.0, 2, 6.753399818676337, 0.1
1103, 7457.0, 8, 6.754528985507246, 0.1
1104, 7465.0, 8, 6.755656108597285, 0.1
1105, 7472.0, 7, 6.755877034358047, 0.1
1106, 7480.0, 8, 6.757000903342367, 0.1
1107, 7480.0, 0, 6.750902527075812, 0.1
1108, 7487.0, 7, 6.751127141568981, 0.1
1109, 7492.0, 5, 6.74954954954955, 0.1
1110, 7495.0, 3, 6.7461746174617465, 0.1
1111, 7502.0, 7, 6.746402877697841, 0.1
1112, 7508.0, 6, 6.745732255166217, 0.1
1113, 7515.0, 7, 6.7459605026929985, 0.1
1114, 7518.0, 3, 6.742600896860987, 0.1
1115, 7524.0, 6, 6.741935483870968, 0.1
1116, 7528.0, 4, 6.739480752014324, 0.1
1117, 7535.0, 7, 6.7397137745974955, 0.1
1118, 7540.0, 5, 6.738159070598749, 0.1
1119, 7547.0, 7, 6.738392857142857, 0.1
1120, 7554.0, 7, 6.738626226583408, 0.1
1121, 7562.0, 8, 6.739750445632799, 0.1
1122, 7570.0, 8, 6.740872662511131, 0.1
1123, 7573.0, 3, 6.737544483985765, 0.1
1124, 7581.0, 8, 6.738666666666667, 0.1
1125, 7589.0, 8, 6.739786856127886, 0.1
1126, 7597.0, 8, 6.740905057675244, 0.1
1127, 7603.0, 6, 6.740248226950355, 0.1
1128, 7611.0, 8, 6.741364038972542, 0.1
1129, 7618.0, 7, 6.741592920353982, 0.1
1130, 7625.0, 7, 6.741821396993811, 0.1
1131, 7632.0, 7, 6.742049469964664, 0.1
1132, 7635.0, 3, 6.738746690203001, 0.1
1133, 7642.0, 7, 6.738977072310406, 0.1
1134, 7649.0, 7, 6.73920704845815, 0.1
1135, 7656.0, 7, 6.73943661971831, 0.1
1136, 7664.0, 8, 6.740545294635004, 0.1
1137, 7670.0, 6, 6.739894551845342, 0.1
1138, 7676.0, 6, 6.7392449517120285, 0.1
1139, 7679.0, 3, 6.735964912280702, 0.1
1140, 7687.0, 8, 6.737072743207713, 0.1
1141, 7694.0, 7, 6.7373029772329245, 0.1
1142, 7699.0, 5, 6.7357830271216095, 0.1
1143, 7699.0, 0, 6.729895104895105, 0.1
1144, 7707.0, 8, 6.731004366812227, 0.1
1145, 7710.0, 3, 6.727748691099476, 0.1
1146, 7717.0, 7, 6.727986050566695, 0.1
1147, 7724.0, 7, 6.7282229965156795, 0.1
1148, 7730.0, 6, 6.727589208006963, 0.1
1149, 7737.0, 7, 6.727826086956521, 0.1
1150, 7738.0, 1, 6.722849695916595, 0.1
1151, 7745.0, 7, 6.723090277777778, 0.1
1152, 7747.0, 2, 6.718993928881179, 0.1
1153, 7755.0, 8, 6.720103986135182, 0.1
1154, 7762.0, 7, 6.72034632034632, 0.1
1155, 7769.0, 7, 6.720588235294118, 0.1
1156, 7774.0, 5, 6.719101123595506, 0.1
1157, 7782.0, 8, 6.72020725388601, 0.1
1158, 7789.0, 7, 6.720448662640207, 0.1
1159, 7797.0, 8, 6.721551724137931, 0.1
1160, 7803.0, 6, 6.72093023255814, 0.1
1161, 7810.0, 7, 6.721170395869191, 0.1
1162, 7816.0, 6, 6.720550300945829, 0.1
1163, 7823.0, 7, 6.720790378006873, 0.1
1164, 7830.0, 7, 6.721030042918455, 0.1
1165, 7835.0, 5, 6.719554030874786, 0.1
1166, 7838.0, 3, 6.716366752356469, 0.1
1167, 7846.0, 8, 6.717465753424658, 0.1
1168, 7850.0, 4, 6.715141146278871, 0.1
1169, 7857.0, 7, 6.7153846153846155, 0.1
1170, 7857.0, 0, 6.709649871904356, 0.1
1171, 7865.0, 8, 6.710750853242321, 0.1
1172, 7872.0, 7, 6.710997442455243, 0.1
1173, 7872.0, 0, 6.705281090289608, 0.1
1174, 7879.0, 7, 6.705531914893617, 0.1
1175, 7885.0, 6, 6.704931972789115, 0.1
1176, 7891.0, 6, 6.704333050127443, 0.1
1177, 7899.0, 8, 6.705432937181664, 0.1
1178, 7906.0, 7, 6.70568278201866, 0.1
1179, 7914.0, 8, 6.706779661016949, 0.1
1180, 7921.0, 7, 6.707027942421677, 0.1
1181, 7927.0, 6, 6.706429780033841, 0.1
1182, 7935.0, 8, 6.707523245984785, 0.1
1183, 7936.0, 1, 6.702702702702703, 0.1
1184, 7943.0, 7, 6.70295358649789, 0.1
1185, 7948.0, 5, 6.701517706576729, 0.1
1186, 7955.0, 7, 6.701769165964617, 0.1
1187, 7963.0, 8, 6.702861952861953, 0.1
1188, 7968.0, 5, 6.701429772918419, 0.1
1189, 7971.0, 3, 6.698319327731093, 0.1
1190, 7978.0, 7, 6.698572628043661, 0.1
1191, 7985.0, 7, 6.698825503355705, 0.1
1192, 7989.0, 4, 6.696563285834032, 0.1
1193, 7992.0, 3, 6.693467336683417, 0.1
1194, 8000.0, 8, 6.694560669456067, 0.1
1195, 8007.0, 7, 6.694816053511706, 0.1
1196, 8014.0, 7, 6.6950710108604845, 0.1
1197, 8022.0, 8, 6.696160267111853, 0.1
1198, 8030.0, 8, 6.697247706422019, 0.1
1199, 8036.0, 6, 6.696666666666666, 0.1
1200, 8043.0, 7, 6.69691923397169, 0.1
1201, 8049.0, 6, 6.696339434276206, 0.1
1202, 8056.0, 7, 6.696591853699085, 0.1
1203, 8063.0, 7, 6.696843853820598, 0.1
1204, 8071.0, 8, 6.69792531120332, 0.1
1205, 8073.0, 2, 6.6940298507462686, 0.1
1206, 8079.0, 6, 6.693454846727423, 0.1
1207, 8086.0, 7, 6.693708609271523, 0.1
1208, 8092.0, 6, 6.69313482216708, 0.1
1209, 8100.0, 8, 6.694214876033058, 0.1
1210, 8100.0, 0, 6.6886870355078445, 0.1
1211, 8107.0, 7, 6.688943894389439, 0.1
1212, 8114.0, 7, 6.689200329760923, 0.1
1213, 8120.0, 6, 6.688632619439868, 0.1
1214, 8121.0, 1, 6.6839506172839505, 0.1
1215, 8127.0, 6, 6.683388157894737, 0.1
1216, 8134.0, 7, 6.683648315529992, 0.1
1217, 8136.0, 2, 6.679802955665025, 0.1
1218, 8140.0, 4, 6.67760459392945, 0.1
1219, 8145.0, 5, 6.676229508196721, 0.1
1220, 8153.0, 8, 6.677313677313677, 0.1
1221, 8157.0, 4, 6.675122749590835, 0.1
1222, 8163.0, 6, 6.6745707277187245, 0.1
1223, 8170.0, 7, 6.67483660130719, 0.1
1224, 8170.0, 0, 6.669387755102041, 0.1
1225, 8178.0, 8, 6.67047308319739, 0.1
1226, 8186.0, 8, 6.671556642216789, 0.1
1227, 8187.0, 1, 6.666938110749186, 0.1
1228, 8195.0, 8, 6.668022782750203, 0.1
1229, 8197.0, 2, 6.664227642276423, 0.1
1230, 8204.0, 7, 6.664500406173842, 0.1
1231, 8211.0, 7, 6.6647727272727275, 0.1
1232, 8219.0, 8, 6.665855636658557, 0.1
1233, 8221.0, 2, 6.662074554294976, 0.1
1234, 8228.0, 7, 6.662348178137652, 0.1
1235, 8235.0, 7, 6.662621359223301, 0.1
1236, 8242.0, 7, 6.662894098625707, 0.1
1237, 8250.0, 8, 6.663974151857835, 0.1
1238, 8254.0, 4, 6.66182405165456, 0.1
1239, 8257.0, 3, 6.658870967741936, 0.1
1240, 8258.0, 1, 6.654311039484287, 0.1
1241, 8265.0, 7, 6.654589371980676, 0.1
1242, 8265.0, 0, 6.6492357200321806, 0.1
1243, 8273.0, 8, 6.65032154340836, 0.1
1244, 8281.0, 8, 6.65140562248996, 0.1
1245, 8289.0, 8, 6.652487961476726, 0.1
1246, 8297.0, 8, 6.653568564554932, 0.1
1247, 8301.0, 4, 6.6514423076923075, 0.1
1248, 8309.0, 8, 6.652522017614091, 0.1
1249, 8313.0, 4, 6.6504, 0.1
1250, 8313.0, 0, 6.6450839328537175, 0.1
1251, 8321.0, 8, 6.646166134185304, 0.1
1252, 8329.0, 8, 6.647246608140463, 0.1
1253, 8336.0, 7, 6.647527910685805, 0.1
1254, 8341.0, 5, 6.646215139442231, 0.1
1255, 8348.0, 7, 6.646496815286624, 0.1
1256, 8353.0, 5, 6.645186953062848, 0.1
1257, 8361.0, 8, 6.646263910969793, 0.1
1258, 8368.0, 7, 6.646544876886418, 0.1
1259, 8375.0, 7, 6.646825396825397, 0.1
1260, 8376.0, 1, 6.642347343378272, 0.1
1261, 8382.0, 6, 6.641838351822504, 0.1
1262, 8388.0, 6, 6.641330166270784, 0.1
1263, 8394.0, 6, 6.640822784810126, 0.1
1264, 8401.0, 7, 6.641106719367589, 0.1
1265, 8403.0, 2, 6.637440758293839, 0.1
1266, 8410.0, 7, 6.637726913970008, 0.1
1267, 8417.0, 7, 6.63801261829653, 0.1
1268, 8424.0, 7, 6.638297872340425, 0.1
1269, 8431.0, 7, 6.638582677165354, 0.1
1270, 8431.0, 0, 6.633359559402046, 0.1
1271, 8434.0, 3, 6.630503144654088, 0.1
1272, 8442.0, 8, 6.631578947368421, 0.1
1273, 8450.0, 8, 6.63265306122449, 0.1
1274, 8457.0, 7, 6.632941176470588, 0.1
1275, 8460.0, 3, 6.630094043887147, 0.1
1276, 8467.0, 7, 6.630383711824589, 0.1
1277, 8474.0, 7, 6.630672926447574, 0.1
1278, 8475.0, 1, 6.626270523846755, 0.1
1279, 8482.0, 7, 6.6265625, 0.1
1280, 8489.0, 7, 6.626854020296643, 0.1
1281, 8496.0, 7, 6.627145085803432, 0.1
1282, 8499.0, 3, 6.62431800467654, 0.1
1283, 8500.0, 1, 6.61993769470405, 0.1
1284, 8501.0, 1, 6.61556420233463, 0.1
1285, 8505.0, 4, 6.61353032659409, 0.1
1286, 8505.0, 0, 6.608391608391608, 0.1
1287, 8513.0, 8, 6.609472049689441, 0.1
1288, 8520.0, 7, 6.609775019394879, 0.1
1289, 8525.0, 5, 6.608527131782946, 0.1
1290, 8531.0, 6, 6.608055770720372, 0.1
1291, 8538.0, 7, 6.608359133126935, 0.1
1292, 8546.0, 8, 6.609435421500387, 0.1
1293, 8551.0, 5, 6.608191653786708, 0.1
1294, 8554.0, 3, 6.605405405405405, 0.1
1295, 8556.0, 2, 6.601851851851852, 0.1
1296, 8560.0, 4, 6.599845797995374, 0.1
1297, 8560.0, 0, 6.594761171032357, 0.1
1298, 8561.0, 1, 6.590454195535027, 0.1
1299, 8562.0, 1, 6.586153846153846, 0.1
1300, 8563.0, 1, 6.581860107609531, 0.1
1301, 8565.0, 2, 6.578341013824885, 0.1
1302, 8573.0, 8, 6.57943207981581, 0.1
1303, 8574.0, 1, 6.575153374233129, 0.1
1304, 8574.0, 0, 6.570114942528735, 0.1
1305, 8576.0, 2, 6.566615620214395, 0.1
1306, 8584.0, 8, 6.567712318286151, 0.1
1307, 8591.0, 7, 6.568042813455658, 0.1
1308, 8594.0, 3, 6.565317035905271, 0.1
1309, 8602.0, 8, 6.566412213740458, 0.1
1310, 8609.0, 7, 6.566742944317315, 0.1
1311, 8615.0, 6, 6.566310975609756, 0.1
1312, 8623.0, 8, 6.567402894135568, 0.1
1313, 8631.0, 8, 6.568493150684931, 0.1
1314, 8633.0, 2, 6.565019011406844, 0.1
1315, 8633.0, 0, 6.560030395136778, 0.1
1316, 8638.0, 5, 6.5588458618071375, 0.1
1317, 8646.0, 8, 6.559939301972686, 0.1
1318, 8647.0, 1, 6.555724033358605, 0.1
1319, 8653.0, 6, 6.555303030303031, 0.1
1320, 8661.0, 8, 6.556396669190008, 0.1
1321, 8669.0, 8, 6.557488653555219, 0.1
1322, 8676.0, 7, 6.557823129251701, 0.1
1323, 8683.0, 7, 6.558157099697885, 0.1
1324, 8686.0, 3, 6.555471698113208, 0.1
1325, 8688.0, 2, 6.552036199095022, 0.1
1326, 8694.0, 6, 6.551620195930671, 0.1
1327, 8702.0, 8, 6.552710843373494, 0.1
1328, 8703.0, 1, 6.548532731376975, 0.1
1329, 8711.0, 8, 6.549624060150376, 0.1
1330, 8715.0, 4, 6.54770848985725, 0.1
1331, 8719.0, 4, 6.5457957957957955, 0.1
1332, 8722.0, 3, 6.543135783945987, 0.1
1333, 8726.0, 4, 6.541229385307346, 0.1
1334, 8734.0, 8, 6.542322097378277, 0.1
1335, 8742.0, 8, 6.543413173652695, 0.1
1336, 8743.0, 1, 6.539267015706806, 0.1
1337, 8749.0, 6, 6.538863976083707, 0.1
1338, 8752.0, 3, 6.536221060492905, 0.1
1339, 8753.0, 1, 6.532089552238806, 0.1
1340, 8759.0, 6, 6.531692766592095, 0.1
1341, 8765.0, 6, 6.531296572280179, 0.1
1342, 8772.0, 7, 6.531645569620253, 0.1
1343, 8779.0, 7, 6.5319940476190474, 0.1
1344, 8780.0, 1, 6.5278810408921935, 0.1
1345, 8787.0, 7, 6.528231797919762, 0.1
1346, 8790.0, 3, 6.525612472160357, 0.1
1347, 8797.0, 7, 6.525964391691395, 0.1
1348, 8803.0, 6, 6.525574499629355, 0.1
1349, 8809.0, 6, 6.525185185185185, 0.1
1350, 8810.0, 1, 6.521095484826055, 0.1
1351, 8817.0, 7, 6.521449704142012, 0.1
1352, 8824.0, 7, 6.52180339985218, 0.1
1353, 8832.0, 8, 6.522895125553914, 0.1
1354, 8833.0, 1, 6.518819188191882, 0.1
1355, 8840.0, 7, 6.519174041297935, 0.1
1356, 8840.0, 0, 6.514369933677229, 0.1
1357, 8848.0, 8, 6.515463917525773, 0.1
1358, 8855.0, 7, 6.515820456217807, 0.1
1359, 8863.0, 8, 6.516911764705882, 0.1
1360, 8870.0, 7, 6.5172667156502575, 0.1
1361, 8876.0, 6, 6.516886930983847, 0.1
1362, 8880.0, 4, 6.515040352164343, 0.1
1363, 8888.0, 8, 6.516129032258065, 0.1
1364, 8893.0, 5, 6.515018315018315, 0.1
1365, 8898.0, 5, 6.513909224011713, 0.1
1366, 8905.0, 7, 6.514264813460132, 0.1
1367, 8912.0, 7, 6.514619883040936, 0.1
1368, 8917.0, 5, 6.513513513513513, 0.1
1369, 8925.0, 8, 6.514598540145985, 0.1
1370, 8927.0, 2, 6.511305616338439, 0.1
1371, 8934.0, 7, 6.511661807580175, 0.1
1372, 8941.0, 7, 6.512017479970867, 0.1
1373, 8949.0, 8, 6.513100436681222, 0.1
1374, 8952.0, 3, 6.510545454545454, 0.1
1375, 8960.0, 8, 6.511627906976744, 0.1
1376, 8963.0, 3, 6.509077705156137, 0.1
1377, 8967.0, 4, 6.5072568940493465, 0.1
1378, 8971.0, 4, 6.505438723712835, 0.1
1379, 8977.0, 6, 6.505072463768116, 0.1
1380, 8985.0, 8, 6.506154960173787, 0.1
1381, 8993.0, 8, 6.507235890014472, 0.1
1382, 8999.0, 6, 6.506869125090383, 0.1
1383, 9006.0, 7, 6.507225433526012, 0.1
1384, 9014.0, 8, 6.508303249097473, 0.1
1385, 9022.0, 8, 6.509379509379509, 0.1
1386, 9024.0, 2, 6.506128334534967, 0.1
1387, 9030.0, 6, 6.505763688760807, 0.1
1388, 9034.0, 4, 6.503959683225342, 0.1
1389, 9039.0, 5, 6.502877697841726, 0.1
1390, 9045.0, 6, 6.502516175413372, 0.1
1391, 9053.0, 8, 6.503591954022989, 0.1
1392, 9058.0, 5, 6.50251256281407, 0.1
1393, 9066.0, 8, 6.503586800573888, 0.1
1394, 9072.0, 6, 6.503225806451613, 0.1
1395, 9080.0, 8, 6.504297994269341, 0.1
1396, 9082.0, 2, 6.501073729420186, 0.1
1397, 9087.0, 5, 6.5, 0.1
1398, 9095.0, 8, 6.501072194424589, 0.1
1399, 9103.0, 8, 6.502142857142857, 0.1
1400, 9111.0, 8, 6.503211991434689, 0.1
1401, 9118.0, 7, 6.503566333808845, 0.1
1402, 9120.0, 2, 6.500356379187456, 0.1
1403, 9127.0, 7, 6.500712250712251, 0.1
1404, 9133.0, 6, 6.500355871886121, 0.1
1405, 9134.0, 1, 6.496443812233286, 0.1
1406, 9142.0, 8, 6.497512437810945, 0.1
1407, 9149.0, 7, 6.497869318181818, 0.1
1408, 9154.0, 5, 6.49680624556423, 0.1
1409, 9160.0, 6, 6.49645390070922, 0.1
1410, 9160.0, 0, 6.491849751948973, 0.1
1411, 9168.0, 8, 6.492917847025495, 0.1
1412, 9176.0, 8, 6.493984430290163, 0.1
1413, 9182.0, 6, 6.493635077793494, 0.1
1414, 9186.0, 4, 6.491872791519435, 0.1
1415, 9187.0, 1, 6.487994350282486, 0.1
1416, 9194.0, 7, 6.488355681016231, 0.1
1417, 9202.0, 8, 6.489421720733428, 0.1
1418, 9208.0, 6, 6.48907681465821, 0.1
1419, 9216.0, 8, 6.490140845070423, 0.1
1420, 9223.0, 7, 6.490499648135116, 0.1
1421, 9231.0, 8, 6.491561181434599, 0.1
1422, 9234.0, 3, 6.489107519325369, 0.1
1423, 9237.0, 3, 6.486657303370786, 0.1
1424, 9244.0, 7, 6.487017543859649, 0.1
1425, 9248.0, 4, 6.485273492286115, 0.1
1426, 9251.0, 3, 6.4828311142256485, 0.1
1427, 9252.0, 1, 6.4789915966386555, 0.1
1428, 9255.0, 3, 6.476557032890133, 0.1
1429, 9260.0, 5, 6.475524475524476, 0.1
1430, 9267.0, 7, 6.475890985324948, 0.1
1431, 9275.0, 8, 6.476955307262569, 0.1
1432, 9277.0, 2, 6.473831123517097, 0.1
1433, 9285.0, 8, 6.47489539748954, 0.1
1434, 9289.0, 4, 6.4731707317073175, 0.1
1435, 9296.0, 7, 6.4735376044568245, 0.1
1436, 9298.0, 2, 6.470424495476688, 0.1
1437, 9305.0, 7, 6.470792767732963, 0.1
1438, 9312.0, 7, 6.471160528144545, 0.1
1439, 9318.0, 6, 6.470833333333333, 0.1
1440, 9323.0, 5, 6.469812630117974, 0.1
1441, 9324.0, 1, 6.466019417475728, 0.1
1442, 9328.0, 4, 6.464310464310464, 0.1
1443, 9329.0, 1, 6.4605263157894735, 0.1
1444, 9336.0, 7, 6.460899653979239, 0.1
1445, 9343.0, 7, 6.4612724757952975, 0.1
1446, 9350.0, 7, 6.461644782308224, 0.1
1447, 9357.0, 7, 6.462016574585635, 0.1
1448, 9362.0, 5, 6.461007591442374, 0.1
1449, 9367.0, 5, 6.46, 0.1
1450, 9373.0, 6, 6.4596829772570645, 0.1
1451, 9381.0, 8, 6.460743801652892, 0.1
1452, 9388.0, 7, 6.461114934618032, 0.1
1453, 9396.0, 8, 6.462173314993122, 0.1
1454, 9404.0, 8, 6.463230240549828, 0.1
1455, 9410.0, 6, 6.462912087912088, 0.1
1456, 9418.0, 8, 6.4639670555936855, 0.1
1457, 9418.0, 0, 6.459533607681756, 0.1
1458, 9424.0, 6, 6.4592186429061, 0.1
1459, 9432.0, 8, 6.46027397260274, 0.1
1460, 9434.0, 2, 6.457221081451061, 0.1
1461, 9442.0, 8, 6.45827633378933, 0.1
1462, 9448.0, 6, 6.457963089542037, 0.1
1463, 9448.0, 0, 6.453551912568306, 0.1
1464, 9450.0, 2, 6.450511945392491, 0.1
1465, 9456.0, 6, 6.450204638472033, 0.1
1466, 9461.0, 5, 6.449216087252897, 0.1
1467, 9467.0, 6, 6.448910081743869, 0.1
1468, 9474.0, 7, 6.44928522804629, 0.1
1469, 9478.0, 4, 6.447619047619048, 0.1
1470, 9479.0, 1, 6.4439157036029915, 0.1
1471, 9485.0, 6, 6.443614130434782, 0.1
1472, 9492.0, 7, 6.4439918533604885, 0.1
1473, 9500.0, 8, 6.445047489823609, 0.1
1474, 9500.0, 0, 6.440677966101695, 0.1
1475, 9508.0, 8, 6.441734417344174, 0.1
1476, 9516.0, 8, 6.442789438050101, 0.1
1477, 9523.0, 7, 6.443166441136671, 0.1
1478, 9531.0, 8, 6.444219066937119, 0.1
1479, 9533.0, 2, 6.441216216216216, 0.1
1480, 9540.0, 7, 6.441593517893315, 0.1
1481, 9545.0, 5, 6.440620782726046, 0.1
1482, 9552.0, 7, 6.4409979770735, 0.1
1483, 9560.0, 8, 6.442048517520216, 0.1
1484, 9567.0, 7, 6.442424242424242, 0.1
1485, 9567.0, 0, 6.438088829071332, 0.1
1486, 9573.0, 6, 6.437794216543376, 0.1
1487, 9580.0, 7, 6.438172043010753, 0.1
1488, 9587.0, 7, 6.438549361987912, 0.1
1489, 9587.0, 0, 6.434228187919463, 0.1
1490, 9594.0, 7, 6.434607645875252, 0.1
1491, 9602.0, 8, 6.435656836461126, 0.1
1492, 9603.0, 1, 6.432016075016745, 0.1
1493, 9611.0, 8, 6.433065595716198, 0.1
1494, 9613.0, 2, 6.43010033444816, 0.1
1495, 9620.0, 7, 6.43048128342246, 0.1
1496, 9628.0, 8, 6.431529726118905, 0.1
1497, 9636.0, 8, 6.432576769025367, 0.1
1498, 9644.0, 8, 6.4336224149432955, 0.1
1499, 9652.0, 8, 6.434666666666667, 0.1
1500, 9655.0, 3, 6.432378414390406, 0.1
1501, 9663.0, 8, 6.433422103861518, 0.1
1502, 9671.0, 8, 6.4344644045242845, 0.1
1503, 9679.0, 8, 6.435505319148936, 0.1
1504, 9687.0, 8, 6.436544850498339, 0.1
1505, 9692.0, 5, 6.435590969455511, 0.1
1506, 9699.0, 7, 6.435965494359655, 0.1
1507, 9703.0, 4, 6.434350132625995, 0.1
1508, 9707.0, 4, 6.43273691186216, 0.1
1509, 9710.0, 3, 6.430463576158941, 0.1
1510, 9716.0, 6, 6.43017868960953, 0.1
1511, 9722.0, 6, 6.4298941798941796, 0.1
1512, 9722.0, 0, 6.4256444150693985, 0.1
1513, 9729.0, 7, 6.426023778071334, 0.1
1514, 9730.0, 1, 6.422442244224422, 0.1
1515, 9732.0, 2, 6.419525065963061, 0.1
1516, 9737.0, 5, 6.418589321028345, 0.1
1517, 9743.0, 6, 6.418313570487483, 0.1
1518, 9750.0, 7, 6.41869651086241, 0.1
1519, 9751.0, 1, 6.415131578947369, 0.1
1520, 9753.0, 2, 6.412228796844182, 0.1
1521, 9755.0, 2, 6.409329829172142, 0.1
1522, 9763.0, 8, 6.4103742613263295, 0.1
1523, 9771.0, 8, 6.411417322834645, 0.1
1524, 9778.0, 7, 6.411803278688525, 0.1
1525, 9785.0, 7, 6.41218872870249, 0.1
1526, 9793.0, 8, 6.413228552717747, 0.1
1527, 9799.0, 6, 6.412958115183246, 0.1
1528, 9803.0, 4, 6.411379986919555, 0.1
1529, 9810.0, 7, 6.411764705882353, 0.1
1530, 9817.0, 7, 6.412148922273024, 0.1
1531, 9825.0, 8, 6.413185378590079, 0.1
1532, 9831.0, 6, 6.4129158512720155, 0.1
1533, 9839.0, 8, 6.413950456323338, 0.1
1534, 9839.0, 0, 6.409771986970684, 0.1
1535, 9844.0, 5, 6.408854166666667, 0.1
1536, 9847.0, 3, 6.406636304489265, 0.1
1537, 9853.0, 6, 6.406371911573472, 0.1
1538, 9860.0, 7, 6.406757634827811, 0.1
1539, 9867.0, 7, 6.4071428571428575, 0.1
1540, 9874.0, 7, 6.407527579493835, 0.1
1541, 9881.0, 7, 6.407911802853437, 0.1
1542, 9887.0, 6, 6.407647440051847, 0.1
1543, 9890.0, 3, 6.405440414507772, 0.1
1544, 9892.0, 2, 6.402588996763754, 0.1
1545, 9899.0, 7, 6.402975420439844, 0.1
1546, 9907.0, 8, 6.404007756948934, 0.1
1547, 9914.0, 7, 6.404392764857882, 0.1
1548, 9914.0, 0, 6.400258231116849, 0.1
1549, 9922.0, 8, 6.401290322580645, 0.1
1550, 9929.0, 7, 6.401676337846551, 0.1
1551, 9935.0, 6, 6.401417525773196, 0.1
1552, 9937.0, 2, 6.398583386992917, 0.1
1553, 9944.0, 7, 6.398970398970399, 0.1
1554, 9952.0, 8, 6.4, 0.1
1555, 9958.0, 6, 6.39974293059126, 0.1
1556, 9966.0, 8, 6.400770712909441, 0.1
1557, 9974.0, 8, 6.401797175866496, 0.1
1558, 9976.0, 2, 6.398973701090442, 0.1
1559, 9982.0, 6, 6.398717948717949, 0.1
1560, 9990.0, 8, 6.399743754003843, 0.1
1561, 9997.0, 7, 6.400128040973112, 0.1
1562, 10003.0, 6, 6.399872040946897, 0.1
1563, 10009.0, 6, 6.399616368286445, 0.1
1564, 10014.0, 5, 6.3987220447284345, 0.1
1565, 10022.0, 8, 6.399744572158365, 0.1
1566, 10028.0, 6, 6.399489470325463, 0.1
1567, 10034.0, 6, 6.399234693877551, 0.1
1568, 10034.0, 0, 6.395156150414277, 0.1
1569, 10040.0, 6, 6.3949044585987265, 0.1
1570, 10046.0, 6, 6.394653087205602, 0.1
1571, 10053.0, 7, 6.395038167938932, 0.1
1572, 10061.0, 8, 6.396058486967578, 0.1
1573, 10069.0, 8, 6.39707750952986, 0.1
1574, 10076.0, 7, 6.397460317460317, 0.1
1575, 10083.0, 7, 6.397842639593908, 0.1
1576, 10086.0, 3, 6.39568801521877, 0.1
1577, 10094.0, 8, 6.396704689480355, 0.1
1578, 10100.0, 6, 6.396453451551615, 0.1
1579, 10108.0, 8, 6.39746835443038, 0.1
1580, 10115.0, 7, 6.397849462365591, 0.1
1581, 10122.0, 7, 6.398230088495575, 0.1
1582, 10126.0, 4, 6.396715097915351, 0.1
1583, 10126.0, 0, 6.392676767676767, 0.1
1584, 10132.0, 6, 6.392429022082019, 0.1
1585, 10136.0, 4, 6.390920554854981, 0.1
1586, 10141.0, 5, 6.390044108380592, 0.1
1587, 10147.0, 6, 6.3897984886649875, 0.1
1588, 10154.0, 7, 6.39018250471995, 0.1
1589, 10161.0, 7, 6.390566037735849, 0.1
1590, 10169.0, 8, 6.391577624135763, 0.1
1591, 10175.0, 6, 6.391331658291457, 0.1
1592, 10183.0, 8, 6.392341494036409, 0.1
1593, 10189.0, 6, 6.392095357590966, 0.1
1594, 10196.0, 7, 6.392476489028213, 0.1
1595, 10202.0, 6, 6.3922305764411025, 0.1
1596, 10210.0, 8, 6.393237319974953, 0.1
1597, 10211.0, 1, 6.389862327909888, 0.1
1598, 10219.0, 8, 6.3908692933083175, 0.1
1599, 10223.0, 4, 6.389375, 0.1
1600, 10230.0, 7, 6.389756402248595, 0.1
1601, 10237.0, 7, 6.390137328339575, 0.1
1602, 10245.0, 8, 6.39114160948222, 0.1
1603, 10246.0, 1, 6.387780548628429, 0.1
1604, 10253.0, 7, 6.3881619937694705, 0.1
1605, 10253.0, 0, 6.384184308841843, 0.1
1606, 10261.0, 8, 6.385189794648413, 0.1
1607, 10268.0, 7, 6.385572139303482, 0.1
1608, 10274.0, 6, 6.38533250466128, 0.1
1609, 10274.0, 0, 6.381366459627329, 0.1
1610, 10282.0, 8, 6.382371198013656, 0.1
1611, 10289.0, 7, 6.382754342431761, 0.1
1612, 10294.0, 5, 6.381897086174829, 0.1
1613, 10296.0, 2, 6.379182156133829, 0.1
1614, 10302.0, 6, 6.378947368421053, 0.1
1615, 10304.0, 2, 6.376237623762377, 0.1
1616, 10312.0, 8, 6.3772418058132345, 0.1
1617, 10320.0, 8, 6.378244746600742, 0.1
1618, 10322.0, 2, 6.375540457072267, 0.1
1619, 10324.0, 2, 6.37283950617284, 0.1
1620, 10332.0, 8, 6.373843306600864, 0.1
1621, 10339.0, 7, 6.37422934648582, 0.1
1622, 10347.0, 8, 6.375231053604436, 0.1
1623, 10347.0, 0, 6.371305418719212, 0.1
1624, 10355.0, 8, 6.372307692307692, 0.1
1625, 10363.0, 8, 6.373308733087331, 0.1
1626, 10364.0, 1, 6.3700061462815, 0.1
1627, 10372.0, 8, 6.371007371007371, 0.1
1628, 10379.0, 7, 6.371393492940454, 0.1
1629, 10385.0, 6, 6.371165644171779, 0.1
1630, 10393.0, 8, 6.372164316370325, 0.1
1631, 10396.0, 3, 6.370098039215686, 0.1
1632, 10404.0, 8, 6.37109614206981, 0.1
1633, 10410.0, 6, 6.370869033047736, 0.1
1634, 10418.0, 8, 6.371865443425077, 0.1
1635, 10425.0, 7, 6.3722493887530565, 0.1
1636, 10433.0, 8, 6.373243738546121, 0.1
1637, 10440.0, 7, 6.373626373626373, 0.1
1638, 10446.0, 6, 6.37339841366687, 0.1
1639, 10453.0, 7, 6.373780487804878, 0.1
1640, 10460.0, 7, 6.374162096282754, 0.1
1641, 10467.0, 7, 6.374543239951279, 0.1
1642, 10474.0, 7, 6.37492391965916, 0.1
1643, 10482.0, 8, 6.375912408759124, 0.1
1644, 10488.0, 6, 6.375683890577507, 0.1
1645, 10495.0, 7, 6.376063183475091, 0.1
1646, 10502.0, 7, 6.376442015786278, 0.1
1647, 10510.0, 8, 6.377427184466019, 0.1
1648, 10517.0, 7, 6.377804730139479, 0.1
1649, 10519.0, 2, 6.375151515151515, 0.1
1650, 10527.0, 8, 6.376135675348274, 0.1
1651, 10534.0, 7, 6.376513317191283, 0.1
1652, 10537.0, 3, 6.374470659407138, 0.1
1653, 10543.0, 6, 6.374244256348247, 0.1
1654, 10551.0, 8, 6.375226586102719, 0.1
1655, 10551.0, 0, 6.371376811594203, 0.1
1656, 10553.0, 2, 6.368738684369342, 0.1
1657, 10559.0, 6, 6.368516284680338, 0.1
1658, 10567.0, 8, 6.369499698613622, 0.1
1659, 10573.0, 6, 6.369277108433735, 0.1
1660, 10576.0, 3, 6.367248645394341, 0.1
1661, 10583.0, 7, 6.3676293622142, 0.1
1662, 10591.0, 8, 6.368610944076969, 0.1
1663, 10596.0, 5, 6.367788461538462, 0.1
1664, 10603.0, 7, 6.368168168168168, 0.1
1665, 10611.0, 8, 6.369147659063626, 0.1
1666, 10619.0, 8, 6.370125974805039, 0.1
1667, 10626.0, 7, 6.370503597122302, 0.1
1668, 10628.0, 2, 6.367884961054524, 0.1
1669, 10636.0, 8, 6.368862275449102, 0.1
1670, 10644.0, 8, 6.36983842010772, 0.1
1671, 10652.0, 8, 6.3708133971291865, 0.1
1672, 10658.0, 6, 6.3705917513448895, 0.1
1673, 10664.0, 6, 6.37037037037037, 0.1
1674, 10669.0, 5, 6.36955223880597, 0.1
1675, 10675.0, 6, 6.369331742243436, 0.1
1676, 10682.0, 7, 6.369707811568277, 0.1
1677, 10683.0, 1, 6.366507747318236, 0.1
1678, 10691.0, 8, 6.3674806432400235, 0.1
1679, 10696.0, 5, 6.366666666666666, 0.1
1680, 10697.0, 1, 6.363474122546103, 0.1
1681, 10701.0, 4, 6.362068965517241, 0.1
1682, 10707.0, 6, 6.361853832442068, 0.1
1683, 10714.0, 7, 6.362232779097387, 0.1
1684, 10721.0, 7, 6.362611275964392, 0.1
1685, 10729.0, 8, 6.363582443653618, 0.1
1686, 10737.0, 8, 6.364552459988144, 0.1
1687, 10745.0, 8, 6.365521327014218, 0.1
1688, 10746.0, 1, 6.36234458259325, 0.1
1689, 10754.0, 8, 6.363313609467456, 0.1
1690, 10761.0, 7, 6.3636901241868715, 0.1
1691, 10769.0, 8, 6.364657210401892, 0.1
1692, 10773.0, 4, 6.363260484347313, 0.1
1693, 10781.0, 8, 6.364226682408501, 0.1
1694, 10781.0, 0, 6.36047197640118, 0.1
1695, 10783.0, 2, 6.357900943396227, 0.1
1696, 10788.0, 5, 6.357100766057749, 0.1
1697, 10795.0, 7, 6.357479387514723, 0.1
1698, 10802.0, 7, 6.357857563272513, 0.1
1699, 10810.0, 8, 6.358823529411764, 0.1
1700, 10812.0, 2, 6.35626102292769, 0.1
1701, 10818.0, 6, 6.356051703877791, 0.1
1702, 10825.0, 7, 6.3564298297122726, 0.1
1703, 10831.0, 6, 6.356220657276995, 0.1
1704, 10838.0, 7, 6.356598240469208, 0.1
1705, 10846.0, 8, 6.357561547479484, 0.1
1706, 10852.0, 6, 6.357352079671939, 0.1
1707, 10854.0, 2, 6.35480093676815, 0.1
1708, 10857.0, 3, 6.352837916910474, 0.1
1709, 10860.0, 3, 6.350877192982456, 0.1
1710, 10862.0, 2, 6.34833430742256, 0.1
1711, 10864.0, 2, 6.345794392523365, 0.1
1712, 10871.0, 7, 6.346176298890835, 0.1
1713, 10878.0, 7, 6.346557759626604, 0.1
1714, 10884.0, 6, 6.346355685131195, 0.1
1715, 10889.0, 5, 6.3455710955710956, 0.1
1716, 10897.0, 8, 6.346534653465347, 0.1
1717, 10905.0, 8, 6.347497089639115, 0.1
1718, 10910.0, 5, 6.346713205351949, 0.1
1719, 10916.0, 6, 6.346511627906977, 0.1
1720, 10924.0, 8, 6.347472399767577, 0.1
1721, 10930.0, 6, 6.347270615563298, 0.1
1722, 10938.0, 8, 6.348229831688915, 0.1
1723, 10947.0, 9, 6.349767981438515, 0.1
1724, 10950.0, 3, 6.3478260869565215, 0.1
1725, 10951.0, 1, 6.344727694090382, 0.1
1726, 10953.0, 2, 6.342211928199189, 0.1
1727, 10960.0, 7, 6.342592592592593, 0.1
1728, 10963.0, 3, 6.34065934065934, 0.1
1729, 10971.0, 8, 6.341618497109827, 0.1
1730, 10976.0, 5, 6.340843443096476, 0.1
1731, 10980.0, 4, 6.339491916859123, 0.1
1732, 10987.0, 7, 6.339873052510098, 0.1
1733, 10991.0, 4, 6.338523644752018, 0.1
1734, 10999.0, 8, 6.339481268011528, 0.1
1735, 10999.0, 0, 6.335829493087558, 0.1
1736, 11002.0, 3, 6.333909038572251, 0.1
1737, 11009.0, 7, 6.334292289988492, 0.1
1738, 11014.0, 5, 6.333525014376078, 0.1
1739, 11021.0, 7, 6.333908045977012, 0.1
1740, 11029.0, 8, 6.334865020103389, 0.1
1741, 11037.0, 8, 6.335820895522388, 0.1
1742, 11043.0, 6, 6.335628227194492, 0.1
1743, 11050.0, 7, 6.3360091743119265, 0.1
1744, 11055.0, 5, 6.335243553008596, 0.1
1745, 11055.0, 0, 6.331615120274914, 0.1
1746, 11062.0, 7, 6.331997710360618, 0.1
1747, 11063.0, 1, 6.328947368421052, 0.1
1748, 11070.0, 7, 6.329331046312179, 0.1
1749, 11071.0, 1, 6.3262857142857145, 0.1
1750, 11079.0, 8, 6.327241576242147, 0.1
1751, 11083.0, 4, 6.325913242009133, 0.1
1752, 11086.0, 3, 6.324015972618368, 0.1
1753, 11093.0, 7, 6.324401368301026, 0.1
1754, 11095.0, 2, 6.321937321937322, 0.1
1755, 11099.0, 4, 6.320615034168565, 0.1
1756, 11105.0, 6, 6.320432555492316, 0.1
1757, 11111.0, 6, 6.320250284414107, 0.1
1758, 11119.0, 8, 6.321205230244457, 0.1
1759, 11121.0, 2, 6.31875, 0.1
1760, 11124.0, 3, 6.316865417376491, 0.1
1761, 11132.0, 8, 6.317820658342792, 0.1
1762, 11140.0, 8, 6.318774815655133, 0.1
1763, 11143.0, 3, 6.316893424036281, 0.1
1764, 11148.0, 5, 6.316147308781869, 0.1
1765, 11153.0, 5, 6.315402038505097, 0.1
1766, 11161.0, 8, 6.316355404640634, 0.1
1767, 11168.0, 7, 6.316742081447964, 0.1
1768, 11175.0, 7, 6.317128321085359, 0.1
1769, 11182.0, 7, 6.317514124293785, 0.1
1770, 11188.0, 6, 6.317334839073969, 0.1
1771, 11193.0, 5, 6.316591422121896, 0.1
1772, 11198.0, 5, 6.3158488437676255, 0.1
1773, 11202.0, 4, 6.314543404735062, 0.1
1774, 11210.0, 8, 6.3154929577464785, 0.1
1775, 11217.0, 7, 6.315878378378378, 0.1
1776, 11219.0, 2, 6.313449634214969, 0.1
1777, 11226.0, 7, 6.313835770528684, 0.1
1778, 11233.0, 7, 6.314221472737493, 0.1
1779, 11239.0, 6, 6.314044943820225, 0.1
1780, 11240.0, 1, 6.311061201572151, 0.1
1781, 11247.0, 7, 6.311447811447811, 0.1
1782, 11255.0, 8, 6.3123948401570384, 0.1
1783, 11262.0, 7, 6.312780269058296, 0.1
1784, 11269.0, 7, 6.313165266106442, 0.1
1785, 11277.0, 8, 6.314109742441209, 0.1
1786, 11282.0, 5, 6.313374370453274, 0.1
1787, 11285.0, 3, 6.31152125279642, 0.1
1788, 11293.0, 8, 6.312465064281722, 0.1
1789, 11299.0, 6, 6.312290502793296, 0.1
1790, 11300.0, 1, 6.309324399776661, 0.1
1791, 11305.0, 5, 6.30859375, 0.1
1792, 11313.0, 8, 6.309537088678193, 0.1
1793, 11318.0, 5, 6.308807134894091, 0.1
1794, 11320.0, 2, 6.306406685236769, 0.1
1795, 11328.0, 8, 6.307349665924276, 0.1
1796, 11332.0, 4, 6.3060656649972175, 0.1
1797, 11338.0, 6, 6.305895439377085, 0.1
1798, 11346.0, 8, 6.306837131739855, 0.1
1799, 11348.0, 2, 6.304444444444444, 0.1
1800, 11354.0, 6, 6.304275402554136, 0.1
1801, 11359.0, 5, 6.303551609322975, 0.1
1802, 11365.0, 6, 6.3033832501386575, 0.1
1803, 11367.0, 2, 6.3009977827051, 0.1
1804, 11367.0, 0, 6.297506925207756, 0.1
1805, 11375.0, 8, 6.2984496124031, 0.1
1806, 11377.0, 2, 6.296070835639181, 0.1
1807, 11385.0, 8, 6.297013274336283, 0.1
1808, 11388.0, 3, 6.295190713101161, 0.1
1809, 11392.0, 4, 6.293922651933702, 0.1
1810, 11400.0, 8, 6.2948647156267254, 0.1
1811, 11406.0, 6, 6.2947019867549665, 0.1
1812, 11414.0, 8, 6.2956425813568675, 0.1
1813, 11421.0, 7, 6.296030871003308, 0.1
1814, 11428.0, 7, 6.296418732782369, 0.1
1815, 11436.0, 8, 6.297356828193832, 0.1
1816, 11444.0, 8, 6.298293891029169, 0.1
1817, 11450.0, 6, 6.298129812981298, 0.1
1818, 11452.0, 2, 6.295766904892798, 0.1
1819, 11459.0, 7, 6.296153846153846, 0.1
1820, 11466.0, 7, 6.296540362438221, 0.1
1821, 11466.0, 0, 6.2930845225027445, 0.1
1822, 11473.0, 7, 6.293472298409216, 0.1
1823, 11475.0, 2, 6.291118421052632, 0.1
1824, 11480.0, 5, 6.2904109589041095, 0.1
1825, 11485.0, 5, 6.289704271631982, 0.1
1826, 11493.0, 8, 6.29064039408867, 0.1
1827, 11501.0, 8, 6.291575492341357, 0.1
1828, 11506.0, 5, 6.290869327501367, 0.1
1829, 11512.0, 6, 6.290710382513661, 0.1
1830, 11517.0, 5, 6.29000546149645, 0.1
1831, 11517.0, 0, 6.2865720524017465, 0.1
1832, 11525.0, 8, 6.287506819421713, 0.1
1833, 11526.0, 1, 6.284623773173392, 0.1
1834, 11533.0, 7, 6.285013623978202, 0.1
1835, 11539.0, 6, 6.284858387799564, 0.1
1836, 11547.0, 8, 6.285792052259118, 0.1
1837, 11554.0, 7, 6.286180631120783, 0.1
1838, 11560.0, 6, 6.286025013594345, 0.1
1839, 11568.0, 8, 6.28695652173913, 0.1
1840, 11574.0, 6, 6.2868006518196635, 0.1
1841, 11581.0, 7, 6.287187839305103, 0.1
1842, 11586.0, 5, 6.286489419424851, 0.1
1843, 11594.0, 8, 6.287418655097614, 0.1
1844, 11600.0, 6, 6.287262872628726, 0.1
1845, 11608.0, 8, 6.28819068255688, 0.1
1846, 11616.0, 8, 6.289117487818084, 0.1
1847, 11622.0, 6, 6.288961038961039, 0.1
1848, 11629.0, 7, 6.2893455922120065, 0.1
1849, 11636.0, 7, 6.289729729729729, 0.1
1850, 11638.0, 2, 6.2874122096164236, 0.1
1851, 11644.0, 6, 6.287257019438445, 0.1
1852, 11650.0, 6, 6.287101996762008, 0.1
1853, 11658.0, 8, 6.288025889967638, 0.1
1854, 11665.0, 7, 6.288409703504043, 0.1
1855, 11668.0, 3, 6.286637931034483, 0.1
1856, 11670.0, 2, 6.284329563812601, 0.1
1857, 11670.0, 0, 6.280947255113024, 0.1
1858, 11671.0, 1, 6.27810650887574, 0.1
1859, 11675.0, 4, 6.276881720430108, 0.1
1860, 11681.0, 6, 6.276732939279957, 0.1
1861, 11685.0, 4, 6.275510204081633, 0.1
1862, 11686.0, 1, 6.272678475577027, 0.1
1863, 11692.0, 6, 6.272532188841201, 0.1
1864, 11700.0, 8, 6.273458445040214, 0.1
1865, 11705.0, 5, 6.272775991425509, 0.1
1866, 11712.0, 7, 6.273165506159614, 0.1
1867, 11718.0, 6, 6.273019271948608, 0.1
1868, 11726.0, 8, 6.27394328517924, 0.1
1869, 11731.0, 5, 6.273262032085562, 0.1
1870, 11739.0, 8, 6.274184927846072, 0.1
1871, 11739.0, 0, 6.270833333333333, 0.1
1872, 11745.0, 6, 6.270688734650293, 0.1
1873, 11751.0, 6, 6.270544290288154, 0.1
1874, 11751.0, 0, 6.2672, 0.1
1875, 11755.0, 4, 6.265991471215352, 0.1
1876, 11761.0, 6, 6.265849760255727, 0.1
1877, 11768.0, 7, 6.266240681576145, 0.1
1878, 11776.0, 8, 6.2671633847791375, 0.1
1879, 11783.0, 7, 6.267553191489362, 0.1
1880, 11790.0, 7, 6.267942583732057, 0.1
1881, 11797.0, 7, 6.268331562167907, 0.1
1882, 11800.0, 3, 6.2665958576739245, 0.1
1883, 11800.0, 0, 6.263269639065817, 0.1
1884, 11808.0, 8, 6.26419098143236, 0.1
1885, 11816.0, 8, 6.265111346765641, 0.1
1886, 11821.0, 5, 6.264440911499735, 0.1
1887, 11828.0, 7, 6.264830508474576, 0.1
1888, 11836.0, 8, 6.2657490735839065, 0.1
1889, 11839.0, 3, 6.264021164021164, 0.1
1890, 11847.0, 8, 6.264939185616076, 0.1
1891, 11855.0, 8, 6.265856236786469, 0.1
1892, 11862.0, 7, 6.266244057052298, 0.1
1893, 11869.0, 7, 6.26663146779303, 0.1
1894, 11869.0, 0, 6.263324538258575, 0.1
1895, 11876.0, 7, 6.263713080168777, 0.1
1896, 11884.0, 8, 6.26462836056932, 0.1
1897, 11890.0, 6, 6.264488935721812, 0.1
1898, 11896.0, 6, 6.264349657714587, 0.1
1899, 11903.0, 7, 6.264736842105263, 0.1
1900, 11911.0, 8, 6.265649658074698, 0.1
1901, 11912.0, 1, 6.262881177707676, 0.1
1902, 11917.0, 5, 6.262217551234892, 0.1
1903, 11924.0, 7, 6.262605042016807, 0.1
1904, 11931.0, 7, 6.262992125984252, 0.1
1905, 11937.0, 6, 6.2628541448058765, 0.1
1906, 11942.0, 5, 6.262191924488726, 0.1
1907, 11949.0, 7, 6.262578616352202, 0.1
1908, 11949.0, 0, 6.259298061812467, 0.1
1909, 11956.0, 7, 6.259685863874346, 0.1
1910, 11963.0, 7, 6.26007326007326, 0.1
1911, 11970.0, 7, 6.260460251046025, 0.1
1912, 11976.0, 6, 6.26032409827496, 0.1
1913, 11977.0, 1, 6.257575757575758, 0.1
1914, 11984.0, 7, 6.257963446475196, 0.1
1915, 11990.0, 6, 6.257828810020877, 0.1
1916, 11998.0, 8, 6.258737610850287, 0.1
1917, 12001.0, 3, 6.2570385818561, 0.1
1918, 12009.0, 8, 6.257946847316311, 0.1
1919, 12010.0, 1, 6.255208333333333, 0.1
1920, 12016.0, 6, 6.255075481520041, 0.1
1921, 12022.0, 6, 6.254942767950052, 0.1
1922, 12024.0, 2, 6.252730109204368, 0.1
1923, 12028.0, 4, 6.251559251559252, 0.1
1924, 12036.0, 8, 6.2524675324675325, 0.1
1925, 12040.0, 4, 6.2512980269989615, 0.1
1926, 12044.0, 4, 6.250129735339907, 0.1
1927, 12052.0, 8, 6.25103734439834, 0.1
1928, 12052.0, 0, 6.24779678589943, 0.1
1929, 12059.0, 7, 6.248186528497409, 0.1
1930, 12067.0, 8, 6.249093733816675, 0.1
1931, 12075.0, 8, 6.25, 0.1
1932, 12083.0, 8, 6.250905328504914, 0.1
1933, 12090.0, 7, 6.25129265770424, 0.1
1934, 12094.0, 4, 6.250129198966408, 0.1
1935, 12095.0, 1, 6.247417355371901, 0.1
1936, 12102.0, 7, 6.247805885389778, 0.1
1937, 12108.0, 6, 6.247678018575852, 0.1
1938, 12116.0, 8, 6.24858174316658, 0.1
1939, 12123.0, 7, 6.2489690721649485, 0.1
1940, 12130.0, 7, 6.249356002060793, 0.1
1941, 12137.0, 7, 6.2497425334706485, 0.1
1942, 12138.0, 1, 6.24704065877509, 0.1
1943, 12145.0, 7, 6.247427983539095, 0.1
1944, 12148.0, 3, 6.245758354755784, 0.1
1945, 12155.0, 7, 6.246145940390544, 0.1
1946, 12162.0, 7, 6.24653312788906, 0.1
1947, 12163.0, 1, 6.243839835728953, 0.1
1948, 12165.0, 2, 6.241662390969728, 0.1
1949, 12165.0, 0, 6.2384615384615385, 0.1
1950, 12170.0, 5, 6.237826755509995, 0.1
1951, 12178.0, 8, 6.238729508196721, 0.1
1952, 12186.0, 8, 6.23963133640553, 0.1
1953, 12193.0, 7, 6.2400204708290685, 0.1
1954, 12197.0, 4, 6.238874680306905, 0.1
1955, 12198.0, 1, 6.236196319018405, 0.1
1956, 12198.0, 0, 6.233009708737864, 0.1
1957, 12202.0, 4, 6.231869254341165, 0.1
1958, 12202.0, 0, 6.22868810617662, 0.1
1959, 12210.0, 8, 6.229591836734694, 0.1
1960, 12213.0, 3, 6.227944926058133, 0.1
1961, 12215.0, 2, 6.22579001019368, 0.1
1962, 12217.0, 2, 6.223637289862455, 0.1
1963, 12218.0, 1, 6.220977596741344, 0.1
1964, 12226.0, 8, 6.221882951653944, 0.1
1965, 12234.0, 8, 6.222787385554425, 0.1
1966, 12238.0, 4, 6.221657346212506, 0.1
1967, 12246.0, 8, 6.222560975609756, 0.1
1968, 12250.0, 4, 6.221432199085831, 0.1
1969, 12257.0, 7, 6.221827411167513, 0.1
1970, 12265.0, 8, 6.222729578893962, 0.1
1971, 12273.0, 8, 6.2236308316430025, 0.1
1972, 12277.0, 4, 6.2225038013177905, 0.1
1973, 12278.0, 1, 6.219858156028369, 0.1
1974, 12285.0, 7, 6.220253164556962, 0.1
1975, 12290.0, 5, 6.219635627530365, 0.1
1976, 12297.0, 7, 6.2200303490136575, 0.1
1977, 12297.0, 0, 6.216885743174924, 0.1
1978, 12302.0, 5, 6.216270843860536, 0.1
1979, 12305.0, 3, 6.2146464646464645, 0.1
1980, 12312.0, 7, 6.215042907622413, 0.1
1981, 12317.0, 5, 6.214429868819375, 0.1
1982, 12324.0, 7, 6.214826021180031, 0.1
1983, 12331.0, 7, 6.215221774193548, 0.1
1984, 12338.0, 7, 6.215617128463476, 0.1
1985, 12345.0, 7, 6.216012084592145, 0.1
1986, 12351.0, 6, 6.215903371917464, 0.1
1987, 12359.0, 8, 6.216800804828974, 0.1
1988, 12360.0, 1, 6.214177978883861, 0.1
1989, 12367.0, 7, 6.214572864321608, 0.1
1990, 12373.0, 6, 6.2144650929181315, 0.1
1991, 12381.0, 8, 6.215361445783133, 0.1
1992, 12389.0, 8, 6.216256899147014, 0.1
1993, 12397.0, 8, 6.21715145436309, 0.1
1994, 12405.0, 8, 6.2180451127819545, 0.1
1995, 12413.0, 8, 6.218937875751503, 0.1
1996, 12416.0, 3, 6.217325988983475, 0.1
1997, 12416.0, 0, 6.2142142142142145, 0.1
1998, 12423.0, 7, 6.214607303651826, 0.1
1999, 12425.0, 2, 6.2125, 0.1
