0, 8.0, 8, 8.0, 0.1
1, 16.0, 8, 8.0, 0.1
2, 24.0, 8, 8.0, 0.1
3, 32.0, 8, 8.0, 0.1
4, 40.0, 8, 8.0, 0.1
5, 48.0, 8, 8.0, 0.1
6, 56.0, 8, 8.0, 0.1
7, 64.0, 8, 8.0, 0.1
8, 72.0, 8, 8.0, 0.1
9, 80.0, 8, 8.0, 0.1
10, 88.0, 8, 8.0, 0.1
11, 96.0, 8, 8.0, 0.1
12, 104.0, 8, 8.0, 0.1
13, 112.0, 8, 8.0, 0.1
14, 120.0, 8, 8.0, 0.1
15, 128.0, 8, 8.0, 0.1
16, 136.0, 8, 8.0, 0.1
17, 144.0, 8, 8.0, 0.1
18, 152.0, 8, 8.0, 0.1
19, 160.0, 8, 8.0, 0.1
20, 168.0, 8, 8.0, 0.1
21, 176.0, 8, 8.0, 0.1
22, 184.0, 8, 8.0, 0.1
23, 192.0, 8, 8.0, 0.1
24, 200.0, 8, 8.0, 0.1
25, 208.0, 8, 8.0, 0.1
26, 216.0, 8, 8.0, 0.1
27, 224.0, 8, 8.0, 0.1
28, 232.0, 8, 8.0, 0.1
29, 240.0, 8, 8.0, 0.1
30, 248.0, 8, 8.0, 0.1
31, 256.0, 8, 8.0, 0.1
32, 264.0, 8, 8.0, 0.1
33, 272.0, 8, 8.0, 0.1
34, 280.0, 8, 8.0, 0.1
35, 288.0, 8, 8.0, 0.1
36, 296.0, 8, 8.0, 0.1
37, 304.0, 8, 8.0, 0.1
38, 312.0, 8, 8.0, 0.1
39, 320.0, 8, 8.0, 0.1
40, 328.0, 8, 8.0, 0.1
41, 336.0, 8, 8.0, 0.1
42, 344.0, 8, 8.0, 0.1
43, 352.0, 8, 8.0, 0.1
44, 360.0, 8, 8.0, 0.1
45, 368.0, 8, 8.0, 0.1
46, 376.0, 8, 8.0, 0.1
47, 384.0, 8, 8.0, 0.1
48, 392.0, 8, 8.0, 0.1
49, 400.0, 8, 8.0, 0.1
50, 408.0, 8, 8.0, 0.1
51, 416.0, 8, 8.0, 0.1
52, 424.0, 8, 8.0, 0.1
53, 432.0, 8, 8.0, 0.1
54, 440.0, 8, 8.0, 0.1
55, 448.0, 8, 8.0, 0.1
56, 456.0, 8, 8.0, 0.1
57, 464.0, 8, 8.0, 0.1
58, 472.0, 8, 8.0, 0.1
59, 480.0, 8, 8.0, 0.1
60, 488.0, 8, 8.0, 0.1
61, 496.0, 8, 8.0, 0.1
62, 504.0, 8, 8.0, 0.1
63, 512.0, 8, 8.0, 0.1
64, 520.0, 8, 8.0, 0.1
65, 528.0, 8, 8.0, 0.1
66, 536.0, 8, 8.0, 0.1
67, 544.0, 8, 8.0, 0.1
68, 552.0, 8, 8.0, 0.1
69, 560.0, 8, 8.0, 0.1
70, 568.0, 8, 8.0, 0.1
71, 576.0, 8, 8.0, 0.1
72, 584.0, 8, 8.0, 0.1
73, 592.0, 8, 8.0, 0.1
74, 600.0, 8, 8.0, 0.1
75, 608.0, 8, 8.0, 0.1
76, 616.0, 8, 8.0, 0.1
77, 624.0, 8, 8.0, 0.1
78, 632.0, 8, 8.0, 0.1
79, 640.0, 8, 8.0, 0.1
80, 648.0, 8, 8.0, 0.1
81, 656.0, 8, 8.0, 0.1
82, 664.0, 8, 8.0, 0.1
83, 672.0, 8, 8.0, 0.1
84, 680.0, 8, 8.0, 0.1
85, 688.0, 8, 8.0, 0.1
86, 696.0, 8, 8.0, 0.1
87, 704.0, 8, 8.0, 0.1
88, 712.0, 8, 8.0, 0.1
89, 720.0, 8, 8.0, 0.1
90, 728.0, 8, 8.0, 0.1
91, 736.0, 8, 8.0, 0.1
92, 744.0, 8, 8.0, 0.1
93, 752.0, 8, 8.0, 0.1
94, 760.0, 8, 8.0, 0.1
95, 768.0, 8, 8.0, 0.1
96, 776.0, 8, 8.0, 0.1
97, 784.0, 8, 8.0, 0.1
98, 792.0, 8, 8.0, 0.1
99, 800.0, 8, 8.0, 0.1
100, 808.0, 8, 8.0, 0.1
101, 816.0, 8, 8.0, 0.1
102, 824.0, 8, 8.0, 0.1
103, 832.0, 8, 8.0, 0.1
104, 840.0, 8, 8.0, 0.1
105, 848.0, 8, 8.0, 0.1
106, 856.0, 8, 8.0, 0.1
107, 864.0, 8, 8.0, 0.1
108, 872.0, 8, 8.0, 0.1
109, 880.0, 8, 8.0, 0.1
110, 888.0, 8, 8.0, 0.1
111, 896.0, 8, 8.0, 0.1
112, 904.0, 8, 8.0, 0.1
113, 912.0, 8, 8.0, 0.1
114, 918.0, 6, 7.982608695652174, 0.1
115, 926.0, 8, 7.982758620689655, 0.1
116, 932.0, 6, 7.965811965811966, 0.1
117, 939.0, 7, 7.9576271186440675, 0.1
118, 945.0, 6, 7.9411764705882355, 0.1
119, 952.0, 7, 7.933333333333334, 0.1
120, 960.0, 8, 7.933884297520661, 0.1
121, 968.0, 8, 7.934426229508197, 0.1
122, 974.0, 6, 7.91869918699187, 0.1
123, 981.0, 7, 7.911290322580645, 0.1
124, 988.0, 7, 7.904, 0.1
125, 995.0, 7, 7.896825396825397, 0.1
126, 996.0, 1, 7.84251968503937, 0.1
127, 1003.0, 7, 7.8359375, 0.1
128, 1009.0, 6, 7.821705426356589, 0.1
129, 1016.0, 7, 7.815384615384615, 0.1
130, 1024.0, 8, 7.816793893129771, 0.1
131, 1031.0, 7, 7.8106060606060606, 0.1
132, 1037.0, 6, 7.796992481203008, 0.1
133, 1045.0, 8, 7.798507462686567, 0.1
134, 1051.0, 6, 7.785185185185185, 0.1
135, 1057.0, 6, 7.772058823529412, 0.1
136, 1064.0, 7, 7.766423357664234, 0.1
137, 1071.0, 7, 7.760869565217392, 0.1
138, 1078.0, 7, 7.755395683453237, 0.1
139, 1085.0, 7, 7.75, 0.1
140, 1093.0, 8, 7.75177304964539, 0.1
141, 1101.0, 8, 7.753521126760563, 0.1
142, 1109.0, 8, 7.755244755244755, 0.1
143, 1115.0, 6, 7.743055555555555, 0.1
144, 1123.0, 8, 7.744827586206896, 0.1
145, 1130.0, 7, 7.739726027397261, 0.1
146, 1138.0, 8, 7.741496598639456, 0.1
147, 1145.0, 7, 7.736486486486487, 0.1
148, 1152.0, 7, 7.731543624161074, 0.1
149, 1159.0, 7, 7.726666666666667, 0.1
150, 1166.0, 7, 7.7218543046357615, 0.1
151, 1173.0, 7, 7.717105263157895, 0.1
152, 1180.0, 7, 7.712418300653595, 0.1
153, 1187.0, 7, 7.707792207792208, 0.1
154, 1194.0, 7, 7.703225806451613, 0.1
155, 1201.0, 7, 7.698717948717949, 0.1
156, 1207.0, 6, 7.687898089171974, 0.1
157, 1213.0, 6, 7.677215189873418, 0.1
158, 1219.0, 6, 7.666666666666667, 0.1
159, 1224.0, 5, 7.65, 0.1
160, 1231.0, 7, 7.645962732919255, 0.1
161, 1239.0, 8, 7.648148148148148, 0.1
162, 1246.0, 7, 7.644171779141105, 0.1
163, 1254.0, 8, 7.646341463414634, 0.1
164, 1261.0, 7, 7.642424242424243, 0.1
165, 1269.0, 8, 7.644578313253012, 0.1
166, 1277.0, 8, 7.6467065868263475, 0.1
167, 1281.0, 4, 7.625, 0.1
168, 1288.0, 7, 7.621301775147929, 0.1
169, 1294.0, 6, 7.6117647058823525, 0.1
170, 1300.0, 6, 7.60233918128655, 0.1
171, 1307.0, 7, 7.598837209302325, 0.1
172, 1315.0, 8, 7.601156069364162, 0.1
173, 1323.0, 8, 7.603448275862069, 0.1
174, 1330.0, 7, 7.6, 0.1
175, 1338.0, 8, 7.6022727272727275, 0.1
176, 1339.0, 1, 7.564971751412429, 0.1
177, 1347.0, 8, 7.567415730337078, 0.1
178, 1354.0, 7, 7.564245810055866, 0.1
179, 1362.0, 8, 7.566666666666666, 0.1
180, 1369.0, 7, 7.56353591160221, 0.1
181, 1376.0, 7, 7.56043956043956, 0.1
182, 1382.0, 6, 7.551912568306011, 0.1
183, 1389.0, 7, 7.548913043478261, 0.1
184, 1396.0, 7, 7.545945945945946, 0.1
185, 1403.0, 7, 7.543010752688172, 0.1
186, 1411.0, 8, 7.545454545454546, 0.1
187, 1419.0, 8, 7.547872340425532, 0.1
188, 1427.0, 8, 7.550264550264551, 0.1
189, 1435.0, 8, 7.552631578947368, 0.1
190, 1443.0, 8, 7.554973821989528, 0.1
191, 1451.0, 8, 7.557291666666667, 0.1
192, 1459.0, 8, 7.5595854922279795, 0.1
193, 1467.0, 8, 7.561855670103093, 0.1
194, 1474.0, 7, 7.558974358974359, 0.1
195, 1476.0, 2, 7.530612244897959, 0.1
196, 1484.0, 8, 7.532994923857868, 0.1
197, 1491.0, 7, 7.53030303030303, 0.1
198, 1499.0, 8, 7.532663316582915, 0.1
199, 1507.0, 8, 7.535, 0.1
200, 1514.0, 7, 7.532338308457711, 0.1
201, 1522.0, 8, 7.534653465346534, 0.1
202, 1530.0, 8, 7.536945812807882, 0.1
203, 1536.0, 6, 7.529411764705882, 0.1
204, 1543.0, 7, 7.5268292682926825, 0.1
205, 1551.0, 8, 7.529126213592233, 0.1
206, 1558.0, 7, 7.526570048309178, 0.1
207, 1565.0, 7, 7.524038461538462, 0.1
208, 1572.0, 7, 7.521531100478469, 0.1
209, 1578.0, 6, 7.514285714285714, 0.1
210, 1585.0, 7, 7.511848341232228, 0.1
211, 1593.0, 8, 7.514150943396227, 0.1
212, 1600.0, 7, 7.511737089201878, 0.1
213, 1608.0, 8, 7.514018691588785, 0.1
214, 1615.0, 7, 7.511627906976744, 0.1
215, 1620.0, 5, 7.5, 0.1
216, 1627.0, 7, 7.497695852534562, 0.1
217, 1635.0, 8, 7.5, 0.1
218, 1643.0, 8, 7.502283105022831, 0.1
219, 1651.0, 8, 7.504545454545455, 0.1
220, 1659.0, 8, 7.506787330316742, 0.1
221, 1667.0, 8, 7.509009009009009, 0.1
222, 1674.0, 7, 7.506726457399103, 0.1
223, 1679.0, 5, 7.495535714285714, 0.1
224, 1685.0, 6, 7.488888888888889, 0.1
225, 1692.0, 7, 7.486725663716814, 0.1
226, 1699.0, 7, 7.484581497797357, 0.1
227, 1704.0, 5, 7.473684210526316, 0.1
228, 1712.0, 8, 7.475982532751091, 0.1
229, 1720.0, 8, 7.478260869565218, 0.1
230, 1727.0, 7, 7.476190476190476, 0.1
231, 1734.0, 7, 7.474137931034483, 0.1
232, 1740.0, 6, 7.467811158798283, 0.1
233, 1748.0, 8, 7.47008547008547, 0.1
234, 1756.0, 8, 7.472340425531915, 0.1
235, 1763.0, 7, 7.470338983050848, 0.1
236, 1771.0, 8, 7.472573839662447, 0.1
237, 1779.0, 8, 7.474789915966387, 0.1
238, 1782.0, 3, 7.456066945606694, 0.1
239, 1790.0, 8, 7.458333333333333, 0.1
240, 1797.0, 7, 7.45643153526971, 0.1
241, 1803.0, 6, 7.450413223140496, 0.1
242, 1811.0, 8, 7.4526748971193415, 0.1
243, 1819.0, 8, 7.454918032786885, 0.1
244, 1827.0, 8, 7.457142857142857, 0.1
245, 1827.0, 0, 7.426829268292683, 0.1
246, 1835.0, 8, 7.42914979757085, 0.1
247, 1840.0, 5, 7.419354838709677, 0.1
248, 1847.0, 7, 7.417670682730924, 0.1
249, 1853.0, 6, 7.412, 0.1
250, 1860.0, 7, 7.410358565737051, 0.1
251, 1867.0, 7, 7.408730158730159, 0.1
252, 1874.0, 7, 7.407114624505929, 0.1
253, 1881.0, 7, 7.405511811023622, 0.1
254, 1888.0, 7, 7.403921568627451, 0.1
255, 1895.0, 7, 7.40234375, 0.1
256, 1903.0, 8, 7.404669260700389, 0.1
257, 1911.0, 8, 7.406976744186046, 0.1
258, 1917.0, 6, 7.401544401544402, 0.1
259, 1924.0, 7, 7.4, 0.1
260, 1932.0, 8, 7.402298850574713, 0.1
261, 1940.0, 8, 7.404580152671755, 0.1
262, 1946.0, 6, 7.399239543726236, 0.1
263, 1954.0, 8, 7.401515151515151, 0.1
264, 1959.0, 5, 7.392452830188679, 0.1
265, 1966.0, 7, 7.390977443609023, 0.1
266, 1974.0, 8, 7.393258426966292, 0.1
267, 1977.0, 3, 7.376865671641791, 0.1
268, 1985.0, 8, 7.379182156133829, 0.1
269, 1993.0, 8, 7.381481481481481, 0.1
270, 2001.0, 8, 7.3837638376383765, 0.1
271, 2009.0, 8, 7.386029411764706, 0.1
272, 2016.0, 7, 7.384615384615385, 0.1
273, 2019.0, 3, 7.368613138686132, 0.1
274, 2027.0, 8, 7.370909090909091, 0.1
275, 2033.0, 6, 7.365942028985507, 0.1
276, 2038.0, 5, 7.35740072202166, 0.1
277, 2045.0, 7, 7.356115107913669, 0.1
278, 2052.0, 7, 7.354838709677419, 0.1
279, 2059.0, 7, 7.353571428571429, 0.1
280, 2067.0, 8, 7.355871886120997, 0.1
281, 2075.0, 8, 7.358156028368795, 0.1
282, 2081.0, 6, 7.353356890459364, 0.1
283, 2086.0, 5, 7.345070422535211, 0.1
284, 2094.0, 8, 7.347368421052631, 0.1
285, 2101.0, 7, 7.346153846153846, 0.1
286, 2109.0, 8, 7.348432055749129, 0.1
287, 2117.0, 8, 7.350694444444445, 0.1
288, 2124.0, 7, 7.349480968858131, 0.1
289, 2131.0, 7, 7.348275862068966, 0.1
290, 2138.0, 7, 7.347079037800687, 0.1
291, 2146.0, 8, 7.3493150684931505, 0.1
292, 2153.0, 7, 7.348122866894198, 0.1
293, 2159.0, 6, 7.343537414965986, 0.1
294, 2166.0, 7, 7.342372881355932, 0.1
295, 2174.0, 8, 7.344594594594595, 0.1
296, 2182.0, 8, 7.346801346801347, 0.1
297, 2190.0, 8, 7.348993288590604, 0.1
298, 2197.0, 7, 7.3478260869565215, 0.1
299, 2203.0, 6, 7.343333333333334, 0.1
300, 2211.0, 8, 7.3455149501661126, 0.1
301, 2217.0, 6, 7.341059602649007, 0.1
302, 2225.0, 8, 7.343234323432343, 0.1
303, 2231.0, 6, 7.338815789473684, 0.1
304, 2239.0, 8, 7.340983606557377, 0.1
305, 2245.0, 6, 7.336601307189542, 0.1
306, 2252.0, 7, 7.335504885993485, 0.1
307, 2259.0, 7, 7.334415584415584, 0.1
308, 2265.0, 6, 7.330097087378641, 0.1
309, 2272.0, 7, 7.329032258064516, 0.1
310, 2276.0, 4, 7.318327974276527, 0.1
311, 2284.0, 8, 7.32051282051282, 0.1
312, 2284.0, 0, 7.297124600638978, 0.1
313, 2289.0, 5, 7.289808917197452, 0.1
314, 2297.0, 8, 7.292063492063492, 0.1
315, 2303.0, 6, 7.287974683544304, 0.1
316, 2309.0, 6, 7.28391167192429, 0.1
317, 2316.0, 7, 7.283018867924528, 0.1
318, 2323.0, 7, 7.282131661442007, 0.1
319, 2327.0, 4, 7.271875, 0.1
320, 2335.0, 8, 7.274143302180685, 0.1
321, 2342.0, 7, 7.273291925465839, 0.1
322, 2350.0, 8, 7.275541795665634, 0.1
323, 2358.0, 8, 7.277777777777778, 0.1
324, 2365.0, 7, 7.276923076923077, 0.1
325, 2370.0, 5, 7.269938650306749, 0.1
326, 2378.0, 8, 7.27217125382263, 0.1
327, 2386.0, 8, 7.274390243902439, 0.1
328, 2394.0, 8, 7.276595744680851, 0.1
329, 2402.0, 8, 7.278787878787878, 0.1
330, 2410.0, 8, 7.280966767371601, 0.1
331, 2417.0, 7, 7.280120481927711, 0.1
332, 2422.0, 5, 7.273273273273273, 0.1
333, 2430.0, 8, 7.275449101796407, 0.1
334, 2437.0, 7, 7.2746268656716415, 0.1
335, 2444.0, 7, 7.273809523809524, 0.1
336, 2452.0, 8, 7.275964391691395, 0.1
337, 2459.0, 7, 7.275147928994083, 0.1
338, 2466.0, 7, 7.274336283185841, 0.1
339, 2474.0, 8, 7.276470588235294, 0.1
340, 2482.0, 8, 7.278592375366569, 0.1
341, 2489.0, 7, 7.277777777777778, 0.1
342, 2497.0, 8, 7.279883381924198, 0.1
343, 2505.0, 8, 7.281976744186046, 0.1
344, 2513.0, 8, 7.284057971014493, 0.1
345, 2520.0, 7, 7.283236994219653, 0.1
346, 2527.0, 7, 7.282420749279539, 0.1
347, 2534.0, 7, 7.281609195402299, 0.1
348, 2542.0, 8, 7.283667621776504, 0.1
349, 2550.0, 8, 7.285714285714286, 0.1
350, 2558.0, 8, 7.287749287749287, 0.1
351, 2566.0, 8, 7.2897727272727275, 0.1
352, 2573.0, 7, 7.288951841359774, 0.1
353, 2580.0, 7, 7.288135593220339, 0.1
354, 2588.0, 8, 7.290140845070423, 0.1
355, 2596.0, 8, 7.292134831460674, 0.1
356, 2604.0, 8, 7.294117647058823, 0.1
357, 2612.0, 8, 7.29608938547486, 0.1
358, 2619.0, 7, 7.295264623955432, 0.1
359, 2626.0, 7, 7.294444444444444, 0.1
360, 2634.0, 8, 7.296398891966759, 0.1
361, 2641.0, 7, 7.295580110497237, 0.1
362, 2648.0, 7, 7.294765840220386, 0.1
363, 2654.0, 6, 7.291208791208791, 0.1
364, 2660.0, 6, 7.287671232876712, 0.1
365, 2667.0, 7, 7.286885245901639, 0.1
366, 2675.0, 8, 7.2888283378746594, 0.1
367, 2682.0, 7, 7.288043478260869, 0.1
368, 2689.0, 7, 7.287262872628726, 0.1
369, 2696.0, 7, 7.286486486486487, 0.1
370, 2703.0, 7, 7.285714285714286, 0.1
371, 2710.0, 7, 7.28494623655914, 0.1
372, 2717.0, 7, 7.2841823056300266, 0.1
373, 2725.0, 8, 7.286096256684492, 0.1
374, 2733.0, 8, 7.288, 0.1
375, 2740.0, 7, 7.287234042553192, 0.1
376, 2746.0, 6, 7.2838196286472146, 0.1
377, 2748.0, 2, 7.26984126984127, 0.1
378, 2755.0, 7, 7.269129287598944, 0.1
379, 2762.0, 7, 7.268421052631579, 0.1
380, 2767.0, 5, 7.26246719160105, 0.1
381, 2775.0, 8, 7.2643979057591626, 0.1
382, 2782.0, 7, 7.263707571801566, 0.1
383, 2790.0, 8, 7.265625, 0.1
384, 2798.0, 8, 7.267532467532468, 0.1
385, 2805.0, 7, 7.266839378238342, 0.1
386, 2813.0, 8, 7.268733850129199, 0.1
387, 2820.0, 7, 7.268041237113402, 0.1
388, 2825.0, 5, 7.262210796915167, 0.1
389, 2832.0, 7, 7.2615384615384615, 0.1
390, 2839.0, 7, 7.260869565217392, 0.1
391, 2846.0, 7, 7.260204081632653, 0.1
392, 2853.0, 7, 7.259541984732825, 0.1
393, 2861.0, 8, 7.261421319796955, 0.1
394, 2869.0, 8, 7.263291139240506, 0.1
395, 2874.0, 5, 7.257575757575758, 0.1
396, 2882.0, 8, 7.259445843828716, 0.1
397, 2888.0, 6, 7.256281407035176, 0.1
398, 2896.0, 8, 7.258145363408521, 0.1
399, 2904.0, 8, 7.26, 0.1
400, 2912.0, 8, 7.261845386533666, 0.1
401, 2920.0, 8, 7.263681592039801, 0.1
402, 2928.0, 8, 7.265508684863524, 0.1
403, 2934.0, 6, 7.262376237623762, 0.1
404, 2942.0, 8, 7.264197530864197, 0.1
405, 2950.0, 8, 7.266009852216749, 0.1
406, 2958.0, 8, 7.267813267813268, 0.1
407, 2965.0, 7, 7.267156862745098, 0.1
408, 2972.0, 7, 7.266503667481663, 0.1
409, 2980.0, 8, 7.2682926829268295, 0.1
410, 2986.0, 6, 7.265206812652068, 0.1
411, 2994.0, 8, 7.266990291262136, 0.1
412, 3000.0, 6, 7.263922518159807, 0.1
413, 3007.0, 7, 7.263285024154589, 0.1
414, 3010.0, 3, 7.253012048192771, 0.1
415, 3018.0, 8, 7.2548076923076925, 0.1
416, 3025.0, 7, 7.2541966426858515, 0.1
417, 3032.0, 7, 7.253588516746412, 0.1
418, 3039.0, 7, 7.252983293556086, 0.1
419, 3047.0, 8, 7.254761904761905, 0.1
420, 3054.0, 7, 7.254156769596199, 0.1
421, 3061.0, 7, 7.253554502369668, 0.1
422, 3068.0, 7, 7.252955082742317, 0.1
423, 3076.0, 8, 7.254716981132075, 0.1
424, 3084.0, 8, 7.2564705882352944, 0.1
425, 3092.0, 8, 7.258215962441315, 0.1
426, 3100.0, 8, 7.259953161592506, 0.1
427, 3108.0, 8, 7.261682242990654, 0.1
428, 3110.0, 2, 7.24941724941725, 0.1
429, 3117.0, 7, 7.248837209302326, 0.1
430, 3125.0, 8, 7.250580046403712, 0.1
431, 3133.0, 8, 7.252314814814815, 0.1
432, 3140.0, 7, 7.2517321016166285, 0.1
433, 3148.0, 8, 7.253456221198157, 0.1
434, 3154.0, 6, 7.250574712643679, 0.1
435, 3161.0, 7, 7.25, 0.1
436, 3168.0, 7, 7.249427917620137, 0.1
437, 3174.0, 6, 7.2465753424657535, 0.1
438, 3179.0, 5, 7.241457858769932, 0.1
439, 3187.0, 8, 7.243181818181818, 0.1
440, 3194.0, 7, 7.242630385487528, 0.1
441, 3201.0, 7, 7.242081447963801, 0.1
442, 3209.0, 8, 7.243792325056433, 0.1
443, 3217.0, 8, 7.245495495495495, 0.1
444, 3224.0, 7, 7.244943820224719, 0.1
445, 3232.0, 8, 7.246636771300448, 0.1
446, 3236.0, 4, 7.239373601789709, 0.1
447, 3243.0, 7, 7.238839285714286, 0.1
448, 3250.0, 7, 7.2383073496659245, 0.1
449, 3258.0, 8, 7.24, 0.1
450, 3266.0, 8, 7.241685144124168, 0.1
451, 3273.0, 7, 7.241150442477876, 0.1
452, 3281.0, 8, 7.242825607064018, 0.1
453, 3289.0, 8, 7.244493392070485, 0.1
454, 3296.0, 7, 7.243956043956044, 0.1
455, 3304.0, 8, 7.245614035087719, 0.1
456, 3310.0, 6, 7.2428884026258205, 0.1
457, 3318.0, 8, 7.244541484716157, 0.1
458, 3324.0, 6, 7.241830065359477, 0.1
459, 3331.0, 7, 7.241304347826087, 0.1
460, 3338.0, 7, 7.240780911062907, 0.1
461, 3346.0, 8, 7.242424242424242, 0.1
462, 3353.0, 7, 7.241900647948164, 0.1
463, 3361.0, 8, 7.243534482758621, 0.1
464, 3366.0, 5, 7.2387096774193544, 0.1
465, 3374.0, 8, 7.240343347639485, 0.1
466, 3379.0, 5, 7.235546038543897, 0.1
467, 3384.0, 5, 7.230769230769231, 0.1
468, 3385.0, 1, 7.217484008528785, 0.1
469, 3392.0, 7, 7.217021276595744, 0.1
470, 3400.0, 8, 7.218683651804671, 0.1
471, 3408.0, 8, 7.220338983050848, 0.1
472, 3411.0, 3, 7.211416490486258, 0.1
473, 3419.0, 8, 7.213080168776371, 0.1
474, 3427.0, 8, 7.214736842105263, 0.1
475, 3435.0, 8, 7.216386554621849, 0.1
476, 3443.0, 8, 7.218029350104822, 0.1
477, 3451.0, 8, 7.2196652719665275, 0.1
478, 3457.0, 6, 7.217118997912317, 0.1
479, 3464.0, 7, 7.216666666666667, 0.1
480, 3471.0, 7, 7.216216216216216, 0.1
481, 3478.0, 7, 7.215767634854772, 0.1
482, 3485.0, 7, 7.215320910973085, 0.1
483, 3488.0, 3, 7.206611570247934, 0.1
484, 3496.0, 8, 7.2082474226804125, 0.1
485, 3504.0, 8, 7.209876543209877, 0.1
486, 3512.0, 8, 7.211498973305955, 0.1
487, 3520.0, 8, 7.213114754098361, 0.1
488, 3524.0, 4, 7.206543967280163, 0.1
489, 3532.0, 8, 7.208163265306123, 0.1
490, 3538.0, 6, 7.205702647657841, 0.1
491, 3546.0, 8, 7.2073170731707314, 0.1
492, 3554.0, 8, 7.2089249492900604, 0.1
493, 3561.0, 7, 7.208502024291498, 0.1
494, 3564.0, 3, 7.2, 0.1
495, 3571.0, 7, 7.199596774193548, 0.1
496, 3571.0, 0, 7.185110663983903, 0.1
497, 3578.0, 7, 7.184738955823293, 0.1
498, 3585.0, 7, 7.18436873747495, 0.1
499, 3590.0, 5, 7.18, 0.1
500, 3597.0, 7, 7.179640718562874, 0.1
501, 3605.0, 8, 7.181274900398407, 0.1
502, 3612.0, 7, 7.180914512922465, 0.1
503, 3619.0, 7, 7.180555555555555, 0.1
504, 3626.0, 7, 7.18019801980198, 0.1
505, 3634.0, 8, 7.181818181818182, 0.1
506, 3641.0, 7, 7.181459566074951, 0.1
507, 3649.0, 8, 7.183070866141732, 0.1
508, 3656.0, 7, 7.182711198428291, 0.1
509, 3663.0, 7, 7.182352941176471, 0.1
510, 3671.0, 8, 7.183953033268102, 0.1
511, 3678.0, 7, 7.18359375, 0.1
512, 3686.0, 8, 7.185185185185185, 0.1
513, 3694.0, 8, 7.186770428015564, 0.1
514, 3696.0, 2, 7.176699029126214, 0.1
515, 3701.0, 5, 7.172480620155039, 0.1
516, 3708.0, 7, 7.172147001934236, 0.1
517, 3715.0, 7, 7.171814671814672, 0.1
518, 3722.0, 7, 7.171483622350674, 0.1
519, 3730.0, 8, 7.173076923076923, 0.1
520, 3738.0, 8, 7.174664107485604, 0.1
521, 3746.0, 8, 7.176245210727969, 0.1
522, 3754.0, 8, 7.177820267686425, 0.1
523, 3760.0, 6, 7.175572519083969, 0.1
524, 3768.0, 8, 7.177142857142857, 0.1
525, 3775.0, 7, 7.17680608365019, 0.1
526, 3778.0, 3, 7.16888045540797, 0.1
527, 3786.0, 8, 7.170454545454546, 0.1
528, 3793.0, 7, 7.170132325141777, 0.1
529, 3801.0, 8, 7.1716981132075475, 0.1
530, 3809.0, 8, 7.173258003766478, 0.1
531, 3817.0, 8, 7.174812030075188, 0.1
532, 3824.0, 7, 7.174484052532833, 0.1
533, 3826.0, 2, 7.164794007490637, 0.1
534, 3833.0, 7, 7.164485981308411, 0.1
535, 3840.0, 7, 7.164179104477612, 0.1
536, 3848.0, 8, 7.165735567970205, 0.1
537, 3854.0, 6, 7.163568773234201, 0.1
538, 3862.0, 8, 7.165120593692023, 0.1
539, 3870.0, 8, 7.166666666666667, 0.1
540, 3878.0, 8, 7.1682070240295745, 0.1
541, 3886.0, 8, 7.169741697416974, 0.1
542, 3894.0, 8, 7.171270718232044, 0.1
543, 3902.0, 8, 7.172794117647059, 0.1
544, 3904.0, 2, 7.163302752293578, 0.1
545, 3911.0, 7, 7.163003663003663, 0.1
546, 3913.0, 2, 7.1535648994515535, 0.1
547, 3921.0, 8, 7.155109489051095, 0.1
548, 3927.0, 6, 7.1530054644808745, 0.1
549, 3934.0, 7, 7.152727272727272, 0.1
550, 3940.0, 6, 7.150635208711433, 0.1
551, 3947.0, 7, 7.15036231884058, 0.1
552, 3948.0, 1, 7.139240506329114, 0.1
553, 3953.0, 5, 7.135379061371841, 0.1
554, 3960.0, 7, 7.135135135135135, 0.1
555, 3966.0, 6, 7.133093525179856, 0.1
556, 3973.0, 7, 7.132854578096948, 0.1
557, 3981.0, 8, 7.134408602150538, 0.1
558, 3985.0, 4, 7.1288014311270125, 0.1
559, 3992.0, 7, 7.128571428571429, 0.1
560, 3999.0, 7, 7.128342245989304, 0.1
561, 4007.0, 8, 7.129893238434164, 0.1
562, 4015.0, 8, 7.131438721136767, 0.1
563, 4022.0, 7, 7.131205673758865, 0.1
564, 4030.0, 8, 7.132743362831858, 0.1
565, 4037.0, 7, 7.1325088339222615, 0.1
566, 4044.0, 7, 7.132275132275132, 0.1
567, 4051.0, 7, 7.132042253521127, 0.1
568, 4057.0, 6, 7.130052724077329, 0.1
569, 4065.0, 8, 7.131578947368421, 0.1
570, 4073.0, 8, 7.133099824868651, 0.1
571, 4079.0, 6, 7.131118881118881, 0.1
572, 4087.0, 8, 7.132635253054101, 0.1
573, 4095.0, 8, 7.134146341463414, 0.1
574, 4102.0, 7, 7.133913043478261, 0.1
575, 4110.0, 8, 7.135416666666667, 0.1
576, 4117.0, 7, 7.135181975736568, 0.1
577, 4125.0, 8, 7.1366782006920415, 0.1
578, 4133.0, 8, 7.138169257340242, 0.1
579, 4141.0, 8, 7.139655172413793, 0.1
580, 4148.0, 7, 7.139414802065405, 0.1
581, 4154.0, 6, 7.13745704467354, 0.1
582, 4160.0, 6, 7.135506003430532, 0.1
583, 4167.0, 7, 7.135273972602739, 0.1
584, 4174.0, 7, 7.1350427350427355, 0.1
585, 4181.0, 7, 7.13481228668942, 0.1
586, 4187.0, 6, 7.132879045996593, 0.1
587, 4195.0, 8, 7.134353741496598, 0.1
588, 4200.0, 5, 7.130730050933786, 0.1
589, 4203.0, 3, 7.123728813559322, 0.1
590, 4211.0, 8, 7.125211505922166, 0.1
591, 4219.0, 8, 7.1266891891891895, 0.1
592, 4226.0, 7, 7.126475548060708, 0.1
593, 4234.0, 8, 7.127946127946128, 0.1
594, 4242.0, 8, 7.129411764705883, 0.1
595, 4249.0, 7, 7.129194630872483, 0.1
596, 4257.0, 8, 7.130653266331659, 0.1
597, 4264.0, 7, 7.130434782608695, 0.1
598, 4270.0, 6, 7.128547579298831, 0.1
599, 4277.0, 7, 7.128333333333333, 0.1
600, 4285.0, 8, 7.129783693843594, 0.1
601, 4292.0, 7, 7.129568106312292, 0.1
602, 4299.0, 7, 7.129353233830845, 0.1
603, 4305.0, 6, 7.127483443708609, 0.1
604, 4313.0, 8, 7.12892561983471, 0.1
605, 4320.0, 7, 7.128712871287129, 0.1
606, 4327.0, 7, 7.128500823723229, 0.1
607, 4334.0, 7, 7.128289473684211, 0.1
608, 4341.0, 7, 7.12807881773399, 0.1
609, 4349.0, 8, 7.129508196721312, 0.1
610, 4355.0, 6, 7.127659574468085, 0.1
611, 4362.0, 7, 7.127450980392157, 0.1
612, 4370.0, 8, 7.128874388254486, 0.1
613, 4378.0, 8, 7.130293159609121, 0.1
614, 4386.0, 8, 7.131707317073171, 0.1
615, 4394.0, 8, 7.133116883116883, 0.1
616, 4402.0, 8, 7.13452188006483, 0.1
617, 4409.0, 7, 7.134304207119741, 0.1
618, 4417.0, 8, 7.135702746365105, 0.1
619, 4423.0, 6, 7.133870967741935, 0.1
620, 4431.0, 8, 7.1352657004830915, 0.1
621, 4438.0, 7, 7.135048231511254, 0.1
622, 4446.0, 8, 7.136436597110754, 0.1
623, 4452.0, 6, 7.134615384615385, 0.1
624, 4460.0, 8, 7.136, 0.1
625, 4465.0, 5, 7.13258785942492, 0.1
626, 4470.0, 5, 7.1291866028708135, 0.1
627, 4475.0, 5, 7.125796178343949, 0.1
628, 4481.0, 6, 7.124006359300477, 0.1
629, 4487.0, 6, 7.122222222222222, 0.1
630, 4493.0, 6, 7.120443740095087, 0.1
631, 4499.0, 6, 7.118670886075949, 0.1
632, 4506.0, 7, 7.118483412322274, 0.1
633, 4513.0, 7, 7.118296529968454, 0.1
634, 4520.0, 7, 7.118110236220472, 0.1
635, 4527.0, 7, 7.117924528301887, 0.1
636, 4535.0, 8, 7.119309262166405, 0.1
637, 4543.0, 8, 7.120689655172414, 0.1
638, 4551.0, 8, 7.122065727699531, 0.1
639, 4559.0, 8, 7.1234375, 0.1
640, 4566.0, 7, 7.123244929797192, 0.1
641, 4572.0, 6, 7.121495327102804, 0.1
642, 4577.0, 5, 7.118195956454121, 0.1
643, 4584.0, 7, 7.118012422360248, 0.1
644, 4592.0, 8, 7.11937984496124, 0.1
645, 4600.0, 8, 7.120743034055727, 0.1
646, 4606.0, 6, 7.1190108191653785, 0.1
647, 4613.0, 7, 7.118827160493828, 0.1
648, 4621.0, 8, 7.120184899845917, 0.1
649, 4628.0, 7, 7.12, 0.1
650, 4636.0, 8, 7.121351766513057, 0.1
651, 4644.0, 8, 7.122699386503068, 0.1
652, 4651.0, 7, 7.122511485451761, 0.1
653, 4658.0, 7, 7.122324159021407, 0.1
654, 4665.0, 7, 7.122137404580153, 0.1
655, 4672.0, 7, 7.121951219512195, 0.1
656, 4679.0, 7, 7.121765601217656, 0.1
657, 4686.0, 7, 7.121580547112462, 0.1
658, 4694.0, 8, 7.122913505311077, 0.1
659, 4700.0, 6, 7.121212121212121, 0.1
660, 4707.0, 7, 7.121028744326778, 0.1
661, 4714.0, 7, 7.120845921450151, 0.1
662, 4721.0, 7, 7.120663650075414, 0.1
663, 4722.0, 1, 7.11144578313253, 0.1
664, 4729.0, 7, 7.111278195488722, 0.1
665, 4737.0, 8, 7.112612612612613, 0.1
666, 4744.0, 7, 7.112443778110944, 0.1
667, 4752.0, 8, 7.11377245508982, 0.1
668, 4759.0, 7, 7.113602391629297, 0.1
669, 4765.0, 6, 7.111940298507463, 0.1
670, 4771.0, 6, 7.110283159463488, 0.1
671, 4779.0, 8, 7.111607142857143, 0.1
672, 4779.0, 0, 7.101040118870728, 0.1
673, 4787.0, 8, 7.102373887240356, 0.1
674, 4793.0, 6, 7.100740740740741, 0.1
675, 4800.0, 7, 7.100591715976331, 0.1
676, 4808.0, 8, 7.10192023633678, 0.1
677, 4815.0, 7, 7.101769911504425, 0.1
678, 4823.0, 8, 7.103092783505154, 0.1
679, 4830.0, 7, 7.102941176470588, 0.1
680, 4838.0, 8, 7.104258443465492, 0.1
681, 4845.0, 7, 7.104105571847508, 0.1
682, 4848.0, 3, 7.09809663250366, 0.1
683, 4854.0, 6, 7.0964912280701755, 0.1
684, 4862.0, 8, 7.097810218978102, 0.1
685, 4870.0, 8, 7.099125364431487, 0.1
686, 4878.0, 8, 7.100436681222708, 0.1
687, 4885.0, 7, 7.100290697674419, 0.1
688, 4893.0, 8, 7.101596516690856, 0.1
689, 4901.0, 8, 7.102898550724638, 0.1
690, 4901.0, 0, 7.092619392185239, 0.1
691, 4901.0, 0, 7.082369942196531, 0.1
692, 4903.0, 2, 7.075036075036075, 0.1
693, 4911.0, 8, 7.076368876080692, 0.1
694, 4918.0, 7, 7.076258992805755, 0.1
695, 4925.0, 7, 7.0761494252873565, 0.1
696, 4931.0, 6, 7.074605451936872, 0.1
697, 4939.0, 8, 7.0759312320916905, 0.1
698, 4947.0, 8, 7.07725321888412, 0.1
699, 4954.0, 7, 7.077142857142857, 0.1
700, 4958.0, 4, 7.072753209700428, 0.1
701, 4963.0, 5, 7.06980056980057, 0.1
702, 4971.0, 8, 7.071123755334281, 0.1
703, 4979.0, 8, 7.072443181818182, 0.1
704, 4986.0, 7, 7.072340425531915, 0.1
705, 4993.0, 7, 7.072237960339943, 0.1
706, 5001.0, 8, 7.073550212164074, 0.1
707, 5008.0, 7, 7.073446327683616, 0.1
708, 5015.0, 7, 7.073342736248237, 0.1
709, 5023.0, 8, 7.074647887323944, 0.1
710, 5031.0, 8, 7.075949367088608, 0.1
711, 5032.0, 1, 7.067415730337078, 0.1
712, 5039.0, 7, 7.0673211781206176, 0.1
713, 5046.0, 7, 7.067226890756302, 0.1
714, 5054.0, 8, 7.068531468531469, 0.1
715, 5060.0, 6, 7.067039106145251, 0.1
716, 5066.0, 6, 7.0655509065550905, 0.1
717, 5073.0, 7, 7.0654596100278555, 0.1
718, 5076.0, 3, 7.05980528511822, 0.1
719, 5083.0, 7, 7.059722222222222, 0.1
720, 5089.0, 6, 7.058252427184466, 0.1
721, 5096.0, 7, 7.058171745152355, 0.1
722, 5103.0, 7, 7.058091286307054, 0.1
723, 5110.0, 7, 7.058011049723757, 0.1
724, 5117.0, 7, 7.057931034482759, 0.1
725, 5125.0, 8, 7.059228650137741, 0.1
726, 5132.0, 7, 7.059147180192572, 0.1
727, 5139.0, 7, 7.059065934065934, 0.1
728, 5145.0, 6, 7.05761316872428, 0.1
729, 5152.0, 7, 7.057534246575343, 0.1
730, 5159.0, 7, 7.057455540355678, 0.1
731, 5166.0, 7, 7.057377049180328, 0.1
732, 5174.0, 8, 7.058663028649386, 0.1
733, 5182.0, 8, 7.059945504087193, 0.1
734, 5190.0, 8, 7.061224489795919, 0.1
735, 5197.0, 7, 7.061141304347826, 0.1
736, 5205.0, 8, 7.062415196743555, 0.1
737, 5212.0, 7, 7.062330623306233, 0.1
738, 5218.0, 6, 7.060893098782138, 0.1
739, 5226.0, 8, 7.062162162162162, 0.1
740, 5234.0, 8, 7.063427800269905, 0.1
741, 5240.0, 6, 7.061994609164421, 0.1
742, 5247.0, 7, 7.061911170928668, 0.1
743, 5255.0, 8, 7.063172043010753, 0.1
744, 5259.0, 4, 7.059060402684564, 0.1
745, 5266.0, 7, 7.058981233243967, 0.1
746, 5273.0, 7, 7.0589022757697455, 0.1
747, 5281.0, 8, 7.060160427807487, 0.1
748, 5288.0, 7, 7.060080106809079, 0.1
749, 5296.0, 8, 7.061333333333334, 0.1
750, 5303.0, 7, 7.061251664447403, 0.1
751, 5311.0, 8, 7.0625, 0.1
752, 5316.0, 5, 7.059760956175299, 0.1
753, 5317.0, 1, 7.051724137931035, 0.1
754, 5318.0, 1, 7.0437086092715235, 0.1
755, 5325.0, 7, 7.0436507936507935, 0.1
756, 5333.0, 8, 7.044914134742404, 0.1
757, 5341.0, 8, 7.046174142480211, 0.1
758, 5348.0, 7, 7.046113306982872, 0.1
759, 5354.0, 6, 7.044736842105263, 0.1
760, 5360.0, 6, 7.043363994743758, 0.1
761, 5367.0, 7, 7.043307086614173, 0.1
762, 5372.0, 5, 7.0406290956749675, 0.1
763, 5376.0, 4, 7.036649214659686, 0.1
764, 5383.0, 7, 7.036601307189542, 0.1
765, 5389.0, 6, 7.035248041775457, 0.1
766, 5397.0, 8, 7.036505867014341, 0.1
767, 5405.0, 8, 7.037760416666667, 0.1
768, 5412.0, 7, 7.037711313394018, 0.1
769, 5420.0, 8, 7.038961038961039, 0.1
770, 5426.0, 6, 7.0376134889753565, 0.1
771, 5432.0, 6, 7.036269430051814, 0.1
772, 5440.0, 8, 7.03751617076326, 0.1
773, 5448.0, 8, 7.038759689922481, 0.1
774, 5453.0, 5, 7.0361290322580645, 0.1
775, 5461.0, 8, 7.037371134020619, 0.1
776, 5469.0, 8, 7.038610038610039, 0.1
777, 5476.0, 7, 7.038560411311054, 0.1
778, 5482.0, 6, 7.037227214377407, 0.1
779, 5489.0, 7, 7.037179487179487, 0.1
780, 5495.0, 6, 7.035851472471191, 0.1
781, 5503.0, 8, 7.037084398976982, 0.1
782, 5511.0, 8, 7.038314176245211, 0.1
783, 5518.0, 7, 7.038265306122449, 0.1
784, 5526.0, 8, 7.039490445859872, 0.1
785, 5528.0, 2, 7.033078880407125, 0.1
786, 5534.0, 6, 7.031766200762389, 0.1
787, 5542.0, 8, 7.032994923857868, 0.1
788, 5550.0, 8, 7.034220532319392, 0.1
789, 5552.0, 2, 7.027848101265823, 0.1
790, 5557.0, 5, 7.025284450063211, 0.1
791, 5563.0, 6, 7.023989898989899, 0.1
792, 5569.0, 6, 7.0226986128625475, 0.1
793, 5575.0, 6, 7.021410579345088, 0.1
794, 5582.0, 7, 7.021383647798742, 0.1
795, 5590.0, 8, 7.022613065326633, 0.1
796, 5597.0, 7, 7.022584692597239, 0.1
797, 5605.0, 8, 7.023809523809524, 0.1
798, 5612.0, 7, 7.02377972465582, 0.1
799, 5620.0, 8, 7.025, 0.1
800, 5628.0, 8, 7.02621722846442, 0.1
801, 5634.0, 6, 7.024937655860349, 0.1
802, 5636.0, 2, 7.018679950186799, 0.1
803, 5644.0, 8, 7.019900497512438, 0.1
804, 5651.0, 7, 7.019875776397516, 0.1
805, 5659.0, 8, 7.021091811414392, 0.1
806, 5666.0, 7, 7.021065675340768, 0.1
807, 5674.0, 8, 7.022277227722772, 0.1
808, 5682.0, 8, 7.023485784919654, 0.1
809, 5690.0, 8, 7.0246913580246915, 0.1
810, 5696.0, 6, 7.023427866831073, 0.1
811, 5699.0, 3, 7.018472906403941, 0.1
812, 5704.0, 5, 7.015990159901599, 0.1
813, 5712.0, 8, 7.017199017199017, 0.1
814, 5719.0, 7, 7.017177914110429, 0.1
815, 5727.0, 8, 7.018382352941177, 0.1
816, 5733.0, 6, 7.017135862913097, 0.1
817, 5741.0, 8, 7.018337408312958, 0.1
818, 5747.0, 6, 7.017094017094017, 0.1
819, 5752.0, 5, 7.014634146341463, 0.1
820, 5759.0, 7, 7.014616321559075, 0.1
821, 5765.0, 6, 7.01338199513382, 0.1
822, 5772.0, 7, 7.013365735115431, 0.1
823, 5774.0, 2, 7.007281553398058, 0.1
824, 5780.0, 6, 7.006060606060606, 0.1
825, 5787.0, 7, 7.006053268765133, 0.1
826, 5789.0, 2, 7.0, 0.1
827, 5797.0, 8, 7.001207729468599, 0.1
828, 5803.0, 6, 7.0, 0.1
829, 5810.0, 7, 7.0, 0.1
830, 5817.0, 7, 7.0, 0.1
831, 5825.0, 8, 7.001201923076923, 0.1
832, 5833.0, 8, 7.002400960384153, 0.1
833, 5840.0, 7, 7.002398081534772, 0.1
834, 5845.0, 5, 7.0, 0.1
835, 5847.0, 2, 6.994019138755981, 0.1
836, 5854.0, 7, 6.994026284348865, 0.1
837, 5860.0, 6, 6.992840095465394, 0.1
838, 5867.0, 7, 6.99284862932062, 0.1
839, 5874.0, 7, 6.992857142857143, 0.1
840, 5881.0, 7, 6.992865636147443, 0.1
841, 5889.0, 8, 6.994061757719715, 0.1
842, 5897.0, 8, 6.995255041518386, 0.1
843, 5904.0, 7, 6.995260663507109, 0.1
844, 5910.0, 6, 6.994082840236686, 0.1
845, 5917.0, 7, 6.994089834515367, 0.1
846, 5922.0, 5, 6.991735537190083, 0.1
847, 5929.0, 7, 6.991745283018868, 0.1
848, 5937.0, 8, 6.992932862190813, 0.1
849, 5945.0, 8, 6.9941176470588236, 0.1
850, 5951.0, 6, 6.99294947121034, 0.1
851, 5958.0, 7, 6.992957746478873, 0.1
852, 5966.0, 8, 6.9941383352872215, 0.1
853, 5974.0, 8, 6.995316159250586, 0.1
854, 5982.0, 8, 6.996491228070176, 0.1
855, 5987.0, 5, 6.994158878504673, 0.1
856, 5994.0, 7, 6.994165694282381, 0.1
857, 6000.0, 6, 6.993006993006993, 0.1
858, 6008.0, 8, 6.994179278230501, 0.1
859, 6016.0, 8, 6.995348837209303, 0.1
860, 6022.0, 6, 6.994192799070848, 0.1
861, 6029.0, 7, 6.994199535962877, 0.1
862, 6037.0, 8, 6.995365005793743, 0.1
863, 6042.0, 5, 6.993055555555555, 0.1
864, 6050.0, 8, 6.994219653179191, 0.1
865, 6058.0, 8, 6.9953810623556585, 0.1
866, 6065.0, 7, 6.995386389850058, 0.1
867, 6067.0, 2, 6.98963133640553, 0.1
868, 6075.0, 8, 6.990794016110472, 0.1
869, 6082.0, 7, 6.99080459770115, 0.1
870, 6090.0, 8, 6.991963260619977, 0.1
871, 6097.0, 7, 6.99197247706422, 0.1
872, 6105.0, 8, 6.993127147766323, 0.1
873, 6112.0, 7, 6.993135011441647, 0.1
874, 6118.0, 6, 6.992, 0.1
875, 6126.0, 8, 6.993150684931507, 0.1
876, 6132.0, 6, 6.992018244013683, 0.1
877, 6139.0, 7, 6.992027334851937, 0.1
878, 6147.0, 8, 6.993174061433447, 0.1
879, 6154.0, 7, 6.993181818181818, 0.1
880, 6160.0, 6, 6.99205448354143, 0.1
881, 6167.0, 7, 6.992063492063492, 0.1
882, 6175.0, 8, 6.993204983012458, 0.1
883, 6183.0, 8, 6.994343891402715, 0.1
884, 6191.0, 8, 6.9954802259887, 0.1
885, 6199.0, 8, 6.996613995485327, 0.1
886, 6207.0, 8, 6.997745208568207, 0.1
887, 6215.0, 8, 6.998873873873874, 0.1
888, 6223.0, 8, 7.0, 0.1
889, 6231.0, 8, 7.001123595505618, 0.1
890, 6238.0, 7, 7.001122334455668, 0.1
891, 6245.0, 7, 7.001121076233184, 0.1
892, 6253.0, 8, 7.002239641657335, 0.1
893, 6259.0, 6, 7.001118568232662, 0.1
894, 6266.0, 7, 7.001117318435754, 0.1
895, 6270.0, 4, 6.997767857142857, 0.1
896, 6276.0, 6, 6.996655518394649, 0.1
897, 6283.0, 7, 6.996659242761693, 0.1
898, 6288.0, 5, 6.994438264738599, 0.1
899, 6289.0, 1, 6.987777777777778, 0.1
900, 6297.0, 8, 6.988901220865705, 0.1
901, 6303.0, 6, 6.987804878048781, 0.1
902, 6306.0, 3, 6.983388704318937, 0.1
903, 6308.0, 2, 6.977876106194691, 0.1
904, 6314.0, 6, 6.9767955801104975, 0.1
905, 6320.0, 6, 6.975717439293598, 0.1
906, 6328.0, 8, 6.976846747519295, 0.1
907, 6335.0, 7, 6.976872246696035, 0.1
908, 6343.0, 8, 6.977997799779978, 0.1
909, 6350.0, 7, 6.978021978021978, 0.1
910, 6357.0, 7, 6.978046103183315, 0.1
911, 6364.0, 7, 6.978070175438597, 0.1
912, 6372.0, 8, 6.979189485213581, 0.1
913, 6378.0, 6, 6.978118161925602, 0.1
914, 6385.0, 7, 6.978142076502732, 0.1
915, 6392.0, 7, 6.978165938864628, 0.1
916, 6399.0, 7, 6.978189749182116, 0.1
917, 6400.0, 1, 6.971677559912854, 0.1
918, 6408.0, 8, 6.972796517954298, 0.1
919, 6413.0, 5, 6.970652173913043, 0.1
920, 6419.0, 6, 6.969598262757872, 0.1
921, 6427.0, 8, 6.9707158351409975, 0.1
922, 6435.0, 8, 6.971830985915493, 0.1
923, 6441.0, 6, 6.970779220779221, 0.1
924, 6448.0, 7, 6.970810810810811, 0.1
925, 6455.0, 7, 6.970842332613391, 0.1
926, 6462.0, 7, 6.970873786407767, 0.1
927, 6470.0, 8, 6.9719827586206895, 0.1
928, 6478.0, 8, 6.9730893433799785, 0.1
929, 6485.0, 7, 6.973118279569892, 0.1
930, 6488.0, 3, 6.968850698174006, 0.1
931, 6495.0, 7, 6.968884120171674, 0.1
932, 6503.0, 8, 6.969989281886388, 0.1
933, 6509.0, 6, 6.9689507494646685, 0.1
934, 6516.0, 7, 6.968983957219251, 0.1
935, 6522.0, 6, 6.967948717948718, 0.1
936, 6530.0, 8, 6.969050160085379, 0.1
937, 6538.0, 8, 6.970149253731344, 0.1
938, 6546.0, 8, 6.9712460063897765, 0.1
939, 6553.0, 7, 6.971276595744681, 0.1
940, 6557.0, 4, 6.968119022316684, 0.1
941, 6560.0, 3, 6.963906581740977, 0.1
942, 6565.0, 5, 6.961823966065747, 0.1
943, 6573.0, 8, 6.96292372881356, 0.1
944, 6580.0, 7, 6.962962962962963, 0.1
945, 6587.0, 7, 6.9630021141649046, 0.1
946, 6595.0, 8, 6.964097148891235, 0.1
947, 6603.0, 8, 6.965189873417722, 0.1
948, 6609.0, 6, 6.964172813487882, 0.1
949, 6617.0, 8, 6.965263157894737, 0.1
950, 6625.0, 8, 6.966351209253418, 0.1
951, 6633.0, 8, 6.967436974789916, 0.1
952, 6638.0, 5, 6.965372507869884, 0.1
953, 6646.0, 8, 6.966457023060797, 0.1
954, 6651.0, 5, 6.964397905759163, 0.1
955, 6659.0, 8, 6.9654811715481175, 0.1
956, 6667.0, 8, 6.966562173458725, 0.1
957, 6675.0, 8, 6.967640918580376, 0.1
958, 6682.0, 7, 6.967674661105318, 0.1
959, 6689.0, 7, 6.967708333333333, 0.1
960, 6696.0, 7, 6.967741935483871, 0.1
961, 6703.0, 7, 6.967775467775468, 0.1
962, 6709.0, 6, 6.966770508826584, 0.1
963, 6712.0, 3, 6.962655601659751, 0.1
964, 6715.0, 3, 6.958549222797927, 0.1
965, 6717.0, 2, 6.953416149068323, 0.1
966, 6724.0, 7, 6.953464322647363, 0.1
967, 6732.0, 8, 6.954545454545454, 0.1
968, 6739.0, 7, 6.954592363261094, 0.1
969, 6746.0, 7, 6.954639175257732, 0.1
970, 6753.0, 7, 6.954685890834192, 0.1
971, 6760.0, 7, 6.954732510288066, 0.1
972, 6768.0, 8, 6.955806783144912, 0.1
973, 6775.0, 7, 6.955852156057495, 0.1
974, 6782.0, 7, 6.955897435897436, 0.1
975, 6789.0, 7, 6.95594262295082, 0.1
976, 6796.0, 7, 6.955987717502559, 0.1
977, 6803.0, 7, 6.956032719836401, 0.1
978, 6811.0, 8, 6.9570990806945865, 0.1
979, 6819.0, 8, 6.958163265306123, 0.1
980, 6826.0, 7, 6.9582059123343525, 0.1
981, 6832.0, 6, 6.957230142566192, 0.1
982, 6838.0, 6, 6.956256358087487, 0.1
983, 6844.0, 6, 6.955284552845528, 0.1
984, 6851.0, 7, 6.955329949238578, 0.1
985, 6858.0, 7, 6.955375253549696, 0.1
986, 6865.0, 7, 6.955420466058764, 0.1
987, 6872.0, 7, 6.955465587044534, 0.1
988, 6879.0, 7, 6.955510616784631, 0.1
989, 6887.0, 8, 6.956565656565656, 0.1
990, 6894.0, 7, 6.956609485368315, 0.1
991, 6901.0, 7, 6.956653225806452, 0.1
992, 6909.0, 8, 6.957703927492447, 0.1
993, 6915.0, 6, 6.956740442655936, 0.1
994, 6916.0, 1, 6.950753768844221, 0.1
995, 6922.0, 6, 6.949799196787149, 0.1
996, 6930.0, 8, 6.950852557673019, 0.1
997, 6937.0, 7, 6.9509018036072145, 0.1
998, 6944.0, 7, 6.950950950950951, 0.1
999, 6951.0, 7, 6.951, 0.1
1000, 6958.0, 7, 6.951048951048951, 0.1
1001, 6961.0, 3, 6.947105788423154, 0.1
1002, 6968.0, 7, 6.94715852442672, 0.1
1003, 6976.0, 8, 6.948207171314741, 0.1
1004, 6984.0, 8, 6.949253731343283, 0.1
1005, 6992.0, 8, 6.950298210735586, 0.1
1006, 6999.0, 7, 6.950347567030785, 0.1
1007, 7007.0, 8, 6.951388888888889, 0.1
1008, 7014.0, 7, 6.951437066402379, 0.1
1009, 7021.0, 7, 6.951485148514852, 0.1
1010, 7028.0, 7, 6.951533135509397, 0.1
1011, 7035.0, 7, 6.951581027667984, 0.1
1012, 7036.0, 1, 6.945705824284304, 0.1
1013, 7043.0, 7, 6.945759368836292, 0.1
1014, 7051.0, 8, 6.94679802955665, 0.1
1015, 7059.0, 8, 6.947834645669292, 0.1
1016, 7067.0, 8, 6.948869223205507, 0.1
1017, 7073.0, 6, 6.947937131630648, 0.1
1018, 7081.0, 8, 6.948969578017665, 0.1
1019, 7089.0, 8, 6.95, 0.1
1020, 7096.0, 7, 6.950048971596474, 0.1
1021, 7104.0, 8, 6.951076320939334, 0.1
1022, 7111.0, 7, 6.951124144672532, 0.1
1023, 7118.0, 7, 6.951171875, 0.1
1024, 7126.0, 8, 6.9521951219512195, 0.1
1025, 7134.0, 8, 6.953216374269005, 0.1
1026, 7142.0, 8, 6.9542356377799415, 0.1
1027, 7150.0, 8, 6.955252918287938, 0.1
1028, 7157.0, 7, 6.955296404275996, 0.1
1029, 7163.0, 6, 6.954368932038835, 0.1
1030, 7170.0, 7, 6.9544131910766245, 0.1
1031, 7177.0, 7, 6.954457364341085, 0.1
1032, 7177.0, 0, 6.947725072604066, 0.1
1033, 7180.0, 3, 6.943907156673114, 0.1
1034, 7180.0, 0, 6.93719806763285, 0.1
1035, 7186.0, 6, 6.936293436293436, 0.1
1036, 7193.0, 7, 6.936354869816779, 0.1
1037, 7193.0, 0, 6.929672447013488, 0.1
1038, 7200.0, 7, 6.929740134744947, 0.1
1039, 7207.0, 7, 6.929807692307692, 0.1
1040, 7215.0, 8, 6.930835734870317, 0.1
1041, 7222.0, 7, 6.930902111324376, 0.1
1042, 7230.0, 8, 6.931927133269415, 0.1
1043, 7238.0, 8, 6.932950191570881, 0.1
1044, 7245.0, 7, 6.9330143540669855, 0.1
1045, 7253.0, 8, 6.9340344168260035, 0.1
1046, 7261.0, 8, 6.93505253104107, 0.1
1047, 7268.0, 7, 6.935114503816794, 0.1
1048, 7274.0, 6, 6.934223069590086, 0.1
1049, 7280.0, 6, 6.933333333333334, 0.1
1050, 7284.0, 4, 6.930542340627973, 0.1
1051, 7291.0, 7, 6.930608365019012, 0.1
1052, 7298.0, 7, 6.930674264007598, 0.1
1053, 7306.0, 8, 6.93168880455408, 0.1
1054, 7313.0, 7, 6.93175355450237, 0.1
1055, 7321.0, 8, 6.932765151515151, 0.1
1056, 7328.0, 7, 6.93282876064333, 0.1
1057, 7335.0, 7, 6.93289224952741, 0.1
1058, 7342.0, 7, 6.932955618508027, 0.1
1059, 7349.0, 7, 6.933018867924528, 0.1
1060, 7357.0, 8, 6.934024505183789, 0.1
1061, 7365.0, 8, 6.935028248587571, 0.1
1062, 7372.0, 7, 6.935089369708373, 0.1
1063, 7380.0, 8, 6.93609022556391, 0.1
1064, 7387.0, 7, 6.936150234741784, 0.1
1065, 7388.0, 1, 6.930581613508442, 0.1
1066, 7396.0, 8, 6.931583880037488, 0.1
1067, 7403.0, 7, 6.931647940074907, 0.1
1068, 7410.0, 7, 6.931711880261927, 0.1
1069, 7416.0, 6, 6.930841121495327, 0.1
1070, 7421.0, 5, 6.929038281979459, 0.1
1071, 7423.0, 2, 6.924440298507463, 0.1
1072, 7428.0, 5, 6.9226467847157505, 0.1
1073, 7436.0, 8, 6.92364990689013, 0.1
1074, 7442.0, 6, 6.922790697674419, 0.1
1075, 7448.0, 6, 6.921933085501859, 0.1
1076, 7456.0, 8, 6.922934076137419, 0.1
1077, 7464.0, 8, 6.923933209647496, 0.1
1078, 7472.0, 8, 6.924930491195552, 0.1
1079, 7479.0, 7, 6.925, 0.1
1080, 7484.0, 5, 6.923219241443109, 0.1
1081, 7492.0, 8, 6.924214417744917, 0.1
1082, 7499.0, 7, 6.924284395198523, 0.1
1083, 7507.0, 8, 6.925276752767528, 0.1
1084, 7515.0, 8, 6.926267281105991, 0.1
1085, 7522.0, 7, 6.92633517495396, 0.1
1086, 7530.0, 8, 6.927322907083717, 0.1
1087, 7538.0, 8, 6.928308823529412, 0.1
1088, 7546.0, 8, 6.929292929292929, 0.1
1089, 7552.0, 6, 6.9284403669724774, 0.1
1090, 7560.0, 8, 6.92942254812099, 0.1
1091, 7568.0, 8, 6.930402930402931, 0.1
1092, 7576.0, 8, 6.931381518755718, 0.1
1093, 7582.0, 6, 6.93053016453382, 0.1
1094, 7590.0, 8, 6.931506849315069, 0.1
1095, 7598.0, 8, 6.932481751824818, 0.1
1096, 7605.0, 7, 6.9325432999088425, 0.1
1097, 7612.0, 7, 6.932604735883425, 0.1
1098, 7619.0, 7, 6.932666060054595, 0.1
1099, 7627.0, 8, 6.933636363636364, 0.1
1100, 7635.0, 8, 6.9346049046321525, 0.1
1101, 7643.0, 8, 6.93557168784029, 0.1
1102, 7651.0, 8, 6.936536718041705, 0.1
1103, 7658.0, 7, 6.936594202898551, 0.1
1104, 7666.0, 8, 6.937556561085973, 0.1
1105, 7670.0, 4, 6.9349005424954795, 0.1
1106, 7677.0, 7, 6.934959349593496, 0.1
1107, 7685.0, 8, 6.9359205776173285, 0.1
1108, 7692.0, 7, 6.935978358881876, 0.1
1109, 7698.0, 6, 6.935135135135135, 0.1
1110, 7704.0, 6, 6.934293429342934, 0.1
1111, 7712.0, 8, 6.9352517985611515, 0.1
1112, 7719.0, 7, 6.935309973045822, 0.1
1113, 7727.0, 8, 6.936265709156194, 0.1
1114, 7733.0, 6, 6.9354260089686095, 0.1
1115, 7741.0, 8, 6.936379928315413, 0.1
1116, 7748.0, 7, 6.936436884512086, 0.1
1117, 7756.0, 8, 6.937388193202147, 0.1
1118, 7763.0, 7, 6.937444146559428, 0.1
1119, 7771.0, 8, 6.9383928571428575, 0.1
1120, 7779.0, 8, 6.939339875111507, 0.1
1121, 7787.0, 8, 6.9402852049910875, 0.1
1122, 7795.0, 8, 6.941228851291184, 0.1
1123, 7802.0, 7, 6.9412811387900355, 0.1
1124, 7810.0, 8, 6.942222222222222, 0.1
1125, 7814.0, 4, 6.939609236234459, 0.1
1126, 7817.0, 3, 6.936113575865129, 0.1
1127, 7824.0, 7, 6.9361702127659575, 0.1
1128, 7827.0, 3, 6.932683790965456, 0.1
1129, 7834.0, 7, 6.932743362831858, 0.1
1130, 7840.0, 6, 6.931918656056587, 0.1
1131, 7848.0, 8, 6.932862190812721, 0.1
1132, 7856.0, 8, 6.9338040600176525, 0.1
1133, 7864.0, 8, 6.934744268077601, 0.1
1134, 7872.0, 8, 6.93568281938326, 0.1
1135, 7880.0, 8, 6.936619718309859, 0.1
1136, 7888.0, 8, 6.9375549692172385, 0.1
1137, 7893.0, 5, 6.93585237258348, 0.1
1138, 7901.0, 8, 6.936786654960492, 0.1
1139, 7908.0, 7, 6.936842105263158, 0.1
1140, 7915.0, 7, 6.936897458369851, 0.1
1141, 7923.0, 8, 6.937828371278459, 0.1
1142, 7929.0, 6, 6.937007874015748, 0.1
1143, 7932.0, 3, 6.933566433566433, 0.1
1144, 7932.0, 0, 6.927510917030568, 0.1
1145, 7939.0, 7, 6.9275741710296685, 0.1
1146, 7946.0, 7, 6.927637314734089, 0.1
1147, 7952.0, 6, 6.926829268292683, 0.1
1148, 7960.0, 8, 6.927763272410792, 0.1
1149, 7968.0, 8, 6.928695652173913, 0.1
1150, 7975.0, 7, 6.928757602085144, 0.1
1151, 7978.0, 3, 6.925347222222222, 0.1
1152, 7984.0, 6, 6.924544666088465, 0.1
1153, 7992.0, 8, 6.925476603119584, 0.1
1154, 7999.0, 7, 6.925541125541126, 0.1
1155, 8007.0, 8, 6.926470588235294, 0.1
1156, 8014.0, 7, 6.926534140017286, 0.1
1157, 8021.0, 7, 6.926597582037997, 0.1
1158, 8027.0, 6, 6.925798101811907, 0.1
1159, 8034.0, 7, 6.925862068965517, 0.1
1160, 8041.0, 7, 6.925925925925926, 0.1
1161, 8046.0, 5, 6.924268502581755, 0.1
1162, 8051.0, 5, 6.922613929492691, 0.1
1163, 8059.0, 8, 6.923539518900344, 0.1
1164, 8064.0, 5, 6.921888412017167, 0.1
1165, 8071.0, 7, 6.921955403087479, 0.1
1166, 8079.0, 8, 6.922879177377892, 0.1
1167, 8086.0, 7, 6.9229452054794525, 0.1
1168, 8092.0, 6, 6.922155688622754, 0.1
1169, 8099.0, 7, 6.9222222222222225, 0.1
1170, 8106.0, 7, 6.922288642186166, 0.1
1171, 8112.0, 6, 6.921501706484642, 0.1
1172, 8119.0, 7, 6.921568627450981, 0.1
1173, 8126.0, 7, 6.9216354344122655, 0.1
1174, 8134.0, 8, 6.922553191489362, 0.1
1175, 8140.0, 6, 6.921768707482993, 0.1
1176, 8144.0, 4, 6.91928632115548, 0.1
1177, 8152.0, 8, 6.920203735144312, 0.1
1178, 8160.0, 8, 6.921119592875318, 0.1
1179, 8165.0, 5, 6.919491525423729, 0.1
1180, 8173.0, 8, 6.920406435224386, 0.1
1181, 8180.0, 7, 6.920473773265652, 0.1
1182, 8186.0, 6, 6.919695688926458, 0.1
1183, 8190.0, 4, 6.91722972972973, 0.1
1184, 8198.0, 8, 6.918143459915612, 0.1
1185, 8202.0, 4, 6.915682967959528, 0.1
1186, 8207.0, 5, 6.914069081718618, 0.1
1187, 8212.0, 5, 6.912457912457913, 0.1
1188, 8219.0, 7, 6.912531539108494, 0.1
1189, 8221.0, 2, 6.908403361344538, 0.1
1190, 8228.0, 7, 6.90848026868178, 0.1
1191, 8236.0, 8, 6.909395973154362, 0.1
1192, 8244.0, 8, 6.910310142497904, 0.1
1193, 8252.0, 8, 6.911222780569514, 0.1
1194, 8260.0, 8, 6.912133891213389, 0.1
1195, 8268.0, 8, 6.913043478260869, 0.1
1196, 8274.0, 6, 6.912280701754386, 0.1
1197, 8281.0, 7, 6.912353923205342, 0.1
1198, 8289.0, 8, 6.91326105087573, 0.1
1199, 8295.0, 6, 6.9125, 0.1
1200, 8295.0, 0, 6.906744379683597, 0.1
1201, 8302.0, 7, 6.906821963394343, 0.1
1202, 8310.0, 8, 6.907730673316708, 0.1
1203, 8316.0, 6, 6.906976744186046, 0.1
1204, 8323.0, 7, 6.907053941908714, 0.1
1205, 8330.0, 7, 6.907131011608624, 0.1
1206, 8337.0, 7, 6.907207953603977, 0.1
1207, 8344.0, 7, 6.9072847682119205, 0.1
1208, 8352.0, 8, 6.908188585607941, 0.1
1209, 8359.0, 7, 6.9082644628099175, 0.1
1210, 8361.0, 2, 6.904211395540876, 0.1
1211, 8369.0, 8, 6.9051155115511555, 0.1
1212, 8370.0, 1, 6.900247320692498, 0.1
1213, 8378.0, 8, 6.901153212520593, 0.1
1214, 8386.0, 8, 6.902057613168724, 0.1
1215, 8393.0, 7, 6.902138157894737, 0.1
1216, 8400.0, 7, 6.902218570254725, 0.1
1217, 8408.0, 8, 6.90311986863711, 0.1
1218, 8408.0, 0, 6.897456931911403, 0.1
1219, 8416.0, 8, 6.898360655737705, 0.1
1220, 8423.0, 7, 6.898443898443898, 0.1
1221, 8431.0, 8, 6.899345335515548, 0.1
1222, 8438.0, 7, 6.8994276369583, 0.1
1223, 8445.0, 7, 6.8995098039215685, 0.1
1224, 8453.0, 8, 6.900408163265306, 0.1
1225, 8460.0, 7, 6.900489396411093, 0.1
1226, 8468.0, 8, 6.901385493072534, 0.1
1227, 8473.0, 5, 6.899837133550489, 0.1
1228, 8480.0, 7, 6.8999186330349875, 0.1
1229, 8487.0, 7, 6.9, 0.1
1230, 8493.0, 6, 6.899268887083672, 0.1
1231, 8499.0, 6, 6.898538961038961, 0.1
1232, 8500.0, 1, 6.89375506893755, 0.1
1233, 8507.0, 7, 6.893841166936791, 0.1
1234, 8512.0, 5, 6.892307692307693, 0.1
1235, 8519.0, 7, 6.892394822006472, 0.1
1236, 8520.0, 1, 6.887631366208569, 0.1
1237, 8527.0, 7, 6.887722132471729, 0.1
1238, 8534.0, 7, 6.887812752219532, 0.1
1239, 8539.0, 5, 6.8862903225806456, 0.1
1240, 8547.0, 8, 6.887187751813054, 0.1
1241, 8553.0, 6, 6.886473429951691, 0.1
1242, 8562.0, 9, 6.888173773129525, 0.1
1243, 8568.0, 6, 6.887459807073955, 0.1
1244, 8575.0, 7, 6.887550200803213, 0.1
1245, 8583.0, 8, 6.888443017656501, 0.1
1246, 8590.0, 7, 6.888532477947073, 0.1
1247, 8592.0, 2, 6.884615384615385, 0.1
1248, 8600.0, 8, 6.88550840672538, 0.1
1249, 8608.0, 8, 6.8864, 0.1
1250, 8609.0, 1, 6.881694644284573, 0.1
1251, 8609.0, 0, 6.876198083067092, 0.1
1252, 8615.0, 6, 6.875498802873104, 0.1
1253, 8622.0, 7, 6.875598086124402, 0.1
1254, 8624.0, 2, 6.871713147410358, 0.1
1255, 8631.0, 7, 6.871815286624204, 0.1
1256, 8639.0, 8, 6.8727128082736675, 0.1
1257, 8646.0, 7, 6.872813990461049, 0.1
1258, 8654.0, 8, 6.873709293089754, 0.1
1259, 8661.0, 7, 6.873809523809523, 0.1
1260, 8669.0, 8, 6.874702616970658, 0.1
1261, 8676.0, 7, 6.874801901743265, 0.1
1262, 8683.0, 7, 6.874901029295328, 0.1
1263, 8689.0, 6, 6.874208860759493, 0.1
1264, 8697.0, 8, 6.875098814229249, 0.1
1265, 8704.0, 7, 6.875197472353871, 0.1
1266, 8712.0, 8, 6.876085240726125, 0.1
1267, 8720.0, 8, 6.8769716088328074, 0.1
1268, 8728.0, 8, 6.87785657998424, 0.1
1269, 8736.0, 8, 6.878740157480315, 0.1
1270, 8743.0, 7, 6.878835562549174, 0.1
1271, 8751.0, 8, 6.879716981132075, 0.1
1272, 8759.0, 8, 6.880597014925373, 0.1
1273, 8766.0, 7, 6.880690737833595, 0.1
1274, 8773.0, 7, 6.88078431372549, 0.1
1275, 8777.0, 4, 6.878526645768025, 0.1
1276, 8777.0, 0, 6.873140172278778, 0.1
1277, 8785.0, 8, 6.874021909233177, 0.1
1278, 8793.0, 8, 6.874902267396403, 0.1
1279, 8798.0, 5, 6.8734375, 0.1
1280, 8806.0, 8, 6.8743169398907105, 0.1
1281, 8811.0, 5, 6.872854914196568, 0.1
1282, 8818.0, 7, 6.872954014029618, 0.1
1283, 8824.0, 6, 6.872274143302181, 0.1
1284, 8832.0, 8, 6.873151750972762, 0.1
1285, 8839.0, 7, 6.8732503888024885, 0.1
1286, 8846.0, 7, 6.873348873348873, 0.1
1287, 8854.0, 8, 6.874223602484472, 0.1
1288, 8861.0, 7, 6.874321179208689, 0.1
1289, 8866.0, 5, 6.872868217054264, 0.1
1290, 8868.0, 2, 6.869093725793959, 0.1
1291, 8876.0, 8, 6.869969040247678, 0.1
1292, 8883.0, 7, 6.870069605568445, 0.1
1293, 8891.0, 8, 6.870942812982999, 0.1
1294, 8895.0, 4, 6.8687258687258685, 0.1
1295, 8899.0, 4, 6.866512345679013, 0.1
1296, 8905.0, 6, 6.865844255975328, 0.1
1297, 8913.0, 8, 6.866718027734977, 0.1
1298, 8919.0, 6, 6.866050808314088, 0.1
1299, 8927.0, 8, 6.866923076923077, 0.1
1300, 8933.0, 6, 6.866256725595695, 0.1
1301, 8940.0, 7, 6.8663594470046085, 0.1
1302, 8947.0, 7, 6.866462010744436, 0.1
1303, 8955.0, 8, 6.867331288343558, 0.1
1304, 8962.0, 7, 6.867432950191571, 0.1
1305, 8969.0, 7, 6.867534456355283, 0.1
1306, 8976.0, 7, 6.867635807192043, 0.1
1307, 8983.0, 7, 6.867737003058104, 0.1
1308, 8983.0, 0, 6.862490450725745, 0.1
1309, 8988.0, 5, 6.861068702290076, 0.1
1310, 8996.0, 8, 6.861937452326468, 0.1
1311, 9001.0, 5, 6.860518292682927, 0.1
1312, 9009.0, 8, 6.861386138613861, 0.1
1313, 9016.0, 7, 6.861491628614917, 0.1
1314, 9017.0, 1, 6.857034220532319, 0.1
1315, 9024.0, 7, 6.857142857142857, 0.1
1316, 9031.0, 7, 6.857251328777525, 0.1
1317, 9037.0, 6, 6.8566009104704095, 0.1
1318, 9045.0, 8, 6.857467778620167, 0.1
1319, 9052.0, 7, 6.857575757575757, 0.1
1320, 9059.0, 7, 6.8576835730507195, 0.1
1321, 9067.0, 8, 6.858547655068079, 0.1
1322, 9075.0, 8, 6.859410430839002, 0.1
1323, 9082.0, 7, 6.859516616314199, 0.1
1324, 9090.0, 8, 6.860377358490566, 0.1
1325, 9097.0, 7, 6.860482654600301, 0.1
1326, 9104.0, 7, 6.8605877920120575, 0.1
1327, 9112.0, 8, 6.86144578313253, 0.1
1328, 9118.0, 6, 6.860797592174567, 0.1
1329, 9118.0, 0, 6.855639097744361, 0.1
1330, 9125.0, 7, 6.855747558226897, 0.1
1331, 9132.0, 7, 6.8558558558558556, 0.1
1332, 9139.0, 7, 6.85596399099775, 0.1
1333, 9144.0, 5, 6.854572713643178, 0.1
1334, 9152.0, 8, 6.855430711610487, 0.1
1335, 9159.0, 7, 6.855538922155689, 0.1
1336, 9166.0, 7, 6.855646970830217, 0.1
1337, 9172.0, 6, 6.855007473841555, 0.1
1338, 9177.0, 5, 6.853622106049291, 0.1
1339, 9184.0, 7, 6.853731343283582, 0.1
1340, 9192.0, 8, 6.854586129753915, 0.1
1341, 9200.0, 8, 6.855439642324888, 0.1
1342, 9202.0, 2, 6.851824274013403, 0.1
1343, 9210.0, 8, 6.852678571428571, 0.1
1344, 9217.0, 7, 6.852788104089219, 0.1
1345, 9225.0, 8, 6.853640416047548, 0.1
1346, 9233.0, 8, 6.85449146250928, 0.1
1347, 9241.0, 8, 6.855341246290801, 0.1
1348, 9243.0, 2, 6.851742031134173, 0.1
1349, 9250.0, 7, 6.851851851851852, 0.1
1350, 9257.0, 7, 6.851961509992598, 0.1
1351, 9263.0, 6, 6.851331360946745, 0.1
1352, 9263.0, 0, 6.846267553584627, 0.1
1353, 9267.0, 4, 6.844165435745938, 0.1
1354, 9274.0, 7, 6.844280442804428, 0.1
1355, 9280.0, 6, 6.843657817109144, 0.1
1356, 9287.0, 7, 6.843773028739867, 0.1
1357, 9293.0, 6, 6.843151693667157, 0.1
1358, 9294.0, 1, 6.838852097130243, 0.1
1359, 9302.0, 8, 6.839705882352941, 0.1
1360, 9309.0, 7, 6.83982365907421, 0.1
1361, 9315.0, 6, 6.8392070484581495, 0.1
1362, 9323.0, 8, 6.840058694057227, 0.1
1363, 9331.0, 8, 6.840909090909091, 0.1
1364, 9337.0, 6, 6.84029304029304, 0.1
1365, 9343.0, 6, 6.839677891654466, 0.1
1366, 9350.0, 7, 6.83979517190929, 0.1
1367, 9357.0, 7, 6.839912280701754, 0.1
1368, 9364.0, 7, 6.840029218407596, 0.1
1369, 9372.0, 8, 6.840875912408759, 0.1
1370, 9378.0, 6, 6.8402625820568925, 0.1
1371, 9386.0, 8, 6.841107871720117, 0.1
1372, 9394.0, 8, 6.841951930080117, 0.1
1373, 9399.0, 5, 6.8406113537117905, 0.1
1374, 9406.0, 7, 6.840727272727273, 0.1
1375, 9413.0, 7, 6.840843023255814, 0.1
1376, 9421.0, 8, 6.841684822076979, 0.1
1377, 9427.0, 6, 6.8410740203193035, 0.1
1378, 9435.0, 8, 6.841914430746918, 0.1
1379, 9443.0, 8, 6.842753623188406, 0.1
1380, 9450.0, 7, 6.842867487328023, 0.1
1381, 9458.0, 8, 6.843704775687409, 0.1
1382, 9464.0, 6, 6.843094721619668, 0.1
1383, 9472.0, 8, 6.84393063583815, 0.1
1384, 9478.0, 6, 6.84332129963899, 0.1
1385, 9483.0, 5, 6.841991341991342, 0.1
1386, 9490.0, 7, 6.842105263157895, 0.1
1387, 9498.0, 8, 6.8429394812680115, 0.1
1388, 9498.0, 0, 6.838012958963283, 0.1
1389, 9505.0, 7, 6.838129496402877, 0.1
1390, 9505.0, 0, 6.833213515456506, 0.1
1391, 9513.0, 8, 6.834051724137931, 0.1
1392, 9517.0, 4, 6.832017229002154, 0.1
1393, 9524.0, 7, 6.832137733142037, 0.1
1394, 9527.0, 3, 6.829390681003584, 0.1
1395, 9534.0, 7, 6.829512893982808, 0.1
1396, 9537.0, 3, 6.826771653543307, 0.1
1397, 9545.0, 8, 6.82761087267525, 0.1
1398, 9552.0, 7, 6.827734095782702, 0.1
1399, 9560.0, 8, 6.828571428571428, 0.1
1400, 9567.0, 7, 6.8286937901498925, 0.1
1401, 9573.0, 6, 6.828102710413694, 0.1
1402, 9577.0, 4, 6.826086956521739, 0.1
1403, 9581.0, 4, 6.824074074074074, 0.1
1404, 9589.0, 8, 6.82491103202847, 0.1
1405, 9596.0, 7, 6.825035561877667, 0.1
1406, 9604.0, 8, 6.825870646766169, 0.1
1407, 9611.0, 7, 6.825994318181818, 0.1
1408, 9619.0, 8, 6.826827537260469, 0.1
1409, 9624.0, 5, 6.825531914893617, 0.1
1410, 9630.0, 6, 6.824946846208363, 0.1
1411, 9637.0, 7, 6.825070821529745, 0.1
1412, 9644.0, 7, 6.825194621372965, 0.1
1413, 9650.0, 6, 6.824611032531824, 0.1
1414, 9658.0, 8, 6.825441696113074, 0.1
1415, 9666.0, 8, 6.826271186440678, 0.1
1416, 9673.0, 7, 6.826393789696542, 0.1
1417, 9680.0, 7, 6.826516220028209, 0.1
1418, 9681.0, 1, 6.822410147991543, 0.1
1419, 9689.0, 8, 6.823239436619718, 0.1
1420, 9690.0, 1, 6.819141449683322, 0.1
1421, 9698.0, 8, 6.819971870604782, 0.1
1422, 9704.0, 6, 6.81939564300773, 0.1
1423, 9706.0, 2, 6.816011235955056, 0.1
1424, 9714.0, 8, 6.816842105263158, 0.1
1425, 9720.0, 6, 6.816269284712482, 0.1
1426, 9727.0, 7, 6.816398037841625, 0.1
1427, 9735.0, 8, 6.817226890756302, 0.1
1428, 9743.0, 8, 6.818054583624913, 0.1
1429, 9748.0, 5, 6.816783216783217, 0.1
1430, 9755.0, 7, 6.816911250873515, 0.1
1431, 9762.0, 7, 6.817039106145251, 0.1
1432, 9770.0, 8, 6.817864619678995, 0.1
1433, 9777.0, 7, 6.817991631799163, 0.1
1434, 9785.0, 8, 6.818815331010453, 0.1
1435, 9789.0, 4, 6.816852367688022, 0.1
1436, 9796.0, 7, 6.816979819067502, 0.1
1437, 9797.0, 1, 6.812934631432546, 0.1
1438, 9805.0, 8, 6.813759555246699, 0.1
1439, 9812.0, 7, 6.813888888888889, 0.1
1440, 9820.0, 8, 6.8147120055517005, 0.1
1441, 9821.0, 1, 6.810679611650485, 0.1
1442, 9828.0, 7, 6.8108108108108105, 0.1
1443, 9836.0, 8, 6.811634349030471, 0.1
1444, 9842.0, 6, 6.811072664359862, 0.1
1445, 9850.0, 8, 6.811894882434301, 0.1
1446, 9857.0, 7, 6.812024879060124, 0.1
1447, 9862.0, 5, 6.810773480662983, 0.1
1448, 9869.0, 7, 6.810904071773637, 0.1
1449, 9876.0, 7, 6.811034482758621, 0.1
1450, 9883.0, 7, 6.811164713990351, 0.1
1451, 9890.0, 7, 6.811294765840221, 0.1
1452, 9897.0, 7, 6.811424638678596, 0.1
1453, 9901.0, 4, 6.80949105914718, 0.1
1454, 9908.0, 7, 6.8096219931271476, 0.1
1455, 9916.0, 8, 6.81043956043956, 0.1
1456, 9923.0, 7, 6.810569663692519, 0.1
1457, 9931.0, 8, 6.811385459533608, 0.1
1458, 9936.0, 5, 6.810143934201508, 0.1
1459, 9944.0, 8, 6.810958904109589, 0.1
1460, 9952.0, 8, 6.811772758384668, 0.1
1461, 9959.0, 7, 6.811901504787961, 0.1
1462, 9966.0, 7, 6.81203007518797, 0.1
1463, 9974.0, 8, 6.812841530054645, 0.1
1464, 9982.0, 8, 6.813651877133106, 0.1
1465, 9990.0, 8, 6.814461118690314, 0.1
1466, 9997.0, 7, 6.814587593728698, 0.1
1467, 10005.0, 8, 6.8153950953678475, 0.1
1468, 10011.0, 6, 6.814840027229407, 0.1
1469, 10018.0, 7, 6.814965986394558, 0.1
1470, 10024.0, 6, 6.814411964649898, 0.1
1471, 10032.0, 8, 6.815217391304348, 0.1
1472, 10039.0, 7, 6.815342837746097, 0.1
1473, 10046.0, 7, 6.815468113975577, 0.1
1474, 10053.0, 7, 6.815593220338983, 0.1
1475, 10061.0, 8, 6.81639566395664, 0.1
1476, 10067.0, 6, 6.815842924847664, 0.1
1477, 10075.0, 8, 6.816644113667118, 0.1
1478, 10082.0, 7, 6.816768086544963, 0.1
1479, 10090.0, 8, 6.8175675675675675, 0.1
1480, 10097.0, 7, 6.817690749493585, 0.1
1481, 10104.0, 7, 6.817813765182186, 0.1
1482, 10111.0, 7, 6.817936614969656, 0.1
1483, 10117.0, 6, 6.817385444743936, 0.1
1484, 10124.0, 7, 6.817508417508417, 0.1
1485, 10131.0, 7, 6.817631224764469, 0.1
1486, 10139.0, 8, 6.8184263618022865, 0.1
1487, 10146.0, 7, 6.818548387096774, 0.1
1488, 10154.0, 8, 6.819341840161182, 0.1
1489, 10162.0, 8, 6.82013422818792, 0.1
1490, 10169.0, 7, 6.820254862508383, 0.1
1491, 10176.0, 7, 6.8203753351206435, 0.1
1492, 10183.0, 7, 6.820495646349632, 0.1
1493, 10189.0, 6, 6.819946452476573, 0.1
1494, 10196.0, 7, 6.820066889632107, 0.1
1495, 10203.0, 7, 6.820187165775401, 0.1
1496, 10211.0, 8, 6.820975283901135, 0.1
1497, 10219.0, 8, 6.821762349799733, 0.1
1498, 10227.0, 8, 6.822548365577052, 0.1
1499, 10234.0, 7, 6.822666666666667, 0.1
1500, 10234.0, 0, 6.818121252498335, 0.1
1501, 10236.0, 2, 6.81491344873502, 0.1
1502, 10244.0, 8, 6.815701929474384, 0.1
1503, 10252.0, 8, 6.816489361702128, 0.1
1504, 10257.0, 5, 6.815282392026578, 0.1
1505, 10265.0, 8, 6.816069057104913, 0.1
1506, 10272.0, 7, 6.816191108161911, 0.1
1507, 10280.0, 8, 6.816976127320955, 0.1
1508, 10285.0, 5, 6.815772034459907, 0.1
1509, 10285.0, 0, 6.811258278145695, 0.1
1510, 10293.0, 8, 6.812045003309067, 0.1
1511, 10300.0, 7, 6.8121693121693125, 0.1
1512, 10308.0, 8, 6.812954395241243, 0.1
1513, 10315.0, 7, 6.813077939233818, 0.1
1514, 10322.0, 7, 6.813201320132014, 0.1
1515, 10329.0, 7, 6.813324538258575, 0.1
1516, 10337.0, 8, 6.814106789716546, 0.1
1517, 10339.0, 2, 6.810935441370224, 0.1
1518, 10347.0, 8, 6.8117182356813695, 0.1
1519, 10353.0, 6, 6.811184210526315, 0.1
1520, 10361.0, 8, 6.811965811965812, 0.1
1521, 10368.0, 7, 6.8120893561103815, 0.1
1522, 10375.0, 7, 6.812212738017071, 0.1
1523, 10383.0, 8, 6.812992125984252, 0.1
1524, 10389.0, 6, 6.812459016393443, 0.1
1525, 10394.0, 5, 6.81127129750983, 0.1
1526, 10402.0, 8, 6.812049770792403, 0.1
1527, 10410.0, 8, 6.81282722513089, 0.1
1528, 10410.0, 0, 6.808371484630477, 0.1
1529, 10417.0, 7, 6.808496732026144, 0.1
1530, 10425.0, 8, 6.809274983670804, 0.1
1531, 10428.0, 3, 6.806788511749347, 0.1
1532, 10436.0, 8, 6.807566862361383, 0.1
1533, 10443.0, 7, 6.8076923076923075, 0.1
1534, 10451.0, 8, 6.808469055374593, 0.1
1535, 10459.0, 8, 6.809244791666667, 0.1
1536, 10467.0, 8, 6.810019518542616, 0.1
1537, 10474.0, 7, 6.810143042912874, 0.1
1538, 10480.0, 6, 6.809616634178037, 0.1
1539, 10488.0, 8, 6.810389610389611, 0.1
1540, 10492.0, 4, 6.8085658663205715, 0.1
1541, 10497.0, 5, 6.807392996108949, 0.1
1542, 10504.0, 7, 6.80751782242385, 0.1
1543, 10509.0, 5, 6.806347150259067, 0.1
1544, 10517.0, 8, 6.8071197411003235, 0.1
1545, 10525.0, 8, 6.807891332470892, 0.1
1546, 10531.0, 6, 6.807369101486748, 0.1
1547, 10538.0, 7, 6.80749354005168, 0.1
1548, 10545.0, 7, 6.8076178179470626, 0.1
1549, 10553.0, 8, 6.808387096774194, 0.1
1550, 10560.0, 7, 6.808510638297872, 0.1
1551, 10568.0, 8, 6.809278350515464, 0.1
1552, 10576.0, 8, 6.810045074050225, 0.1
1553, 10582.0, 6, 6.809523809523809, 0.1
1554, 10590.0, 8, 6.810289389067524, 0.1
1555, 10596.0, 6, 6.809768637532134, 0.1
1556, 10604.0, 8, 6.810533076429031, 0.1
1557, 10611.0, 7, 6.810654685494224, 0.1
1558, 10619.0, 8, 6.811417575368826, 0.1
1559, 10625.0, 6, 6.810897435897436, 0.1
1560, 10632.0, 7, 6.811018577834721, 0.1
1561, 10639.0, 7, 6.811139564660691, 0.1
1562, 10646.0, 7, 6.811260396673065, 0.1
1563, 10646.0, 0, 6.80690537084399, 0.1
1564, 10654.0, 8, 6.807667731629393, 0.1
1565, 10662.0, 8, 6.8084291187739465, 0.1
1566, 10667.0, 5, 6.807275047862157, 0.1
1567, 10674.0, 7, 6.807397959183674, 0.1
1568, 10680.0, 6, 6.806883365200765, 0.1
1569, 10687.0, 7, 6.807006369426752, 0.1
1570, 10693.0, 6, 6.80649267982177, 0.1
1571, 10699.0, 6, 6.8059796437659035, 0.1
1572, 10706.0, 7, 6.80610298792117, 0.1
1573, 10713.0, 7, 6.806226175349428, 0.1
1574, 10721.0, 8, 6.806984126984127, 0.1
1575, 10729.0, 8, 6.807741116751269, 0.1
1576, 10737.0, 8, 6.80849714648066, 0.1
1577, 10743.0, 6, 6.807984790874524, 0.1
1578, 10743.0, 0, 6.8036732108929705, 0.1
1579, 10749.0, 6, 6.803164556962026, 0.1
1580, 10754.0, 5, 6.80202403542062, 0.1
1581, 10762.0, 8, 6.802781289506953, 0.1
1582, 10770.0, 8, 6.803537586860392, 0.1
1583, 10777.0, 7, 6.803661616161616, 0.1
1584, 10785.0, 8, 6.804416403785489, 0.1
1585, 10791.0, 6, 6.80390920554855, 0.1
1586, 10797.0, 6, 6.803402646502835, 0.1
1587, 10805.0, 8, 6.804156171284634, 0.1
1588, 10812.0, 7, 6.804279421019509, 0.1
1589, 10820.0, 8, 6.80503144654088, 0.1
1590, 10827.0, 7, 6.805153991200503, 0.1
1591, 10835.0, 8, 6.805904522613066, 0.1
1592, 10843.0, 8, 6.806654111738857, 0.1
1593, 10850.0, 7, 6.806775407779172, 0.1
1594, 10858.0, 8, 6.807523510971786, 0.1
1595, 10865.0, 7, 6.807644110275689, 0.1
1596, 10871.0, 6, 6.807138384470883, 0.1
1597, 10879.0, 8, 6.807884856070087, 0.1
1598, 10887.0, 8, 6.808630393996248, 0.1
1599, 10894.0, 7, 6.80875, 0.1
1600, 10901.0, 7, 6.8088694565896315, 0.1
1601, 10908.0, 7, 6.808988764044944, 0.1
1602, 10916.0, 8, 6.809731752963194, 0.1
1603, 10924.0, 8, 6.8104738154613464, 0.1
1604, 10932.0, 8, 6.811214953271028, 0.1
1605, 10940.0, 8, 6.811955168119551, 0.1
1606, 10947.0, 7, 6.81207218419415, 0.1
1607, 10954.0, 7, 6.812189054726368, 0.1
1608, 10962.0, 8, 6.812927284027346, 0.1
1609, 10969.0, 7, 6.8130434782608695, 0.1
1610, 10974.0, 5, 6.811918063314711, 0.1
1611, 10982.0, 8, 6.812655086848635, 0.1
1612, 10990.0, 8, 6.813391196528208, 0.1
1613, 10998.0, 8, 6.814126394052044, 0.1
1614, 11006.0, 8, 6.814860681114551, 0.1
1615, 11012.0, 6, 6.814356435643564, 0.1
1616, 11013.0, 1, 6.810760667903525, 0.1
1617, 11021.0, 8, 6.811495673671199, 0.1
1618, 11028.0, 7, 6.811612106238419, 0.1
1619, 11035.0, 7, 6.811728395061729, 0.1
1620, 11042.0, 7, 6.811844540407156, 0.1
1621, 11049.0, 7, 6.811960542540074, 0.1
1622, 11050.0, 1, 6.808379544054221, 0.1
1623, 11058.0, 8, 6.809113300492611, 0.1
1624, 11063.0, 5, 6.808, 0.1
1625, 11070.0, 7, 6.808118081180812, 0.1
1626, 11077.0, 7, 6.808236017209588, 0.1
1627, 11085.0, 8, 6.808968058968059, 0.1
1628, 11092.0, 7, 6.809085328422345, 0.1
1629, 11100.0, 8, 6.809815950920245, 0.1
1630, 11107.0, 7, 6.809932556713672, 0.1
1631, 11114.0, 7, 6.810049019607843, 0.1
1632, 11121.0, 7, 6.810165339865279, 0.1
1633, 11129.0, 8, 6.810893512851897, 0.1
1634, 11136.0, 7, 6.811009174311927, 0.1
1635, 11144.0, 8, 6.811735941320293, 0.1
1636, 11151.0, 7, 6.811850946854001, 0.1
1637, 11158.0, 7, 6.811965811965812, 0.1
1638, 11163.0, 5, 6.810860280658939, 0.1
1639, 11171.0, 8, 6.8115853658536585, 0.1
1640, 11179.0, 8, 6.81230956733699, 0.1
1641, 11185.0, 6, 6.811814859926918, 0.1
1642, 11191.0, 6, 6.811320754716981, 0.1
1643, 11199.0, 8, 6.812043795620438, 0.1
1644, 11207.0, 8, 6.812765957446809, 0.1
1645, 11215.0, 8, 6.813487241798299, 0.1
1646, 11223.0, 8, 6.814207650273224, 0.1
1647, 11230.0, 7, 6.814320388349515, 0.1
1648, 11238.0, 8, 6.815039417828987, 0.1
1649, 11246.0, 8, 6.8157575757575755, 0.1
1650, 11253.0, 7, 6.815869170199879, 0.1
1651, 11260.0, 7, 6.815980629539951, 0.1
1652, 11263.0, 3, 6.813672111312765, 0.1
1653, 11267.0, 4, 6.811970979443773, 0.1
1654, 11272.0, 5, 6.810876132930513, 0.1
1655, 11280.0, 8, 6.811594202898551, 0.1
1656, 11287.0, 7, 6.811707905853953, 0.1
1657, 11293.0, 6, 6.811218335343788, 0.1
1658, 11300.0, 7, 6.811332127787824, 0.1
1659, 11300.0, 0, 6.807228915662651, 0.1
1660, 11308.0, 8, 6.80794701986755, 0.1
1661, 11316.0, 8, 6.808664259927798, 0.1
1662, 11324.0, 8, 6.809380637402285, 0.1
1663, 11332.0, 8, 6.810096153846154, 0.1
1664, 11338.0, 6, 6.80960960960961, 0.1
1665, 11344.0, 6, 6.809123649459784, 0.1
1666, 11351.0, 7, 6.8092381523695265, 0.1
1667, 11359.0, 8, 6.809952038369304, 0.1
1668, 11367.0, 8, 6.810665068903535, 0.1
1669, 11375.0, 8, 6.811377245508982, 0.1
1670, 11383.0, 8, 6.812088569718731, 0.1
1671, 11391.0, 8, 6.812799043062201, 0.1
1672, 11399.0, 8, 6.813508667065152, 0.1
1673, 11400.0, 1, 6.810035842293907, 0.1
1674, 11405.0, 5, 6.808955223880597, 0.1
1675, 11413.0, 8, 6.809665871121719, 0.1
1676, 11420.0, 7, 6.809779367918903, 0.1
1677, 11427.0, 7, 6.8098927294398095, 0.1
1678, 11435.0, 8, 6.810601548540798, 0.1
1679, 11443.0, 8, 6.811309523809523, 0.1
1680, 11451.0, 8, 6.812016656751934, 0.1
1681, 11458.0, 7, 6.812128418549346, 0.1
1682, 11465.0, 7, 6.812240047534165, 0.1
1683, 11473.0, 8, 6.812945368171022, 0.1
1684, 11480.0, 7, 6.813056379821958, 0.1
1685, 11487.0, 7, 6.813167259786477, 0.1
1686, 11493.0, 6, 6.812685240071132, 0.1
1687, 11493.0, 0, 6.8086492890995265, 0.1
1688, 11501.0, 8, 6.809354647720545, 0.1
1689, 11508.0, 7, 6.809467455621302, 0.1
1690, 11515.0, 7, 6.8095801301005325, 0.1
1691, 11523.0, 8, 6.810283687943262, 0.1
1692, 11531.0, 8, 6.810986414648553, 0.1
1693, 11539.0, 8, 6.811688311688312, 0.1
1694, 11545.0, 6, 6.811209439528024, 0.1
1695, 11552.0, 7, 6.811320754716981, 0.1
1696, 11560.0, 8, 6.8120212139068945, 0.1
1697, 11566.0, 6, 6.811542991755006, 0.1
1698, 11573.0, 7, 6.811653914067098, 0.1
1699, 11580.0, 7, 6.811764705882353, 0.1
1700, 11587.0, 7, 6.811875367430923, 0.1
1701, 11590.0, 3, 6.809635722679201, 0.1
1702, 11595.0, 5, 6.80857310628303, 0.1
1703, 11602.0, 7, 6.80868544600939, 0.1
1704, 11609.0, 7, 6.808797653958944, 0.1
1705, 11616.0, 7, 6.808909730363423, 0.1
1706, 11622.0, 6, 6.808435852372583, 0.1
1707, 11630.0, 8, 6.809133489461359, 0.1
1708, 11635.0, 5, 6.808074897600936, 0.1
1709, 11642.0, 7, 6.808187134502924, 0.1
1710, 11650.0, 8, 6.808883693746347, 0.1
1711, 11656.0, 6, 6.808411214953271, 0.1
1712, 11662.0, 6, 6.807939287799183, 0.1
1713, 11670.0, 8, 6.808634772462077, 0.1
1714, 11678.0, 8, 6.80932944606414, 0.1
1715, 11679.0, 1, 6.805944055944056, 0.1
1716, 11687.0, 8, 6.80663948747816, 0.1
1717, 11694.0, 7, 6.806752037252619, 0.1
1718, 11701.0, 7, 6.806864456079116, 0.1
1719, 11708.0, 7, 6.806976744186047, 0.1
1720, 11716.0, 8, 6.807669959325973, 0.1
1721, 11724.0, 8, 6.808362369337979, 0.1
1722, 11730.0, 6, 6.807893209518282, 0.1
1723, 11737.0, 7, 6.808004640371229, 0.1
1724, 11744.0, 7, 6.808115942028985, 0.1
1725, 11751.0, 7, 6.808227114716106, 0.1
1726, 11753.0, 2, 6.805442964678633, 0.1
1727, 11760.0, 7, 6.805555555555555, 0.1
1728, 11768.0, 8, 6.806246385193754, 0.1
1729, 11775.0, 7, 6.80635838150289, 0.1
1730, 11782.0, 7, 6.806470248411323, 0.1
1731, 11789.0, 7, 6.806581986143187, 0.1
1732, 11796.0, 7, 6.8066935949221, 0.1
1733, 11804.0, 8, 6.807381776239907, 0.1
1734, 11807.0, 3, 6.805187319884726, 0.1
1735, 11812.0, 5, 6.804147465437788, 0.1
1736, 11820.0, 8, 6.804835924006908, 0.1
1737, 11828.0, 8, 6.805523590333717, 0.1
1738, 11835.0, 7, 6.8056354226566995, 0.1
1739, 11841.0, 6, 6.805172413793104, 0.1
1740, 11848.0, 7, 6.805284319356692, 0.1
1741, 11856.0, 8, 6.8059701492537314, 0.1
1742, 11863.0, 7, 6.806081468732071, 0.1
1743, 11869.0, 6, 6.805619266055046, 0.1
1744, 11877.0, 8, 6.806303724928367, 0.1
1745, 11881.0, 4, 6.804696449026346, 0.1
1746, 11889.0, 8, 6.805380652547224, 0.1
1747, 11896.0, 7, 6.805491990846682, 0.1
1748, 11904.0, 8, 6.806174957118353, 0.1
1749, 11911.0, 7, 6.806285714285714, 0.1
1750, 11917.0, 6, 6.805825242718447, 0.1
1751, 11924.0, 7, 6.80593607305936, 0.1
1752, 11930.0, 6, 6.805476326297775, 0.1
1753, 11937.0, 7, 6.805587229190422, 0.1
1754, 11945.0, 8, 6.806267806267806, 0.1
1755, 11953.0, 8, 6.806947608200455, 0.1
1756, 11960.0, 7, 6.807057484348321, 0.1
1757, 11964.0, 4, 6.805460750853243, 0.1
1758, 11970.0, 6, 6.8050028425241615, 0.1
1759, 11977.0, 7, 6.805113636363636, 0.1
1760, 11984.0, 7, 6.805224304372516, 0.1
1761, 11990.0, 6, 6.804767309875142, 0.1
1762, 11996.0, 6, 6.804310833806013, 0.1
1763, 12004.0, 8, 6.804988662131519, 0.1
1764, 12012.0, 8, 6.8056657223796035, 0.1
1765, 12019.0, 7, 6.805775764439411, 0.1
1766, 12026.0, 7, 6.805885681946802, 0.1
1767, 12034.0, 8, 6.8065610859728505, 0.1
1768, 12036.0, 2, 6.803843979649519, 0.1
1769, 12043.0, 7, 6.803954802259887, 0.1
1770, 12051.0, 8, 6.804630152456239, 0.1
1771, 12056.0, 5, 6.803611738148984, 0.1
1772, 12064.0, 8, 6.80428652002256, 0.1
1773, 12071.0, 7, 6.804396843291996, 0.1
1774, 12079.0, 8, 6.805070422535211, 0.1
1775, 12080.0, 1, 6.801801801801802, 0.1
1776, 12085.0, 5, 6.8007878446820484, 0.1
1777, 12092.0, 7, 6.800899887514061, 0.1
1778, 12100.0, 8, 6.801573917931422, 0.1
1779, 12103.0, 3, 6.799438202247191, 0.1
1780, 12111.0, 8, 6.800112296462661, 0.1
1781, 12119.0, 8, 6.800785634118967, 0.1
1782, 12126.0, 7, 6.80089736399327, 0.1
1783, 12134.0, 8, 6.801569506726457, 0.1
1784, 12139.0, 5, 6.800560224089636, 0.1
1785, 12146.0, 7, 6.8006718924972, 0.1
1786, 12154.0, 8, 6.801343033016228, 0.1
1787, 12160.0, 6, 6.800894854586129, 0.1
1788, 12166.0, 6, 6.800447177193963, 0.1
1789, 12173.0, 7, 6.800558659217877, 0.1
1790, 12180.0, 7, 6.800670016750419, 0.1
1791, 12187.0, 7, 6.80078125, 0.1
1792, 12187.0, 0, 6.796988287785834, 0.1
1793, 12195.0, 8, 6.797658862876254, 0.1
1794, 12200.0, 5, 6.796657381615599, 0.1
1795, 12208.0, 8, 6.797327394209354, 0.1
1796, 12214.0, 6, 6.796883695047301, 0.1
1797, 12221.0, 7, 6.796996662958843, 0.1
1798, 12229.0, 8, 6.797665369649805, 0.1
1799, 12231.0, 2, 6.795, 0.1
1800, 12239.0, 8, 6.795669072737368, 0.1
1801, 12244.0, 5, 6.794672586015539, 0.1
1802, 12252.0, 8, 6.795341098169717, 0.1
1803, 12259.0, 7, 6.795454545454546, 0.1
1804, 12267.0, 8, 6.79612188365651, 0.1
1805, 12275.0, 8, 6.7967884828349945, 0.1
1806, 12281.0, 6, 6.796347537354731, 0.1
1807, 12285.0, 4, 6.794800884955753, 0.1
1808, 12291.0, 6, 6.794361525704809, 0.1
1809, 12299.0, 8, 6.795027624309392, 0.1
1810, 12305.0, 6, 6.794588625069022, 0.1
1811, 12312.0, 7, 6.7947019867549665, 0.1
1812, 12319.0, 7, 6.794815223386652, 0.1
1813, 12327.0, 8, 6.7954796030871005, 0.1
1814, 12333.0, 6, 6.79504132231405, 0.1
1815, 12341.0, 8, 6.795704845814978, 0.1
1816, 12342.0, 1, 6.792515134837645, 0.1
1817, 12346.0, 4, 6.790979097909791, 0.1
1818, 12347.0, 1, 6.787795492028587, 0.1
1819, 12354.0, 7, 6.787912087912088, 0.1
1820, 12361.0, 7, 6.788028555738605, 0.1
1821, 12369.0, 8, 6.788693743139407, 0.1
1822, 12375.0, 6, 6.788261108063631, 0.1
1823, 12383.0, 8, 6.7889254385964914, 0.1
1824, 12391.0, 8, 6.789589041095891, 0.1
1825, 12398.0, 7, 6.789704271631982, 0.1
1826, 12406.0, 8, 6.790366721401204, 0.1
1827, 12409.0, 3, 6.788293216630197, 0.1
1828, 12416.0, 7, 6.788408966648442, 0.1
1829, 12423.0, 7, 6.788524590163934, 0.1
1830, 12431.0, 8, 6.789186237028946, 0.1
1831, 12439.0, 8, 6.789847161572053, 0.1
1832, 12447.0, 8, 6.79050736497545, 0.1
1833, 12453.0, 6, 6.790076335877862, 0.1
1834, 12461.0, 8, 6.790735694822888, 0.1
1835, 12468.0, 7, 6.790849673202614, 0.1
1836, 12472.0, 4, 6.7893304300489925, 0.1
1837, 12480.0, 8, 6.789989118607182, 0.1
1838, 12487.0, 7, 6.79010331702012, 0.1
1839, 12494.0, 7, 6.790217391304348, 0.1
1840, 12501.0, 7, 6.7903313416621405, 0.1
1841, 12508.0, 7, 6.7904451682953315, 0.1
1842, 12511.0, 3, 6.7883884970157355, 0.1
1843, 12514.0, 3, 6.786334056399133, 0.1
1844, 12520.0, 6, 6.78590785907859, 0.1
1845, 12527.0, 7, 6.78602383531961, 0.1
1846, 12529.0, 2, 6.783432593394694, 0.1
1847, 12534.0, 5, 6.782467532467533, 0.1
1848, 12542.0, 8, 6.783126014061655, 0.1
1849, 12550.0, 8, 6.783783783783784, 0.1
1850, 12557.0, 7, 6.783900594273366, 0.1
1851, 12562.0, 5, 6.782937365010799, 0.1
1852, 12562.0, 0, 6.77927684835402, 0.1
1853, 12569.0, 7, 6.779395900755124, 0.1
1854, 12576.0, 7, 6.779514824797844, 0.1
1855, 12576.0, 0, 6.775862068965517, 0.1
1856, 12583.0, 7, 6.775982767905224, 0.1
1857, 12591.0, 8, 6.776641550053822, 0.1
1858, 12598.0, 7, 6.776761699838623, 0.1
1859, 12604.0, 6, 6.776344086021505, 0.1
1860, 12611.0, 7, 6.776464266523375, 0.1
1861, 12618.0, 7, 6.776584317937702, 0.1
1862, 12626.0, 8, 6.777241009125067, 0.1
1863, 12633.0, 7, 6.777360515021459, 0.1
1864, 12641.0, 8, 6.778016085790885, 0.1
1865, 12649.0, 8, 6.778670953912111, 0.1
1866, 12650.0, 1, 6.775575790037493, 0.1
1867, 12657.0, 7, 6.775695931477516, 0.1
1868, 12664.0, 7, 6.77581594435527, 0.1
1869, 12672.0, 8, 6.776470588235294, 0.1
1870, 12679.0, 7, 6.77659005879209, 0.1
1871, 12687.0, 8, 6.777243589743589, 0.1
1872, 12695.0, 8, 6.777896422851041, 0.1
1873, 12703.0, 8, 6.778548559231591, 0.1
1874, 12710.0, 7, 6.778666666666667, 0.1
1875, 12717.0, 7, 6.778784648187633, 0.1
1876, 12725.0, 8, 6.779435269046351, 0.1
1877, 12728.0, 3, 6.777422790202343, 0.1
1878, 12736.0, 8, 6.778073443320915, 0.1
1879, 12744.0, 8, 6.778723404255319, 0.1
1880, 12751.0, 7, 6.778841041998937, 0.1
1881, 12759.0, 8, 6.779489904357067, 0.1
1882, 12767.0, 8, 6.780138077535847, 0.1
1883, 12775.0, 8, 6.780785562632697, 0.1
1884, 12783.0, 8, 6.781432360742706, 0.1
1885, 12791.0, 8, 6.782078472958642, 0.1
1886, 12798.0, 7, 6.782193958664547, 0.1
1887, 12806.0, 8, 6.782838983050848, 0.1
1888, 12809.0, 3, 6.780836421386978, 0.1
1889, 12815.0, 6, 6.78042328042328, 0.1
1890, 12821.0, 6, 6.780010576414595, 0.1
1891, 12828.0, 7, 6.780126849894292, 0.1
1892, 12836.0, 8, 6.780771262546223, 0.1
1893, 12843.0, 7, 6.780887011615628, 0.1
1894, 12849.0, 6, 6.780474934036939, 0.1
1895, 12857.0, 8, 6.781118143459915, 0.1
1896, 12865.0, 8, 6.781760674749605, 0.1
1897, 12872.0, 7, 6.781875658587987, 0.1
1898, 12879.0, 7, 6.781990521327014, 0.1
1899, 12886.0, 7, 6.782105263157895, 0.1
1900, 12894.0, 8, 6.782745923198316, 0.1
1901, 12901.0, 7, 6.7828601472134595, 0.1
1902, 12908.0, 7, 6.782974251182344, 0.1
1903, 12910.0, 2, 6.78046218487395, 0.1
1904, 12917.0, 7, 6.780577427821522, 0.1
1905, 12923.0, 6, 6.780167890870934, 0.1
1906, 12930.0, 7, 6.780283167278448, 0.1
1907, 12936.0, 6, 6.779874213836478, 0.1
1908, 12944.0, 8, 6.780513357778942, 0.1
1909, 12952.0, 8, 6.781151832460733, 0.1
1910, 12958.0, 6, 6.780743066457352, 0.1
1911, 12965.0, 7, 6.780857740585774, 0.1
1912, 12971.0, 6, 6.78044955567172, 0.1
1913, 12979.0, 8, 6.781086729362592, 0.1
1914, 12981.0, 2, 6.778590078328982, 0.1
1915, 12989.0, 8, 6.779227557411273, 0.1
1916, 12996.0, 7, 6.779342723004695, 0.1
1917, 13002.0, 6, 6.778936392075078, 0.1
1918, 13010.0, 8, 6.779572694111517, 0.1
1919, 13012.0, 2, 6.777083333333334, 0.1
1920, 13020.0, 8, 6.777719937532535, 0.1
1921, 13027.0, 7, 6.77783558792924, 0.1
1922, 13033.0, 6, 6.777431097243889, 0.1
1923, 13040.0, 7, 6.777546777546777, 0.1
1924, 13047.0, 7, 6.7776623376623375, 0.1
1925, 13054.0, 7, 6.777777777777778, 0.1
1926, 13060.0, 6, 6.777374156720291, 0.1
1927, 13068.0, 8, 6.778008298755187, 0.1
1928, 13075.0, 7, 6.778123379989632, 0.1
1929, 13083.0, 8, 6.778756476683938, 0.1
1930, 13091.0, 8, 6.779388917659244, 0.1
1931, 13098.0, 7, 6.779503105590062, 0.1
1932, 13106.0, 8, 6.7801345059493014, 0.1
1933, 13110.0, 4, 6.778697001034126, 0.1
1934, 13117.0, 7, 6.778811369509044, 0.1
1935, 13124.0, 7, 6.778925619834711, 0.1
1936, 13132.0, 8, 6.779556014455343, 0.1
1937, 13140.0, 8, 6.780185758513932, 0.1
1938, 13148.0, 8, 6.780814853017019, 0.1
1939, 13156.0, 8, 6.781443298969072, 0.1
1940, 13164.0, 8, 6.782071097372488, 0.1
1941, 13172.0, 8, 6.7826982492276, 0.1
1942, 13179.0, 7, 6.782810087493567, 0.1
1943, 13186.0, 7, 6.782921810699588, 0.1
1944, 13188.0, 2, 6.780462724935733, 0.1
1945, 13192.0, 4, 6.779033915724563, 0.1
1946, 13198.0, 6, 6.778633795582948, 0.1
1947, 13203.0, 5, 6.7777207392197125, 0.1
1948, 13211.0, 8, 6.778347870702925, 0.1
1949, 13219.0, 8, 6.778974358974359, 0.1
1950, 13226.0, 7, 6.779087647360328, 0.1
1951, 13233.0, 7, 6.779200819672131, 0.1
1952, 13241.0, 8, 6.779825908858167, 0.1
1953, 13249.0, 8, 6.780450358239508, 0.1
1954, 13255.0, 6, 6.780051150895141, 0.1
1955, 13262.0, 7, 6.780163599182004, 0.1
1956, 13268.0, 6, 6.779764946346448, 0.1
1957, 13275.0, 7, 6.779877425944842, 0.1
1958, 13283.0, 8, 6.780500255232261, 0.1
1959, 13291.0, 8, 6.781122448979592, 0.1
1960, 13298.0, 7, 6.781234064252932, 0.1
1961, 13305.0, 7, 6.781345565749236, 0.1
1962, 13312.0, 7, 6.781456953642384, 0.1
1963, 13320.0, 8, 6.782077393075356, 0.1
1964, 13327.0, 7, 6.782188295165394, 0.1
1965, 13334.0, 7, 6.782299084435402, 0.1
1966, 13342.0, 8, 6.782918149466192, 0.1
1967, 13348.0, 6, 6.782520325203252, 0.1
1968, 13355.0, 7, 6.782630777044185, 0.1
1969, 13363.0, 8, 6.783248730964467, 0.1
1970, 13371.0, 8, 6.783866057838661, 0.1
1971, 13379.0, 8, 6.7844827586206895, 0.1
1972, 13386.0, 7, 6.784591991890522, 0.1
1973, 13393.0, 7, 6.784701114488349, 0.1
1974, 13400.0, 7, 6.784810126582278, 0.1
1975, 13406.0, 6, 6.784412955465587, 0.1
1976, 13410.0, 4, 6.783004552352049, 0.1
1977, 13417.0, 7, 6.783114256825076, 0.1
1978, 13423.0, 6, 6.782718544719556, 0.1
1979, 13431.0, 8, 6.783333333333333, 0.1
1980, 13439.0, 8, 6.783947501261989, 0.1
1981, 13447.0, 8, 6.7845610494450055, 0.1
1982, 13454.0, 7, 6.7846696923852745, 0.1
1983, 13462.0, 8, 6.785282258064516, 0.1
1984, 13469.0, 7, 6.785390428211587, 0.1
1985, 13477.0, 8, 6.786002014098691, 0.1
1986, 13485.0, 8, 6.786612984398591, 0.1
1987, 13487.0, 2, 6.78420523138833, 0.1
1988, 13495.0, 8, 6.7848164906988435, 0.1
1989, 13495.0, 0, 6.78140703517588, 0.1
1990, 13502.0, 7, 6.781516825715721, 0.1
1991, 13509.0, 7, 6.781626506024097, 0.1
1992, 13512.0, 3, 6.779729051680883, 0.1
1993, 13519.0, 7, 6.779839518555667, 0.1
1994, 13526.0, 7, 6.779949874686717, 0.1
1995, 13534.0, 8, 6.780561122244489, 0.1
1996, 13541.0, 7, 6.780671006509765, 0.1
1997, 13547.0, 6, 6.78028028028028, 0.1
1998, 13554.0, 7, 6.7803901950975485, 0.1
1999, 13560.0, 6, 6.78, 0.1
