0, 8.0, 8, 8.0, 0.2
1, 16.0, 8, 8.0, 0.2
2, 24.0, 8, 8.0, 0.2
3, 32.0, 8, 8.0, 0.2
4, 40.0, 8, 8.0, 0.2
5, 48.0, 8, 8.0, 0.2
6, 56.0, 8, 8.0, 0.2
7, 64.0, 8, 8.0, 0.2
8, 72.0, 8, 8.0, 0.2
9, 80.0, 8, 8.0, 0.2
10, 88.0, 8, 8.0, 0.2
11, 96.0, 8, 8.0, 0.2
12, 104.0, 8, 8.0, 0.2
13, 112.0, 8, 8.0, 0.2
14, 120.0, 8, 8.0, 0.2
15, 128.0, 8, 8.0, 0.2
16, 136.0, 8, 8.0, 0.2
17, 144.0, 8, 8.0, 0.2
18, 152.0, 8, 8.0, 0.2
19, 160.0, 8, 8.0, 0.2
20, 168.0, 8, 8.0, 0.2
21, 176.0, 8, 8.0, 0.2
22, 184.0, 8, 8.0, 0.2
23, 192.0, 8, 8.0, 0.2
24, 200.0, 8, 8.0, 0.2
25, 208.0, 8, 8.0, 0.2
26, 216.0, 8, 8.0, 0.2
27, 224.0, 8, 8.0, 0.2
28, 232.0, 8, 8.0, 0.2
29, 240.0, 8, 8.0, 0.2
30, 248.0, 8, 8.0, 0.2
31, 256.0, 8, 8.0, 0.2
32, 264.0, 8, 8.0, 0.2
33, 272.0, 8, 8.0, 0.2
34, 280.0, 8, 8.0, 0.2
35, 288.0, 8, 8.0, 0.2
36, 296.0, 8, 8.0, 0.2
37, 304.0, 8, 8.0, 0.2
38, 312.0, 8, 8.0, 0.2
39, 320.0, 8, 8.0, 0.2
40, 328.0, 8, 8.0, 0.2
41, 336.0, 8, 8.0, 0.2
42, 344.0, 8, 8.0, 0.2
43, 352.0, 8, 8.0, 0.2
44, 360.0, 8, 8.0, 0.2
45, 368.0, 8, 8.0, 0.2
46, 376.0, 8, 8.0, 0.2
47, 384.0, 8, 8.0, 0.2
48, 392.0, 8, 8.0, 0.2
49, 400.0, 8, 8.0, 0.2
50, 408.0, 8, 8.0, 0.2
51, 416.0, 8, 8.0, 0.2
52, 424.0, 8, 8.0, 0.2
53, 432.0, 8, 8.0, 0.2
54, 440.0, 8, 8.0, 0.2
55, 448.0, 8, 8.0, 0.2
56, 456.0, 8, 8.0, 0.2
57, 464.0, 8, 8.0, 0.2
58, 472.0, 8, 8.0, 0.2
59, 480.0, 8, 8.0, 0.2
60, 488.0, 8, 8.0, 0.2
61, 496.0, 8, 8.0, 0.2
62, 504.0, 8, 8.0, 0.2
63, 512.0, 8, 8.0, 0.2
64, 520.0, 8, 8.0, 0.2
65, 528.0, 8, 8.0, 0.2
66, 536.0, 8, 8.0, 0.2
67, 544.0, 8, 8.0, 0.2
68, 552.0, 8, 8.0, 0.2
69, 560.0, 8, 8.0, 0.2
70, 568.0, 8, 8.0, 0.2
71, 576.0, 8, 8.0, 0.2
72, 584.0, 8, 8.0, 0.2
73, 592.0, 8, 8.0, 0.2
74, 600.0, 8, 8.0, 0.2
75, 608.0, 8, 8.0, 0.2
76, 616.0, 8, 8.0, 0.2
77, 624.0, 8, 8.0, 0.2
78, 632.0, 8, 8.0, 0.2
79, 640.0, 8, 8.0, 0.2
80, 648.0, 8, 8.0, 0.2
81, 656.0, 8, 8.0, 0.2
82, 664.0, 8, 8.0, 0.2
83, 672.0, 8, 8.0, 0.2
84, 680.0, 8, 8.0, 0.2
85, 688.0, 8, 8.0, 0.2
86, 696.0, 8, 8.0, 0.2
87, 704.0, 8, 8.0, 0.2
88, 712.0, 8, 8.0, 0.2
89, 720.0, 8, 8.0, 0.2
90, 728.0, 8, 8.0, 0.2
91, 736.0, 8, 8.0, 0.2
92, 744.0, 8, 8.0, 0.2
93, 752.0, 8, 8.0, 0.2
94, 760.0, 8, 8.0, 0.2
95, 768.0, 8, 8.0, 0.2
96, 776.0, 8, 8.0, 0.2
97, 784.0, 8, 8.0, 0.2
98, 792.0, 8, 8.0, 0.2
99, 800.0, 8, 8.0, 0.2
100, 808.0, 8, 8.0, 0.2
101, 816.0, 8, 8.0, 0.2
102, 824.0, 8, 8.0, 0.2
103, 832.0, 8, 8.0, 0.2
104, 840.0, 8, 8.0, 0.2
105, 848.0, 8, 8.0, 0.2
106, 856.0, 8, 8.0, 0.2
107, 864.0, 8, 8.0, 0.2
108, 872.0, 8, 8.0, 0.2
109, 880.0, 8, 8.0, 0.2
110, 888.0, 8, 8.0, 0.2
111, 896.0, 8, 8.0, 0.2
112, 904.0, 8, 8.0, 0.2
113, 912.0, 8, 8.0, 0.2
114, 920.0, 8, 8.0, 0.2
115, 928.0, 8, 8.0, 0.2
116, 936.0, 8, 8.0, 0.2
117, 944.0, 8, 8.0, 0.2
118, 952.0, 8, 8.0, 0.2
119, 960.0, 8, 8.0, 0.2
120, 968.0, 8, 8.0, 0.2
121, 976.0, 8, 8.0, 0.2
122, 984.0, 8, 8.0, 0.2
123, 992.0, 8, 8.0, 0.2
124, 1000.0, 8, 8.0, 0.2
125, 1008.0, 8, 8.0, 0.2
126, 1016.0, 8, 8.0, 0.2
127, 1024.0, 8, 8.0, 0.2
128, 1032.0, 8, 8.0, 0.2
129, 1040.0, 8, 8.0, 0.2
130, 1048.0, 8, 8.0, 0.2
131, 1056.0, 8, 8.0, 0.2
132, 1064.0, 8, 8.0, 0.2
133, 1072.0, 8, 8.0, 0.2
134, 1080.0, 8, 8.0, 0.2
135, 1088.0, 8, 8.0, 0.2
136, 1096.0, 8, 8.0, 0.2
137, 1104.0, 8, 8.0, 0.2
138, 1112.0, 8, 8.0, 0.2
139, 1120.0, 8, 8.0, 0.2
140, 1128.0, 8, 8.0, 0.2
141, 1136.0, 8, 8.0, 0.2
142, 1144.0, 8, 8.0, 0.2
143, 1152.0, 8, 8.0, 0.2
144, 1160.0, 8, 8.0, 0.2
145, 1168.0, 8, 8.0, 0.2
146, 1176.0, 8, 8.0, 0.2
147, 1184.0, 8, 8.0, 0.2
148, 1192.0, 8, 8.0, 0.2
149, 1200.0, 8, 8.0, 0.2
150, 1208.0, 8, 8.0, 0.2
151, 1216.0, 8, 8.0, 0.2
152, 1224.0, 8, 8.0, 0.2
153, 1232.0, 8, 8.0, 0.2
154, 1240.0, 8, 8.0, 0.2
155, 1248.0, 8, 8.0, 0.2
156, 1256.0, 8, 8.0, 0.2
157, 1264.0, 8, 8.0, 0.2
158, 1272.0, 8, 8.0, 0.2
159, 1280.0, 8, 8.0, 0.2
160, 1288.0, 8, 8.0, 0.2
161, 1296.0, 8, 8.0, 0.2
162, 1304.0, 8, 8.0, 0.2
163, 1312.0, 8, 8.0, 0.2
164, 1320.0, 8, 8.0, 0.2
165, 1328.0, 8, 8.0, 0.2
166, 1336.0, 8, 8.0, 0.2
167, 1344.0, 8, 8.0, 0.2
168, 1352.0, 8, 8.0, 0.2
169, 1360.0, 8, 8.0, 0.2
170, 1368.0, 8, 8.0, 0.2
171, 1376.0, 8, 8.0, 0.2
172, 1384.0, 8, 8.0, 0.2
173, 1392.0, 8, 8.0, 0.2
174, 1400.0, 8, 8.0, 0.2
175, 1408.0, 8, 8.0, 0.2
176, 1416.0, 8, 8.0, 0.2
177, 1424.0, 8, 8.0, 0.2
178, 1432.0, 8, 8.0, 0.2
179, 1440.0, 8, 8.0, 0.2
180, 1448.0, 8, 8.0, 0.2
181, 1456.0, 8, 8.0, 0.2
182, 1464.0, 8, 8.0, 0.2
183, 1472.0, 8, 8.0, 0.2
184, 1480.0, 8, 8.0, 0.2
185, 1488.0, 8, 8.0, 0.2
186, 1496.0, 8, 8.0, 0.2
187, 1504.0, 8, 8.0, 0.2
188, 1512.0, 8, 8.0, 0.2
189, 1520.0, 8, 8.0, 0.2
190, 1528.0, 8, 8.0, 0.2
191, 1536.0, 8, 8.0, 0.2
192, 1544.0, 8, 8.0, 0.2
193, 1552.0, 8, 8.0, 0.2
194, 1560.0, 8, 8.0, 0.2
195, 1568.0, 8, 8.0, 0.2
196, 1576.0, 8, 8.0, 0.2
197, 1584.0, 8, 8.0, 0.2
198, 1592.0, 8, 8.0, 0.2
199, 1600.0, 8, 8.0, 0.2
200, 1608.0, 8, 8.0, 0.2
201, 1616.0, 8, 8.0, 0.2
202, 1624.0, 8, 8.0, 0.2
203, 1632.0, 8, 8.0, 0.2
204, 1640.0, 8, 8.0, 0.2
205, 1648.0, 8, 8.0, 0.2
206, 1656.0, 8, 8.0, 0.2
207, 1664.0, 8, 8.0, 0.2
208, 1672.0, 8, 8.0, 0.2
209, 1680.0, 8, 8.0, 0.2
210, 1688.0, 8, 8.0, 0.2
211, 1696.0, 8, 8.0, 0.2
212, 1704.0, 8, 8.0, 0.2
213, 1712.0, 8, 8.0, 0.2
214, 1720.0, 8, 8.0, 0.2
215, 1728.0, 8, 8.0, 0.2
216, 1736.0, 8, 8.0, 0.2
217, 1744.0, 8, 8.0, 0.2
218, 1752.0, 8, 8.0, 0.2
219, 1760.0, 8, 8.0, 0.2
220, 1768.0, 8, 8.0, 0.2
221, 1776.0, 8, 8.0, 0.2
222, 1784.0, 8, 8.0, 0.2
223, 1792.0, 8, 8.0, 0.2
224, 1800.0, 8, 8.0, 0.2
225, 1808.0, 8, 8.0, 0.2
226, 1816.0, 8, 8.0, 0.2
227, 1824.0, 8, 8.0, 0.2
228, 1832.0, 8, 8.0, 0.2
229, 1840.0, 8, 8.0, 0.2
230, 1848.0, 8, 8.0, 0.2
231, 1853.0, 5, 7.987068965517241, 0.2
232, 1860.0, 7, 7.982832618025751, 0.2
233, 1868.0, 8, 7.982905982905983, 0.2
234, 1874.0, 6, 7.974468085106383, 0.2
235, 1881.0, 7, 7.970338983050848, 0.2
236, 1888.0, 7, 7.966244725738397, 0.2
237, 1893.0, 5, 7.953781512605042, 0.2
238, 1901.0, 8, 7.953974895397489, 0.2
239, 1908.0, 7, 7.95, 0.2
240, 1915.0, 7, 7.946058091286307, 0.2
241, 1921.0, 6, 7.93801652892562, 0.2
242, 1928.0, 7, 7.934156378600823, 0.2
243, 1936.0, 8, 7.934426229508197, 0.2
244, 1942.0, 6, 7.926530612244898, 0.2
245, 1948.0, 6, 7.91869918699187, 0.2
246, 1954.0, 6, 7.910931174089069, 0.2
247, 1961.0, 7, 7.907258064516129, 0.2
248, 1968.0, 7, 7.903614457831325, 0.2
249, 1974.0, 6, 7.896, 0.2
250, 1979.0, 5, 7.884462151394422, 0.2
251, 1986.0, 7, 7.880952380952381, 0.2
252, 1990.0, 4, 7.865612648221344, 0.2
253, 1996.0, 6, 7.858267716535433, 0.2
254, 2002.0, 6, 7.850980392156862, 0.2
255, 2008.0, 6, 7.84375, 0.2
256, 2015.0, 7, 7.840466926070039, 0.2
257, 2022.0, 7, 7.837209302325581, 0.2
258, 2028.0, 6, 7.8301158301158305, 0.2
259, 2036.0, 8, 7.8307692307692305, 0.2
260, 2041.0, 5, 7.819923371647509, 0.2
261, 2046.0, 5, 7.809160305343512, 0.2
262, 2054.0, 8, 7.809885931558935, 0.2
263, 2060.0, 6, 7.803030303030303, 0.2
264, 2067.0, 7, 7.8, 0.2
265, 2075.0, 8, 7.8007518796992485, 0.2
266, 2081.0, 6, 7.794007490636704, 0.2
267, 2083.0, 2, 7.772388059701493, 0.2
268, 2090.0, 7, 7.769516728624535, 0.2
269, 2098.0, 8, 7.770370370370371, 0.2
270, 2106.0, 8, 7.771217712177122, 0.2
271, 2111.0, 5, 7.761029411764706, 0.2
272, 2115.0, 4, 7.747252747252747, 0.2
273, 2121.0, 6, 7.740875912408759, 0.2
274, 2127.0, 6, 7.734545454545454, 0.2
275, 2135.0, 8, 7.7355072463768115, 0.2
276, 2143.0, 8, 7.736462093862816, 0.2
277, 2149.0, 6, 7.73021582733813, 0.2
278, 2157.0, 8, 7.731182795698925, 0.2
279, 2165.0, 8, 7.732142857142857, 0.2
280, 2173.0, 8, 7.733096085409253, 0.2
281, 2180.0, 7, 7.7304964539007095, 0.2
282, 2182.0, 2, 7.710247349823321, 0.2
283, 2190.0, 8, 7.711267605633803, 0.2
284, 2196.0, 6, 7.705263157894737, 0.2
285, 2202.0, 6, 7.699300699300699, 0.2
286, 2209.0, 7, 7.696864111498257, 0.2
287, 2213.0, 4, 7.684027777777778, 0.2
288, 2218.0, 5, 7.674740484429066, 0.2
289, 2222.0, 4, 7.662068965517242, 0.2
290, 2226.0, 4, 7.649484536082475, 0.2
291, 2231.0, 5, 7.640410958904109, 0.2
292, 2238.0, 7, 7.638225255972697, 0.2
293, 2244.0, 6, 7.63265306122449, 0.2
294, 2251.0, 7, 7.6305084745762715, 0.2
295, 2256.0, 5, 7.621621621621622, 0.2
296, 2264.0, 8, 7.622895622895623, 0.2
297, 2272.0, 8, 7.624161073825503, 0.2
298, 2279.0, 7, 7.622073578595318, 0.2
299, 2284.0, 5, 7.613333333333333, 0.2
300, 2290.0, 6, 7.607973421926911, 0.2
301, 2296.0, 6, 7.602649006622516, 0.2
302, 2302.0, 6, 7.597359735973598, 0.2
303, 2307.0, 5, 7.588815789473684, 0.2
304, 2312.0, 5, 7.580327868852459, 0.2
305, 2318.0, 6, 7.57516339869281, 0.2
306, 2324.0, 6, 7.570032573289902, 0.2
307, 2330.0, 6, 7.564935064935065, 0.2
308, 2335.0, 5, 7.55663430420712, 0.2
309, 2342.0, 7, 7.554838709677419, 0.2
310, 2349.0, 7, 7.553054662379421, 0.2
311, 2355.0, 6, 7.548076923076923, 0.2
312, 2362.0, 7, 7.546325878594249, 0.2
313, 2367.0, 5, 7.538216560509555, 0.2
314, 2374.0, 7, 7.536507936507936, 0.2
315, 2382.0, 8, 7.537974683544304, 0.2
316, 2389.0, 7, 7.5362776025236595, 0.2
317, 2397.0, 8, 7.537735849056604, 0.2
318, 2404.0, 7, 7.536050156739812, 0.2
319, 2410.0, 6, 7.53125, 0.2
320, 2417.0, 7, 7.529595015576324, 0.2
321, 2424.0, 7, 7.527950310559007, 0.2
322, 2430.0, 6, 7.523219814241486, 0.2
323, 2436.0, 6, 7.518518518518518, 0.2
324, 2442.0, 6, 7.513846153846154, 0.2
325, 2450.0, 8, 7.515337423312883, 0.2
326, 2457.0, 7, 7.513761467889908, 0.2
327, 2462.0, 5, 7.5060975609756095, 0.2
328, 2468.0, 6, 7.501519756838905, 0.2
329, 2475.0, 7, 7.5, 0.2
330, 2481.0, 6, 7.495468277945619, 0.2
331, 2487.0, 6, 7.490963855421687, 0.2
332, 2493.0, 6, 7.486486486486487, 0.2
333, 2499.0, 6, 7.482035928143713, 0.2
334, 2504.0, 5, 7.474626865671642, 0.2
335, 2509.0, 5, 7.467261904761905, 0.2
336, 2510.0, 1, 7.448071216617211, 0.2
337, 2518.0, 8, 7.449704142011834, 0.2
338, 2525.0, 7, 7.448377581120944, 0.2
339, 2527.0, 2, 7.432352941176471, 0.2
340, 2535.0, 8, 7.4340175953079175, 0.2
341, 2540.0, 5, 7.426900584795321, 0.2
342, 2546.0, 6, 7.422740524781341, 0.2
343, 2553.0, 7, 7.421511627906977, 0.2
344, 2560.0, 7, 7.420289855072464, 0.2
345, 2566.0, 6, 7.416184971098266, 0.2
346, 2572.0, 6, 7.412103746397695, 0.2
347, 2579.0, 7, 7.410919540229885, 0.2
348, 2581.0, 2, 7.395415472779369, 0.2
349, 2587.0, 6, 7.3914285714285715, 0.2
350, 2593.0, 6, 7.387464387464387, 0.2
351, 2601.0, 8, 7.389204545454546, 0.2
352, 2607.0, 6, 7.385269121813031, 0.2
353, 2613.0, 6, 7.38135593220339, 0.2
354, 2619.0, 6, 7.377464788732395, 0.2
355, 2623.0, 4, 7.367977528089888, 0.2
356, 2630.0, 7, 7.366946778711484, 0.2
357, 2636.0, 6, 7.363128491620111, 0.2
358, 2641.0, 5, 7.3565459610027855, 0.2
359, 2648.0, 7, 7.355555555555555, 0.2
360, 2654.0, 6, 7.351800554016621, 0.2
361, 2662.0, 8, 7.3535911602209945, 0.2
362, 2668.0, 6, 7.349862258953168, 0.2
363, 2676.0, 8, 7.351648351648351, 0.2
364, 2683.0, 7, 7.35068493150685, 0.2
365, 2689.0, 6, 7.3469945355191255, 0.2
366, 2697.0, 8, 7.348773841961853, 0.2
367, 2703.0, 6, 7.345108695652174, 0.2
368, 2711.0, 8, 7.3468834688346885, 0.2
369, 2716.0, 5, 7.34054054054054, 0.2
370, 2723.0, 7, 7.339622641509434, 0.2
371, 2730.0, 7, 7.338709677419355, 0.2
372, 2737.0, 7, 7.337801608579088, 0.2
373, 2743.0, 6, 7.334224598930481, 0.2
374, 2750.0, 7, 7.333333333333333, 0.2
375, 2757.0, 7, 7.332446808510638, 0.2
376, 2763.0, 6, 7.3289124668435015, 0.2
377, 2765.0, 2, 7.314814814814815, 0.2
378, 2770.0, 5, 7.308707124010554, 0.2
379, 2775.0, 5, 7.302631578947368, 0.2
380, 2783.0, 8, 7.304461942257218, 0.2
381, 2788.0, 5, 7.298429319371728, 0.2
382, 2794.0, 6, 7.295039164490862, 0.2
383, 2800.0, 6, 7.291666666666667, 0.2
384, 2807.0, 7, 7.290909090909091, 0.2
385, 2809.0, 2, 7.27720207253886, 0.2
386, 2816.0, 7, 7.276485788113695, 0.2
387, 2822.0, 6, 7.27319587628866, 0.2
388, 2829.0, 7, 7.272493573264781, 0.2
389, 2835.0, 6, 7.269230769230769, 0.2
390, 2842.0, 7, 7.268542199488491, 0.2
391, 2848.0, 6, 7.26530612244898, 0.2
392, 2855.0, 7, 7.264631043256998, 0.2
393, 2862.0, 7, 7.2639593908629445, 0.2
394, 2868.0, 6, 7.260759493670886, 0.2
395, 2873.0, 5, 7.255050505050505, 0.2
396, 2880.0, 7, 7.2544080604534, 0.2
397, 2886.0, 6, 7.251256281407035, 0.2
398, 2893.0, 7, 7.25062656641604, 0.2
399, 2900.0, 7, 7.25, 0.2
400, 2906.0, 6, 7.246882793017456, 0.2
401, 2912.0, 6, 7.243781094527363, 0.2
402, 2917.0, 5, 7.238213399503722, 0.2
403, 2923.0, 6, 7.235148514851486, 0.2
404, 2927.0, 4, 7.22716049382716, 0.2
405, 2932.0, 5, 7.221674876847291, 0.2
406, 2940.0, 8, 7.223587223587224, 0.2
407, 2947.0, 7, 7.223039215686274, 0.2
408, 2955.0, 8, 7.224938875305623, 0.2
409, 2960.0, 5, 7.219512195121951, 0.2
410, 2961.0, 1, 7.204379562043796, 0.2
411, 2968.0, 7, 7.203883495145631, 0.2
412, 2974.0, 6, 7.200968523002421, 0.2
413, 2980.0, 6, 7.1980676328502415, 0.2
414, 2987.0, 7, 7.1975903614457835, 0.2
415, 2993.0, 6, 7.194711538461538, 0.2
416, 2998.0, 5, 7.189448441247002, 0.2
417, 2998.0, 0, 7.172248803827751, 0.2
418, 3004.0, 6, 7.16945107398568, 0.2
419, 3012.0, 8, 7.171428571428572, 0.2
420, 3019.0, 7, 7.171021377672209, 0.2
421, 3024.0, 5, 7.165876777251185, 0.2
422, 3030.0, 6, 7.163120567375887, 0.2
423, 3035.0, 5, 7.158018867924528, 0.2
424, 3042.0, 7, 7.157647058823529, 0.2
425, 3047.0, 5, 7.152582159624413, 0.2
426, 3053.0, 6, 7.149882903981265, 0.2
427, 3057.0, 4, 7.142523364485982, 0.2
428, 3064.0, 7, 7.142191142191142, 0.2
429, 3071.0, 7, 7.141860465116279, 0.2
430, 3078.0, 7, 7.1415313225058, 0.2
431, 3083.0, 5, 7.136574074074074, 0.2
432, 3088.0, 5, 7.131639722863741, 0.2
433, 3092.0, 4, 7.124423963133641, 0.2
434, 3095.0, 3, 7.114942528735632, 0.2
435, 3099.0, 4, 7.1077981651376145, 0.2
436, 3106.0, 7, 7.107551487414188, 0.2
437, 3114.0, 8, 7.109589041095891, 0.2
438, 3121.0, 7, 7.109339407744875, 0.2
439, 3128.0, 7, 7.109090909090909, 0.2
440, 3133.0, 5, 7.104308390022676, 0.2
441, 3134.0, 1, 7.090497737556561, 0.2
442, 3140.0, 6, 7.08803611738149, 0.2
443, 3146.0, 6, 7.085585585585585, 0.2
444, 3153.0, 7, 7.085393258426966, 0.2
445, 3159.0, 6, 7.082959641255606, 0.2
446, 3166.0, 7, 7.082774049217003, 0.2
447, 3166.0, 0, 7.066964285714286, 0.2
448, 3174.0, 8, 7.0690423162583516, 0.2
449, 3179.0, 5, 7.064444444444445, 0.2
450, 3186.0, 7, 7.06430155210643, 0.2
451, 3193.0, 7, 7.064159292035399, 0.2
452, 3197.0, 4, 7.057395143487859, 0.2
453, 3203.0, 6, 7.0550660792951545, 0.2
454, 3210.0, 7, 7.054945054945055, 0.2
455, 3213.0, 3, 7.046052631578948, 0.2
456, 3220.0, 7, 7.0459518599562365, 0.2
457, 3226.0, 6, 7.043668122270742, 0.2
458, 3232.0, 6, 7.041394335511982, 0.2
459, 3238.0, 6, 7.039130434782609, 0.2
460, 3242.0, 4, 7.032537960954447, 0.2
461, 3249.0, 7, 7.032467532467533, 0.2
462, 3256.0, 7, 7.032397408207343, 0.2
463, 3263.0, 7, 7.032327586206897, 0.2
464, 3270.0, 7, 7.032258064516129, 0.2
465, 3277.0, 7, 7.032188841201717, 0.2
466, 3281.0, 4, 7.025695931477516, 0.2
467, 3285.0, 4, 7.019230769230769, 0.2
468, 3291.0, 6, 7.017057569296376, 0.2
469, 3298.0, 7, 7.017021276595744, 0.2
470, 3304.0, 6, 7.014861995753716, 0.2
471, 3307.0, 3, 7.00635593220339, 0.2
472, 3314.0, 7, 7.006342494714588, 0.2
473, 3319.0, 5, 7.0021097046413505, 0.2
474, 3325.0, 6, 7.0, 0.2
475, 3331.0, 6, 6.9978991596638656, 0.2
476, 3339.0, 8, 7.0, 0.2
477, 3344.0, 5, 6.99581589958159, 0.2
478, 3346.0, 2, 6.985386221294363, 0.2
479, 3352.0, 6, 6.983333333333333, 0.2
480, 3358.0, 6, 6.981288981288981, 0.2
481, 3366.0, 8, 6.983402489626556, 0.2
482, 3373.0, 7, 6.98343685300207, 0.2
483, 3379.0, 6, 6.981404958677686, 0.2
484, 3386.0, 7, 6.981443298969072, 0.2
485, 3393.0, 7, 6.981481481481482, 0.2
486, 3399.0, 6, 6.979466119096509, 0.2
487, 3407.0, 8, 6.98155737704918, 0.2
488, 3413.0, 6, 6.979550102249489, 0.2
489, 3418.0, 5, 6.975510204081632, 0.2
490, 3424.0, 6, 6.973523421588594, 0.2
491, 3430.0, 6, 6.971544715447155, 0.2
492, 3433.0, 3, 6.963488843813387, 0.2
493, 3440.0, 7, 6.963562753036437, 0.2
494, 3447.0, 7, 6.963636363636364, 0.2
495, 3454.0, 7, 6.963709677419355, 0.2
496, 3460.0, 6, 6.961770623742455, 0.2
497, 3465.0, 5, 6.957831325301205, 0.2
498, 3472.0, 7, 6.9579158316633265, 0.2
499, 3479.0, 7, 6.958, 0.2
500, 3484.0, 5, 6.954091816367265, 0.2
501, 3489.0, 5, 6.950199203187251, 0.2
502, 3495.0, 6, 6.9483101391650095, 0.2
503, 3502.0, 7, 6.948412698412699, 0.2
504, 3510.0, 8, 6.9504950495049505, 0.2
505, 3516.0, 6, 6.948616600790514, 0.2
506, 3522.0, 6, 6.946745562130178, 0.2
507, 3529.0, 7, 6.946850393700787, 0.2
508, 3536.0, 7, 6.946954813359529, 0.2
509, 3543.0, 7, 6.947058823529412, 0.2
510, 3550.0, 7, 6.947162426614481, 0.2
511, 3558.0, 8, 6.94921875, 0.2
512, 3565.0, 7, 6.949317738791423, 0.2
513, 3572.0, 7, 6.9494163424124515, 0.2
514, 3580.0, 8, 6.951456310679611, 0.2
515, 3588.0, 8, 6.953488372093023, 0.2
516, 3595.0, 7, 6.95357833655706, 0.2
517, 3601.0, 6, 6.9517374517374515, 0.2
518, 3608.0, 7, 6.951830443159923, 0.2
519, 3615.0, 7, 6.951923076923077, 0.2
520, 3622.0, 7, 6.952015355086372, 0.2
521, 3629.0, 7, 6.952107279693487, 0.2
522, 3635.0, 6, 6.950286806883366, 0.2
523, 3643.0, 8, 6.952290076335878, 0.2
524, 3649.0, 6, 6.9504761904761905, 0.2
525, 3656.0, 7, 6.9505703422053235, 0.2
526, 3663.0, 7, 6.9506641366223905, 0.2
527, 3670.0, 7, 6.950757575757576, 0.2
528, 3677.0, 7, 6.950850661625709, 0.2
529, 3683.0, 6, 6.949056603773585, 0.2
530, 3689.0, 6, 6.947269303201507, 0.2
531, 3692.0, 3, 6.93984962406015, 0.2
532, 3698.0, 6, 6.938086303939962, 0.2
533, 3702.0, 4, 6.932584269662922, 0.2
534, 3710.0, 8, 6.934579439252336, 0.2
535, 3716.0, 6, 6.932835820895522, 0.2
536, 3722.0, 6, 6.931098696461825, 0.2
537, 3728.0, 6, 6.929368029739777, 0.2
538, 3735.0, 7, 6.929499072356215, 0.2
539, 3743.0, 8, 6.931481481481481, 0.2
540, 3750.0, 7, 6.931608133086876, 0.2
541, 3756.0, 6, 6.929889298892989, 0.2
542, 3761.0, 5, 6.92633517495396, 0.2
543, 3769.0, 8, 6.928308823529412, 0.2
544, 3775.0, 6, 6.926605504587156, 0.2
545, 3782.0, 7, 6.926739926739927, 0.2
546, 3788.0, 6, 6.925045703839123, 0.2
547, 3796.0, 8, 6.927007299270073, 0.2
548, 3801.0, 5, 6.923497267759563, 0.2
549, 3808.0, 7, 6.923636363636364, 0.2
550, 3814.0, 6, 6.921960072595281, 0.2
551, 3820.0, 6, 6.920289855072464, 0.2
552, 3827.0, 7, 6.920433996383363, 0.2
553, 3835.0, 8, 6.922382671480144, 0.2
554, 3842.0, 7, 6.922522522522523, 0.2
555, 3850.0, 8, 6.924460431654676, 0.2
556, 3856.0, 6, 6.922800718132854, 0.2
557, 3863.0, 7, 6.922939068100359, 0.2
558, 3870.0, 7, 6.923076923076923, 0.2
559, 3874.0, 4, 6.917857142857143, 0.2
560, 3879.0, 5, 6.9144385026737964, 0.2
561, 3884.0, 5, 6.911032028469751, 0.2
562, 3891.0, 7, 6.911190053285968, 0.2
563, 3899.0, 8, 6.913120567375887, 0.2
564, 3906.0, 7, 6.913274336283186, 0.2
565, 3912.0, 6, 6.911660777385159, 0.2
566, 3919.0, 7, 6.911816578483245, 0.2
567, 3927.0, 8, 6.913732394366197, 0.2
568, 3927.0, 0, 6.901581722319859, 0.2
569, 3933.0, 6, 6.9, 0.2
570, 3941.0, 8, 6.9019264448336255, 0.2
571, 3948.0, 7, 6.9020979020979025, 0.2
572, 3956.0, 8, 6.9040139616055844, 0.2
573, 3962.0, 6, 6.902439024390244, 0.2
574, 3969.0, 7, 6.902608695652174, 0.2
575, 3974.0, 5, 6.899305555555555, 0.2
576, 3981.0, 7, 6.89948006932409, 0.2
577, 3988.0, 7, 6.899653979238754, 0.2
578, 3995.0, 7, 6.899827288428325, 0.2
579, 3999.0, 4, 6.894827586206897, 0.2
580, 4005.0, 6, 6.89328743545611, 0.2
581, 4012.0, 7, 6.893470790378007, 0.2
582, 4019.0, 7, 6.893653516295026, 0.2
583, 4026.0, 7, 6.8938356164383565, 0.2
584, 4033.0, 7, 6.894017094017094, 0.2
585, 4040.0, 7, 6.8941979522184305, 0.2
586, 4042.0, 2, 6.885860306643952, 0.2
587, 4050.0, 8, 6.887755102040816, 0.2
588, 4056.0, 6, 6.886247877758914, 0.2
589, 4061.0, 5, 6.8830508474576275, 0.2
590, 4068.0, 7, 6.883248730964467, 0.2
591, 4073.0, 5, 6.8800675675675675, 0.2
592, 4079.0, 6, 6.87858347386172, 0.2
593, 4085.0, 6, 6.877104377104377, 0.2
594, 4093.0, 8, 6.878991596638656, 0.2
595, 4101.0, 8, 6.880872483221476, 0.2
596, 4102.0, 1, 6.8710217755443885, 0.2
597, 4103.0, 1, 6.861204013377926, 0.2
598, 4110.0, 7, 6.861435726210351, 0.2
599, 4118.0, 8, 6.863333333333333, 0.2
600, 4125.0, 7, 6.863560732113145, 0.2
601, 4128.0, 3, 6.857142857142857, 0.2
602, 4129.0, 1, 6.84742951907131, 0.2
603, 4135.0, 6, 6.846026490066225, 0.2
604, 4141.0, 6, 6.844628099173554, 0.2
605, 4147.0, 6, 6.843234323432343, 0.2
606, 4152.0, 5, 6.840197693574959, 0.2
607, 4157.0, 5, 6.837171052631579, 0.2
608, 4164.0, 7, 6.83743842364532, 0.2
609, 4171.0, 7, 6.837704918032787, 0.2
610, 4178.0, 7, 6.837970540098199, 0.2
611, 4185.0, 7, 6.838235294117647, 0.2
612, 4191.0, 6, 6.8368678629690045, 0.2
613, 4197.0, 6, 6.835504885993485, 0.2
614, 4197.0, 0, 6.824390243902439, 0.2
615, 4202.0, 5, 6.821428571428571, 0.2
616, 4209.0, 7, 6.821717990275527, 0.2
617, 4215.0, 6, 6.820388349514563, 0.2
618, 4222.0, 7, 6.820678513731825, 0.2
619, 4230.0, 8, 6.82258064516129, 0.2
620, 4238.0, 8, 6.824476650563607, 0.2
621, 4245.0, 7, 6.82475884244373, 0.2
622, 4250.0, 5, 6.821829855537721, 0.2
623, 4257.0, 7, 6.822115384615385, 0.2
624, 4264.0, 7, 6.8224, 0.2
625, 4268.0, 4, 6.817891373801917, 0.2
626, 4273.0, 5, 6.814992025518341, 0.2
627, 4279.0, 6, 6.813694267515924, 0.2
628, 4285.0, 6, 6.8124006359300475, 0.2
629, 4291.0, 6, 6.811111111111111, 0.2
630, 4298.0, 7, 6.811410459587956, 0.2
631, 4305.0, 7, 6.811708860759493, 0.2
632, 4308.0, 3, 6.805687203791469, 0.2
633, 4315.0, 7, 6.805993690851735, 0.2
634, 4322.0, 7, 6.806299212598425, 0.2
635, 4328.0, 6, 6.80503144654088, 0.2
636, 4335.0, 7, 6.805337519623234, 0.2
637, 4342.0, 7, 6.80564263322884, 0.2
638, 4350.0, 8, 6.807511737089202, 0.2
639, 4356.0, 6, 6.80625, 0.2
640, 4363.0, 7, 6.8065522620904835, 0.2
641, 4369.0, 6, 6.805295950155763, 0.2
642, 4375.0, 6, 6.804043545878693, 0.2
643, 4382.0, 7, 6.804347826086956, 0.2
644, 4390.0, 8, 6.8062015503875966, 0.2
645, 4390.0, 0, 6.795665634674923, 0.2
646, 4398.0, 8, 6.797527047913447, 0.2
647, 4398.0, 0, 6.787037037037037, 0.2
648, 4405.0, 7, 6.787365177195686, 0.2
649, 4413.0, 8, 6.78923076923077, 0.2
650, 4418.0, 5, 6.786482334869432, 0.2
651, 4424.0, 6, 6.785276073619632, 0.2
652, 4430.0, 6, 6.784073506891271, 0.2
653, 4436.0, 6, 6.782874617737003, 0.2
654, 4442.0, 6, 6.781679389312977, 0.2
655, 4449.0, 7, 6.782012195121951, 0.2
656, 4455.0, 6, 6.780821917808219, 0.2
657, 4463.0, 8, 6.782674772036474, 0.2
658, 4469.0, 6, 6.781487101669196, 0.2
659, 4471.0, 2, 6.774242424242424, 0.2
660, 4477.0, 6, 6.7730711043872915, 0.2
661, 4485.0, 8, 6.7749244712990935, 0.2
662, 4491.0, 6, 6.773755656108597, 0.2
663, 4493.0, 2, 6.766566265060241, 0.2
664, 4496.0, 3, 6.760902255639098, 0.2
665, 4501.0, 5, 6.758258258258258, 0.2
666, 4507.0, 6, 6.75712143928036, 0.2
667, 4513.0, 6, 6.755988023952096, 0.2
668, 4518.0, 5, 6.753363228699552, 0.2
669, 4525.0, 7, 6.753731343283582, 0.2
670, 4531.0, 6, 6.752608047690015, 0.2
671, 4536.0, 5, 6.75, 0.2
672, 4544.0, 8, 6.7518573551263, 0.2
673, 4545.0, 1, 6.743323442136498, 0.2
674, 4550.0, 5, 6.7407407407407405, 0.2
675, 4556.0, 6, 6.739644970414201, 0.2
676, 4558.0, 2, 6.732644017725258, 0.2
677, 4563.0, 5, 6.730088495575221, 0.2
678, 4567.0, 4, 6.7260677466863035, 0.2
679, 4573.0, 6, 6.725, 0.2
680, 4580.0, 7, 6.725403817914831, 0.2
681, 4586.0, 6, 6.724340175953079, 0.2
682, 4593.0, 7, 6.7247437774524155, 0.2
683, 4601.0, 8, 6.726608187134503, 0.2
684, 4608.0, 7, 6.727007299270073, 0.2
685, 4614.0, 6, 6.725947521865889, 0.2
686, 4621.0, 7, 6.726346433770015, 0.2
687, 4627.0, 6, 6.725290697674419, 0.2
688, 4633.0, 6, 6.7242380261248185, 0.2
689, 4639.0, 6, 6.723188405797101, 0.2
690, 4647.0, 8, 6.725036179450072, 0.2
691, 4653.0, 6, 6.723988439306359, 0.2
692, 4658.0, 5, 6.721500721500721, 0.2
693, 4663.0, 5, 6.719020172910663, 0.2
694, 4670.0, 7, 6.719424460431655, 0.2
695, 4677.0, 7, 6.719827586206897, 0.2
696, 4681.0, 4, 6.715925394548063, 0.2
697, 4688.0, 7, 6.716332378223496, 0.2
698, 4695.0, 7, 6.716738197424893, 0.2
699, 4700.0, 5, 6.714285714285714, 0.2
700, 4706.0, 6, 6.713266761768901, 0.2
701, 4709.0, 3, 6.7079772079772075, 0.2
702, 4716.0, 7, 6.708392603129445, 0.2
703, 4723.0, 7, 6.708806818181818, 0.2
704, 4730.0, 7, 6.709219858156028, 0.2
705, 4735.0, 5, 6.706798866855524, 0.2
706, 4742.0, 7, 6.707213578500707, 0.2
707, 4748.0, 6, 6.706214689265536, 0.2
708, 4754.0, 6, 6.705218617771509, 0.2
709, 4761.0, 7, 6.705633802816902, 0.2
710, 4768.0, 7, 6.706047819971871, 0.2
711, 4775.0, 7, 6.706460674157303, 0.2
712, 4782.0, 7, 6.706872370266479, 0.2
713, 4789.0, 7, 6.707282913165266, 0.2
714, 4796.0, 7, 6.707692307692308, 0.2
715, 4801.0, 5, 6.705307262569832, 0.2
716, 4808.0, 7, 6.705718270571827, 0.2
717, 4810.0, 2, 6.6991643454039, 0.2
718, 4815.0, 5, 6.696801112656467, 0.2
719, 4821.0, 6, 6.695833333333334, 0.2
720, 4828.0, 7, 6.69625520110957, 0.2
721, 4836.0, 8, 6.698060941828255, 0.2
722, 4841.0, 5, 6.695712309820194, 0.2
723, 4846.0, 5, 6.693370165745856, 0.2
724, 4852.0, 6, 6.692413793103448, 0.2
725, 4859.0, 7, 6.692837465564739, 0.2
726, 4865.0, 6, 6.691884456671252, 0.2
727, 4871.0, 6, 6.690934065934066, 0.2
728, 4877.0, 6, 6.689986282578875, 0.2
729, 4880.0, 3, 6.684931506849315, 0.2
730, 4887.0, 7, 6.685362517099863, 0.2
731, 4894.0, 7, 6.685792349726776, 0.2
732, 4899.0, 5, 6.683492496589359, 0.2
733, 4906.0, 7, 6.683923705722071, 0.2
734, 4912.0, 6, 6.682993197278911, 0.2
735, 4918.0, 6, 6.682065217391305, 0.2
736, 4926.0, 8, 6.683853459972863, 0.2
737, 4926.0, 0, 6.67479674796748, 0.2
738, 4926.0, 0, 6.665764546684709, 0.2
739, 4934.0, 8, 6.667567567567567, 0.2
740, 4941.0, 7, 6.668016194331984, 0.2
741, 4948.0, 7, 6.668463611859838, 0.2
742, 4954.0, 6, 6.667563930013459, 0.2
743, 4959.0, 5, 6.665322580645161, 0.2
744, 4965.0, 6, 6.6644295302013425, 0.2
745, 4973.0, 8, 6.666219839142091, 0.2
746, 4978.0, 5, 6.663989290495315, 0.2
747, 4984.0, 6, 6.663101604278075, 0.2
748, 4990.0, 6, 6.662216288384513, 0.2
749, 4996.0, 6, 6.661333333333333, 0.2
750, 5004.0, 8, 6.663115845539281, 0.2
751, 5009.0, 5, 6.660904255319149, 0.2
752, 5017.0, 8, 6.662682602921647, 0.2
753, 5023.0, 6, 6.661803713527852, 0.2
754, 5030.0, 7, 6.662251655629139, 0.2
755, 5030.0, 0, 6.6534391534391535, 0.2
756, 5037.0, 7, 6.653896961690885, 0.2
757, 5043.0, 6, 6.653034300791557, 0.2
758, 5051.0, 8, 6.654808959156785, 0.2
759, 5058.0, 7, 6.655263157894737, 0.2
760, 5066.0, 8, 6.657030223390276, 0.2
761, 5072.0, 6, 6.656167979002625, 0.2
762, 5079.0, 7, 6.656618610747051, 0.2
763, 5086.0, 7, 6.657068062827225, 0.2
764, 5094.0, 8, 6.658823529411765, 0.2
765, 5102.0, 8, 6.660574412532637, 0.2
766, 5102.0, 0, 6.651890482398957, 0.2
767, 5108.0, 6, 6.651041666666667, 0.2
768, 5113.0, 5, 6.64889466840052, 0.2
769, 5120.0, 7, 6.64935064935065, 0.2
770, 5125.0, 5, 6.647211413748379, 0.2
771, 5131.0, 6, 6.646373056994818, 0.2
772, 5138.0, 7, 6.646830530401035, 0.2
773, 5145.0, 7, 6.647286821705427, 0.2
774, 5151.0, 6, 6.646451612903226, 0.2
775, 5155.0, 4, 6.643041237113402, 0.2
776, 5161.0, 6, 6.642213642213642, 0.2
777, 5168.0, 7, 6.6426735218509, 0.2
778, 5173.0, 5, 6.640564826700898, 0.2
779, 5179.0, 6, 6.63974358974359, 0.2
780, 5186.0, 7, 6.640204865556978, 0.2
781, 5194.0, 8, 6.641943734015345, 0.2
782, 5199.0, 5, 6.639846743295019, 0.2
783, 5203.0, 4, 6.636479591836735, 0.2
784, 5208.0, 5, 6.634394904458599, 0.2
785, 5211.0, 3, 6.629770992366412, 0.2
786, 5218.0, 7, 6.630241423125794, 0.2
787, 5225.0, 7, 6.630710659898477, 0.2
788, 5231.0, 6, 6.629911280101394, 0.2
789, 5237.0, 6, 6.629113924050633, 0.2
790, 5243.0, 6, 6.628318584070796, 0.2
791, 5248.0, 5, 6.626262626262626, 0.2
792, 5255.0, 7, 6.626733921815889, 0.2
793, 5261.0, 6, 6.6259445843828715, 0.2
794, 5268.0, 7, 6.626415094339623, 0.2
795, 5275.0, 7, 6.626884422110553, 0.2
796, 5282.0, 7, 6.627352572145546, 0.2
797, 5290.0, 8, 6.629072681704261, 0.2
798, 5297.0, 7, 6.629536921151439, 0.2
799, 5301.0, 4, 6.62625, 0.2
800, 5307.0, 6, 6.6254681647940075, 0.2
801, 5313.0, 6, 6.624688279301745, 0.2
802, 5319.0, 6, 6.623910336239104, 0.2
803, 5326.0, 7, 6.624378109452737, 0.2
804, 5330.0, 4, 6.62111801242236, 0.2
805, 5337.0, 7, 6.621588089330025, 0.2
806, 5342.0, 5, 6.619578686493185, 0.2
807, 5345.0, 3, 6.61509900990099, 0.2
808, 5351.0, 6, 6.61433868974042, 0.2
809, 5354.0, 3, 6.609876543209877, 0.2
810, 5361.0, 7, 6.61035758323058, 0.2
811, 5367.0, 6, 6.609605911330049, 0.2
812, 5370.0, 3, 6.605166051660516, 0.2
813, 5376.0, 6, 6.604422604422604, 0.2
814, 5382.0, 6, 6.603680981595092, 0.2
815, 5387.0, 5, 6.60171568627451, 0.2
816, 5394.0, 7, 6.602203182374541, 0.2
817, 5401.0, 7, 6.602689486552567, 0.2
818, 5409.0, 8, 6.604395604395604, 0.2
819, 5414.0, 5, 6.602439024390244, 0.2
820, 5420.0, 6, 6.601705237515225, 0.2
821, 5426.0, 6, 6.600973236009732, 0.2
822, 5431.0, 5, 6.59902794653706, 0.2
823, 5437.0, 6, 6.598300970873787, 0.2
824, 5443.0, 6, 6.597575757575758, 0.2
825, 5449.0, 6, 6.596852300242131, 0.2
826, 5454.0, 5, 6.594921402660217, 0.2
827, 5460.0, 6, 6.594202898550725, 0.2
828, 5467.0, 7, 6.594692400482509, 0.2
829, 5475.0, 8, 6.596385542168675, 0.2
830, 5481.0, 6, 6.595667870036101, 0.2
831, 5486.0, 5, 6.59375, 0.2
832, 5491.0, 5, 6.591836734693878, 0.2
833, 5497.0, 6, 6.591127098321343, 0.2
834, 5504.0, 7, 6.591616766467066, 0.2
835, 5511.0, 7, 6.592105263157895, 0.2
836, 5519.0, 8, 6.593787335722819, 0.2
837, 5519.0, 0, 6.585918854415274, 0.2
838, 5526.0, 7, 6.586412395709178, 0.2
839, 5532.0, 6, 6.585714285714285, 0.2
840, 5538.0, 6, 6.585017835909631, 0.2
841, 5545.0, 7, 6.585510688836105, 0.2
842, 5552.0, 7, 6.586002372479241, 0.2
843, 5559.0, 7, 6.5864928909952605, 0.2
844, 5566.0, 7, 6.58698224852071, 0.2
845, 5573.0, 7, 6.587470449172577, 0.2
846, 5579.0, 6, 6.586776859504132, 0.2
847, 5583.0, 4, 6.58372641509434, 0.2
848, 5590.0, 7, 6.5842167255594815, 0.2
849, 5598.0, 8, 6.5858823529411765, 0.2
850, 5605.0, 7, 6.586368977673326, 0.2
851, 5608.0, 3, 6.582159624413146, 0.2
852, 5612.0, 4, 6.579132473622509, 0.2
853, 5619.0, 7, 6.5796252927400465, 0.2
854, 5627.0, 8, 6.5812865497076025, 0.2
855, 5634.0, 7, 6.581775700934579, 0.2
856, 5642.0, 8, 6.58343057176196, 0.2
857, 5647.0, 5, 6.581585081585081, 0.2
858, 5654.0, 7, 6.582072176949942, 0.2
859, 5660.0, 6, 6.5813953488372094, 0.2
860, 5667.0, 7, 6.581881533101045, 0.2
861, 5673.0, 6, 6.581206496519721, 0.2
862, 5679.0, 6, 6.58053302433372, 0.2
863, 5687.0, 8, 6.582175925925926, 0.2
864, 5693.0, 6, 6.58150289017341, 0.2
865, 5699.0, 6, 6.580831408775982, 0.2
866, 5701.0, 2, 6.575547866205306, 0.2
867, 5707.0, 6, 6.574884792626728, 0.2
868, 5715.0, 8, 6.576524741081703, 0.2
869, 5722.0, 7, 6.577011494252874, 0.2
870, 5730.0, 8, 6.578645235361654, 0.2
871, 5736.0, 6, 6.577981651376147, 0.2
872, 5744.0, 8, 6.579610538373425, 0.2
873, 5747.0, 3, 6.575514874141876, 0.2
874, 5754.0, 7, 6.576, 0.2
875, 5760.0, 6, 6.575342465753424, 0.2
876, 5765.0, 5, 6.573546180159635, 0.2
877, 5771.0, 6, 6.572892938496583, 0.2
878, 5778.0, 7, 6.573378839590443, 0.2
879, 5779.0, 1, 6.567045454545455, 0.2
880, 5785.0, 6, 6.566401816118048, 0.2
881, 5792.0, 7, 6.566893424036281, 0.2
882, 5796.0, 4, 6.563986409966025, 0.2
883, 5801.0, 5, 6.5622171945701355, 0.2
884, 5805.0, 4, 6.559322033898305, 0.2
885, 5811.0, 6, 6.558690744920993, 0.2
886, 5817.0, 6, 6.558060879368658, 0.2
887, 5823.0, 6, 6.5574324324324325, 0.2
888, 5829.0, 6, 6.556805399325085, 0.2
889, 5836.0, 7, 6.557303370786517, 0.2
890, 5843.0, 7, 6.557800224466891, 0.2
891, 5851.0, 8, 6.559417040358745, 0.2
892, 5856.0, 5, 6.557670772676372, 0.2
893, 5862.0, 6, 6.557046979865772, 0.2
894, 5869.0, 7, 6.557541899441341, 0.2
895, 5873.0, 4, 6.5546875, 0.2
896, 5875.0, 2, 6.549609810479375, 0.2
897, 5883.0, 8, 6.551224944320713, 0.2
898, 5890.0, 7, 6.551724137931035, 0.2
899, 5897.0, 7, 6.552222222222222, 0.2
900, 5903.0, 6, 6.551609322974473, 0.2
901, 5908.0, 5, 6.549889135254989, 0.2
902, 5914.0, 6, 6.549280177187154, 0.2
903, 5922.0, 8, 6.550884955752212, 0.2
904, 5929.0, 7, 6.551381215469613, 0.2
905, 5936.0, 7, 6.551876379690949, 0.2
906, 5942.0, 6, 6.551267916207276, 0.2
907, 5944.0, 2, 6.546255506607929, 0.2
908, 5948.0, 4, 6.543454345434544, 0.2
909, 5955.0, 7, 6.543956043956044, 0.2
910, 5962.0, 7, 6.544456641053787, 0.2
911, 5970.0, 8, 6.546052631578948, 0.2
912, 5976.0, 6, 6.545454545454546, 0.2
913, 5983.0, 7, 6.5459518599562365, 0.2
914, 5990.0, 7, 6.546448087431694, 0.2
915, 5996.0, 6, 6.545851528384279, 0.2
916, 6002.0, 6, 6.54525627044711, 0.2
917, 6010.0, 8, 6.546840958605665, 0.2
918, 6017.0, 7, 6.547334058759521, 0.2
919, 6025.0, 8, 6.548913043478261, 0.2
920, 6032.0, 7, 6.549402823018458, 0.2
921, 6040.0, 8, 6.550976138828633, 0.2
922, 6047.0, 7, 6.5514626218851575, 0.2
923, 6053.0, 6, 6.550865800865801, 0.2
924, 6059.0, 6, 6.55027027027027, 0.2
925, 6066.0, 7, 6.550755939524838, 0.2
926, 6071.0, 5, 6.5490830636461705, 0.2
927, 6078.0, 7, 6.549568965517241, 0.2
928, 6085.0, 7, 6.55005382131324, 0.2
929, 6091.0, 6, 6.549462365591398, 0.2
930, 6097.0, 6, 6.548872180451128, 0.2
931, 6102.0, 5, 6.547210300429184, 0.2
932, 6110.0, 8, 6.54876741693462, 0.2
933, 6116.0, 6, 6.548179871520342, 0.2
934, 6124.0, 8, 6.549732620320856, 0.2
935, 6132.0, 8, 6.551282051282051, 0.2
936, 6138.0, 6, 6.550693703308431, 0.2
937, 6146.0, 8, 6.552238805970149, 0.2
938, 6152.0, 6, 6.551650692225772, 0.2
939, 6158.0, 6, 6.551063829787234, 0.2
940, 6158.0, 0, 6.544102019128586, 0.2
941, 6164.0, 6, 6.543524416135881, 0.2
942, 6172.0, 8, 6.545068928950159, 0.2
943, 6179.0, 7, 6.545550847457627, 0.2
944, 6186.0, 7, 6.546031746031746, 0.2
945, 6192.0, 6, 6.545454545454546, 0.2
946, 6197.0, 5, 6.543822597676875, 0.2
947, 6203.0, 6, 6.543248945147679, 0.2
948, 6210.0, 7, 6.543730242360379, 0.2
949, 6215.0, 5, 6.542105263157895, 0.2
950, 6219.0, 4, 6.539432176656152, 0.2
951, 6227.0, 8, 6.540966386554622, 0.2
952, 6234.0, 7, 6.541448058761805, 0.2
953, 6241.0, 7, 6.5419287211740045, 0.2
954, 6247.0, 6, 6.541361256544502, 0.2
955, 6254.0, 7, 6.541841004184101, 0.2
956, 6261.0, 7, 6.5423197492163006, 0.2
957, 6267.0, 6, 6.541753653444676, 0.2
958, 6272.0, 5, 6.54014598540146, 0.2
959, 6279.0, 7, 6.540625, 0.2
960, 6279.0, 0, 6.533818938605619, 0.2
961, 6284.0, 5, 6.532224532224532, 0.2
962, 6291.0, 7, 6.5327102803738315, 0.2
963, 6292.0, 1, 6.526970954356846, 0.2
964, 6299.0, 7, 6.527461139896373, 0.2
965, 6306.0, 7, 6.527950310559007, 0.2
966, 6312.0, 6, 6.527404343329886, 0.2
967, 6319.0, 7, 6.527892561983471, 0.2
968, 6326.0, 7, 6.5283797729618165, 0.2
969, 6331.0, 5, 6.52680412371134, 0.2
970, 6339.0, 8, 6.52832131822863, 0.2
971, 6347.0, 8, 6.529835390946502, 0.2
972, 6355.0, 8, 6.531346351490236, 0.2
973, 6362.0, 7, 6.531827515400411, 0.2
974, 6368.0, 6, 6.5312820512820515, 0.2
975, 6374.0, 6, 6.530737704918033, 0.2
976, 6380.0, 6, 6.530194472876151, 0.2
977, 6386.0, 6, 6.529652351738242, 0.2
978, 6394.0, 8, 6.531154239019408, 0.2
979, 6396.0, 2, 6.526530612244898, 0.2
980, 6402.0, 6, 6.525993883792049, 0.2
981, 6408.0, 6, 6.525458248472505, 0.2
982, 6414.0, 6, 6.524923702950153, 0.2
983, 6420.0, 6, 6.524390243902439, 0.2
984, 6420.0, 0, 6.517766497461929, 0.2
985, 6427.0, 7, 6.5182555780933065, 0.2
986, 6428.0, 1, 6.512664640324215, 0.2
987, 6435.0, 7, 6.5131578947368425, 0.2
988, 6440.0, 5, 6.511627906976744, 0.2
989, 6445.0, 5, 6.51010101010101, 0.2
990, 6451.0, 6, 6.509586276488395, 0.2
991, 6455.0, 4, 6.507056451612903, 0.2
992, 6461.0, 6, 6.506545820745217, 0.2
993, 6469.0, 8, 6.50804828973843, 0.2
994, 6477.0, 8, 6.509547738693468, 0.2
995, 6484.0, 7, 6.51004016064257, 0.2
996, 6492.0, 8, 6.511534603811434, 0.2
997, 6498.0, 6, 6.511022044088176, 0.2
998, 6503.0, 5, 6.50950950950951, 0.2
999, 6507.0, 4, 6.507, 0.2
1000, 6512.0, 5, 6.5054945054945055, 0.2
1001, 6520.0, 8, 6.506986027944111, 0.2
1002, 6526.0, 6, 6.506480558325025, 0.2
1003, 6533.0, 7, 6.506972111553785, 0.2
1004, 6540.0, 7, 6.507462686567164, 0.2
1005, 6546.0, 6, 6.506958250497018, 0.2
1006, 6546.0, 0, 6.500496524329692, 0.2
1007, 6553.0, 7, 6.500992063492063, 0.2
1008, 6560.0, 7, 6.501486620416253, 0.2
1009, 6568.0, 8, 6.5029702970297025, 0.2
1010, 6569.0, 1, 6.497527200791295, 0.2
1011, 6577.0, 8, 6.49901185770751, 0.2
1012, 6582.0, 5, 6.497532082922014, 0.2
1013, 6589.0, 7, 6.498027613412229, 0.2
1014, 6597.0, 8, 6.499507389162561, 0.2
1015, 6605.0, 8, 6.500984251968504, 0.2
1016, 6610.0, 5, 6.499508357915437, 0.2
1017, 6618.0, 8, 6.50098231827112, 0.2
1018, 6625.0, 7, 6.5014720314033365, 0.2
1019, 6625.0, 0, 6.495098039215686, 0.2
1020, 6632.0, 7, 6.495592556317336, 0.2
1021, 6639.0, 7, 6.496086105675147, 0.2
1022, 6646.0, 7, 6.496578690127077, 0.2
1023, 6649.0, 3, 6.4931640625, 0.2
1024, 6655.0, 6, 6.492682926829269, 0.2
1025, 6658.0, 3, 6.489278752436647, 0.2
1026, 6666.0, 8, 6.490749756572542, 0.2
1027, 6673.0, 7, 6.4912451361867705, 0.2
1028, 6679.0, 6, 6.4907677356656945, 0.2
1029, 6687.0, 8, 6.4922330097087375, 0.2
1030, 6694.0, 7, 6.492725509214355, 0.2
1031, 6701.0, 7, 6.493217054263566, 0.2
1032, 6708.0, 7, 6.493707647628267, 0.2
1033, 6716.0, 8, 6.4951644100580275, 0.2
1034, 6723.0, 7, 6.495652173913044, 0.2
1035, 6730.0, 7, 6.496138996138996, 0.2
1036, 6738.0, 8, 6.497589199614272, 0.2
1037, 6743.0, 5, 6.496146435452794, 0.2
1038, 6749.0, 6, 6.495668912415784, 0.2
1039, 6752.0, 3, 6.492307692307692, 0.2
1040, 6755.0, 3, 6.48895292987512, 0.2
1041, 6761.0, 6, 6.4884836852207295, 0.2
1042, 6765.0, 4, 6.486097794822627, 0.2
1043, 6768.0, 3, 6.482758620689655, 0.2
1044, 6775.0, 7, 6.483253588516747, 0.2
1045, 6781.0, 6, 6.482791586998088, 0.2
1046, 6787.0, 6, 6.482330468003821, 0.2
1047, 6795.0, 8, 6.483778625954199, 0.2
1048, 6800.0, 5, 6.482364156339371, 0.2
1049, 6807.0, 7, 6.482857142857143, 0.2
1050, 6810.0, 3, 6.479543292102759, 0.2
1051, 6817.0, 7, 6.480038022813688, 0.2
1052, 6820.0, 3, 6.47673314339981, 0.2
1053, 6825.0, 5, 6.475332068311196, 0.2
1054, 6831.0, 6, 6.474881516587677, 0.2
1055, 6832.0, 1, 6.46969696969697, 0.2
1056, 6838.0, 6, 6.469252601702933, 0.2
1057, 6846.0, 8, 6.47069943289225, 0.2
1058, 6851.0, 5, 6.469310670443815, 0.2
1059, 6856.0, 5, 6.467924528301887, 0.2
1060, 6861.0, 5, 6.466540999057493, 0.2
1061, 6868.0, 7, 6.467043314500942, 0.2
1062, 6874.0, 6, 6.466603951081844, 0.2
1063, 6879.0, 5, 6.465225563909774, 0.2
1064, 6886.0, 7, 6.465727699530516, 0.2
1065, 6894.0, 8, 6.467166979362101, 0.2
1066, 6900.0, 6, 6.4667291471415185, 0.2
1067, 6905.0, 5, 6.465355805243446, 0.2
1068, 6907.0, 2, 6.461178671655753, 0.2
1069, 6912.0, 5, 6.45981308411215, 0.2
1070, 6917.0, 5, 6.458450046685341, 0.2
1071, 6923.0, 6, 6.458022388059701, 0.2
1072, 6927.0, 4, 6.4557315936626285, 0.2
1073, 6931.0, 4, 6.453445065176909, 0.2
1074, 6938.0, 7, 6.453953488372093, 0.2
1075, 6941.0, 3, 6.450743494423792, 0.2
1076, 6947.0, 6, 6.450324976787372, 0.2
1077, 6947.0, 0, 6.444341372912802, 0.2
1078, 6954.0, 7, 6.444856348470807, 0.2
1079, 6960.0, 6, 6.444444444444445, 0.2
1080, 6967.0, 7, 6.444958371877891, 0.2
1081, 6972.0, 5, 6.44362292051756, 0.2
1082, 6978.0, 6, 6.443213296398892, 0.2
1083, 6985.0, 7, 6.443726937269373, 0.2
1084, 6991.0, 6, 6.44331797235023, 0.2
1085, 6995.0, 4, 6.441068139963168, 0.2
1086, 7000.0, 5, 6.439742410303588, 0.2
1087, 7007.0, 7, 6.440257352941177, 0.2
1088, 7014.0, 7, 6.440771349862259, 0.2
1089, 7018.0, 4, 6.438532110091743, 0.2
1090, 7024.0, 6, 6.438130155820348, 0.2
1091, 7032.0, 8, 6.43956043956044, 0.2
1092, 7040.0, 8, 6.440988106129917, 0.2
1093, 7047.0, 7, 6.441499085923217, 0.2
1094, 7054.0, 7, 6.442009132420091, 0.2
1095, 7061.0, 7, 6.442518248175182, 0.2
1096, 7067.0, 6, 6.442114858705561, 0.2
1097, 7068.0, 1, 6.437158469945355, 0.2
1098, 7074.0, 6, 6.436760691537762, 0.2
1099, 7080.0, 6, 6.4363636363636365, 0.2
1100, 7085.0, 5, 6.435059037238874, 0.2
1101, 7091.0, 6, 6.4346642468239565, 0.2
1102, 7095.0, 4, 6.4324569356301, 0.2
1103, 7100.0, 5, 6.431159420289855, 0.2
1104, 7107.0, 7, 6.431674208144797, 0.2
1105, 7111.0, 4, 6.429475587703436, 0.2
1106, 7118.0, 7, 6.429990966576333, 0.2
1107, 7123.0, 5, 6.42870036101083, 0.2
1108, 7130.0, 7, 6.429215509467989, 0.2
1109, 7136.0, 6, 6.428828828828829, 0.2
1110, 7144.0, 8, 6.43024302430243, 0.2
1111, 7150.0, 6, 6.429856115107913, 0.2
1112, 7158.0, 8, 6.431266846361186, 0.2
1113, 7164.0, 6, 6.430879712746858, 0.2
1114, 7171.0, 7, 6.431390134529148, 0.2
1115, 7176.0, 5, 6.43010752688172, 0.2
1116, 7183.0, 7, 6.430617726051925, 0.2
1117, 7191.0, 8, 6.432021466905188, 0.2
1118, 7197.0, 6, 6.431635388739946, 0.2
1119, 7205.0, 8, 6.433035714285714, 0.2
1120, 7212.0, 7, 6.433541480820696, 0.2
1121, 7213.0, 1, 6.428698752228164, 0.2
1122, 7220.0, 7, 6.429207479964381, 0.2
1123, 7226.0, 6, 6.4288256227758005, 0.2
1124, 7232.0, 6, 6.428444444444445, 0.2
1125, 7240.0, 8, 6.429840142095915, 0.2
1126, 7241.0, 1, 6.425022182786158, 0.2
1127, 7249.0, 8, 6.426418439716312, 0.2
1128, 7256.0, 7, 6.426926483613817, 0.2
1129, 7262.0, 6, 6.426548672566372, 0.2
1130, 7269.0, 7, 6.427055702917772, 0.2
1131, 7276.0, 7, 6.427561837455831, 0.2
1132, 7283.0, 7, 6.428067078552515, 0.2
1133, 7289.0, 6, 6.427689594356261, 0.2
1134, 7295.0, 6, 6.427312775330397, 0.2
1135, 7301.0, 6, 6.42693661971831, 0.2
1136, 7303.0, 2, 6.423043095866315, 0.2
1137, 7308.0, 5, 6.421792618629174, 0.2
1138, 7309.0, 1, 6.417032484635645, 0.2
1139, 7315.0, 6, 6.416666666666667, 0.2
1140, 7320.0, 5, 6.415425065731815, 0.2
1141, 7325.0, 5, 6.414185639229422, 0.2
1142, 7331.0, 6, 6.413823272090989, 0.2
1143, 7335.0, 4, 6.411713286713287, 0.2
1144, 7341.0, 6, 6.411353711790393, 0.2
1145, 7348.0, 7, 6.4118673647469455, 0.2
1146, 7351.0, 3, 6.408892763731473, 0.2
1147, 7357.0, 6, 6.408536585365853, 0.2
1148, 7360.0, 3, 6.405570060922542, 0.2
1149, 7367.0, 7, 6.406086956521739, 0.2
1150, 7370.0, 3, 6.403127715030409, 0.2
1151, 7374.0, 4, 6.401041666666667, 0.2
1152, 7381.0, 7, 6.401561144839549, 0.2
1153, 7386.0, 5, 6.400346620450606, 0.2
1154, 7392.0, 6, 6.4, 0.2
1155, 7397.0, 5, 6.39878892733564, 0.2
1156, 7405.0, 8, 6.400172860847018, 0.2
1157, 7411.0, 6, 6.399827288428325, 0.2
1158, 7418.0, 7, 6.400345125107852, 0.2
1159, 7423.0, 5, 6.399137931034483, 0.2
1160, 7424.0, 1, 6.394487510766581, 0.2
1161, 7429.0, 5, 6.39328743545611, 0.2
1162, 7434.0, 5, 6.392089423903697, 0.2
1163, 7434.0, 0, 6.38659793814433, 0.2
1164, 7439.0, 5, 6.385407725321889, 0.2
1165, 7447.0, 8, 6.386792452830188, 0.2
1166, 7454.0, 7, 6.387317909168809, 0.2
1167, 7461.0, 7, 6.387842465753424, 0.2
1168, 7467.0, 6, 6.387510692899914, 0.2
1169, 7473.0, 6, 6.387179487179488, 0.2
1170, 7481.0, 8, 6.388556789069171, 0.2
1171, 7489.0, 8, 6.389931740614334, 0.2
1172, 7496.0, 7, 6.390451832907076, 0.2
1173, 7503.0, 7, 6.390971039182283, 0.2
1174, 7510.0, 7, 6.391489361702128, 0.2
1175, 7515.0, 5, 6.39030612244898, 0.2
1176, 7521.0, 6, 6.3899745114698385, 0.2
1177, 7526.0, 5, 6.388794567062818, 0.2
1178, 7531.0, 5, 6.387616624257846, 0.2
1179, 7537.0, 6, 6.38728813559322, 0.2
1180, 7542.0, 5, 6.386113463166808, 0.2
1181, 7550.0, 8, 6.387478849407783, 0.2
1182, 7557.0, 7, 6.3879966187658495, 0.2
1183, 7562.0, 5, 6.386824324324325, 0.2
1184, 7568.0, 6, 6.386497890295359, 0.2
1185, 7574.0, 6, 6.386172006745363, 0.2
1186, 7582.0, 8, 6.387531592249368, 0.2
1187, 7586.0, 4, 6.385521885521886, 0.2
1188, 7592.0, 6, 6.3851976450798995, 0.2
1189, 7598.0, 6, 6.384873949579832, 0.2
1190, 7604.0, 6, 6.384550797649035, 0.2
1191, 7608.0, 4, 6.382550335570469, 0.2
1192, 7615.0, 7, 6.383067896060352, 0.2
1193, 7616.0, 1, 6.3785594639865995, 0.2
1194, 7624.0, 8, 6.379916317991632, 0.2
1195, 7629.0, 5, 6.37876254180602, 0.2
1196, 7635.0, 6, 6.37844611528822, 0.2
1197, 7642.0, 7, 6.378964941569282, 0.2
1198, 7650.0, 8, 6.380316930775646, 0.2
1199, 7657.0, 7, 6.380833333333333, 0.2
1200, 7665.0, 8, 6.38218151540383, 0.2
1201, 7671.0, 6, 6.381863560732113, 0.2
1202, 7672.0, 1, 6.377389858686617, 0.2
1203, 7679.0, 7, 6.377906976744186, 0.2
1204, 7686.0, 7, 6.378423236514523, 0.2
1205, 7694.0, 8, 6.3797678275290215, 0.2
1206, 7701.0, 7, 6.380281690140845, 0.2
1207, 7702.0, 1, 6.375827814569536, 0.2
1208, 7708.0, 6, 6.375516956162118, 0.2
1209, 7712.0, 4, 6.373553719008265, 0.2
1210, 7712.0, 0, 6.3682906688687035, 0.2
1211, 7718.0, 6, 6.367986798679868, 0.2
1212, 7723.0, 5, 6.366859027205276, 0.2
1213, 7724.0, 1, 6.362438220757825, 0.2
1214, 7732.0, 8, 6.363786008230453, 0.2
1215, 7740.0, 8, 6.365131578947368, 0.2
1216, 7746.0, 6, 6.364831552999179, 0.2
1217, 7751.0, 5, 6.363711001642036, 0.2
1218, 7752.0, 1, 6.359310910582445, 0.2
1219, 7755.0, 3, 6.35655737704918, 0.2
1220, 7760.0, 5, 6.355446355446356, 0.2
1221, 7766.0, 6, 6.355155482815057, 0.2
1222, 7772.0, 6, 6.354865085854456, 0.2
1223, 7778.0, 6, 6.354575163398692, 0.2
1224, 7782.0, 4, 6.35265306122449, 0.2
1225, 7789.0, 7, 6.353181076672104, 0.2
1226, 7796.0, 7, 6.3537082314588424, 0.2
1227, 7802.0, 6, 6.35342019543974, 0.2
1228, 7808.0, 6, 6.35313262815297, 0.2
1229, 7812.0, 4, 6.351219512195122, 0.2
1230, 7819.0, 7, 6.35174654752234, 0.2
1231, 7825.0, 6, 6.351461038961039, 0.2
1232, 7833.0, 8, 6.35279805352798, 0.2
1233, 7838.0, 5, 6.351701782820097, 0.2
1234, 7844.0, 6, 6.351417004048583, 0.2
1235, 7851.0, 7, 6.351941747572815, 0.2
1236, 7857.0, 6, 6.351657235246564, 0.2
1237, 7864.0, 7, 6.352180936995153, 0.2
1238, 7869.0, 5, 6.351089588377724, 0.2
1239, 7877.0, 8, 6.35241935483871, 0.2
1240, 7884.0, 7, 6.352941176470588, 0.2
1241, 7889.0, 5, 6.351851851851852, 0.2
1242, 7896.0, 7, 6.352373290426388, 0.2
1243, 7902.0, 6, 6.352090032154341, 0.2
1244, 7908.0, 6, 6.351807228915662, 0.2
1245, 7915.0, 7, 6.352327447833066, 0.2
1246, 7922.0, 7, 6.352846832397755, 0.2
1247, 7928.0, 6, 6.352564102564102, 0.2
1248, 7934.0, 6, 6.352281825460368, 0.2
1249, 7938.0, 4, 6.3504, 0.2
1250, 7945.0, 7, 6.350919264588329, 0.2
1251, 7952.0, 7, 6.3514376996805115, 0.2
1252, 7956.0, 4, 6.349561053471668, 0.2
1253, 7963.0, 7, 6.350079744816587, 0.2
1254, 7968.0, 5, 6.349003984063745, 0.2
1255, 7975.0, 7, 6.349522292993631, 0.2
1256, 7982.0, 7, 6.350039777247415, 0.2
1257, 7983.0, 1, 6.345786963434022, 0.2
1258, 7990.0, 7, 6.3463065925337565, 0.2
1259, 7994.0, 4, 6.344444444444444, 0.2
1260, 8000.0, 6, 6.3441712926249005, 0.2
1261, 8007.0, 7, 6.344690966719493, 0.2
1262, 8013.0, 6, 6.344418052256532, 0.2
1263, 8019.0, 6, 6.344145569620253, 0.2
1264, 8025.0, 6, 6.3438735177865615, 0.2
1265, 8031.0, 6, 6.343601895734597, 0.2
1266, 8038.0, 7, 6.344119968429361, 0.2
1267, 8046.0, 8, 6.3454258675078865, 0.2
1268, 8053.0, 7, 6.345941686367218, 0.2
1269, 8059.0, 6, 6.345669291338583, 0.2
1270, 8063.0, 4, 6.343823760818253, 0.2
1271, 8069.0, 6, 6.343553459119497, 0.2
1272, 8075.0, 6, 6.343283582089552, 0.2
1273, 8082.0, 7, 6.343799058084772, 0.2
1274, 8083.0, 1, 6.339607843137255, 0.2
1275, 8087.0, 4, 6.337774294670846, 0.2
1276, 8094.0, 7, 6.338292873923257, 0.2
1277, 8102.0, 8, 6.339593114241001, 0.2
1278, 8109.0, 7, 6.340109460516028, 0.2
1279, 8116.0, 7, 6.340625, 0.2
1280, 8124.0, 8, 6.34192037470726, 0.2
1281, 8124.0, 0, 6.336973478939157, 0.2
1282, 8131.0, 7, 6.337490257209665, 0.2
1283, 8135.0, 4, 6.335669781931464, 0.2
1284, 8143.0, 8, 6.336964980544747, 0.2
1285, 8149.0, 6, 6.336702954898912, 0.2
1286, 8154.0, 5, 6.335664335664336, 0.2
1287, 8162.0, 8, 6.336956521739131, 0.2
1288, 8165.0, 3, 6.334367726920093, 0.2
1289, 8171.0, 6, 6.334108527131783, 0.2
1290, 8178.0, 7, 6.3346243222308285, 0.2
1291, 8179.0, 1, 6.330495356037152, 0.2
1292, 8187.0, 8, 6.3317865429234335, 0.2
1293, 8189.0, 2, 6.328438948995363, 0.2
1294, 8191.0, 2, 6.325096525096525, 0.2
1295, 8199.0, 8, 6.326388888888889, 0.2
1296, 8206.0, 7, 6.326908249807247, 0.2
1297, 8210.0, 4, 6.325115562403698, 0.2
1298, 8212.0, 2, 6.321785989222479, 0.2
1299, 8218.0, 6, 6.321538461538461, 0.2
1300, 8222.0, 4, 6.319754035357417, 0.2
1301, 8227.0, 5, 6.318740399385561, 0.2
1302, 8233.0, 6, 6.318495778971604, 0.2
1303, 8240.0, 7, 6.319018404907975, 0.2
1304, 8246.0, 6, 6.318773946360153, 0.2
1305, 8254.0, 8, 6.320061255742726, 0.2
1306, 8261.0, 7, 6.320581484315226, 0.2
1307, 8268.0, 7, 6.321100917431193, 0.2
1308, 8276.0, 8, 6.322383498854087, 0.2
1309, 8283.0, 7, 6.322900763358779, 0.2
1310, 8289.0, 6, 6.322654462242563, 0.2
1311, 8294.0, 5, 6.321646341463414, 0.2
1312, 8298.0, 4, 6.31987814166032, 0.2
1313, 8303.0, 5, 6.318873668188736, 0.2
1314, 8310.0, 7, 6.319391634980988, 0.2
1315, 8317.0, 7, 6.319908814589666, 0.2
1316, 8323.0, 6, 6.319665907365224, 0.2
1317, 8330.0, 7, 6.320182094081942, 0.2
1318, 8337.0, 7, 6.320697498104625, 0.2
1319, 8344.0, 7, 6.321212121212121, 0.2
1320, 8352.0, 8, 6.322482967448902, 0.2
1321, 8359.0, 7, 6.322995461422088, 0.2
1322, 8366.0, 7, 6.323507180650037, 0.2
1323, 8372.0, 6, 6.323262839879154, 0.2
1324, 8379.0, 7, 6.32377358490566, 0.2
1325, 8385.0, 6, 6.323529411764706, 0.2
1326, 8389.0, 4, 6.321778447626224, 0.2
1327, 8395.0, 6, 6.321536144578313, 0.2
1328, 8402.0, 7, 6.322046651617757, 0.2
1329, 8406.0, 4, 6.320300751879699, 0.2
1330, 8406.0, 0, 6.315552216378663, 0.2
1331, 8414.0, 8, 6.316816816816817, 0.2
1332, 8420.0, 6, 6.316579144786196, 0.2
1333, 8425.0, 5, 6.315592203898051, 0.2
1334, 8431.0, 6, 6.3153558052434455, 0.2
1335, 8437.0, 6, 6.315119760479042, 0.2
1336, 8442.0, 5, 6.31413612565445, 0.2
1337, 8446.0, 4, 6.312406576980568, 0.2
1338, 8454.0, 8, 6.313666915608663, 0.2
1339, 8461.0, 7, 6.314179104477612, 0.2
1340, 8467.0, 6, 6.313944817300522, 0.2
1341, 8475.0, 8, 6.315201192250373, 0.2
1342, 8479.0, 4, 6.313477289650037, 0.2
1343, 8482.0, 3, 6.311011904761905, 0.2
1344, 8490.0, 8, 6.312267657992565, 0.2
1345, 8493.0, 3, 6.309806835066865, 0.2
1346, 8501.0, 8, 6.311061618411284, 0.2
1347, 8506.0, 5, 6.310089020771513, 0.2
1348, 8514.0, 8, 6.311341734618236, 0.2
1349, 8519.0, 5, 6.310370370370371, 0.2
1350, 8523.0, 4, 6.308660251665433, 0.2
1351, 8530.0, 7, 6.309171597633136, 0.2
1352, 8535.0, 5, 6.308203991130821, 0.2
1353, 8540.0, 5, 6.307237813884786, 0.2
1354, 8548.0, 8, 6.3084870848708485, 0.2
1355, 8554.0, 6, 6.308259587020649, 0.2
1356, 8561.0, 7, 6.3087693441414885, 0.2
1357, 8567.0, 6, 6.308541973490427, 0.2
1358, 8575.0, 8, 6.309786607799853, 0.2
1359, 8575.0, 0, 6.305147058823529, 0.2
1360, 8580.0, 5, 6.3041880969875095, 0.2
1361, 8585.0, 5, 6.303230543318649, 0.2
1362, 8591.0, 6, 6.303008070432869, 0.2
1363, 8599.0, 8, 6.30425219941349, 0.2
1364, 8606.0, 7, 6.304761904761905, 0.2
1365, 8613.0, 7, 6.305270863836018, 0.2
1366, 8619.0, 6, 6.305047549378201, 0.2
1367, 8623.0, 4, 6.303362573099415, 0.2
1368, 8629.0, 6, 6.303140978816654, 0.2
1369, 8635.0, 6, 6.302919708029197, 0.2
1370, 8641.0, 6, 6.302698760029176, 0.2
1371, 8648.0, 7, 6.303206997084548, 0.2
1372, 8654.0, 6, 6.302986161689731, 0.2
1373, 8654.0, 0, 6.298398835516739, 0.2
1374, 8661.0, 7, 6.298909090909091, 0.2
1375, 8668.0, 7, 6.299418604651163, 0.2
1376, 8674.0, 6, 6.29920116194626, 0.2
1377, 8682.0, 8, 6.300435413642961, 0.2
1378, 8688.0, 6, 6.300217548948513, 0.2
1379, 8695.0, 7, 6.300724637681159, 0.2
1380, 8702.0, 7, 6.301230992034758, 0.2
1381, 8707.0, 5, 6.300289435600579, 0.2
1382, 8712.0, 5, 6.299349240780911, 0.2
1383, 8715.0, 3, 6.296965317919075, 0.2
1384, 8722.0, 7, 6.297472924187725, 0.2
1385, 8729.0, 7, 6.297979797979798, 0.2
1386, 8736.0, 7, 6.298485940879596, 0.2
1387, 8742.0, 6, 6.2982708933717575, 0.2
1388, 8749.0, 7, 6.298776097912167, 0.2
1389, 8756.0, 7, 6.299280575539568, 0.2
1390, 8762.0, 6, 6.299065420560748, 0.2
1391, 8764.0, 2, 6.295977011494253, 0.2
1392, 8770.0, 6, 6.295764536970567, 0.2
1393, 8776.0, 6, 6.295552367288379, 0.2
1394, 8784.0, 8, 6.296774193548387, 0.2
1395, 8784.0, 0, 6.292263610315186, 0.2
1396, 8790.0, 6, 6.292054402290622, 0.2
1397, 8797.0, 7, 6.292560801144492, 0.2
1398, 8804.0, 7, 6.2930664760543245, 0.2
1399, 8811.0, 7, 6.293571428571428, 0.2
1400, 8814.0, 3, 6.291220556745182, 0.2
1401, 8820.0, 6, 6.291012838801712, 0.2
1402, 8827.0, 7, 6.2915181753385605, 0.2
1403, 8835.0, 8, 6.292735042735043, 0.2
1404, 8840.0, 5, 6.291814946619217, 0.2
1405, 8847.0, 7, 6.292318634423897, 0.2
1406, 8853.0, 6, 6.292110874200427, 0.2
1407, 8861.0, 8, 6.293323863636363, 0.2
1408, 8867.0, 6, 6.2931156848828955, 0.2
1409, 8874.0, 7, 6.293617021276596, 0.2
1410, 8880.0, 6, 6.293408929836995, 0.2
1411, 8882.0, 2, 6.290368271954674, 0.2
1412, 8889.0, 7, 6.290870488322717, 0.2
1413, 8896.0, 7, 6.291371994342291, 0.2
1414, 8902.0, 6, 6.291166077738516, 0.2
1415, 8908.0, 6, 6.290960451977401, 0.2
1416, 8913.0, 5, 6.290049400141143, 0.2
1417, 8920.0, 7, 6.290550070521862, 0.2
1418, 8926.0, 6, 6.290345313601128, 0.2
1419, 8929.0, 3, 6.288028169014084, 0.2
1420, 8936.0, 7, 6.2885292047853625, 0.2
1421, 8944.0, 8, 6.289732770745429, 0.2
1422, 8952.0, 8, 6.290934645115952, 0.2
1423, 8959.0, 7, 6.291432584269663, 0.2
1424, 8965.0, 6, 6.291228070175438, 0.2
1425, 8972.0, 7, 6.291725105189341, 0.2
1426, 8979.0, 7, 6.292221443587946, 0.2
1427, 8987.0, 8, 6.293417366946779, 0.2
1428, 8993.0, 6, 6.293212036389083, 0.2
1429, 8998.0, 5, 6.292307692307692, 0.2
1430, 8998.0, 0, 6.287910552061495, 0.2
1431, 9004.0, 6, 6.287709497206704, 0.2
1432, 9011.0, 7, 6.2882065596650385, 0.2
1433, 9018.0, 7, 6.2887029288702925, 0.2
1434, 9025.0, 7, 6.289198606271777, 0.2
1435, 9033.0, 8, 6.290389972144847, 0.2
1436, 9039.0, 6, 6.290187891440501, 0.2
1437, 9046.0, 7, 6.290681502086231, 0.2
1438, 9046.0, 0, 6.286309937456567, 0.2
1439, 9049.0, 3, 6.284027777777778, 0.2
1440, 9052.0, 3, 6.281748785565579, 0.2
1441, 9058.0, 6, 6.281553398058253, 0.2
1442, 9066.0, 8, 6.282744282744282, 0.2
1443, 9073.0, 7, 6.283240997229917, 0.2
1444, 9077.0, 4, 6.281660899653979, 0.2
1445, 9084.0, 7, 6.282157676348548, 0.2
1446, 9090.0, 6, 6.281962681409813, 0.2
1447, 9096.0, 6, 6.281767955801105, 0.2
1448, 9103.0, 7, 6.282263630089717, 0.2
1449, 9109.0, 6, 6.282068965517241, 0.2
1450, 9110.0, 1, 6.27842866988284, 0.2
1451, 9117.0, 7, 6.278925619834711, 0.2
1452, 9123.0, 6, 6.278733654507914, 0.2
1453, 9128.0, 5, 6.277854195323246, 0.2
1454, 9131.0, 3, 6.275601374570447, 0.2
1455, 9137.0, 6, 6.275412087912088, 0.2
1456, 9138.0, 1, 6.271791352093342, 0.2
1457, 9144.0, 6, 6.271604938271605, 0.2
1458, 9150.0, 6, 6.271418779986292, 0.2
1459, 9157.0, 7, 6.271917808219178, 0.2
1460, 9163.0, 6, 6.271731690622861, 0.2
1461, 9163.0, 0, 6.267441860465116, 0.2
1462, 9170.0, 7, 6.267942583732057, 0.2
1463, 9177.0, 7, 6.26844262295082, 0.2
1464, 9182.0, 5, 6.267576791808874, 0.2
1465, 9188.0, 6, 6.267394270122783, 0.2
1466, 9193.0, 5, 6.2665303340149965, 0.2
1467, 9196.0, 3, 6.264305177111717, 0.2
1468, 9202.0, 6, 6.264125255275697, 0.2
1469, 9209.0, 7, 6.264625850340136, 0.2
1470, 9214.0, 5, 6.2637661454792655, 0.2
1471, 9221.0, 7, 6.264266304347826, 0.2
1472, 9226.0, 5, 6.263408010862186, 0.2
1473, 9230.0, 4, 6.2618724559023065, 0.2
1474, 9232.0, 2, 6.2589830508474575, 0.2
1475, 9240.0, 8, 6.260162601626016, 0.2
1476, 9247.0, 7, 6.260663507109005, 0.2
1477, 9254.0, 7, 6.2611637347767255, 0.2
1478, 9262.0, 8, 6.2623394185260315, 0.2
1479, 9268.0, 6, 6.262162162162162, 0.2
1480, 9272.0, 4, 6.260634706279541, 0.2
1481, 9277.0, 5, 6.259784075573549, 0.2
1482, 9283.0, 6, 6.259608900876602, 0.2
1483, 9286.0, 3, 6.257412398921833, 0.2
1484, 9292.0, 6, 6.257239057239057, 0.2
1485, 9298.0, 6, 6.257065948855989, 0.2
1486, 9303.0, 5, 6.256220578345663, 0.2
1487, 9310.0, 7, 6.256720430107527, 0.2
1488, 9316.0, 6, 6.256548018804567, 0.2
1489, 9323.0, 7, 6.2570469798657715, 0.2
1490, 9329.0, 6, 6.256874580818243, 0.2
1491, 9335.0, 6, 6.256702412868632, 0.2
1492, 9341.0, 6, 6.256530475552578, 0.2
1493, 9347.0, 6, 6.256358768406961, 0.2
1494, 9353.0, 6, 6.2561872909698995, 0.2
1495, 9358.0, 5, 6.255347593582887, 0.2
1496, 9364.0, 6, 6.255177020708083, 0.2
1497, 9372.0, 8, 6.25634178905207, 0.2
1498, 9374.0, 2, 6.253502334889927, 0.2
1499, 9381.0, 7, 6.254, 0.2
1500, 9384.0, 3, 6.251832111925383, 0.2
1501, 9392.0, 8, 6.2529960053262315, 0.2
1502, 9392.0, 0, 6.248835662009315, 0.2
1503, 9392.0, 0, 6.24468085106383, 0.2
1504, 9399.0, 7, 6.2451827242524915, 0.2
1505, 9404.0, 5, 6.244355909694555, 0.2
1506, 9411.0, 7, 6.244857332448573, 0.2
1507, 9417.0, 6, 6.244694960212201, 0.2
1508, 9425.0, 8, 6.2458581842279655, 0.2
1509, 9431.0, 6, 6.2456953642384105, 0.2
1510, 9436.0, 5, 6.244870946393117, 0.2
1511, 9436.0, 0, 6.2407407407407405, 0.2
1512, 9439.0, 3, 6.238598810310641, 0.2
1513, 9443.0, 4, 6.237120211360634, 0.2
1514, 9448.0, 5, 6.236303630363036, 0.2
1515, 9455.0, 7, 6.236807387862797, 0.2
1516, 9461.0, 6, 6.2366512854317735, 0.2
1517, 9468.0, 7, 6.237154150197629, 0.2
1518, 9472.0, 4, 6.235681369321922, 0.2
1519, 9476.0, 4, 6.234210526315789, 0.2
1520, 9483.0, 7, 6.234714003944773, 0.2
1521, 9488.0, 5, 6.233902759526938, 0.2
1522, 9495.0, 7, 6.2344057780696, 0.2
1523, 9500.0, 5, 6.233595800524935, 0.2
1524, 9501.0, 1, 6.23016393442623, 0.2
1525, 9507.0, 6, 6.230013106159896, 0.2
1526, 9511.0, 4, 6.228552717747217, 0.2
1527, 9517.0, 6, 6.228403141361256, 0.2
1528, 9523.0, 6, 6.228253760627862, 0.2
1529, 9523.0, 0, 6.224183006535948, 0.2
1530, 9523.0, 0, 6.220117570215545, 0.2
1531, 9529.0, 6, 6.219973890339426, 0.2
1532, 9536.0, 7, 6.220482713633398, 0.2
1533, 9543.0, 7, 6.220990873533246, 0.2
1534, 9549.0, 6, 6.220846905537459, 0.2
1535, 9553.0, 4, 6.219401041666667, 0.2
1536, 9558.0, 5, 6.218607677293429, 0.2
1537, 9562.0, 4, 6.217165149544863, 0.2
1538, 9569.0, 7, 6.2176738141650425, 0.2
1539, 9575.0, 6, 6.217532467532467, 0.2
1540, 9582.0, 7, 6.218040233614536, 0.2
1541, 9584.0, 2, 6.215304798962387, 0.2
1542, 9592.0, 8, 6.216461438755671, 0.2
1543, 9599.0, 7, 6.216968911917099, 0.2
1544, 9602.0, 3, 6.214886731391585, 0.2
1545, 9609.0, 7, 6.215394566623544, 0.2
1546, 9615.0, 6, 6.215255332902392, 0.2
1547, 9623.0, 8, 6.21640826873385, 0.2
1548, 9631.0, 8, 6.217559715945772, 0.2
1549, 9638.0, 7, 6.218064516129032, 0.2
1550, 9645.0, 7, 6.218568665377176, 0.2
1551, 9649.0, 4, 6.217139175257732, 0.2
1552, 9653.0, 4, 6.215711526078557, 0.2
1553, 9656.0, 3, 6.213642213642213, 0.2
1554, 9661.0, 5, 6.212861736334405, 0.2
1555, 9668.0, 7, 6.213367609254499, 0.2
1556, 9675.0, 7, 6.213872832369942, 0.2
1557, 9682.0, 7, 6.214377406931964, 0.2
1558, 9688.0, 6, 6.214239897370109, 0.2
1559, 9693.0, 5, 6.213461538461538, 0.2
1560, 9699.0, 6, 6.213324791800128, 0.2
1561, 9705.0, 6, 6.213188220230474, 0.2
1562, 9713.0, 8, 6.214331413947537, 0.2
1563, 9717.0, 4, 6.212915601023018, 0.2
1564, 9723.0, 6, 6.212779552715655, 0.2
1565, 9730.0, 7, 6.213282247765006, 0.2
1566, 9731.0, 1, 6.209955328653478, 0.2
1567, 9738.0, 7, 6.2104591836734695, 0.2
1568, 9746.0, 8, 6.211599745060548, 0.2
1569, 9750.0, 4, 6.210191082802548, 0.2
1570, 9754.0, 4, 6.208784213876512, 0.2
1571, 9761.0, 7, 6.209287531806615, 0.2
1572, 9765.0, 4, 6.207883026064844, 0.2
1573, 9770.0, 5, 6.207115628970775, 0.2
1574, 9778.0, 8, 6.208253968253969, 0.2
1575, 9779.0, 1, 6.20494923857868, 0.2
1576, 9785.0, 6, 6.204819277108434, 0.2
1577, 9790.0, 5, 6.2040557667934095, 0.2
1578, 9797.0, 7, 6.204559848005067, 0.2
1579, 9803.0, 6, 6.204430379746835, 0.2
1580, 9810.0, 7, 6.204933586337761, 0.2
1581, 9816.0, 6, 6.20480404551201, 0.2
1582, 9817.0, 1, 6.201516108654453, 0.2
1583, 9823.0, 6, 6.201388888888889, 0.2
1584, 9829.0, 6, 6.201261829652997, 0.2
1585, 9837.0, 8, 6.202395964691046, 0.2
1586, 9843.0, 6, 6.20226843100189, 0.2
1587, 9849.0, 6, 6.202141057934509, 0.2
1588, 9855.0, 6, 6.202013845185651, 0.2
1589, 9859.0, 4, 6.20062893081761, 0.2
1590, 9866.0, 7, 6.2011313639220615, 0.2
1591, 9871.0, 5, 6.200376884422111, 0.2
1592, 9877.0, 6, 6.200251098556183, 0.2
1593, 9883.0, 6, 6.200125470514429, 0.2
1594, 9891.0, 8, 6.201253918495298, 0.2
1595, 9897.0, 6, 6.201127819548872, 0.2
1596, 9904.0, 7, 6.201628052598623, 0.2
1597, 9910.0, 6, 6.201501877346684, 0.2
1598, 9918.0, 8, 6.202626641651032, 0.2
1599, 9925.0, 7, 6.203125, 0.2
1600, 9932.0, 7, 6.203622735790131, 0.2
1601, 9939.0, 7, 6.204119850187266, 0.2
1602, 9946.0, 7, 6.204616344354336, 0.2
1603, 9946.0, 0, 6.2007481296758105, 0.2
1604, 9949.0, 3, 6.198753894080997, 0.2
1605, 9955.0, 6, 6.198630136986301, 0.2
1606, 9963.0, 8, 6.199751088985687, 0.2
1607, 9967.0, 4, 6.198383084577115, 0.2
1608, 9975.0, 8, 6.199502796768179, 0.2
1609, 9983.0, 8, 6.200621118012422, 0.2
1610, 9990.0, 7, 6.201117318435754, 0.2
1611, 9998.0, 8, 6.202233250620347, 0.2
1612, 10004.0, 6, 6.202107873527589, 0.2
1613, 10008.0, 4, 6.200743494423792, 0.2
1614, 10016.0, 8, 6.201857585139319, 0.2
1615, 10022.0, 6, 6.201732673267327, 0.2
1616, 10030.0, 8, 6.202844774273346, 0.2
1617, 10035.0, 5, 6.202101359703337, 0.2
1618, 10041.0, 6, 6.201976528721433, 0.2
1619, 10045.0, 4, 6.200617283950617, 0.2
1620, 10053.0, 8, 6.201727328809377, 0.2
1621, 10060.0, 7, 6.202219482120839, 0.2
1622, 10067.0, 7, 6.202711028958719, 0.2
1623, 10071.0, 4, 6.2013546798029555, 0.2
1624, 10078.0, 7, 6.201846153846154, 0.2
1625, 10084.0, 6, 6.201722017220172, 0.2
1626, 10087.0, 3, 6.199754148740012, 0.2
1627, 10088.0, 1, 6.196560196560196, 0.2
1628, 10094.0, 6, 6.196439533456108, 0.2
1629, 10100.0, 6, 6.196319018404908, 0.2
1630, 10108.0, 8, 6.197424892703863, 0.2
1631, 10115.0, 7, 6.197916666666667, 0.2
1632, 10123.0, 8, 6.199020208205757, 0.2
1633, 10130.0, 7, 6.1995104039167686, 0.2
1634, 10137.0, 7, 6.2, 0.2
1635, 10143.0, 6, 6.199877750611247, 0.2
1636, 10149.0, 6, 6.19975565058033, 0.2
1637, 10155.0, 6, 6.1996336996337, 0.2
1638, 10156.0, 1, 6.196461256863941, 0.2
1639, 10163.0, 7, 6.196951219512195, 0.2
1640, 10169.0, 6, 6.196831200487508, 0.2
1641, 10176.0, 7, 6.197320341047503, 0.2
1642, 10183.0, 7, 6.19780888618381, 0.2
1643, 10185.0, 2, 6.195255474452555, 0.2
1644, 10190.0, 5, 6.194528875379939, 0.2
1645, 10198.0, 8, 6.195625759416768, 0.2
1646, 10204.0, 6, 6.195506982392228, 0.2
1647, 10210.0, 6, 6.195388349514563, 0.2
1648, 10217.0, 7, 6.195876288659794, 0.2
1649, 10223.0, 6, 6.195757575757575, 0.2
1650, 10230.0, 7, 6.196244700181708, 0.2
1651, 10235.0, 5, 6.195520581113802, 0.2
1652, 10239.0, 4, 6.194192377495463, 0.2
1653, 10239.0, 0, 6.190447400241838, 0.2
1654, 10243.0, 4, 6.189123867069487, 0.2
1655, 10250.0, 7, 6.1896135265700485, 0.2
1656, 10256.0, 6, 6.189499094749547, 0.2
1657, 10263.0, 7, 6.189987937273824, 0.2
1658, 10269.0, 6, 6.189873417721519, 0.2
1659, 10275.0, 6, 6.1897590361445785, 0.2
1660, 10281.0, 6, 6.189644792293799, 0.2
1661, 10288.0, 7, 6.1901323706377855, 0.2
1662, 10296.0, 8, 6.191220685508118, 0.2
1663, 10300.0, 4, 6.189903846153846, 0.2
1664, 10307.0, 7, 6.19039039039039, 0.2
1665, 10311.0, 4, 6.189075630252101, 0.2
1666, 10317.0, 6, 6.188962207558489, 0.2
1667, 10324.0, 7, 6.189448441247002, 0.2
1668, 10328.0, 4, 6.188136608747753, 0.2
1669, 10334.0, 6, 6.188023952095809, 0.2
1670, 10340.0, 6, 6.187911430281269, 0.2
1671, 10344.0, 4, 6.186602870813397, 0.2
1672, 10350.0, 6, 6.186491332934848, 0.2
1673, 10358.0, 8, 6.187574671445639, 0.2
1674, 10365.0, 7, 6.188059701492537, 0.2
1675, 10372.0, 7, 6.18854415274463, 0.2
1676, 10378.0, 6, 6.188431723315444, 0.2
1677, 10385.0, 7, 6.18891537544696, 0.2
1678, 10389.0, 4, 6.1876116736152476, 0.2
1679, 10396.0, 7, 6.188095238095238, 0.2
1680, 10399.0, 3, 6.186198691255205, 0.2
1681, 10406.0, 7, 6.186682520808561, 0.2
1682, 10412.0, 6, 6.186571598336304, 0.2
1683, 10415.0, 3, 6.184679334916865, 0.2
1684, 10422.0, 7, 6.1851632047477745, 0.2
1685, 10427.0, 5, 6.184460260972717, 0.2
1686, 10434.0, 7, 6.184943687018376, 0.2
1687, 10440.0, 6, 6.184834123222749, 0.2
1688, 10444.0, 4, 6.183540556542333, 0.2
1689, 10445.0, 1, 6.180473372781065, 0.2
1690, 10453.0, 8, 6.1815493790656415, 0.2
1691, 10460.0, 7, 6.182033096926714, 0.2
1692, 10466.0, 6, 6.181925575900768, 0.2
1693, 10471.0, 5, 6.181227863046045, 0.2
1694, 10479.0, 8, 6.182300884955752, 0.2
1695, 10485.0, 6, 6.182193396226415, 0.2
1696, 10490.0, 5, 6.181496758986446, 0.2
1697, 10496.0, 6, 6.181389870435807, 0.2
1698, 10497.0, 1, 6.178340200117717, 0.2
1699, 10498.0, 1, 6.175294117647059, 0.2
1700, 10504.0, 6, 6.175191064079953, 0.2
1701, 10511.0, 7, 6.175675675675675, 0.2
1702, 10519.0, 8, 6.176746917204932, 0.2
1703, 10525.0, 6, 6.176643192488263, 0.2
1704, 10533.0, 8, 6.1777126099706745, 0.2
1705, 10541.0, 8, 6.178780773739742, 0.2
1706, 10543.0, 2, 6.176332747510252, 0.2
1707, 10550.0, 7, 6.176814988290398, 0.2
1708, 10552.0, 2, 6.174370977179637, 0.2
1709, 10559.0, 7, 6.174853801169591, 0.2
1710, 10562.0, 3, 6.172998246639392, 0.2
1711, 10569.0, 7, 6.173481308411215, 0.2
1712, 10572.0, 3, 6.171628721541156, 0.2
1713, 10579.0, 7, 6.172112018669778, 0.2
1714, 10584.0, 5, 6.171428571428572, 0.2
1715, 10588.0, 4, 6.17016317016317, 0.2
1716, 10595.0, 7, 6.170646476412347, 0.2
1717, 10603.0, 8, 6.171711292200233, 0.2
1718, 10609.0, 6, 6.171611401977894, 0.2
1719, 10616.0, 7, 6.1720930232558135, 0.2
1720, 10621.0, 5, 6.171411969785009, 0.2
1721, 10627.0, 6, 6.171312427409989, 0.2
1722, 10631.0, 4, 6.1700522344747535, 0.2
1723, 10632.0, 1, 6.167053364269141, 0.2
1724, 10639.0, 7, 6.167536231884058, 0.2
1725, 10645.0, 6, 6.167439165701043, 0.2
1726, 10653.0, 8, 6.168500289519398, 0.2
1727, 10658.0, 5, 6.167824074074074, 0.2
1728, 10665.0, 7, 6.168305378831695, 0.2
1729, 10668.0, 3, 6.166473988439306, 0.2
1730, 10668.0, 0, 6.162911611785096, 0.2
1731, 10675.0, 7, 6.163394919168591, 0.2
1732, 10682.0, 7, 6.163877668782458, 0.2
1733, 10684.0, 2, 6.161476355247982, 0.2
1734, 10689.0, 5, 6.160806916426513, 0.2
1735, 10694.0, 5, 6.160138248847926, 0.2
1736, 10701.0, 7, 6.160621761658031, 0.2
1737, 10706.0, 5, 6.159953970080553, 0.2
1738, 10708.0, 2, 6.157561817136285, 0.2
1739, 10713.0, 5, 6.156896551724138, 0.2
1740, 10718.0, 5, 6.156232050545664, 0.2
1741, 10725.0, 7, 6.156716417910448, 0.2
1742, 10728.0, 3, 6.154905335628227, 0.2
1743, 10734.0, 6, 6.154816513761468, 0.2
1744, 10734.0, 0, 6.151289398280802, 0.2
1745, 10741.0, 7, 6.151775486827034, 0.2
1746, 10742.0, 1, 6.148826559816829, 0.2
1747, 10748.0, 6, 6.148741418764302, 0.2
1748, 10755.0, 7, 6.149228130360206, 0.2
1749, 10762.0, 7, 6.1497142857142855, 0.2
1750, 10768.0, 6, 6.149628783552256, 0.2
1751, 10774.0, 6, 6.149543378995434, 0.2
1752, 10774.0, 0, 6.146035367940673, 0.2
1753, 10778.0, 4, 6.144811858608894, 0.2
1754, 10785.0, 7, 6.145299145299146, 0.2
1755, 10792.0, 7, 6.145785876993166, 0.2
1756, 10799.0, 7, 6.1462720546385885, 0.2
1757, 10801.0, 2, 6.14391353811149, 0.2
1758, 10804.0, 3, 6.142126208072769, 0.2
1759, 10810.0, 6, 6.142045454545454, 0.2
1760, 10817.0, 7, 6.142532651902329, 0.2
1761, 10823.0, 6, 6.142451759364358, 0.2
1762, 10831.0, 8, 6.143505388542257, 0.2
1763, 10837.0, 6, 6.143424036281179, 0.2
1764, 10843.0, 6, 6.143342776203966, 0.2
1765, 10851.0, 8, 6.144394110985277, 0.2
1766, 10857.0, 6, 6.144312393887946, 0.2
1767, 10864.0, 7, 6.144796380090498, 0.2
1768, 10871.0, 7, 6.14527981910684, 0.2
1769, 10876.0, 5, 6.144632768361582, 0.2
1770, 10883.0, 7, 6.145115753811406, 0.2
1771, 10887.0, 4, 6.143905191873589, 0.2
1772, 10889.0, 2, 6.14156796390299, 0.2
1773, 10895.0, 6, 6.1414881623449835, 0.2
1774, 10901.0, 6, 6.141408450704225, 0.2
1775, 10906.0, 5, 6.1407657657657655, 0.2
1776, 10912.0, 6, 6.140686550365785, 0.2
1777, 10920.0, 8, 6.141732283464567, 0.2
1778, 10921.0, 1, 6.138842046093311, 0.2
1779, 10928.0, 7, 6.139325842696629, 0.2
1780, 10935.0, 7, 6.139809096013476, 0.2
1781, 10942.0, 7, 6.140291806958474, 0.2
1782, 10949.0, 7, 6.140773976444195, 0.2
1783, 10956.0, 7, 6.141255605381166, 0.2
1784, 10961.0, 5, 6.1406162464986, 0.2
1785, 10969.0, 8, 6.141657334826427, 0.2
1786, 10976.0, 7, 6.142137660884163, 0.2
1787, 10984.0, 8, 6.143176733780761, 0.2
1788, 10992.0, 8, 6.144214645053102, 0.2
1789, 10997.0, 5, 6.143575418994414, 0.2
1790, 11002.0, 5, 6.1429369067560025, 0.2
1791, 11007.0, 5, 6.142299107142857, 0.2
1792, 11014.0, 7, 6.142777467930842, 0.2
1793, 11019.0, 5, 6.142140468227424, 0.2
1794, 11025.0, 6, 6.142061281337047, 0.2
1795, 11029.0, 4, 6.14086859688196, 0.2
1796, 11036.0, 7, 6.141346688925988, 0.2
1797, 11044.0, 8, 6.14238042269188, 0.2
1798, 11052.0, 8, 6.143413007226237, 0.2
1799, 11059.0, 7, 6.143888888888889, 0.2
1800, 11064.0, 5, 6.143253747917823, 0.2
1801, 11072.0, 8, 6.144284128745838, 0.2
1802, 11078.0, 6, 6.14420410427066, 0.2
1803, 11078.0, 0, 6.14079822616408, 0.2
1804, 11080.0, 2, 6.138504155124654, 0.2
1805, 11086.0, 6, 6.138427464008859, 0.2
1806, 11093.0, 7, 6.138904261206419, 0.2
1807, 11100.0, 7, 6.139380530973451, 0.2
1808, 11106.0, 6, 6.1393034825870645, 0.2
1809, 11112.0, 6, 6.139226519337017, 0.2
1810, 11116.0, 4, 6.138045278851464, 0.2
1811, 11122.0, 6, 6.137969094922737, 0.2
1812, 11125.0, 3, 6.136238279095422, 0.2
1813, 11131.0, 6, 6.1361631753031975, 0.2
1814, 11138.0, 7, 6.136639118457301, 0.2
1815, 11144.0, 6, 6.136563876651983, 0.2
1816, 11150.0, 6, 6.1364887176664835, 0.2
1817, 11150.0, 0, 6.133113311331133, 0.2
1818, 11157.0, 7, 6.133589884551951, 0.2
1819, 11160.0, 3, 6.131868131868132, 0.2
1820, 11164.0, 4, 6.130697419000549, 0.2
1821, 11171.0, 7, 6.131174533479693, 0.2
1822, 11176.0, 5, 6.130554031815689, 0.2
1823, 11179.0, 3, 6.128837719298246, 0.2
1824, 11182.0, 3, 6.127123287671233, 0.2
1825, 11189.0, 7, 6.127601314348302, 0.2
1826, 11197.0, 8, 6.128626163108922, 0.2
1827, 11204.0, 7, 6.1291028446389495, 0.2
1828, 11209.0, 5, 6.128485511208311, 0.2
1829, 11214.0, 5, 6.127868852459017, 0.2
1830, 11221.0, 7, 6.128345166575642, 0.2
1831, 11228.0, 7, 6.12882096069869, 0.2
1832, 11235.0, 7, 6.129296235679214, 0.2
1833, 11242.0, 7, 6.129770992366412, 0.2
1834, 11247.0, 5, 6.129155313351498, 0.2
1835, 11253.0, 6, 6.129084967320262, 0.2
1836, 11257.0, 4, 6.12792596624932, 0.2
1837, 11265.0, 8, 6.1289445048966265, 0.2
1838, 11270.0, 5, 6.1283306144643825, 0.2
1839, 11277.0, 7, 6.128804347826087, 0.2
1840, 11282.0, 5, 6.1281912004345465, 0.2
1841, 11290.0, 8, 6.129207383279044, 0.2
1842, 11298.0, 8, 6.130222463374932, 0.2
1843, 11303.0, 5, 6.129609544468547, 0.2
1844, 11307.0, 4, 6.128455284552846, 0.2
1845, 11313.0, 6, 6.128385698808234, 0.2
1846, 11318.0, 5, 6.1277747698971305, 0.2
1847, 11324.0, 6, 6.127705627705628, 0.2
1848, 11329.0, 5, 6.127095727420227, 0.2
1849, 11334.0, 5, 6.1264864864864865, 0.2
1850, 11341.0, 7, 6.126958400864398, 0.2
1851, 11347.0, 6, 6.126889848812095, 0.2
1852, 11353.0, 6, 6.126821370750135, 0.2
1853, 11360.0, 7, 6.127292340884574, 0.2
1854, 11367.0, 7, 6.127762803234502, 0.2
1855, 11373.0, 6, 6.127693965517241, 0.2
1856, 11380.0, 7, 6.128163704900377, 0.2
1857, 11387.0, 7, 6.128632938643703, 0.2
1858, 11394.0, 7, 6.129101667563206, 0.2
1859, 11401.0, 7, 6.129569892473119, 0.2
1860, 11407.0, 6, 6.129500268672756, 0.2
1861, 11414.0, 7, 6.129967776584318, 0.2
1862, 11420.0, 6, 6.129898013955985, 0.2
1863, 11427.0, 7, 6.130364806866953, 0.2
1864, 11430.0, 3, 6.128686327077748, 0.2
1865, 11437.0, 7, 6.129153269024652, 0.2
1866, 11443.0, 6, 6.129084092126406, 0.2
1867, 11450.0, 7, 6.129550321199144, 0.2
1868, 11456.0, 6, 6.1294810058855, 0.2
1869, 11462.0, 6, 6.129411764705883, 0.2
1870, 11469.0, 7, 6.129877071084981, 0.2
1871, 11475.0, 6, 6.1298076923076925, 0.2
1872, 11481.0, 6, 6.129738387613454, 0.2
1873, 11486.0, 5, 6.129135538954109, 0.2
1874, 11492.0, 6, 6.129066666666667, 0.2
1875, 11498.0, 6, 6.128997867803838, 0.2
1876, 11503.0, 5, 6.128396377197656, 0.2
1877, 11511.0, 8, 6.1293929712460065, 0.2
1878, 11515.0, 4, 6.128259712613092, 0.2
1879, 11520.0, 5, 6.127659574468085, 0.2
1880, 11527.0, 7, 6.1281233386496545, 0.2
1881, 11534.0, 7, 6.128586609989373, 0.2
1882, 11541.0, 7, 6.129049389272438, 0.2
1883, 11548.0, 7, 6.129511677282378, 0.2
1884, 11552.0, 4, 6.128381962864721, 0.2
1885, 11559.0, 7, 6.128844114528102, 0.2
1886, 11566.0, 7, 6.1293057763646, 0.2
1887, 11572.0, 6, 6.129237288135593, 0.2
1888, 11573.0, 1, 6.126521969295924, 0.2
1889, 11573.0, 0, 6.123280423280423, 0.2
1890, 11573.0, 0, 6.120042305658382, 0.2
1891, 11579.0, 6, 6.119978858350952, 0.2
1892, 11583.0, 4, 6.118858954041205, 0.2
1893, 11584.0, 1, 6.116156282998944, 0.2
1894, 11591.0, 7, 6.116622691292876, 0.2
1895, 11598.0, 7, 6.117088607594937, 0.2
1896, 11605.0, 7, 6.117554032683184, 0.2
1897, 11611.0, 6, 6.117492096944152, 0.2
1898, 11618.0, 7, 6.1179568193786205, 0.2
1899, 11622.0, 4, 6.116842105263158, 0.2
1900, 11629.0, 7, 6.117306680694371, 0.2
1901, 11634.0, 5, 6.116719242902208, 0.2
1902, 11642.0, 8, 6.117708880714661, 0.2
1903, 11648.0, 6, 6.117647058823529, 0.2
1904, 11651.0, 3, 6.116010498687664, 0.2
1905, 11659.0, 8, 6.116998950682056, 0.2
1906, 11667.0, 8, 6.1179863660199265, 0.2
1907, 11674.0, 7, 6.118448637316562, 0.2
1908, 11680.0, 6, 6.118386589837612, 0.2
1909, 11688.0, 8, 6.119371727748691, 0.2
1910, 11695.0, 7, 6.119832548403977, 0.2
1911, 11701.0, 6, 6.1197698744769875, 0.2
1912, 11705.0, 4, 6.118661787767904, 0.2
1913, 11712.0, 7, 6.1191222570532915, 0.2
1914, 11717.0, 5, 6.118537859007833, 0.2
1915, 11725.0, 8, 6.119519832985386, 0.2
1916, 11730.0, 5, 6.118935837245696, 0.2
1917, 11735.0, 5, 6.118352450469239, 0.2
1918, 11742.0, 7, 6.118811881188119, 0.2
1919, 11749.0, 7, 6.119270833333333, 0.2
1920, 11756.0, 7, 6.119729307652264, 0.2
1921, 11760.0, 4, 6.118626430801249, 0.2
1922, 11767.0, 7, 6.119084763390536, 0.2
1923, 11774.0, 7, 6.11954261954262, 0.2
1924, 11781.0, 7, 6.12, 0.2
1925, 11785.0, 4, 6.118899273104881, 0.2
1926, 11789.0, 4, 6.117799688635184, 0.2
1927, 11795.0, 6, 6.117738589211618, 0.2
1928, 11801.0, 6, 6.11767755313634, 0.2
1929, 11809.0, 8, 6.118652849740933, 0.2
1930, 11816.0, 7, 6.11910926980839, 0.2
1931, 11824.0, 8, 6.12008281573499, 0.2
1932, 11830.0, 6, 6.120020693222969, 0.2
1933, 11831.0, 1, 6.117373319544985, 0.2
1934, 11838.0, 7, 6.1178294573643415, 0.2
1935, 11846.0, 8, 6.118801652892562, 0.2
1936, 11853.0, 7, 6.119256582343831, 0.2
1937, 11858.0, 5, 6.118679050567596, 0.2
1938, 11864.0, 6, 6.118617844249613, 0.2
1939, 11871.0, 7, 6.119072164948453, 0.2
1940, 11876.0, 5, 6.118495620814014, 0.2
1941, 11877.0, 1, 6.1158599382080325, 0.2
1942, 11877.0, 0, 6.112712300566135, 0.2
1943, 11883.0, 6, 6.112654320987654, 0.2
1944, 11890.0, 7, 6.113110539845758, 0.2
1945, 11896.0, 6, 6.113052415210689, 0.2
1946, 11903.0, 7, 6.113507960965588, 0.2
1947, 11911.0, 8, 6.114476386036961, 0.2
1948, 11917.0, 6, 6.1144176500769625, 0.2
1949, 11923.0, 6, 6.114358974358974, 0.2
1950, 11929.0, 6, 6.114300358790364, 0.2
1951, 11935.0, 6, 6.114241803278689, 0.2
1952, 11941.0, 6, 6.114183307731695, 0.2
1953, 11948.0, 7, 6.114636642784033, 0.2
1954, 11955.0, 7, 6.115089514066496, 0.2
1955, 11961.0, 6, 6.115030674846626, 0.2
1956, 11967.0, 6, 6.114971895758814, 0.2
1957, 11970.0, 3, 6.113381001021451, 0.2
1958, 11977.0, 7, 6.113833588565595, 0.2
1959, 11981.0, 4, 6.112755102040817, 0.2
1960, 11989.0, 8, 6.113717491075982, 0.2
1961, 11995.0, 6, 6.113659531090724, 0.2
1962, 12002.0, 7, 6.114111054508405, 0.2
1963, 12008.0, 6, 6.114052953156823, 0.2
1964, 12013.0, 5, 6.113486005089059, 0.2
1965, 12019.0, 6, 6.113428280773143, 0.2
1966, 12026.0, 7, 6.1138790035587185, 0.2
1967, 12032.0, 6, 6.1138211382113825, 0.2
1968, 12037.0, 5, 6.113255459624175, 0.2
1969, 12044.0, 7, 6.113705583756345, 0.2
1970, 12052.0, 8, 6.114662607813293, 0.2
1971, 12058.0, 6, 6.114604462474645, 0.2
1972, 12063.0, 5, 6.114039533705018, 0.2
1973, 12070.0, 7, 6.114488348530902, 0.2
1974, 12076.0, 6, 6.114430379746835, 0.2
1975, 12084.0, 8, 6.115384615384615, 0.2
1976, 12090.0, 6, 6.115326251896813, 0.2
1977, 12096.0, 6, 6.115267947421638, 0.2
1978, 12100.0, 4, 6.114199090449722, 0.2
1979, 12107.0, 7, 6.114646464646465, 0.2
1980, 12110.0, 3, 6.113074204946996, 0.2
1981, 12116.0, 6, 6.113017154389506, 0.2
1982, 12124.0, 8, 6.113968734241049, 0.2
1983, 12131.0, 7, 6.114415322580645, 0.2
1984, 12135.0, 4, 6.113350125944584, 0.2
1985, 12142.0, 7, 6.113796576032225, 0.2
1986, 12147.0, 5, 6.113236034222446, 0.2
1987, 12153.0, 6, 6.1131790744466805, 0.2
1988, 12159.0, 6, 6.113122171945701, 0.2
1989, 12166.0, 7, 6.11356783919598, 0.2
1990, 12173.0, 7, 6.11401305876444, 0.2
1991, 12181.0, 8, 6.11495983935743, 0.2
1992, 12189.0, 8, 6.115905669844455, 0.2
1993, 12197.0, 8, 6.116850551654965, 0.2
1994, 12205.0, 8, 6.117794486215539, 0.2
1995, 12213.0, 8, 6.1187374749499, 0.2
1996, 12221.0, 8, 6.119679519278918, 0.2
1997, 12228.0, 7, 6.12012012012012, 0.2
1998, 12232.0, 4, 6.119059529764883, 0.2
1999, 12239.0, 7, 6.1195, 0.2
