0, 8.0, 8, 8.0, 0.1
1, 16.0, 8, 8.0, 0.1
2, 24.0, 8, 8.0, 0.1
3, 32.0, 8, 8.0, 0.1
4, 40.0, 8, 8.0, 0.1
5, 48.0, 8, 8.0, 0.1
6, 56.0, 8, 8.0, 0.1
7, 64.0, 8, 8.0, 0.1
8, 72.0, 8, 8.0, 0.1
9, 80.0, 8, 8.0, 0.1
10, 88.0, 8, 8.0, 0.1
11, 96.0, 8, 8.0, 0.1
12, 104.0, 8, 8.0, 0.1
13, 112.0, 8, 8.0, 0.1
14, 120.0, 8, 8.0, 0.1
15, 128.0, 8, 8.0, 0.1
16, 136.0, 8, 8.0, 0.1
17, 144.0, 8, 8.0, 0.1
18, 152.0, 8, 8.0, 0.1
19, 160.0, 8, 8.0, 0.1
20, 168.0, 8, 8.0, 0.1
21, 176.0, 8, 8.0, 0.1
22, 184.0, 8, 8.0, 0.1
23, 192.0, 8, 8.0, 0.1
24, 200.0, 8, 8.0, 0.1
25, 208.0, 8, 8.0, 0.1
26, 216.0, 8, 8.0, 0.1
27, 224.0, 8, 8.0, 0.1
28, 232.0, 8, 8.0, 0.1
29, 240.0, 8, 8.0, 0.1
30, 248.0, 8, 8.0, 0.1
31, 256.0, 8, 8.0, 0.1
32, 264.0, 8, 8.0, 0.1
33, 272.0, 8, 8.0, 0.1
34, 280.0, 8, 8.0, 0.1
35, 288.0, 8, 8.0, 0.1
36, 296.0, 8, 8.0, 0.1
37, 304.0, 8, 8.0, 0.1
38, 312.0, 8, 8.0, 0.1
39, 320.0, 8, 8.0, 0.1
40, 328.0, 8, 8.0, 0.1
41, 336.0, 8, 8.0, 0.1
42, 344.0, 8, 8.0, 0.1
43, 352.0, 8, 8.0, 0.1
44, 360.0, 8, 8.0, 0.1
45, 368.0, 8, 8.0, 0.1
46, 376.0, 8, 8.0, 0.1
47, 384.0, 8, 8.0, 0.1
48, 392.0, 8, 8.0, 0.1
49, 400.0, 8, 8.0, 0.1
50, 408.0, 8, 8.0, 0.1
51, 416.0, 8, 8.0, 0.1
52, 424.0, 8, 8.0, 0.1
53, 432.0, 8, 8.0, 0.1
54, 440.0, 8, 8.0, 0.1
55, 448.0, 8, 8.0, 0.1
56, 456.0, 8, 8.0, 0.1
57, 464.0, 8, 8.0, 0.1
58, 472.0, 8, 8.0, 0.1
59, 480.0, 8, 8.0, 0.1
60, 488.0, 8, 8.0, 0.1
61, 496.0, 8, 8.0, 0.1
62, 504.0, 8, 8.0, 0.1
63, 512.0, 8, 8.0, 0.1
64, 520.0, 8, 8.0, 0.1
65, 528.0, 8, 8.0, 0.1
66, 536.0, 8, 8.0, 0.1
67, 544.0, 8, 8.0, 0.1
68, 552.0, 8, 8.0, 0.1
69, 560.0, 8, 8.0, 0.1
70, 568.0, 8, 8.0, 0.1
71, 576.0, 8, 8.0, 0.1
72, 584.0, 8, 8.0, 0.1
73, 592.0, 8, 8.0, 0.1
74, 600.0, 8, 8.0, 0.1
75, 608.0, 8, 8.0, 0.1
76, 616.0, 8, 8.0, 0.1
77, 624.0, 8, 8.0, 0.1
78, 632.0, 8, 8.0, 0.1
79, 640.0, 8, 8.0, 0.1
80, 648.0, 8, 8.0, 0.1
81, 656.0, 8, 8.0, 0.1
82, 664.0, 8, 8.0, 0.1
83, 672.0, 8, 8.0, 0.1
84, 680.0, 8, 8.0, 0.1
85, 688.0, 8, 8.0, 0.1
86, 696.0, 8, 8.0, 0.1
87, 704.0, 8, 8.0, 0.1
88, 712.0, 8, 8.0, 0.1
89, 720.0, 8, 8.0, 0.1
90, 728.0, 8, 8.0, 0.1
91, 736.0, 8, 8.0, 0.1
92, 744.0, 8, 8.0, 0.1
93, 752.0, 8, 8.0, 0.1
94, 760.0, 8, 8.0, 0.1
95, 768.0, 8, 8.0, 0.1
96, 776.0, 8, 8.0, 0.1
97, 784.0, 8, 8.0, 0.1
98, 792.0, 8, 8.0, 0.1
99, 800.0, 8, 8.0, 0.1
100, 808.0, 8, 8.0, 0.1
101, 816.0, 8, 8.0, 0.1
102, 824.0, 8, 8.0, 0.1
103, 832.0, 8, 8.0, 0.1
104, 840.0, 8, 8.0, 0.1
105, 848.0, 8, 8.0, 0.1
106, 856.0, 8, 8.0, 0.1
107, 864.0, 8, 8.0, 0.1
108, 872.0, 8, 8.0, 0.1
109, 880.0, 8, 8.0, 0.1
110, 888.0, 8, 8.0, 0.1
111, 896.0, 8, 8.0, 0.1
112, 904.0, 8, 8.0, 0.1
113, 911.0, 7, 7.991228070175438, 0.1
114, 919.0, 8, 7.991304347826087, 0.1
115, 926.0, 7, 7.982758620689655, 0.1
116, 933.0, 7, 7.9743589743589745, 0.1
117, 940.0, 7, 7.966101694915254, 0.1
118, 947.0, 7, 7.957983193277311, 0.1
119, 953.0, 6, 7.941666666666666, 0.1
120, 961.0, 8, 7.9421487603305785, 0.1
121, 968.0, 7, 7.934426229508197, 0.1
122, 976.0, 8, 7.934959349593496, 0.1
123, 984.0, 8, 7.935483870967742, 0.1
124, 992.0, 8, 7.936, 0.1
125, 1000.0, 8, 7.936507936507937, 0.1
126, 1008.0, 8, 7.937007874015748, 0.1
127, 1015.0, 7, 7.9296875, 0.1
128, 1022.0, 7, 7.922480620155039, 0.1
129, 1029.0, 7, 7.915384615384616, 0.1
130, 1036.0, 7, 7.908396946564886, 0.1
131, 1044.0, 8, 7.909090909090909, 0.1
132, 1051.0, 7, 7.902255639097745, 0.1
133, 1058.0, 7, 7.895522388059701, 0.1
134, 1065.0, 7, 7.888888888888889, 0.1
135, 1073.0, 8, 7.889705882352941, 0.1
136, 1081.0, 8, 7.890510948905109, 0.1
137, 1089.0, 8, 7.891304347826087, 0.1
138, 1093.0, 4, 7.863309352517986, 0.1
139, 1100.0, 7, 7.857142857142857, 0.1
140, 1108.0, 8, 7.858156028368795, 0.1
141, 1114.0, 6, 7.845070422535211, 0.1
142, 1121.0, 7, 7.839160839160839, 0.1
143, 1126.0, 5, 7.819444444444445, 0.1
144, 1133.0, 7, 7.813793103448276, 0.1
145, 1140.0, 7, 7.808219178082192, 0.1
146, 1147.0, 7, 7.802721088435374, 0.1
147, 1155.0, 8, 7.804054054054054, 0.1
148, 1163.0, 8, 7.805369127516778, 0.1
149, 1170.0, 7, 7.8, 0.1
150, 1178.0, 8, 7.801324503311259, 0.1
151, 1186.0, 8, 7.802631578947368, 0.1
152, 1194.0, 8, 7.803921568627451, 0.1
153, 1202.0, 8, 7.805194805194805, 0.1
154, 1209.0, 7, 7.8, 0.1
155, 1214.0, 5, 7.782051282051282, 0.1
156, 1220.0, 6, 7.770700636942675, 0.1
157, 1227.0, 7, 7.765822784810126, 0.1
158, 1235.0, 8, 7.767295597484277, 0.1
159, 1235.0, 0, 7.71875, 0.1
160, 1242.0, 7, 7.714285714285714, 0.1
161, 1249.0, 7, 7.709876543209877, 0.1
162, 1256.0, 7, 7.705521472392638, 0.1
163, 1262.0, 6, 7.695121951219512, 0.1
164, 1269.0, 7, 7.6909090909090905, 0.1
165, 1277.0, 8, 7.692771084337349, 0.1
166, 1283.0, 6, 7.682634730538922, 0.1
167, 1289.0, 6, 7.6726190476190474, 0.1
168, 1295.0, 6, 7.662721893491124, 0.1
169, 1303.0, 8, 7.6647058823529415, 0.1
170, 1309.0, 6, 7.654970760233918, 0.1
171, 1314.0, 5, 7.6395348837209305, 0.1
172, 1321.0, 7, 7.635838150289017, 0.1
173, 1328.0, 7, 7.632183908045977, 0.1
174, 1335.0, 7, 7.628571428571429, 0.1
175, 1343.0, 8, 7.630681818181818, 0.1
176, 1349.0, 6, 7.621468926553672, 0.1
177, 1355.0, 6, 7.612359550561798, 0.1
178, 1363.0, 8, 7.614525139664805, 0.1
179, 1370.0, 7, 7.611111111111111, 0.1
180, 1378.0, 8, 7.613259668508287, 0.1
181, 1384.0, 6, 7.604395604395604, 0.1
182, 1389.0, 5, 7.590163934426229, 0.1
183, 1397.0, 8, 7.592391304347826, 0.1
184, 1402.0, 5, 7.578378378378378, 0.1
185, 1409.0, 7, 7.575268817204301, 0.1
186, 1417.0, 8, 7.577540106951871, 0.1
187, 1425.0, 8, 7.579787234042553, 0.1
188, 1432.0, 7, 7.576719576719577, 0.1
189, 1438.0, 6, 7.568421052631579, 0.1
190, 1444.0, 6, 7.560209424083769, 0.1
191, 1451.0, 7, 7.557291666666667, 0.1
192, 1459.0, 8, 7.5595854922279795, 0.1
193, 1466.0, 7, 7.556701030927835, 0.1
194, 1471.0, 5, 7.543589743589743, 0.1
195, 1478.0, 7, 7.540816326530612, 0.1
196, 1483.0, 5, 7.527918781725888, 0.1
197, 1491.0, 8, 7.53030303030303, 0.1
198, 1497.0, 6, 7.522613065326633, 0.1
199, 1503.0, 6, 7.515, 0.1
200, 1511.0, 8, 7.517412935323383, 0.1
201, 1519.0, 8, 7.51980198019802, 0.1
202, 1526.0, 7, 7.517241379310345, 0.1
203, 1532.0, 6, 7.509803921568627, 0.1
204, 1539.0, 7, 7.507317073170731, 0.1
205, 1547.0, 8, 7.509708737864078, 0.1
206, 1550.0, 3, 7.48792270531401, 0.1
207, 1558.0, 8, 7.490384615384615, 0.1
208, 1564.0, 6, 7.483253588516747, 0.1
209, 1571.0, 7, 7.480952380952381, 0.1
210, 1578.0, 7, 7.478672985781991, 0.1
211, 1586.0, 8, 7.481132075471698, 0.1
212, 1594.0, 8, 7.483568075117371, 0.1
213, 1601.0, 7, 7.481308411214953, 0.1
214, 1609.0, 8, 7.4837209302325585, 0.1
215, 1615.0, 6, 7.476851851851852, 0.1
216, 1622.0, 7, 7.474654377880184, 0.1
217, 1630.0, 8, 7.477064220183486, 0.1
218, 1638.0, 8, 7.47945205479452, 0.1
219, 1646.0, 8, 7.4818181818181815, 0.1
220, 1654.0, 8, 7.484162895927602, 0.1
221, 1661.0, 7, 7.481981981981982, 0.1
222, 1669.0, 8, 7.484304932735426, 0.1
223, 1676.0, 7, 7.482142857142857, 0.1
224, 1683.0, 7, 7.48, 0.1
225, 1691.0, 8, 7.482300884955753, 0.1
226, 1697.0, 6, 7.475770925110132, 0.1
227, 1705.0, 8, 7.478070175438597, 0.1
228, 1711.0, 6, 7.471615720524017, 0.1
229, 1717.0, 6, 7.465217391304348, 0.1
230, 1725.0, 8, 7.467532467532467, 0.1
231, 1731.0, 6, 7.461206896551724, 0.1
232, 1737.0, 6, 7.454935622317596, 0.1
233, 1745.0, 8, 7.457264957264957, 0.1
234, 1753.0, 8, 7.459574468085107, 0.1
235, 1761.0, 8, 7.461864406779661, 0.1
236, 1769.0, 8, 7.4641350210970465, 0.1
237, 1776.0, 7, 7.46218487394958, 0.1
238, 1782.0, 6, 7.456066945606694, 0.1
239, 1787.0, 5, 7.445833333333334, 0.1
240, 1795.0, 8, 7.448132780082988, 0.1
241, 1795.0, 0, 7.417355371900826, 0.1
242, 1803.0, 8, 7.419753086419753, 0.1
243, 1811.0, 8, 7.422131147540983, 0.1
244, 1819.0, 8, 7.424489795918367, 0.1
245, 1826.0, 7, 7.4227642276422765, 0.1
246, 1834.0, 8, 7.425101214574899, 0.1
247, 1842.0, 8, 7.42741935483871, 0.1
248, 1845.0, 3, 7.409638554216867, 0.1
249, 1852.0, 7, 7.408, 0.1
250, 1860.0, 8, 7.410358565737051, 0.1
251, 1868.0, 8, 7.412698412698413, 0.1
252, 1875.0, 7, 7.41106719367589, 0.1
253, 1882.0, 7, 7.409448818897638, 0.1
254, 1889.0, 7, 7.407843137254902, 0.1
255, 1895.0, 6, 7.40234375, 0.1
256, 1902.0, 7, 7.400778210116732, 0.1
257, 1910.0, 8, 7.403100775193798, 0.1
258, 1911.0, 1, 7.378378378378378, 0.1
259, 1918.0, 7, 7.376923076923077, 0.1
260, 1925.0, 7, 7.375478927203065, 0.1
261, 1933.0, 8, 7.377862595419847, 0.1
262, 1938.0, 5, 7.3688212927756656, 0.1
263, 1942.0, 4, 7.356060606060606, 0.1
264, 1949.0, 7, 7.354716981132076, 0.1
265, 1951.0, 2, 7.334586466165414, 0.1
266, 1959.0, 8, 7.337078651685394, 0.1
267, 1967.0, 8, 7.33955223880597, 0.1
268, 1975.0, 8, 7.342007434944238, 0.1
269, 1982.0, 7, 7.340740740740741, 0.1
270, 1988.0, 6, 7.3357933579335795, 0.1
271, 1996.0, 8, 7.338235294117647, 0.1
272, 2004.0, 8, 7.34065934065934, 0.1
273, 2008.0, 4, 7.328467153284672, 0.1
274, 2016.0, 8, 7.330909090909091, 0.1
275, 2024.0, 8, 7.333333333333333, 0.1
276, 2031.0, 7, 7.332129963898917, 0.1
277, 2033.0, 2, 7.31294964028777, 0.1
278, 2041.0, 8, 7.315412186379929, 0.1
279, 2042.0, 1, 7.292857142857143, 0.1
280, 2050.0, 8, 7.295373665480427, 0.1
281, 2058.0, 8, 7.297872340425532, 0.1
282, 2066.0, 8, 7.30035335689046, 0.1
283, 2074.0, 8, 7.302816901408451, 0.1
284, 2081.0, 7, 7.301754385964912, 0.1
285, 2088.0, 7, 7.300699300699301, 0.1
286, 2094.0, 6, 7.29616724738676, 0.1
287, 2102.0, 8, 7.298611111111111, 0.1
288, 2110.0, 8, 7.301038062283737, 0.1
289, 2118.0, 8, 7.303448275862069, 0.1
290, 2122.0, 4, 7.292096219931271, 0.1
291, 2129.0, 7, 7.291095890410959, 0.1
292, 2135.0, 6, 7.286689419795222, 0.1
293, 2140.0, 5, 7.27891156462585, 0.1
294, 2143.0, 3, 7.264406779661017, 0.1
295, 2151.0, 8, 7.266891891891892, 0.1
296, 2156.0, 5, 7.2592592592592595, 0.1
297, 2163.0, 7, 7.258389261744966, 0.1
298, 2170.0, 7, 7.25752508361204, 0.1
299, 2178.0, 8, 7.26, 0.1
300, 2186.0, 8, 7.262458471760797, 0.1
301, 2191.0, 5, 7.254966887417218, 0.1
302, 2199.0, 8, 7.257425742574258, 0.1
303, 2204.0, 5, 7.25, 0.1
304, 2212.0, 8, 7.252459016393443, 0.1
305, 2220.0, 8, 7.254901960784314, 0.1
306, 2228.0, 8, 7.257328990228013, 0.1
307, 2230.0, 2, 7.240259740259741, 0.1
308, 2236.0, 6, 7.236245954692556, 0.1
309, 2244.0, 8, 7.2387096774193544, 0.1
310, 2252.0, 8, 7.241157556270096, 0.1
311, 2260.0, 8, 7.243589743589744, 0.1
312, 2268.0, 8, 7.246006389776358, 0.1
313, 2276.0, 8, 7.248407643312102, 0.1
314, 2283.0, 7, 7.247619047619048, 0.1
315, 2291.0, 8, 7.25, 0.1
316, 2297.0, 6, 7.246056782334385, 0.1
317, 2304.0, 7, 7.245283018867925, 0.1
318, 2311.0, 7, 7.244514106583072, 0.1
319, 2317.0, 6, 7.240625, 0.1
320, 2317.0, 0, 7.218068535825545, 0.1
321, 2324.0, 7, 7.217391304347826, 0.1
322, 2331.0, 7, 7.21671826625387, 0.1
323, 2337.0, 6, 7.212962962962963, 0.1
324, 2343.0, 6, 7.2092307692307696, 0.1
325, 2349.0, 6, 7.205521472392638, 0.1
326, 2355.0, 6, 7.201834862385321, 0.1
327, 2356.0, 1, 7.182926829268292, 0.1
328, 2363.0, 7, 7.182370820668693, 0.1
329, 2370.0, 7, 7.181818181818182, 0.1
330, 2378.0, 8, 7.18429003021148, 0.1
331, 2385.0, 7, 7.183734939759036, 0.1
332, 2393.0, 8, 7.186186186186186, 0.1
333, 2399.0, 6, 7.182634730538922, 0.1
334, 2407.0, 8, 7.1850746268656716, 0.1
335, 2415.0, 8, 7.1875, 0.1
336, 2422.0, 7, 7.186943620178042, 0.1
337, 2429.0, 7, 7.186390532544379, 0.1
338, 2437.0, 8, 7.188790560471976, 0.1
339, 2443.0, 6, 7.185294117647059, 0.1
340, 2451.0, 8, 7.187683284457478, 0.1
341, 2459.0, 8, 7.190058479532164, 0.1
342, 2465.0, 6, 7.186588921282799, 0.1
343, 2473.0, 8, 7.188953488372093, 0.1
344, 2480.0, 7, 7.188405797101449, 0.1
345, 2488.0, 8, 7.190751445086705, 0.1
346, 2491.0, 3, 7.178674351585014, 0.1
347, 2499.0, 8, 7.181034482758621, 0.1
348, 2504.0, 5, 7.174785100286533, 0.1
349, 2511.0, 7, 7.174285714285714, 0.1
350, 2518.0, 7, 7.1737891737891735, 0.1
351, 2526.0, 8, 7.176136363636363, 0.1
352, 2532.0, 6, 7.172804532577904, 0.1
353, 2539.0, 7, 7.172316384180791, 0.1
354, 2546.0, 7, 7.171830985915493, 0.1
355, 2554.0, 8, 7.174157303370786, 0.1
356, 2562.0, 8, 7.176470588235294, 0.1
357, 2570.0, 8, 7.17877094972067, 0.1
358, 2578.0, 8, 7.181058495821727, 0.1
359, 2578.0, 0, 7.161111111111111, 0.1
360, 2585.0, 7, 7.160664819944598, 0.1
361, 2593.0, 8, 7.162983425414365, 0.1
362, 2600.0, 7, 7.162534435261708, 0.1
363, 2608.0, 8, 7.164835164835165, 0.1
364, 2611.0, 3, 7.153424657534247, 0.1
365, 2619.0, 8, 7.155737704918033, 0.1
366, 2626.0, 7, 7.155313351498638, 0.1
367, 2634.0, 8, 7.157608695652174, 0.1
368, 2642.0, 8, 7.159891598915989, 0.1
369, 2650.0, 8, 7.162162162162162, 0.1
370, 2656.0, 6, 7.159029649595688, 0.1
371, 2664.0, 8, 7.161290322580645, 0.1
372, 2672.0, 8, 7.163538873994638, 0.1
373, 2680.0, 8, 7.165775401069519, 0.1
374, 2687.0, 7, 7.165333333333334, 0.1
375, 2693.0, 6, 7.162234042553192, 0.1
376, 2700.0, 7, 7.161803713527852, 0.1
377, 2707.0, 7, 7.161375661375661, 0.1
378, 2714.0, 7, 7.160949868073879, 0.1
379, 2720.0, 6, 7.157894736842105, 0.1
380, 2726.0, 6, 7.15485564304462, 0.1
381, 2734.0, 8, 7.157068062827225, 0.1
382, 2742.0, 8, 7.1592689295039165, 0.1
383, 2748.0, 6, 7.15625, 0.1
384, 2755.0, 7, 7.1558441558441555, 0.1
385, 2763.0, 8, 7.158031088082901, 0.1
386, 2771.0, 8, 7.160206718346253, 0.1
387, 2777.0, 6, 7.157216494845361, 0.1
388, 2784.0, 7, 7.156812339331619, 0.1
389, 2792.0, 8, 7.158974358974359, 0.1
390, 2798.0, 6, 7.156010230179028, 0.1
391, 2805.0, 7, 7.155612244897959, 0.1
392, 2813.0, 8, 7.157760814249364, 0.1
393, 2819.0, 6, 7.154822335025381, 0.1
394, 2826.0, 7, 7.154430379746835, 0.1
395, 2832.0, 6, 7.151515151515151, 0.1
396, 2840.0, 8, 7.153652392947103, 0.1
397, 2847.0, 7, 7.153266331658291, 0.1
398, 2854.0, 7, 7.152882205513785, 0.1
399, 2862.0, 8, 7.155, 0.1
400, 2869.0, 7, 7.1546134663341645, 0.1
401, 2876.0, 7, 7.154228855721393, 0.1
402, 2884.0, 8, 7.156327543424317, 0.1
403, 2892.0, 8, 7.158415841584159, 0.1
404, 2898.0, 6, 7.155555555555556, 0.1
405, 2905.0, 7, 7.155172413793103, 0.1
406, 2912.0, 7, 7.1547911547911545, 0.1
407, 2920.0, 8, 7.1568627450980395, 0.1
408, 2926.0, 6, 7.154034229828851, 0.1
409, 2934.0, 8, 7.15609756097561, 0.1
410, 2942.0, 8, 7.158150851581508, 0.1
411, 2948.0, 6, 7.155339805825243, 0.1
412, 2952.0, 4, 7.147699757869249, 0.1
413, 2960.0, 8, 7.14975845410628, 0.1
414, 2968.0, 8, 7.151807228915662, 0.1
415, 2975.0, 7, 7.1514423076923075, 0.1
416, 2983.0, 8, 7.15347721822542, 0.1
417, 2990.0, 7, 7.15311004784689, 0.1
418, 2996.0, 6, 7.15035799522673, 0.1
419, 3001.0, 5, 7.145238095238096, 0.1
420, 3008.0, 7, 7.144893111638955, 0.1
421, 3016.0, 8, 7.1469194312796205, 0.1
422, 3024.0, 8, 7.148936170212766, 0.1
423, 3032.0, 8, 7.150943396226415, 0.1
424, 3038.0, 6, 7.148235294117647, 0.1
425, 3045.0, 7, 7.147887323943662, 0.1
426, 3052.0, 7, 7.147540983606557, 0.1
427, 3059.0, 7, 7.147196261682243, 0.1
428, 3065.0, 6, 7.144522144522145, 0.1
429, 3073.0, 8, 7.1465116279069765, 0.1
430, 3081.0, 8, 7.148491879350348, 0.1
431, 3088.0, 7, 7.148148148148148, 0.1
432, 3096.0, 8, 7.150115473441109, 0.1
433, 3104.0, 8, 7.152073732718894, 0.1
434, 3109.0, 5, 7.147126436781609, 0.1
435, 3117.0, 8, 7.14908256880734, 0.1
436, 3118.0, 1, 7.135011441647597, 0.1
437, 3126.0, 8, 7.136986301369863, 0.1
438, 3130.0, 4, 7.1298405466970385, 0.1
439, 3138.0, 8, 7.131818181818182, 0.1
440, 3146.0, 8, 7.133786848072562, 0.1
441, 3154.0, 8, 7.135746606334842, 0.1
442, 3161.0, 7, 7.135440180586907, 0.1
443, 3169.0, 8, 7.137387387387387, 0.1
444, 3177.0, 8, 7.139325842696629, 0.1
445, 3185.0, 8, 7.141255605381166, 0.1
446, 3191.0, 6, 7.138702460850112, 0.1
447, 3198.0, 7, 7.138392857142857, 0.1
448, 3206.0, 8, 7.140311804008909, 0.1
449, 3214.0, 8, 7.142222222222222, 0.1
450, 3221.0, 7, 7.14190687361419, 0.1
451, 3224.0, 3, 7.132743362831858, 0.1
452, 3231.0, 7, 7.132450331125828, 0.1
453, 3238.0, 7, 7.13215859030837, 0.1
454, 3246.0, 8, 7.1340659340659345, 0.1
455, 3254.0, 8, 7.135964912280702, 0.1
456, 3261.0, 7, 7.135667396061269, 0.1
457, 3268.0, 7, 7.135371179039302, 0.1
458, 3276.0, 8, 7.137254901960785, 0.1
459, 3281.0, 5, 7.1326086956521735, 0.1
460, 3288.0, 7, 7.132321041214751, 0.1
461, 3296.0, 8, 7.134199134199134, 0.1
462, 3303.0, 7, 7.133909287257019, 0.1
463, 3311.0, 8, 7.135775862068965, 0.1
464, 3319.0, 8, 7.137634408602151, 0.1
465, 3327.0, 8, 7.139484978540772, 0.1
466, 3333.0, 6, 7.137044967880086, 0.1
467, 3334.0, 1, 7.1239316239316235, 0.1
468, 3340.0, 6, 7.121535181236673, 0.1
469, 3347.0, 7, 7.121276595744681, 0.1
470, 3355.0, 8, 7.123142250530786, 0.1
471, 3358.0, 3, 7.114406779661017, 0.1
472, 3363.0, 5, 7.1099365750528545, 0.1
473, 3369.0, 6, 7.1075949367088604, 0.1
474, 3374.0, 5, 7.103157894736842, 0.1
475, 3381.0, 7, 7.102941176470588, 0.1
476, 3387.0, 6, 7.10062893081761, 0.1
477, 3394.0, 7, 7.100418410041841, 0.1
478, 3400.0, 6, 7.09812108559499, 0.1
479, 3408.0, 8, 7.1, 0.1
480, 3416.0, 8, 7.101871101871102, 0.1
481, 3424.0, 8, 7.1037344398340245, 0.1
482, 3431.0, 7, 7.10351966873706, 0.1
483, 3439.0, 8, 7.105371900826446, 0.1
484, 3445.0, 6, 7.103092783505154, 0.1
485, 3452.0, 7, 7.102880658436214, 0.1
486, 3460.0, 8, 7.104722792607803, 0.1
487, 3466.0, 6, 7.102459016393443, 0.1
488, 3473.0, 7, 7.102249488752556, 0.1
489, 3480.0, 7, 7.1020408163265305, 0.1
490, 3486.0, 6, 7.09979633401222, 0.1
491, 3492.0, 6, 7.097560975609756, 0.1
492, 3500.0, 8, 7.099391480730223, 0.1
493, 3508.0, 8, 7.101214574898785, 0.1
494, 3516.0, 8, 7.1030303030303035, 0.1
495, 3524.0, 8, 7.104838709677419, 0.1
496, 3531.0, 7, 7.104627766599598, 0.1
497, 3539.0, 8, 7.106425702811245, 0.1
498, 3545.0, 6, 7.104208416833667, 0.1
499, 3549.0, 4, 7.098, 0.1
500, 3557.0, 8, 7.099800399201597, 0.1
501, 3564.0, 7, 7.099601593625498, 0.1
502, 3571.0, 7, 7.099403578528827, 0.1
503, 3579.0, 8, 7.101190476190476, 0.1
504, 3587.0, 8, 7.102970297029703, 0.1
505, 3594.0, 7, 7.102766798418973, 0.1
506, 3598.0, 4, 7.096646942800789, 0.1
507, 3606.0, 8, 7.0984251968503935, 0.1
508, 3613.0, 7, 7.098231827111984, 0.1
509, 3621.0, 8, 7.1, 0.1
510, 3628.0, 7, 7.099804305283757, 0.1
511, 3635.0, 7, 7.099609375, 0.1
512, 3637.0, 2, 7.089668615984405, 0.1
513, 3645.0, 8, 7.091439688715953, 0.1
514, 3650.0, 5, 7.087378640776699, 0.1
515, 3656.0, 6, 7.0852713178294575, 0.1
516, 3663.0, 7, 7.085106382978723, 0.1
517, 3670.0, 7, 7.084942084942085, 0.1
518, 3678.0, 8, 7.086705202312139, 0.1
519, 3686.0, 8, 7.088461538461538, 0.1
520, 3693.0, 7, 7.088291746641075, 0.1
521, 3696.0, 3, 7.080459770114943, 0.1
522, 3703.0, 7, 7.080305927342256, 0.1
523, 3710.0, 7, 7.080152671755725, 0.1
524, 3717.0, 7, 7.08, 0.1
525, 3725.0, 8, 7.081749049429658, 0.1
526, 3732.0, 7, 7.0815939278937385, 0.1
527, 3739.0, 7, 7.081439393939394, 0.1
528, 3746.0, 7, 7.081285444234404, 0.1
529, 3751.0, 5, 7.077358490566038, 0.1
530, 3758.0, 7, 7.077212806026365, 0.1
531, 3766.0, 8, 7.078947368421052, 0.1
532, 3772.0, 6, 7.076923076923077, 0.1
533, 3780.0, 8, 7.078651685393258, 0.1
534, 3788.0, 8, 7.080373831775701, 0.1
535, 3794.0, 6, 7.0783582089552235, 0.1
536, 3800.0, 6, 7.07635009310987, 0.1
537, 3800.0, 0, 7.063197026022305, 0.1
538, 3807.0, 7, 7.063079777365492, 0.1
539, 3815.0, 8, 7.064814814814815, 0.1
540, 3823.0, 8, 7.066543438077634, 0.1
541, 3831.0, 8, 7.068265682656826, 0.1
542, 3838.0, 7, 7.068139963167588, 0.1
543, 3845.0, 7, 7.068014705882353, 0.1
544, 3853.0, 8, 7.0697247706422015, 0.1
545, 3859.0, 6, 7.0677655677655675, 0.1
546, 3867.0, 8, 7.06946983546618, 0.1
547, 3874.0, 7, 7.069343065693431, 0.1
548, 3881.0, 7, 7.069216757741348, 0.1
549, 3886.0, 5, 7.065454545454545, 0.1
550, 3894.0, 8, 7.067150635208711, 0.1
551, 3902.0, 8, 7.068840579710145, 0.1
552, 3909.0, 7, 7.06871609403255, 0.1
553, 3916.0, 7, 7.068592057761733, 0.1
554, 3924.0, 8, 7.07027027027027, 0.1
555, 3931.0, 7, 7.070143884892087, 0.1
556, 3938.0, 7, 7.070017953321364, 0.1
557, 3943.0, 5, 7.066308243727598, 0.1
558, 3951.0, 8, 7.067978533094812, 0.1
559, 3958.0, 7, 7.067857142857143, 0.1
560, 3966.0, 8, 7.06951871657754, 0.1
561, 3974.0, 8, 7.0711743772241995, 0.1
562, 3974.0, 0, 7.058614564831261, 0.1
563, 3980.0, 6, 7.056737588652482, 0.1
564, 3987.0, 7, 7.056637168141593, 0.1
565, 3993.0, 6, 7.054770318021202, 0.1
566, 4001.0, 8, 7.056437389770723, 0.1
567, 4008.0, 7, 7.056338028169014, 0.1
568, 4016.0, 8, 7.057996485061511, 0.1
569, 4024.0, 8, 7.059649122807017, 0.1
570, 4031.0, 7, 7.059544658493871, 0.1
571, 4039.0, 8, 7.061188811188811, 0.1
572, 4045.0, 6, 7.059336823734729, 0.1
573, 4053.0, 8, 7.060975609756097, 0.1
574, 4059.0, 6, 7.059130434782609, 0.1
575, 4067.0, 8, 7.060763888888889, 0.1
576, 4075.0, 8, 7.062391681109186, 0.1
577, 4083.0, 8, 7.06401384083045, 0.1
578, 4089.0, 6, 7.062176165803109, 0.1
579, 4096.0, 7, 7.062068965517241, 0.1
580, 4104.0, 8, 7.06368330464716, 0.1
581, 4108.0, 4, 7.058419243986254, 0.1
582, 4115.0, 7, 7.058319039451115, 0.1
583, 4121.0, 6, 7.056506849315069, 0.1
584, 4128.0, 7, 7.056410256410256, 0.1
585, 4135.0, 7, 7.0563139931740615, 0.1
586, 4143.0, 8, 7.057921635434412, 0.1
587, 4150.0, 7, 7.057823129251701, 0.1
588, 4157.0, 7, 7.057724957555179, 0.1
589, 4163.0, 6, 7.055932203389831, 0.1
590, 4171.0, 8, 7.0575296108291035, 0.1
591, 4179.0, 8, 7.059121621621622, 0.1
592, 4186.0, 7, 7.059021922428331, 0.1
593, 4189.0, 3, 7.052188552188552, 0.1
594, 4197.0, 8, 7.053781512605042, 0.1
595, 4205.0, 8, 7.055369127516778, 0.1
596, 4212.0, 7, 7.055276381909548, 0.1
597, 4212.0, 0, 7.043478260869565, 0.1
598, 4220.0, 8, 7.045075125208681, 0.1
599, 4228.0, 8, 7.046666666666667, 0.1
600, 4230.0, 2, 7.038269550748752, 0.1
601, 4237.0, 7, 7.038205980066445, 0.1
602, 4243.0, 6, 7.036484245439469, 0.1
603, 4249.0, 6, 7.03476821192053, 0.1
604, 4254.0, 5, 7.031404958677686, 0.1
605, 4261.0, 7, 7.031353135313531, 0.1
606, 4261.0, 0, 7.019769357495881, 0.1
607, 4269.0, 8, 7.021381578947368, 0.1
608, 4275.0, 6, 7.019704433497537, 0.1
609, 4283.0, 8, 7.021311475409836, 0.1
610, 4291.0, 8, 7.02291325695581, 0.1
611, 4299.0, 8, 7.0245098039215685, 0.1
612, 4299.0, 0, 7.01305057096248, 0.1
613, 4305.0, 6, 7.011400651465798, 0.1
614, 4313.0, 8, 7.0130081300813005, 0.1
615, 4321.0, 8, 7.0146103896103895, 0.1
616, 4329.0, 8, 7.016207455429497, 0.1
617, 4337.0, 8, 7.017799352750809, 0.1
618, 4342.0, 5, 7.01453957996769, 0.1
619, 4349.0, 7, 7.014516129032258, 0.1
620, 4352.0, 3, 7.00805152979066, 0.1
621, 4358.0, 6, 7.006430868167203, 0.1
622, 4366.0, 8, 7.008025682182986, 0.1
623, 4372.0, 6, 7.006410256410256, 0.1
624, 4380.0, 8, 7.008, 0.1
625, 4387.0, 7, 7.007987220447284, 0.1
626, 4394.0, 7, 7.007974481658692, 0.1
627, 4402.0, 8, 7.009554140127388, 0.1
628, 4410.0, 8, 7.011128775834658, 0.1
629, 4410.0, 0, 7.0, 0.1
630, 4418.0, 8, 7.001584786053883, 0.1
631, 4426.0, 8, 7.003164556962025, 0.1
632, 4434.0, 8, 7.004739336492891, 0.1
633, 4442.0, 8, 7.006309148264984, 0.1
634, 4448.0, 6, 7.004724409448819, 0.1
635, 4456.0, 8, 7.0062893081761, 0.1
636, 4464.0, 8, 7.007849293563579, 0.1
637, 4467.0, 3, 7.001567398119122, 0.1
638, 4475.0, 8, 7.003129890453834, 0.1
639, 4483.0, 8, 7.0046875, 0.1
640, 4483.0, 0, 6.993759750390016, 0.1
641, 4490.0, 7, 6.993769470404985, 0.1
642, 4498.0, 8, 6.995334370139969, 0.1
643, 4504.0, 6, 6.9937888198757765, 0.1
644, 4512.0, 8, 6.995348837209303, 0.1
645, 4520.0, 8, 6.996904024767802, 0.1
646, 4526.0, 6, 6.995363214837712, 0.1
647, 4534.0, 8, 6.996913580246914, 0.1
648, 4540.0, 6, 6.9953775038520805, 0.1
649, 4548.0, 8, 6.996923076923077, 0.1
650, 4556.0, 8, 6.998463901689708, 0.1
651, 4564.0, 8, 7.0, 0.1
652, 4571.0, 7, 7.0, 0.1
653, 4579.0, 8, 7.0015290519877675, 0.1
654, 4586.0, 7, 7.001526717557252, 0.1
655, 4587.0, 1, 6.992378048780488, 0.1
656, 4593.0, 6, 6.9908675799086755, 0.1
657, 4594.0, 1, 6.981762917933131, 0.1
658, 4601.0, 7, 6.981790591805766, 0.1
659, 4601.0, 0, 6.971212121212122, 0.1
660, 4609.0, 8, 6.972768532526475, 0.1
661, 4616.0, 7, 6.972809667673716, 0.1
662, 4622.0, 6, 6.971342383107089, 0.1
663, 4629.0, 7, 6.971385542168675, 0.1
664, 4635.0, 6, 6.969924812030075, 0.1
665, 4642.0, 7, 6.96996996996997, 0.1
666, 4650.0, 8, 6.971514242878561, 0.1
667, 4658.0, 8, 6.973053892215569, 0.1
668, 4665.0, 7, 6.973094170403588, 0.1
669, 4672.0, 7, 6.973134328358209, 0.1
670, 4680.0, 8, 6.9746646795827125, 0.1
671, 4688.0, 8, 6.976190476190476, 0.1
672, 4695.0, 7, 6.976225854383358, 0.1
673, 4696.0, 1, 6.967359050445104, 0.1
674, 4703.0, 7, 6.967407407407407, 0.1
675, 4711.0, 8, 6.968934911242603, 0.1
676, 4718.0, 7, 6.9689807976366325, 0.1
677, 4724.0, 6, 6.967551622418879, 0.1
678, 4730.0, 6, 6.9661266568483065, 0.1
679, 4737.0, 7, 6.966176470588235, 0.1
680, 4744.0, 7, 6.966226138032305, 0.1
681, 4752.0, 8, 6.967741935483871, 0.1
682, 4759.0, 7, 6.967789165446559, 0.1
683, 4767.0, 8, 6.969298245614035, 0.1
684, 4774.0, 7, 6.9693430656934305, 0.1
685, 4782.0, 8, 6.970845481049563, 0.1
686, 4782.0, 0, 6.960698689956332, 0.1
687, 4789.0, 7, 6.960755813953488, 0.1
688, 4796.0, 7, 6.960812772133527, 0.1
689, 4803.0, 7, 6.960869565217391, 0.1
690, 4811.0, 8, 6.9623733719247465, 0.1
691, 4817.0, 6, 6.960982658959537, 0.1
692, 4824.0, 7, 6.961038961038961, 0.1
693, 4832.0, 8, 6.962536023054755, 0.1
694, 4840.0, 8, 6.9640287769784175, 0.1
695, 4846.0, 6, 6.962643678160919, 0.1
696, 4853.0, 7, 6.962697274031564, 0.1
697, 4859.0, 6, 6.961318051575931, 0.1
698, 4866.0, 7, 6.96137339055794, 0.1
699, 4867.0, 1, 6.952857142857143, 0.1
700, 4875.0, 8, 6.95435092724679, 0.1
701, 4883.0, 8, 6.955840455840455, 0.1
702, 4889.0, 6, 6.9544807965860596, 0.1
703, 4896.0, 7, 6.954545454545454, 0.1
704, 4903.0, 7, 6.954609929078014, 0.1
705, 4910.0, 7, 6.954674220963173, 0.1
706, 4917.0, 7, 6.954738330975955, 0.1
707, 4925.0, 8, 6.956214689265536, 0.1
708, 4925.0, 0, 6.946403385049365, 0.1
709, 4930.0, 5, 6.943661971830986, 0.1
710, 4935.0, 5, 6.940928270042194, 0.1
711, 4942.0, 7, 6.941011235955056, 0.1
712, 4948.0, 6, 6.939691444600281, 0.1
713, 4956.0, 8, 6.9411764705882355, 0.1
714, 4964.0, 8, 6.942657342657343, 0.1
715, 4968.0, 4, 6.93854748603352, 0.1
716, 4976.0, 8, 6.94002789400279, 0.1
717, 4982.0, 6, 6.938718662952646, 0.1
718, 4986.0, 4, 6.934631432545202, 0.1
719, 4994.0, 8, 6.936111111111111, 0.1
720, 5002.0, 8, 6.9375866851595, 0.1
721, 5010.0, 8, 6.9390581717451525, 0.1
722, 5018.0, 8, 6.940525587828493, 0.1
723, 5026.0, 8, 6.941988950276243, 0.1
724, 5034.0, 8, 6.943448275862069, 0.1
725, 5042.0, 8, 6.9449035812672175, 0.1
726, 5048.0, 6, 6.9436038514442915, 0.1
727, 5054.0, 6, 6.9423076923076925, 0.1
728, 5062.0, 8, 6.9437585733882035, 0.1
729, 5070.0, 8, 6.945205479452055, 0.1
730, 5077.0, 7, 6.945280437756498, 0.1
731, 5085.0, 8, 6.94672131147541, 0.1
732, 5092.0, 7, 6.946793997271487, 0.1
733, 5099.0, 7, 6.946866485013624, 0.1
734, 5106.0, 7, 6.946938775510204, 0.1
735, 5113.0, 7, 6.947010869565218, 0.1
736, 5119.0, 6, 6.94572591587517, 0.1
737, 5124.0, 5, 6.943089430894309, 0.1
738, 5130.0, 6, 6.941813261163735, 0.1
739, 5132.0, 2, 6.935135135135135, 0.1
740, 5139.0, 7, 6.935222672064778, 0.1
741, 5147.0, 8, 6.936657681940701, 0.1
742, 5155.0, 8, 6.938088829071332, 0.1
743, 5163.0, 8, 6.939516129032258, 0.1
744, 5171.0, 8, 6.940939597315436, 0.1
745, 5179.0, 8, 6.942359249329758, 0.1
746, 5186.0, 7, 6.942436412315931, 0.1
747, 5193.0, 7, 6.942513368983957, 0.1
748, 5200.0, 7, 6.942590120160213, 0.1
749, 5207.0, 7, 6.942666666666667, 0.1
750, 5214.0, 7, 6.942743009320905, 0.1
751, 5222.0, 8, 6.944148936170213, 0.1
752, 5229.0, 7, 6.944223107569721, 0.1
753, 5237.0, 8, 6.945623342175066, 0.1
754, 5243.0, 6, 6.944370860927152, 0.1
755, 5251.0, 8, 6.945767195767195, 0.1
756, 5259.0, 8, 6.947159841479524, 0.1
757, 5267.0, 8, 6.9485488126649075, 0.1
758, 5268.0, 1, 6.940711462450593, 0.1
759, 5268.0, 0, 6.931578947368421, 0.1
760, 5274.0, 6, 6.930354796320631, 0.1
761, 5282.0, 8, 6.9317585301837275, 0.1
762, 5289.0, 7, 6.931847968545216, 0.1
763, 5296.0, 7, 6.9319371727748695, 0.1
764, 5304.0, 8, 6.933333333333334, 0.1
765, 5312.0, 8, 6.934725848563969, 0.1
766, 5319.0, 7, 6.934810951760104, 0.1
767, 5327.0, 8, 6.936197916666667, 0.1
768, 5334.0, 7, 6.93628088426528, 0.1
769, 5342.0, 8, 6.937662337662338, 0.1
770, 5350.0, 8, 6.939040207522698, 0.1
771, 5356.0, 6, 6.937823834196891, 0.1
772, 5363.0, 7, 6.937904269081501, 0.1
773, 5371.0, 8, 6.939276485788113, 0.1
774, 5371.0, 0, 6.930322580645162, 0.1
775, 5379.0, 8, 6.931701030927835, 0.1
776, 5384.0, 5, 6.929214929214929, 0.1
777, 5391.0, 7, 6.929305912596401, 0.1
778, 5399.0, 8, 6.930680359435173, 0.1
779, 5407.0, 8, 6.932051282051282, 0.1
780, 5415.0, 8, 6.933418693982074, 0.1
781, 5421.0, 6, 6.932225063938619, 0.1
782, 5426.0, 5, 6.929757343550447, 0.1
783, 5433.0, 7, 6.92984693877551, 0.1
784, 5440.0, 7, 6.929936305732484, 0.1
785, 5448.0, 8, 6.931297709923665, 0.1
786, 5456.0, 8, 6.932655654383736, 0.1
787, 5461.0, 5, 6.930203045685279, 0.1
788, 5468.0, 7, 6.930291508238276, 0.1
789, 5476.0, 8, 6.931645569620253, 0.1
790, 5484.0, 8, 6.932996207332491, 0.1
791, 5491.0, 7, 6.933080808080808, 0.1
792, 5499.0, 8, 6.934426229508197, 0.1
793, 5507.0, 8, 6.935768261964736, 0.1
794, 5513.0, 6, 6.9345911949685535, 0.1
795, 5521.0, 8, 6.935929648241206, 0.1
796, 5529.0, 8, 6.9372647427854455, 0.1
797, 5537.0, 8, 6.93859649122807, 0.1
798, 5538.0, 1, 6.931163954943679, 0.1
799, 5545.0, 7, 6.93125, 0.1
800, 5553.0, 8, 6.932584269662922, 0.1
801, 5560.0, 7, 6.932668329177058, 0.1
802, 5567.0, 7, 6.9327521793275215, 0.1
803, 5573.0, 6, 6.931592039800995, 0.1
804, 5581.0, 8, 6.932919254658385, 0.1
805, 5589.0, 8, 6.9342431761786605, 0.1
806, 5595.0, 6, 6.933085501858736, 0.1
807, 5600.0, 5, 6.930693069306931, 0.1
808, 5606.0, 6, 6.929542645241038, 0.1
809, 5607.0, 1, 6.9222222222222225, 0.1
810, 5612.0, 5, 6.919852034525277, 0.1
811, 5612.0, 0, 6.911330049261084, 0.1
812, 5619.0, 7, 6.911439114391144, 0.1
813, 5625.0, 6, 6.91031941031941, 0.1
814, 5632.0, 7, 6.910429447852761, 0.1
815, 5639.0, 7, 6.910539215686274, 0.1
816, 5646.0, 7, 6.910648714810281, 0.1
817, 5648.0, 2, 6.904645476772616, 0.1
818, 5655.0, 7, 6.904761904761905, 0.1
819, 5663.0, 8, 6.90609756097561, 0.1
820, 5669.0, 6, 6.904993909866017, 0.1
821, 5673.0, 4, 6.901459854014599, 0.1
822, 5680.0, 7, 6.901579586877278, 0.1
823, 5688.0, 8, 6.902912621359223, 0.1
824, 5695.0, 7, 6.903030303030303, 0.1
825, 5703.0, 8, 6.904358353510895, 0.1
826, 5708.0, 5, 6.902055622732769, 0.1
827, 5714.0, 6, 6.900966183574879, 0.1
828, 5716.0, 2, 6.895054282267792, 0.1
829, 5723.0, 7, 6.895180722891566, 0.1
830, 5731.0, 8, 6.896510228640192, 0.1
831, 5738.0, 7, 6.896634615384615, 0.1
832, 5746.0, 8, 6.8979591836734695, 0.1
833, 5752.0, 6, 6.896882494004796, 0.1
834, 5760.0, 8, 6.8982035928143715, 0.1
835, 5768.0, 8, 6.899521531100478, 0.1
836, 5774.0, 6, 6.898446833930705, 0.1
837, 5782.0, 8, 6.899761336515513, 0.1
838, 5787.0, 5, 6.897497020262217, 0.1
839, 5795.0, 8, 6.898809523809524, 0.1
840, 5802.0, 7, 6.898929845422116, 0.1
841, 5809.0, 7, 6.899049881235155, 0.1
842, 5817.0, 8, 6.900355871886121, 0.1
843, 5825.0, 8, 6.901658767772512, 0.1
844, 5833.0, 8, 6.902958579881656, 0.1
845, 5841.0, 8, 6.904255319148936, 0.1
846, 5849.0, 8, 6.905548996458087, 0.1
847, 5856.0, 7, 6.90566037735849, 0.1
848, 5856.0, 0, 6.897526501766785, 0.1
849, 5862.0, 6, 6.896470588235294, 0.1
850, 5869.0, 7, 6.896592244418331, 0.1
851, 5876.0, 7, 6.896713615023474, 0.1
852, 5883.0, 7, 6.896834701055099, 0.1
853, 5891.0, 8, 6.898126463700234, 0.1
854, 5898.0, 7, 6.898245614035088, 0.1
855, 5905.0, 7, 6.8983644859813085, 0.1
856, 5912.0, 7, 6.898483080513419, 0.1
857, 5912.0, 0, 6.89044289044289, 0.1
858, 5915.0, 3, 6.8859138533178115, 0.1
859, 5922.0, 7, 6.886046511627907, 0.1
860, 5929.0, 7, 6.8861788617886175, 0.1
861, 5935.0, 6, 6.885150812064965, 0.1
862, 5941.0, 6, 6.884125144843569, 0.1
863, 5948.0, 7, 6.8842592592592595, 0.1
864, 5956.0, 8, 6.885549132947977, 0.1
865, 5963.0, 7, 6.88568129330254, 0.1
866, 5969.0, 6, 6.884659746251442, 0.1
867, 5971.0, 2, 6.879032258064516, 0.1
868, 5978.0, 7, 6.879171461449943, 0.1
869, 5986.0, 8, 6.880459770114943, 0.1
870, 5994.0, 8, 6.8817451205510904, 0.1
871, 5999.0, 5, 6.879587155963303, 0.1
872, 6007.0, 8, 6.880870561282933, 0.1
873, 6012.0, 5, 6.878718535469107, 0.1
874, 6019.0, 7, 6.878857142857143, 0.1
875, 6026.0, 7, 6.878995433789954, 0.1
876, 6027.0, 1, 6.872291904218928, 0.1
877, 6029.0, 2, 6.866742596810934, 0.1
878, 6036.0, 7, 6.8668941979522184, 0.1
879, 6043.0, 7, 6.867045454545455, 0.1
880, 6050.0, 7, 6.8671963677639045, 0.1
881, 6057.0, 7, 6.86734693877551, 0.1
882, 6065.0, 8, 6.868629671574179, 0.1
883, 6072.0, 7, 6.868778280542986, 0.1
884, 6073.0, 1, 6.8621468926553675, 0.1
885, 6080.0, 7, 6.8623024830699775, 0.1
886, 6087.0, 7, 6.862457722660654, 0.1
887, 6095.0, 8, 6.863738738738738, 0.1
888, 6102.0, 7, 6.863892013498313, 0.1
889, 6110.0, 8, 6.865168539325842, 0.1
890, 6116.0, 6, 6.864197530864198, 0.1
891, 6123.0, 7, 6.864349775784754, 0.1
892, 6131.0, 8, 6.865621500559911, 0.1
893, 6138.0, 7, 6.865771812080537, 0.1
894, 6143.0, 5, 6.863687150837989, 0.1
895, 6150.0, 7, 6.863839285714286, 0.1
896, 6157.0, 7, 6.863991081382386, 0.1
897, 6164.0, 7, 6.864142538975501, 0.1
898, 6171.0, 7, 6.864293659621802, 0.1
899, 6178.0, 7, 6.864444444444445, 0.1
900, 6185.0, 7, 6.864594894561598, 0.1
901, 6186.0, 1, 6.85809312638581, 0.1
902, 6194.0, 8, 6.859357696566999, 0.1
903, 6201.0, 7, 6.859513274336283, 0.1
904, 6209.0, 8, 6.860773480662983, 0.1
905, 6217.0, 8, 6.862030905077263, 0.1
906, 6217.0, 0, 6.854465270121279, 0.1
907, 6225.0, 8, 6.855726872246696, 0.1
908, 6231.0, 6, 6.854785478547854, 0.1
909, 6239.0, 8, 6.856043956043956, 0.1
910, 6241.0, 2, 6.850713501646542, 0.1
911, 6249.0, 8, 6.8519736842105265, 0.1
912, 6256.0, 7, 6.852135815991238, 0.1
913, 6263.0, 7, 6.852297592997812, 0.1
914, 6270.0, 7, 6.852459016393443, 0.1
915, 6275.0, 5, 6.850436681222708, 0.1
916, 6277.0, 2, 6.845147219193021, 0.1
917, 6277.0, 0, 6.837690631808279, 0.1
918, 6284.0, 7, 6.837867247007617, 0.1
919, 6292.0, 8, 6.839130434782609, 0.1
920, 6299.0, 7, 6.839305103148751, 0.1
921, 6303.0, 4, 6.836225596529284, 0.1
922, 6310.0, 7, 6.836403033586132, 0.1
923, 6318.0, 8, 6.837662337662338, 0.1
924, 6324.0, 6, 6.836756756756757, 0.1
925, 6329.0, 5, 6.834773218142549, 0.1
926, 6336.0, 7, 6.834951456310679, 0.1
927, 6344.0, 8, 6.836206896551724, 0.1
928, 6351.0, 7, 6.836383207750269, 0.1
929, 6357.0, 6, 6.835483870967742, 0.1
930, 6364.0, 7, 6.835660580021482, 0.1
931, 6372.0, 8, 6.836909871244635, 0.1
932, 6379.0, 7, 6.837084673097535, 0.1
933, 6386.0, 7, 6.837259100642398, 0.1
934, 6388.0, 2, 6.832085561497326, 0.1
935, 6395.0, 7, 6.832264957264957, 0.1
936, 6402.0, 7, 6.832443970117396, 0.1
937, 6410.0, 8, 6.833688699360341, 0.1
938, 6413.0, 3, 6.829605963791267, 0.1
939, 6418.0, 5, 6.827659574468085, 0.1
940, 6425.0, 7, 6.8278427205100956, 0.1
941, 6432.0, 7, 6.828025477707007, 0.1
942, 6438.0, 6, 6.827147401908801, 0.1
943, 6446.0, 8, 6.828389830508475, 0.1
944, 6453.0, 7, 6.828571428571428, 0.1
945, 6461.0, 8, 6.8298097251585626, 0.1
946, 6468.0, 7, 6.82998944033791, 0.1
947, 6474.0, 6, 6.829113924050633, 0.1
948, 6480.0, 6, 6.828240252897787, 0.1
949, 6487.0, 7, 6.828421052631579, 0.1
950, 6495.0, 8, 6.829652996845426, 0.1
951, 6503.0, 8, 6.830882352941177, 0.1
952, 6510.0, 7, 6.8310598111227705, 0.1
953, 6517.0, 7, 6.831236897274633, 0.1
954, 6524.0, 7, 6.831413612565445, 0.1
955, 6531.0, 7, 6.831589958158996, 0.1
956, 6538.0, 7, 6.831765935214211, 0.1
957, 6545.0, 7, 6.8319415448851775, 0.1
958, 6550.0, 5, 6.830031282586027, 0.1
959, 6556.0, 6, 6.829166666666667, 0.1
960, 6564.0, 8, 6.830385015608741, 0.1
961, 6572.0, 8, 6.831600831600832, 0.1
962, 6580.0, 8, 6.832814122533748, 0.1
963, 6586.0, 6, 6.831950207468879, 0.1
964, 6591.0, 5, 6.830051813471503, 0.1
965, 6599.0, 8, 6.8312629399585925, 0.1
966, 6606.0, 7, 6.831437435367115, 0.1
967, 6613.0, 7, 6.831611570247934, 0.1
968, 6621.0, 8, 6.8328173374613, 0.1
969, 6627.0, 6, 6.831958762886598, 0.1
970, 6635.0, 8, 6.833161688980432, 0.1
971, 6642.0, 7, 6.833333333333333, 0.1
972, 6642.0, 0, 6.8263103802672145, 0.1
973, 6649.0, 7, 6.826488706365503, 0.1
974, 6657.0, 8, 6.827692307692308, 0.1
975, 6664.0, 7, 6.827868852459017, 0.1
976, 6671.0, 7, 6.828045035823951, 0.1
977, 6678.0, 7, 6.828220858895706, 0.1
978, 6686.0, 8, 6.829417773237998, 0.1
979, 6692.0, 6, 6.828571428571428, 0.1
980, 6700.0, 8, 6.829765545361876, 0.1
981, 6708.0, 8, 6.830957230142566, 0.1
982, 6715.0, 7, 6.831129196337741, 0.1
983, 6721.0, 6, 6.830284552845528, 0.1
984, 6729.0, 8, 6.8314720812182745, 0.1
985, 6731.0, 2, 6.82657200811359, 0.1
986, 6735.0, 4, 6.82370820668693, 0.1
987, 6742.0, 7, 6.823886639676114, 0.1
988, 6750.0, 8, 6.825075834175935, 0.1
989, 6754.0, 4, 6.822222222222222, 0.1
990, 6759.0, 5, 6.820383451059536, 0.1
991, 6767.0, 8, 6.821572580645161, 0.1
992, 6775.0, 8, 6.822759315206445, 0.1
993, 6783.0, 8, 6.823943661971831, 0.1
994, 6785.0, 2, 6.819095477386934, 0.1
995, 6793.0, 8, 6.820281124497992, 0.1
996, 6801.0, 8, 6.8214643931795385, 0.1
997, 6808.0, 7, 6.8216432865731464, 0.1
998, 6814.0, 6, 6.8208208208208205, 0.1
999, 6819.0, 5, 6.819, 0.1
1000, 6825.0, 6, 6.818181818181818, 0.1
1001, 6832.0, 7, 6.818363273453094, 0.1
1002, 6840.0, 8, 6.819541375872383, 0.1
1003, 6847.0, 7, 6.819721115537849, 0.1
1004, 6854.0, 7, 6.819900497512438, 0.1
1005, 6858.0, 4, 6.817097415506958, 0.1
1006, 6865.0, 7, 6.817279046673287, 0.1
1007, 6871.0, 6, 6.816468253968254, 0.1
1008, 6877.0, 6, 6.815659068384539, 0.1
1009, 6885.0, 8, 6.816831683168317, 0.1
1010, 6893.0, 8, 6.818001978239367, 0.1
1011, 6893.0, 0, 6.811264822134388, 0.1
1012, 6900.0, 7, 6.811451135241856, 0.1
1013, 6907.0, 7, 6.81163708086785, 0.1
1014, 6915.0, 8, 6.812807881773399, 0.1
1015, 6923.0, 8, 6.813976377952756, 0.1
1016, 6926.0, 3, 6.810226155358898, 0.1
1017, 6928.0, 2, 6.8055009823182715, 0.1
1018, 6936.0, 8, 6.806673209028459, 0.1
1019, 6941.0, 5, 6.8049019607843135, 0.1
1020, 6944.0, 3, 6.801175318315377, 0.1
1021, 6952.0, 8, 6.802348336594912, 0.1
1022, 6957.0, 5, 6.80058651026393, 0.1
1023, 6964.0, 7, 6.80078125, 0.1
1024, 6971.0, 7, 6.800975609756097, 0.1
1025, 6977.0, 6, 6.800194931773879, 0.1
1026, 6985.0, 8, 6.801363193768257, 0.1
1027, 6993.0, 8, 6.802529182879377, 0.1
1028, 6999.0, 6, 6.801749271137027, 0.1
1029, 7006.0, 7, 6.8019417475728154, 0.1
1030, 7008.0, 2, 6.7972841901066925, 0.1
1031, 7016.0, 8, 6.7984496124031, 0.1
1032, 7024.0, 8, 6.799612778315586, 0.1
1033, 7032.0, 8, 6.800773694390716, 0.1
1034, 7039.0, 7, 6.80096618357488, 0.1
1035, 7047.0, 8, 6.802123552123552, 0.1
1036, 7055.0, 8, 6.80327868852459, 0.1
1037, 7062.0, 7, 6.803468208092486, 0.1
1038, 7070.0, 8, 6.804619826756497, 0.1
1039, 7078.0, 8, 6.805769230769231, 0.1
1040, 7083.0, 5, 6.804034582132565, 0.1
1041, 7090.0, 7, 6.8042226487524, 0.1
1042, 7098.0, 8, 6.805369127516778, 0.1
1043, 7103.0, 5, 6.803639846743295, 0.1
1044, 7111.0, 8, 6.804784688995215, 0.1
1045, 7117.0, 6, 6.804015296367113, 0.1
1046, 7122.0, 5, 6.802292263610315, 0.1
1047, 7129.0, 7, 6.802480916030534, 0.1
1048, 7136.0, 7, 6.802669208770258, 0.1
1049, 7138.0, 2, 6.798095238095238, 0.1
1050, 7146.0, 8, 6.799238820171265, 0.1
1051, 7152.0, 6, 6.798479087452471, 0.1
1052, 7160.0, 8, 6.799620132953466, 0.1
1053, 7168.0, 8, 6.8007590132827325, 0.1
1054, 7176.0, 8, 6.8018957345971565, 0.1
1055, 7183.0, 7, 6.802083333333333, 0.1
1056, 7191.0, 8, 6.80321665089877, 0.1
1057, 7198.0, 7, 6.803402646502835, 0.1
1058, 7205.0, 7, 6.803588290840415, 0.1
1059, 7211.0, 6, 6.802830188679246, 0.1
1060, 7218.0, 7, 6.803016022620169, 0.1
1061, 7223.0, 5, 6.801318267419962, 0.1
1062, 7231.0, 8, 6.8024459078080906, 0.1
1063, 7238.0, 7, 6.802631578947368, 0.1
1064, 7245.0, 7, 6.802816901408451, 0.1
1065, 7253.0, 8, 6.803939962476548, 0.1
1066, 7254.0, 1, 6.798500468603561, 0.1
1067, 7261.0, 7, 6.798689138576779, 0.1
1068, 7268.0, 7, 6.7988774555659495, 0.1
1069, 7276.0, 8, 6.8, 0.1
1070, 7283.0, 7, 6.800186741363212, 0.1
1071, 7291.0, 8, 6.8013059701492535, 0.1
1072, 7298.0, 7, 6.801491146318733, 0.1
1073, 7306.0, 8, 6.802607076350093, 0.1
1074, 7314.0, 8, 6.803720930232558, 0.1
1075, 7317.0, 3, 6.800185873605948, 0.1
1076, 7325.0, 8, 6.801299907149489, 0.1
1077, 7331.0, 6, 6.800556586270872, 0.1
1078, 7339.0, 8, 6.801668211306765, 0.1
1079, 7347.0, 8, 6.802777777777778, 0.1
1080, 7348.0, 1, 6.79740980573543, 0.1
1081, 7355.0, 7, 6.797597042513863, 0.1
1082, 7363.0, 8, 6.79870729455217, 0.1
1083, 7369.0, 6, 6.797970479704797, 0.1
1084, 7377.0, 8, 6.799078341013825, 0.1
1085, 7381.0, 4, 6.796500920810313, 0.1
1086, 7389.0, 8, 6.797608095676173, 0.1
1087, 7396.0, 7, 6.797794117647059, 0.1
1088, 7396.0, 0, 6.791551882460974, 0.1
1089, 7398.0, 2, 6.7871559633027525, 0.1
1090, 7406.0, 8, 6.7882676443629695, 0.1
1091, 7414.0, 8, 6.789377289377289, 0.1
1092, 7420.0, 6, 6.788655077767612, 0.1
1093, 7428.0, 8, 6.789762340036563, 0.1
1094, 7436.0, 8, 6.790867579908676, 0.1
1095, 7444.0, 8, 6.791970802919708, 0.1
1096, 7451.0, 7, 6.792160437556974, 0.1
1097, 7459.0, 8, 6.793260473588343, 0.1
1098, 7465.0, 6, 6.792538671519563, 0.1
1099, 7472.0, 7, 6.792727272727273, 0.1
1100, 7479.0, 7, 6.79291553133515, 0.1
1101, 7486.0, 7, 6.793103448275862, 0.1
1102, 7488.0, 2, 6.7887579329102445, 0.1
1103, 7496.0, 8, 6.7898550724637685, 0.1
1104, 7504.0, 8, 6.790950226244344, 0.1
1105, 7511.0, 7, 6.791139240506329, 0.1
1106, 7519.0, 8, 6.7922312556458895, 0.1
1107, 7527.0, 8, 6.793321299638989, 0.1
1108, 7534.0, 7, 6.793507664562669, 0.1
1109, 7541.0, 7, 6.793693693693694, 0.1
1110, 7549.0, 8, 6.794779477947794, 0.1
1111, 7556.0, 7, 6.794964028776978, 0.1
1112, 7557.0, 1, 6.789757412398922, 0.1
1113, 7565.0, 8, 6.790843806104129, 0.1
1114, 7570.0, 5, 6.789237668161435, 0.1
1115, 7577.0, 7, 6.789426523297491, 0.1
1116, 7577.0, 0, 6.783348254252462, 0.1
1117, 7583.0, 6, 6.782647584973167, 0.1
1118, 7591.0, 8, 6.783735478105451, 0.1
1119, 7591.0, 0, 6.777678571428571, 0.1
1120, 7598.0, 7, 6.777876895628903, 0.1
1121, 7605.0, 7, 6.778074866310161, 0.1
1122, 7613.0, 8, 6.779162956366874, 0.1
1123, 7621.0, 8, 6.780249110320285, 0.1
1124, 7622.0, 1, 6.775111111111111, 0.1
1125, 7629.0, 7, 6.775310834813499, 0.1
1126, 7632.0, 3, 6.771960958296362, 0.1
1127, 7640.0, 8, 6.773049645390071, 0.1
1128, 7648.0, 8, 6.774136403897254, 0.1
1129, 7655.0, 7, 6.774336283185841, 0.1
1130, 7662.0, 7, 6.774535809018568, 0.1
1131, 7669.0, 7, 6.774734982332156, 0.1
1132, 7677.0, 8, 6.775816416593115, 0.1
1133, 7685.0, 8, 6.77689594356261, 0.1
1134, 7693.0, 8, 6.777973568281938, 0.1
1135, 7701.0, 8, 6.779049295774648, 0.1
1136, 7703.0, 2, 6.774846086191733, 0.1
1137, 7709.0, 6, 6.774165202108963, 0.1
1138, 7717.0, 8, 6.775241439859526, 0.1
1139, 7724.0, 7, 6.775438596491228, 0.1
1140, 7732.0, 8, 6.776511831726555, 0.1
1141, 7740.0, 8, 6.777583187390543, 0.1
1142, 7747.0, 7, 6.777777777777778, 0.1
1143, 7754.0, 7, 6.777972027972028, 0.1
1144, 7760.0, 6, 6.777292576419214, 0.1
1145, 7768.0, 8, 6.778359511343805, 0.1
1146, 7775.0, 7, 6.7785527462946815, 0.1
1147, 7781.0, 6, 6.77787456445993, 0.1
1148, 7787.0, 6, 6.777197563098347, 0.1
1149, 7794.0, 7, 6.777391304347826, 0.1
1150, 7801.0, 7, 6.777584708948741, 0.1
1151, 7808.0, 7, 6.777777777777778, 0.1
1152, 7814.0, 6, 6.777103209019948, 0.1
1153, 7819.0, 5, 6.775563258232236, 0.1
1154, 7826.0, 7, 6.775757575757575, 0.1
1155, 7834.0, 8, 6.77681660899654, 0.1
1156, 7837.0, 3, 6.773552290406223, 0.1
1157, 7838.0, 1, 6.768566493955095, 0.1
1158, 7846.0, 8, 6.76962899050906, 0.1
1159, 7854.0, 8, 6.770689655172414, 0.1
1160, 7862.0, 8, 6.771748492678725, 0.1
1161, 7870.0, 8, 6.772805507745267, 0.1
1162, 7877.0, 7, 6.773000859845228, 0.1
1163, 7884.0, 7, 6.77319587628866, 0.1
1164, 7891.0, 7, 6.773390557939914, 0.1
1165, 7899.0, 8, 6.774442538593482, 0.1
1166, 7907.0, 8, 6.775492716366752, 0.1
1167, 7914.0, 7, 6.7756849315068495, 0.1
1168, 7921.0, 7, 6.775876817792986, 0.1
1169, 7929.0, 8, 6.776923076923077, 0.1
1170, 7937.0, 8, 6.77796754910333, 0.1
1171, 7945.0, 8, 6.7790102389078495, 0.1
1172, 7952.0, 7, 6.77919863597613, 0.1
1173, 7959.0, 7, 6.7793867120954, 0.1
1174, 7967.0, 8, 6.780425531914894, 0.1
1175, 7972.0, 5, 6.77891156462585, 0.1
1176, 7980.0, 8, 6.779949022939677, 0.1
1177, 7987.0, 7, 6.780135823429542, 0.1
1178, 7995.0, 8, 6.78117048346056, 0.1
1179, 8003.0, 8, 6.782203389830508, 0.1
1180, 8004.0, 1, 6.777307366638442, 0.1
1181, 8012.0, 8, 6.77834179357022, 0.1
1182, 8019.0, 7, 6.7785291631445475, 0.1
1183, 8027.0, 8, 6.7795608108108105, 0.1
1184, 8035.0, 8, 6.780590717299578, 0.1
1185, 8043.0, 8, 6.781618887015177, 0.1
1186, 8051.0, 8, 6.782645324347094, 0.1
1187, 8058.0, 7, 6.782828282828283, 0.1
1188, 8064.0, 6, 6.782169890664424, 0.1
1189, 8072.0, 8, 6.783193277310924, 0.1
1190, 8080.0, 8, 6.784214945424013, 0.1
1191, 8088.0, 8, 6.785234899328859, 0.1
1192, 8091.0, 3, 6.782062028499581, 0.1
1193, 8099.0, 8, 6.783082077051926, 0.1
1194, 8099.0, 0, 6.777405857740586, 0.1
1195, 8107.0, 8, 6.778428093645485, 0.1
1196, 8115.0, 8, 6.779448621553884, 0.1
1197, 8122.0, 7, 6.779632721202003, 0.1
1198, 8130.0, 8, 6.780650542118432, 0.1
1199, 8138.0, 8, 6.781666666666666, 0.1
1200, 8144.0, 6, 6.781015820149875, 0.1
1201, 8150.0, 6, 6.78036605657238, 0.1
1202, 8158.0, 8, 6.781379883624273, 0.1
1203, 8166.0, 8, 6.782392026578073, 0.1
1204, 8174.0, 8, 6.783402489626556, 0.1
1205, 8182.0, 8, 6.784411276948591, 0.1
1206, 8190.0, 8, 6.785418392709197, 0.1
1207, 8198.0, 8, 6.7864238410596025, 0.1
1208, 8206.0, 8, 6.787427626137304, 0.1
1209, 8213.0, 7, 6.787603305785124, 0.1
1210, 8221.0, 8, 6.788604459124691, 0.1
1211, 8229.0, 8, 6.78960396039604, 0.1
1212, 8237.0, 8, 6.790601813685078, 0.1
1213, 8244.0, 7, 6.790774299835255, 0.1
1214, 8251.0, 7, 6.790946502057613, 0.1
1215, 8259.0, 8, 6.791940789473684, 0.1
1216, 8265.0, 6, 6.791290057518488, 0.1
1217, 8273.0, 8, 6.792282430213465, 0.1
1218, 8281.0, 8, 6.793273174733388, 0.1
1219, 8287.0, 6, 6.7926229508196725, 0.1
1220, 8295.0, 8, 6.7936117936117935, 0.1
1221, 8302.0, 7, 6.7937806873977085, 0.1
1222, 8309.0, 7, 6.793949304987735, 0.1
1223, 8310.0, 1, 6.78921568627451, 0.1
1224, 8318.0, 8, 6.790204081632653, 0.1
1225, 8326.0, 8, 6.791190864600326, 0.1
1226, 8329.0, 3, 6.788101059494703, 0.1
1227, 8337.0, 8, 6.789087947882736, 0.1
1228, 8345.0, 8, 6.790073230268511, 0.1
1229, 8351.0, 6, 6.789430894308943, 0.1
1230, 8359.0, 8, 6.790414297319253, 0.1
1231, 8365.0, 6, 6.7897727272727275, 0.1
1232, 8369.0, 4, 6.787510137875102, 0.1
1233, 8376.0, 7, 6.787682333873581, 0.1
1234, 8379.0, 3, 6.7846153846153845, 0.1
1235, 8386.0, 7, 6.784789644012945, 0.1
1236, 8394.0, 8, 6.7857720291026675, 0.1
1237, 8396.0, 2, 6.7819063004846525, 0.1
1238, 8404.0, 8, 6.782889426957223, 0.1
1239, 8411.0, 7, 6.783064516129032, 0.1
1240, 8419.0, 8, 6.784045124899275, 0.1
1241, 8426.0, 7, 6.784219001610306, 0.1
1242, 8432.0, 6, 6.7835880933226065, 0.1
1243, 8436.0, 4, 6.781350482315113, 0.1
1244, 8440.0, 4, 6.779116465863454, 0.1
1245, 8443.0, 3, 6.776083467094703, 0.1
1246, 8447.0, 4, 6.773857257417803, 0.1
1247, 8450.0, 3, 6.770833333333333, 0.1
1248, 8458.0, 8, 6.771817453963171, 0.1
1249, 8465.0, 7, 6.772, 0.1
1250, 8472.0, 7, 6.772182254196642, 0.1
1251, 8480.0, 8, 6.773162939297125, 0.1
1252, 8483.0, 3, 6.7701516360734235, 0.1
1253, 8491.0, 8, 6.771132376395534, 0.1
1254, 8498.0, 7, 6.771314741035857, 0.1
1255, 8506.0, 8, 6.772292993630574, 0.1
1256, 8514.0, 8, 6.77326968973747, 0.1
1257, 8522.0, 8, 6.774244833068362, 0.1
1258, 8530.0, 8, 6.7752184273232725, 0.1
1259, 8531.0, 1, 6.770634920634921, 0.1
1260, 8538.0, 7, 6.770816812053925, 0.1
1261, 8545.0, 7, 6.770998415213946, 0.1
1262, 8552.0, 7, 6.771179730799683, 0.1
1263, 8554.0, 2, 6.7674050632911396, 0.1
1264, 8557.0, 3, 6.764426877470355, 0.1
1265, 8565.0, 8, 6.765402843601896, 0.1
1266, 8572.0, 7, 6.765588003157064, 0.1
1267, 8574.0, 2, 6.761829652996846, 0.1
1268, 8581.0, 7, 6.762017336485422, 0.1
1269, 8589.0, 8, 6.762992125984252, 0.1
1270, 8597.0, 8, 6.7639653815892995, 0.1
1271, 8603.0, 6, 6.763364779874214, 0.1
1272, 8610.0, 7, 6.763550667714061, 0.1
1273, 8618.0, 8, 6.764521193092621, 0.1
1274, 8625.0, 7, 6.764705882352941, 0.1
1275, 8632.0, 7, 6.764890282131661, 0.1
1276, 8638.0, 6, 6.764291307752545, 0.1
1277, 8646.0, 8, 6.765258215962441, 0.1
1278, 8653.0, 7, 6.7654417513682565, 0.1
1279, 8660.0, 7, 6.765625, 0.1
1280, 8665.0, 5, 6.764246682279469, 0.1
1281, 8673.0, 8, 6.765210608424337, 0.1
1282, 8681.0, 8, 6.7661730319563524, 0.1
1283, 8685.0, 4, 6.764018691588785, 0.1
1284, 8692.0, 7, 6.76420233463035, 0.1
1285, 8696.0, 4, 6.762052877138414, 0.1
1286, 8701.0, 5, 6.760683760683761, 0.1
1287, 8708.0, 7, 6.760869565217392, 0.1
1288, 8716.0, 8, 6.761830876648565, 0.1
1289, 8724.0, 8, 6.7627906976744185, 0.1
1290, 8730.0, 6, 6.762199845081332, 0.1
1291, 8736.0, 6, 6.761609907120743, 0.1
1292, 8736.0, 0, 6.756380510440835, 0.1
1293, 8744.0, 8, 6.757341576506955, 0.1
1294, 8749.0, 5, 6.755984555984556, 0.1
1295, 8756.0, 7, 6.756172839506172, 0.1
1296, 8764.0, 8, 6.757131842713955, 0.1
1297, 8768.0, 4, 6.7550077041602465, 0.1
1298, 8775.0, 7, 6.755196304849885, 0.1
1299, 8783.0, 8, 6.756153846153846, 0.1
1300, 8791.0, 8, 6.757109915449654, 0.1
1301, 8799.0, 8, 6.758064516129032, 0.1
1302, 8807.0, 8, 6.759017651573292, 0.1
1303, 8814.0, 7, 6.75920245398773, 0.1
1304, 8817.0, 3, 6.75632183908046, 0.1
1305, 8819.0, 2, 6.752679938744257, 0.1
1306, 8827.0, 8, 6.7536342769701605, 0.1
1307, 8834.0, 7, 6.753822629969419, 0.1
1308, 8835.0, 1, 6.74942704354469, 0.1
1309, 8843.0, 8, 6.750381679389313, 0.1
1310, 8851.0, 8, 6.751334858886346, 0.1
1311, 8858.0, 7, 6.751524390243903, 0.1
1312, 8858.0, 0, 6.746382330540746, 0.1
1313, 8866.0, 8, 6.7473363774733635, 0.1
1314, 8870.0, 4, 6.745247148288973, 0.1
1315, 8877.0, 7, 6.745440729483283, 0.1
1316, 8881.0, 4, 6.743356112376613, 0.1
1317, 8888.0, 7, 6.743550834597875, 0.1
1318, 8895.0, 7, 6.74374526156179, 0.1
1319, 8897.0, 2, 6.740151515151515, 0.1
1320, 8904.0, 7, 6.7403482210446635, 0.1
1321, 8910.0, 6, 6.739788199697428, 0.1
1322, 8918.0, 8, 6.7407407407407405, 0.1
1323, 8924.0, 6, 6.740181268882175, 0.1
1324, 8931.0, 7, 6.740377358490566, 0.1
1325, 8937.0, 6, 6.739819004524887, 0.1
1326, 8944.0, 7, 6.740015071590053, 0.1
1327, 8952.0, 8, 6.740963855421687, 0.1
1328, 8952.0, 0, 6.735891647855531, 0.1
1329, 8955.0, 3, 6.7330827067669174, 0.1
1330, 8963.0, 8, 6.734034560480842, 0.1
1331, 8972.0, 9, 6.7357357357357355, 0.1
1332, 8978.0, 6, 6.735183795948987, 0.1
1333, 8985.0, 7, 6.735382308845577, 0.1
1334, 8992.0, 7, 6.735580524344569, 0.1
1335, 9000.0, 8, 6.736526946107785, 0.1
1336, 9006.0, 6, 6.735976065818997, 0.1
1337, 9014.0, 8, 6.736920777279522, 0.1
1338, 9022.0, 8, 6.737864077669903, 0.1
1339, 9030.0, 8, 6.7388059701492535, 0.1
1340, 9038.0, 8, 6.7397464578672635, 0.1
1341, 9046.0, 8, 6.740685543964233, 0.1
1342, 9054.0, 8, 6.7416232315711095, 0.1
1343, 9062.0, 8, 6.742559523809524, 0.1
1344, 9067.0, 5, 6.741263940520446, 0.1
1345, 9074.0, 7, 6.741456166419019, 0.1
1346, 9082.0, 8, 6.742390497401633, 0.1
1347, 9089.0, 7, 6.742581602373887, 0.1
1348, 9089.0, 0, 6.737583395107487, 0.1
1349, 9096.0, 7, 6.737777777777778, 0.1
1350, 9101.0, 5, 6.736491487786824, 0.1
1351, 9108.0, 7, 6.736686390532545, 0.1
1352, 9111.0, 3, 6.733924611973393, 0.1
1353, 9119.0, 8, 6.734859675036928, 0.1
1354, 9126.0, 7, 6.735055350553505, 0.1
1355, 9128.0, 2, 6.731563421828908, 0.1
1356, 9136.0, 8, 6.73249815770081, 0.1
1357, 9142.0, 6, 6.731958762886598, 0.1
1358, 9149.0, 7, 6.732155997056659, 0.1
1359, 9157.0, 8, 6.733088235294118, 0.1
1360, 9162.0, 5, 6.73181484202792, 0.1
1361, 9170.0, 8, 6.732745961820852, 0.1
1362, 9178.0, 8, 6.733675715333822, 0.1
1363, 9185.0, 7, 6.733870967741935, 0.1
1364, 9193.0, 8, 6.734798534798535, 0.1
1365, 9198.0, 5, 6.733528550512445, 0.1
1366, 9204.0, 6, 6.73299195318215, 0.1
1367, 9211.0, 7, 6.733187134502924, 0.1
1368, 9217.0, 6, 6.732651570489408, 0.1
1369, 9222.0, 5, 6.731386861313869, 0.1
1370, 9222.0, 0, 6.726477024070022, 0.1
1371, 9229.0, 7, 6.72667638483965, 0.1
1372, 9237.0, 8, 6.727603787327021, 0.1
1373, 9239.0, 2, 6.724163027656477, 0.1
1374, 9247.0, 8, 6.725090909090909, 0.1
1375, 9249.0, 2, 6.721656976744186, 0.1
1376, 9257.0, 8, 6.722585330428467, 0.1
1377, 9258.0, 1, 6.718432510885341, 0.1
1378, 9259.0, 1, 6.714285714285714, 0.1
1379, 9265.0, 6, 6.713768115942029, 0.1
1380, 9271.0, 6, 6.713251267197683, 0.1
1381, 9277.0, 6, 6.71273516642547, 0.1
1382, 9285.0, 8, 6.713665943600867, 0.1
1383, 9292.0, 7, 6.713872832369942, 0.1
1384, 9299.0, 7, 6.714079422382672, 0.1
1385, 9299.0, 0, 6.709235209235209, 0.1
1386, 9304.0, 5, 6.708002883922134, 0.1
1387, 9312.0, 8, 6.70893371757925, 0.1
1388, 9320.0, 8, 6.709863210943125, 0.1
1389, 9327.0, 7, 6.710071942446043, 0.1
1390, 9332.0, 5, 6.708842559309849, 0.1
1391, 9340.0, 8, 6.709770114942529, 0.1
1392, 9346.0, 6, 6.709260588657574, 0.1
1393, 9354.0, 8, 6.710186513629842, 0.1
1394, 9360.0, 6, 6.709677419354839, 0.1
1395, 9367.0, 7, 6.709885386819484, 0.1
1396, 9372.0, 5, 6.708661417322834, 0.1
1397, 9379.0, 7, 6.708869814020028, 0.1
1398, 9387.0, 8, 6.709792709077913, 0.1
1399, 9395.0, 8, 6.710714285714285, 0.1
1400, 9403.0, 8, 6.71163454675232, 0.1
1401, 9408.0, 5, 6.710413694721826, 0.1
1402, 9416.0, 8, 6.711332858161083, 0.1
1403, 9422.0, 6, 6.710826210826211, 0.1
1404, 9422.0, 0, 6.706049822064057, 0.1
1405, 9430.0, 8, 6.70697012802276, 0.1
1406, 9437.0, 7, 6.707178393745558, 0.1
1407, 9441.0, 4, 6.705255681818182, 0.1
1408, 9449.0, 8, 6.706174591909155, 0.1
1409, 9457.0, 8, 6.70709219858156, 0.1
1410, 9462.0, 5, 6.705882352941177, 0.1
1411, 9469.0, 7, 6.706090651558074, 0.1
1412, 9475.0, 6, 6.705590941259731, 0.1
1413, 9482.0, 7, 6.705799151343705, 0.1
1414, 9490.0, 8, 6.706713780918728, 0.1
1415, 9496.0, 6, 6.706214689265536, 0.1
1416, 9504.0, 8, 6.707127734650671, 0.1
1417, 9512.0, 8, 6.708039492242595, 0.1
1418, 9519.0, 7, 6.708245243128964, 0.1
1419, 9520.0, 1, 6.704225352112676, 0.1
1420, 9527.0, 7, 6.704433497536946, 0.1
1421, 9535.0, 8, 6.705344585091421, 0.1
1422, 9542.0, 7, 6.705551651440619, 0.1
1423, 9549.0, 7, 6.705758426966292, 0.1
1424, 9556.0, 7, 6.7059649122807015, 0.1
1425, 9561.0, 5, 6.70476858345021, 0.1
1426, 9567.0, 6, 6.704274702172389, 0.1
1427, 9575.0, 8, 6.705182072829132, 0.1
1428, 9582.0, 7, 6.705388383484954, 0.1
1429, 9590.0, 8, 6.706293706293707, 0.1
1430, 9596.0, 6, 6.705800139762404, 0.1
1431, 9596.0, 0, 6.701117318435754, 0.1
1432, 9604.0, 8, 6.702023726448012, 0.1
1433, 9612.0, 8, 6.702928870292887, 0.1
1434, 9619.0, 7, 6.703135888501742, 0.1
1435, 9627.0, 8, 6.704038997214485, 0.1
1436, 9635.0, 8, 6.704940848990954, 0.1
1437, 9642.0, 7, 6.705146036161335, 0.1
1438, 9650.0, 8, 6.706045865184156, 0.1
1439, 9657.0, 7, 6.70625, 0.1
1440, 9661.0, 4, 6.704371963913949, 0.1
1441, 9668.0, 7, 6.704576976421636, 0.1
1442, 9676.0, 8, 6.705474705474705, 0.1
1443, 9684.0, 8, 6.706371191135734, 0.1
1444, 9692.0, 8, 6.707266435986159, 0.1
1445, 9700.0, 8, 6.708160442600277, 0.1
1446, 9707.0, 7, 6.70836212854181, 0.1
1447, 9715.0, 8, 6.709254143646409, 0.1
1448, 9723.0, 8, 6.7101449275362315, 0.1
1449, 9731.0, 8, 6.71103448275862, 0.1
1450, 9739.0, 8, 6.711922811853894, 0.1
1451, 9747.0, 8, 6.712809917355372, 0.1
1452, 9755.0, 8, 6.7136958017894015, 0.1
1453, 9762.0, 7, 6.713892709766163, 0.1
1454, 9767.0, 5, 6.7127147766323025, 0.1
1455, 9774.0, 7, 6.712912087912088, 0.1
1456, 9780.0, 6, 6.712422786547701, 0.1
1457, 9786.0, 6, 6.711934156378601, 0.1
1458, 9793.0, 7, 6.712131596984236, 0.1
1459, 9799.0, 6, 6.711643835616439, 0.1
1460, 9807.0, 8, 6.712525667351129, 0.1
1461, 9815.0, 8, 6.713406292749658, 0.1
1462, 9821.0, 6, 6.712918660287081, 0.1
1463, 9826.0, 5, 6.711748633879782, 0.1
1464, 9834.0, 8, 6.712627986348123, 0.1
1465, 9841.0, 7, 6.712824010914052, 0.1
1466, 9849.0, 8, 6.713701431492843, 0.1
1467, 9856.0, 7, 6.713896457765667, 0.1
1468, 9863.0, 7, 6.714091218515997, 0.1
1469, 9870.0, 7, 6.714285714285714, 0.1
1470, 9878.0, 8, 6.715159755268525, 0.1
1471, 9885.0, 7, 6.715353260869565, 0.1
1472, 9892.0, 7, 6.715546503733877, 0.1
1473, 9898.0, 6, 6.715061058344641, 0.1
1474, 9905.0, 7, 6.715254237288136, 0.1
1475, 9908.0, 3, 6.712737127371274, 0.1
1476, 9909.0, 1, 6.70886932972241, 0.1
1477, 9915.0, 6, 6.7083897158322054, 0.1
1478, 9921.0, 6, 6.707910750507099, 0.1
1479, 9929.0, 8, 6.708783783783784, 0.1
1480, 9936.0, 7, 6.708980418636057, 0.1
1481, 9944.0, 8, 6.709851551956815, 0.1
1482, 9946.0, 2, 6.706675657451113, 0.1
1483, 9952.0, 6, 6.706199460916442, 0.1
1484, 9960.0, 8, 6.707070707070707, 0.1
1485, 9967.0, 7, 6.707267833109017, 0.1
1486, 9968.0, 1, 6.7034297242770675, 0.1
1487, 9976.0, 8, 6.704301075268817, 0.1
1488, 9976.0, 0, 6.699798522498321, 0.1
1489, 9983.0, 7, 6.7, 0.1
1490, 9990.0, 7, 6.7002012072434605, 0.1
1491, 9998.0, 8, 6.701072386058981, 0.1
1492, 10006.0, 8, 6.701942397856665, 0.1
1493, 10013.0, 7, 6.7021419009370815, 0.1
1494, 10021.0, 8, 6.703010033444816, 0.1
1495, 10029.0, 8, 6.703877005347594, 0.1
1496, 10036.0, 7, 6.704074816299265, 0.1
1497, 10044.0, 8, 6.7049399198931905, 0.1
1498, 10051.0, 7, 6.7051367578385594, 0.1
1499, 10057.0, 6, 6.704666666666666, 0.1
1500, 10065.0, 8, 6.7055296469020655, 0.1
1501, 10066.0, 1, 6.7017310252996, 0.1
1502, 10074.0, 8, 6.702594810379241, 0.1
1503, 10081.0, 7, 6.70279255319149, 0.1
1504, 10089.0, 8, 6.703654485049834, 0.1
1505, 10092.0, 3, 6.701195219123506, 0.1
1506, 10099.0, 7, 6.701393497013935, 0.1
1507, 10106.0, 7, 6.701591511936339, 0.1
1508, 10109.0, 3, 6.699138502319417, 0.1
1509, 10117.0, 8, 6.7, 0.1
1510, 10124.0, 7, 6.700198544010589, 0.1
1511, 10132.0, 8, 6.701058201058201, 0.1
1512, 10138.0, 6, 6.700594844679445, 0.1
1513, 10146.0, 8, 6.701453104359313, 0.1
1514, 10150.0, 4, 6.6996699669967, 0.1
1515, 10158.0, 8, 6.700527704485488, 0.1
1516, 10166.0, 8, 6.701384311140409, 0.1
1517, 10174.0, 8, 6.702239789196311, 0.1
1518, 10181.0, 7, 6.702435813034891, 0.1
1519, 10188.0, 7, 6.7026315789473685, 0.1
1520, 10196.0, 8, 6.703484549638396, 0.1
1521, 10203.0, 7, 6.7036793692509855, 0.1
1522, 10211.0, 8, 6.704530531845043, 0.1
1523, 10218.0, 7, 6.7047244094488185, 0.1
1524, 10225.0, 7, 6.704918032786885, 0.1
1525, 10233.0, 8, 6.705766710353866, 0.1
1526, 10239.0, 6, 6.705304518664047, 0.1
1527, 10247.0, 8, 6.7061518324607325, 0.1
1528, 10255.0, 8, 6.70699803793329, 0.1
1529, 10258.0, 3, 6.704575163398693, 0.1
1530, 10264.0, 6, 6.704114957544089, 0.1
1531, 10271.0, 7, 6.704308093994778, 0.1
1532, 10278.0, 7, 6.704500978473582, 0.1
1533, 10285.0, 7, 6.704693611473273, 0.1
1534, 10292.0, 7, 6.704885993485342, 0.1
1535, 10299.0, 7, 6.705078125, 0.1
1536, 10307.0, 8, 6.705920624593364, 0.1
1537, 10315.0, 8, 6.7067620286085825, 0.1
1538, 10321.0, 6, 6.7063027940220925, 0.1
1539, 10327.0, 6, 6.705844155844156, 0.1
1540, 10327.0, 0, 6.701492537313433, 0.1
1541, 10328.0, 1, 6.6977950713359276, 0.1
1542, 10332.0, 4, 6.696046662346079, 0.1
1543, 10334.0, 2, 6.69300518134715, 0.1
1544, 10341.0, 7, 6.693203883495146, 0.1
1545, 10348.0, 7, 6.69340232858991, 0.1
1546, 10356.0, 8, 6.694246929541047, 0.1
1547, 10362.0, 6, 6.6937984496124034, 0.1
1548, 10370.0, 8, 6.694641704325371, 0.1
1549, 10373.0, 3, 6.692258064516129, 0.1
1550, 10381.0, 8, 6.693101225016119, 0.1
1551, 10388.0, 7, 6.693298969072165, 0.1
1552, 10395.0, 7, 6.693496458467482, 0.1
1553, 10400.0, 5, 6.692406692406692, 0.1
1554, 10407.0, 7, 6.692604501607717, 0.1
1555, 10414.0, 7, 6.69280205655527, 0.1
1556, 10421.0, 7, 6.692999357739242, 0.1
1557, 10428.0, 7, 6.693196405648267, 0.1
1558, 10436.0, 8, 6.694034637588198, 0.1
1559, 10444.0, 8, 6.694871794871795, 0.1
1560, 10449.0, 5, 6.693786034593209, 0.1
1561, 10451.0, 2, 6.690781049935979, 0.1
1562, 10458.0, 7, 6.690978886756238, 0.1
1563, 10466.0, 8, 6.6918158567774935, 0.1
1564, 10473.0, 7, 6.692012779552716, 0.1
1565, 10480.0, 7, 6.69220945083014, 0.1
1566, 10487.0, 7, 6.692405871091257, 0.1
1567, 10494.0, 7, 6.692602040816326, 0.1
1568, 10500.0, 6, 6.692160611854685, 0.1
1569, 10507.0, 7, 6.692356687898089, 0.1
1570, 10511.0, 4, 6.690642902609802, 0.1
1571, 10517.0, 6, 6.690203562340967, 0.1
1572, 10525.0, 8, 6.691036236490782, 0.1
1573, 10533.0, 8, 6.691867852604829, 0.1
1574, 10540.0, 7, 6.692063492063492, 0.1
1575, 10543.0, 3, 6.689720812182741, 0.1
1576, 10551.0, 8, 6.690551680405834, 0.1
1577, 10559.0, 8, 6.691381495564005, 0.1
1578, 10567.0, 8, 6.692210259658012, 0.1
1579, 10568.0, 1, 6.688607594936709, 0.1
1580, 10576.0, 8, 6.68943706514864, 0.1
1581, 10584.0, 8, 6.6902654867256635, 0.1
1582, 10585.0, 1, 6.686670878079596, 0.1
1583, 10593.0, 8, 6.6875, 0.1
1584, 10599.0, 6, 6.687066246056783, 0.1
1585, 10606.0, 7, 6.687263556116015, 0.1
1586, 10614.0, 8, 6.688090737240076, 0.1
1587, 10621.0, 7, 6.688287153652393, 0.1
1588, 10627.0, 6, 6.687853996224041, 0.1
1589, 10634.0, 7, 6.688050314465409, 0.1
1590, 10642.0, 8, 6.688874921433061, 0.1
1591, 10649.0, 7, 6.689070351758794, 0.1
1592, 10657.0, 8, 6.689893283113622, 0.1
1593, 10665.0, 8, 6.690715181932246, 0.1
1594, 10672.0, 7, 6.6909090909090905, 0.1
1595, 10679.0, 7, 6.6911027568922306, 0.1
1596, 10687.0, 8, 6.691922354414527, 0.1
1597, 10694.0, 7, 6.692115143929913, 0.1
1598, 10700.0, 6, 6.691682301438399, 0.1
1599, 10707.0, 7, 6.691875, 0.1
1600, 10714.0, 7, 6.692067457838851, 0.1
1601, 10722.0, 8, 6.692883895131086, 0.1
1602, 10729.0, 7, 6.693075483468497, 0.1
1603, 10736.0, 7, 6.693266832917706, 0.1
1604, 10743.0, 7, 6.6934579439252335, 0.1
1605, 10751.0, 8, 6.694271481942715, 0.1
1606, 10759.0, 8, 6.69508400746733, 0.1
1607, 10765.0, 6, 6.694651741293533, 0.1
1608, 10772.0, 7, 6.694841516469857, 0.1
1609, 10779.0, 7, 6.695031055900621, 0.1
1610, 10786.0, 7, 6.6952203600248295, 0.1
1611, 10794.0, 8, 6.696029776674938, 0.1
1612, 10794.0, 0, 6.691878487290762, 0.1
1613, 10801.0, 7, 6.692069392812887, 0.1
1614, 10808.0, 7, 6.692260061919504, 0.1
1615, 10816.0, 8, 6.693069306930693, 0.1
1616, 10819.0, 3, 6.69078540507112, 0.1
1617, 10822.0, 3, 6.688504326328801, 0.1
1618, 10824.0, 2, 6.685608400247066, 0.1
1619, 10832.0, 8, 6.68641975308642, 0.1
1620, 10839.0, 7, 6.6866132017273285, 0.1
1621, 10847.0, 8, 6.687422934648582, 0.1
1622, 10855.0, 8, 6.688231669747381, 0.1
1623, 10863.0, 8, 6.689039408866995, 0.1
1624, 10870.0, 7, 6.689230769230769, 0.1
1625, 10876.0, 6, 6.688806888068881, 0.1
1626, 10884.0, 8, 6.6896127842655195, 0.1
1627, 10892.0, 8, 6.69041769041769, 0.1
1628, 10896.0, 4, 6.688766114180479, 0.1
1629, 10904.0, 8, 6.689570552147239, 0.1
1630, 10912.0, 8, 6.690374003678725, 0.1
1631, 10918.0, 6, 6.689950980392157, 0.1
1632, 10921.0, 3, 6.687691365584813, 0.1
1633, 10929.0, 8, 6.688494492044064, 0.1
1634, 10936.0, 7, 6.6886850152905195, 0.1
1635, 10944.0, 8, 6.689486552567237, 0.1
1636, 10951.0, 7, 6.689676237018937, 0.1
1637, 10954.0, 3, 6.687423687423688, 0.1
1638, 10961.0, 7, 6.687614399023795, 0.1
1639, 10969.0, 8, 6.6884146341463415, 0.1
1640, 10977.0, 8, 6.689213893967093, 0.1
1641, 10985.0, 8, 6.690012180267966, 0.1
1642, 10986.0, 1, 6.686548995739501, 0.1
1643, 10993.0, 7, 6.6867396593673964, 0.1
1644, 11001.0, 8, 6.687537993920973, 0.1
1645, 11009.0, 8, 6.688335358444714, 0.1
1646, 11016.0, 7, 6.688524590163935, 0.1
1647, 11023.0, 7, 6.68871359223301, 0.1
1648, 11030.0, 7, 6.6889023650697395, 0.1
1649, 11038.0, 8, 6.6896969696969695, 0.1
1650, 11044.0, 6, 6.689279224712296, 0.1
1651, 11052.0, 8, 6.690072639225182, 0.1
1652, 11059.0, 7, 6.690260133091349, 0.1
1653, 11066.0, 7, 6.690447400241838, 0.1
1654, 11072.0, 6, 6.690030211480362, 0.1
1655, 11080.0, 8, 6.690821256038648, 0.1
1656, 11087.0, 7, 6.691007845503923, 0.1
1657, 11093.0, 6, 6.690591073582629, 0.1
1658, 11097.0, 4, 6.688969258589512, 0.1
1659, 11105.0, 8, 6.6897590361445785, 0.1
1660, 11113.0, 8, 6.690547862733293, 0.1
1661, 11120.0, 7, 6.690734055354994, 0.1
1662, 11126.0, 6, 6.690318701142513, 0.1
1663, 11132.0, 6, 6.689903846153846, 0.1
1664, 11135.0, 3, 6.687687687687688, 0.1
1665, 11143.0, 8, 6.6884753901560625, 0.1
1666, 11147.0, 4, 6.686862627474505, 0.1
1667, 11154.0, 7, 6.68705035971223, 0.1
1668, 11161.0, 7, 6.687237866986219, 0.1
1669, 11166.0, 5, 6.68622754491018, 0.1
1670, 11172.0, 6, 6.685816876122082, 0.1
1671, 11180.0, 8, 6.686602870813397, 0.1
1672, 11187.0, 7, 6.686790197250448, 0.1
1673, 11195.0, 8, 6.687574671445639, 0.1
1674, 11203.0, 8, 6.688358208955224, 0.1
1675, 11210.0, 7, 6.68854415274463, 0.1
1676, 11218.0, 8, 6.689326177698271, 0.1
1677, 11223.0, 5, 6.688319427890345, 0.1
1678, 11230.0, 7, 6.688505062537224, 0.1
1679, 11237.0, 7, 6.688690476190477, 0.1
1680, 11245.0, 8, 6.689470553242118, 0.1
1681, 11247.0, 2, 6.686682520808561, 0.1
1682, 11255.0, 8, 6.687462863933452, 0.1
1683, 11262.0, 7, 6.6876484560570075, 0.1
1684, 11268.0, 6, 6.687240356083086, 0.1
1685, 11275.0, 7, 6.687425860023724, 0.1
1686, 11275.0, 0, 6.6834617664493186, 0.1
1687, 11283.0, 8, 6.684241706161138, 0.1
1688, 11290.0, 7, 6.684428656009473, 0.1
1689, 11294.0, 4, 6.68284023668639, 0.1
1690, 11302.0, 8, 6.683619160260201, 0.1
1691, 11309.0, 7, 6.683806146572104, 0.1
1692, 11316.0, 7, 6.68399291199055, 0.1
1693, 11323.0, 7, 6.68417945690673, 0.1
1694, 11331.0, 8, 6.68495575221239, 0.1
1695, 11339.0, 8, 6.685731132075472, 0.1
1696, 11346.0, 7, 6.685916322922805, 0.1
1697, 11353.0, 7, 6.686101295641932, 0.1
1698, 11359.0, 6, 6.685697469099471, 0.1
1699, 11366.0, 7, 6.685882352941176, 0.1
1700, 11368.0, 2, 6.683127572016461, 0.1
1701, 11375.0, 7, 6.68331374853114, 0.1
1702, 11383.0, 8, 6.684086905460951, 0.1
1703, 11391.0, 8, 6.684859154929577, 0.1
1704, 11395.0, 4, 6.683284457478006, 0.1
1705, 11402.0, 7, 6.683470105509965, 0.1
1706, 11409.0, 7, 6.68365553602812, 0.1
1707, 11417.0, 8, 6.684426229508197, 0.1
1708, 11424.0, 7, 6.684610883557636, 0.1
1709, 11432.0, 8, 6.685380116959064, 0.1
1710, 11439.0, 7, 6.685563997662186, 0.1
1711, 11444.0, 5, 6.684579439252336, 0.1
1712, 11450.0, 6, 6.684179801517805, 0.1
1713, 11457.0, 7, 6.68436406067678, 0.1
1714, 11463.0, 6, 6.683965014577259, 0.1
1715, 11471.0, 8, 6.684731934731935, 0.1
1716, 11478.0, 7, 6.684915550378567, 0.1
1717, 11486.0, 8, 6.685681024447032, 0.1
1718, 11493.0, 7, 6.68586387434555, 0.1
1719, 11499.0, 6, 6.68546511627907, 0.1
1720, 11502.0, 3, 6.683323649041255, 0.1
1721, 11506.0, 4, 6.681765389082463, 0.1
1722, 11513.0, 7, 6.681950087057458, 0.1
1723, 11520.0, 7, 6.682134570765661, 0.1
1724, 11527.0, 7, 6.68231884057971, 0.1
1725, 11534.0, 7, 6.682502896871379, 0.1
1726, 11542.0, 8, 6.68326577880718, 0.1
1727, 11549.0, 7, 6.683449074074074, 0.1
1728, 11557.0, 8, 6.684210526315789, 0.1
1729, 11564.0, 7, 6.684393063583815, 0.1
1730, 11572.0, 8, 6.685153090699018, 0.1
1731, 11577.0, 5, 6.684180138568129, 0.1
1732, 11578.0, 1, 6.680900173110214, 0.1
1733, 11585.0, 7, 6.6810841983852365, 0.1
1734, 11593.0, 8, 6.681844380403458, 0.1
1735, 11593.0, 0, 6.677995391705069, 0.1
1736, 11595.0, 2, 6.675302245250432, 0.1
1737, 11600.0, 5, 6.67433831990794, 0.1
1738, 11608.0, 8, 6.675100632547441, 0.1
1739, 11616.0, 8, 6.675862068965517, 0.1
1740, 11623.0, 7, 6.676048248133257, 0.1
1741, 11629.0, 6, 6.675660160734788, 0.1
1742, 11636.0, 7, 6.6758462421113025, 0.1
1743, 11641.0, 5, 6.674885321100917, 0.1
1744, 11647.0, 6, 6.6744985673352435, 0.1
1745, 11655.0, 8, 6.675257731958763, 0.1
1746, 11662.0, 7, 6.675443617630223, 0.1
1747, 11670.0, 8, 6.676201372997712, 0.1
1748, 11678.0, 8, 6.6769582618639225, 0.1
1749, 11686.0, 8, 6.677714285714286, 0.1
1750, 11693.0, 7, 6.677898343803541, 0.1
1751, 11700.0, 7, 6.678082191780822, 0.1
1752, 11708.0, 8, 6.678836280661723, 0.1
1753, 11714.0, 6, 6.678449258836944, 0.1
1754, 11722.0, 8, 6.679202279202279, 0.1
1755, 11729.0, 7, 6.679384965831435, 0.1
1756, 11736.0, 7, 6.679567444507684, 0.1
1757, 11736.0, 0, 6.675767918088737, 0.1
1758, 11742.0, 6, 6.675383740761797, 0.1
1759, 11750.0, 8, 6.676136363636363, 0.1
1760, 11754.0, 4, 6.674616695059625, 0.1
1761, 11757.0, 3, 6.672531214528944, 0.1
1762, 11764.0, 7, 6.672716959727737, 0.1
1763, 11772.0, 8, 6.673469387755102, 0.1
1764, 11780.0, 8, 6.674220963172805, 0.1
1765, 11786.0, 6, 6.673839184597962, 0.1
1766, 11791.0, 5, 6.672891907187323, 0.1
1767, 11795.0, 4, 6.671380090497737, 0.1
1768, 11801.0, 6, 6.671000565291125, 0.1
1769, 11807.0, 6, 6.670621468926553, 0.1
1770, 11815.0, 8, 6.671372106154715, 0.1
1771, 11821.0, 6, 6.67099322799097, 0.1
1772, 11828.0, 7, 6.671178793006204, 0.1
1773, 11829.0, 1, 6.667981961668546, 0.1
1774, 11836.0, 7, 6.668169014084507, 0.1
1775, 11837.0, 1, 6.6649774774774775, 0.1
1776, 11839.0, 2, 6.662352279122116, 0.1
1777, 11845.0, 6, 6.661979752530933, 0.1
1778, 11853.0, 8, 6.662731871838111, 0.1
1779, 11861.0, 8, 6.663483146067415, 0.1
1780, 11869.0, 8, 6.664233576642336, 0.1
1781, 11875.0, 6, 6.663860830527497, 0.1
1782, 11880.0, 5, 6.662927650028043, 0.1
1783, 11881.0, 1, 6.6597533632287, 0.1
1784, 11887.0, 6, 6.659383753501401, 0.1
1785, 11895.0, 8, 6.66013437849944, 0.1
1786, 11899.0, 4, 6.65864577504197, 0.1
1787, 11899.0, 0, 6.6549217002237135, 0.1
1788, 11904.0, 5, 6.653996646171045, 0.1
1789, 11912.0, 8, 6.654748603351956, 0.1
1790, 11919.0, 7, 6.654941373534339, 0.1
1791, 11926.0, 7, 6.655133928571429, 0.1
1792, 11932.0, 6, 6.654768544339096, 0.1
1793, 11939.0, 7, 6.654960981047938, 0.1
1794, 11943.0, 4, 6.653481894150418, 0.1
1795, 11950.0, 7, 6.653674832962138, 0.1
1796, 11957.0, 7, 6.6538675570395105, 0.1
1797, 11965.0, 8, 6.6546162402669635, 0.1
1798, 11971.0, 6, 6.654252362423569, 0.1
1799, 11978.0, 7, 6.654444444444445, 0.1
1800, 11986.0, 8, 6.655191560244309, 0.1
1801, 11992.0, 6, 6.654827968923418, 0.1
1802, 11998.0, 6, 6.654464780920688, 0.1
1803, 12006.0, 8, 6.655210643015521, 0.1
1804, 12014.0, 8, 6.65595567867036, 0.1
1805, 12022.0, 8, 6.656699889258029, 0.1
1806, 12030.0, 8, 6.657443276148312, 0.1
1807, 12037.0, 7, 6.657632743362832, 0.1
1808, 12045.0, 8, 6.6583747927031505, 0.1
1809, 12053.0, 8, 6.659116022099448, 0.1
1810, 12058.0, 5, 6.658199889563777, 0.1
1811, 12065.0, 7, 6.658388520971302, 0.1
1812, 12073.0, 8, 6.659128516271373, 0.1
1813, 12081.0, 8, 6.65986769570011, 0.1
1814, 12088.0, 7, 6.660055096418732, 0.1
1815, 12094.0, 6, 6.659691629955947, 0.1
1816, 12102.0, 8, 6.66042927903137, 0.1
1817, 12110.0, 8, 6.661166116611661, 0.1
1818, 12116.0, 6, 6.660802638812535, 0.1
1819, 12123.0, 7, 6.660989010989011, 0.1
1820, 12130.0, 7, 6.661175178473366, 0.1
1821, 12138.0, 8, 6.6619099890230515, 0.1
1822, 12144.0, 6, 6.66154690071311, 0.1
1823, 12152.0, 8, 6.662280701754386, 0.1
1824, 12152.0, 0, 6.658630136986301, 0.1
1825, 12160.0, 8, 6.659364731653889, 0.1
1826, 12163.0, 3, 6.65736179529283, 0.1
1827, 12170.0, 7, 6.657549234135668, 0.1
1828, 12178.0, 8, 6.658283214871514, 0.1
1829, 12186.0, 8, 6.659016393442623, 0.1
1830, 12194.0, 8, 6.659748771163299, 0.1
1831, 12200.0, 6, 6.6593886462882095, 0.1
1832, 12207.0, 7, 6.659574468085107, 0.1
1833, 12213.0, 6, 6.659214830970556, 0.1
1834, 12219.0, 6, 6.658855585831063, 0.1
1835, 12227.0, 8, 6.65958605664488, 0.1
1836, 12235.0, 8, 6.66031573217202, 0.1
1837, 12240.0, 5, 6.659412404787813, 0.1
1838, 12248.0, 8, 6.660141381185427, 0.1
1839, 12255.0, 7, 6.6603260869565215, 0.1
1840, 12255.0, 0, 6.656708310700706, 0.1
1841, 12262.0, 7, 6.6568946796959825, 0.1
1842, 12263.0, 1, 6.653825284861639, 0.1
1843, 12271.0, 8, 6.6545553145336225, 0.1
1844, 12278.0, 7, 6.654742547425474, 0.1
1845, 12286.0, 8, 6.655471289274106, 0.1
1846, 12292.0, 6, 6.65511640498105, 0.1
1847, 12294.0, 2, 6.652597402597403, 0.1
1848, 12302.0, 8, 6.653326122228232, 0.1
1849, 12310.0, 8, 6.654054054054054, 0.1
1850, 12317.0, 7, 6.654240950837385, 0.1
1851, 12325.0, 8, 6.6549676025917925, 0.1
1852, 12325.0, 0, 6.651376146788991, 0.1
1853, 12333.0, 8, 6.65210355987055, 0.1
1854, 12337.0, 4, 6.650673854447439, 0.1
1855, 12345.0, 8, 6.651400862068965, 0.1
1856, 12351.0, 6, 6.651050080775445, 0.1
1857, 12359.0, 8, 6.651776103336921, 0.1
1858, 12366.0, 7, 6.65196342119419, 0.1
1859, 12374.0, 8, 6.65268817204301, 0.1
1860, 12382.0, 8, 6.653412144008597, 0.1
1861, 12384.0, 2, 6.650912996777659, 0.1
1862, 12387.0, 3, 6.648953301127214, 0.1
1863, 12392.0, 5, 6.648068669527897, 0.1
1864, 12400.0, 8, 6.648793565683646, 0.1
1865, 12408.0, 8, 6.64951768488746, 0.1
1866, 12415.0, 7, 6.649705409748259, 0.1
1867, 12422.0, 7, 6.649892933618844, 0.1
1868, 12429.0, 7, 6.65008025682183, 0.1
1869, 12436.0, 7, 6.6502673796791445, 0.1
1870, 12444.0, 8, 6.650988776055585, 0.1
1871, 12447.0, 3, 6.649038461538462, 0.1
1872, 12454.0, 7, 6.649225840896957, 0.1
1873, 12461.0, 7, 6.649413020277481, 0.1
1874, 12468.0, 7, 6.6496, 0.1
1875, 12473.0, 5, 6.648720682302772, 0.1
1876, 12478.0, 5, 6.647842301545019, 0.1
1877, 12486.0, 8, 6.6485623003194885, 0.1
1878, 12493.0, 7, 6.648749334752528, 0.1
1879, 12501.0, 8, 6.649468085106383, 0.1
1880, 12508.0, 7, 6.649654439128123, 0.1
1881, 12514.0, 6, 6.649309245483528, 0.1
1882, 12521.0, 7, 6.649495485926713, 0.1
1883, 12528.0, 7, 6.649681528662421, 0.1
1884, 12535.0, 7, 6.649867374005305, 0.1
1885, 12542.0, 7, 6.650053022269353, 0.1
1886, 12550.0, 8, 6.650768415474298, 0.1
1887, 12557.0, 7, 6.650953389830509, 0.1
1888, 12565.0, 8, 6.6516675489677075, 0.1
1889, 12573.0, 8, 6.652380952380953, 0.1
1890, 12581.0, 8, 6.65309360126917, 0.1
1891, 12586.0, 5, 6.652219873150106, 0.1
1892, 12592.0, 6, 6.651875330163762, 0.1
1893, 12596.0, 4, 6.650475184794087, 0.1
1894, 12604.0, 8, 6.651187335092349, 0.1
1895, 12607.0, 3, 6.649261603375527, 0.1
1896, 12614.0, 7, 6.649446494464945, 0.1
1897, 12622.0, 8, 6.650158061116965, 0.1
1898, 12627.0, 5, 6.649289099526066, 0.1
1899, 12635.0, 8, 6.65, 0.1
1900, 12642.0, 7, 6.650184113624408, 0.1
1901, 12643.0, 1, 6.647213459516299, 0.1
1902, 12646.0, 3, 6.64529689963216, 0.1
1903, 12652.0, 6, 6.644957983193278, 0.1
1904, 12660.0, 8, 6.645669291338582, 0.1
1905, 12660.0, 0, 6.642182581322141, 0.1
1906, 12666.0, 6, 6.641845831148401, 0.1
1907, 12670.0, 4, 6.640461215932914, 0.1
1908, 12670.0, 0, 6.636982713462546, 0.1
1909, 12677.0, 7, 6.63717277486911, 0.1
1910, 12681.0, 4, 6.635792778649922, 0.1
1911, 12684.0, 3, 6.633891213389122, 0.1
1912, 12692.0, 8, 6.634605331939362, 0.1
1913, 12699.0, 7, 6.6347962382445145, 0.1
1914, 12706.0, 7, 6.634986945169713, 0.1
1915, 12714.0, 8, 6.635699373695198, 0.1
1916, 12722.0, 8, 6.63641105894627, 0.1
1917, 12728.0, 6, 6.636079249217936, 0.1
1918, 12736.0, 8, 6.636789994788953, 0.1
1919, 12743.0, 7, 6.636979166666666, 0.1
1920, 12750.0, 7, 6.6371681415929205, 0.1
1921, 12756.0, 6, 6.636836628511967, 0.1
1922, 12762.0, 6, 6.636505460218409, 0.1
1923, 12770.0, 8, 6.637214137214137, 0.1
1924, 12776.0, 6, 6.636883116883117, 0.1
1925, 12783.0, 7, 6.637071651090342, 0.1
1926, 12790.0, 7, 6.637259989621173, 0.1
1927, 12797.0, 7, 6.637448132780083, 0.1
1928, 12801.0, 4, 6.636080870917574, 0.1
1929, 12809.0, 8, 6.6367875647668395, 0.1
1930, 12812.0, 3, 6.6349041947177625, 0.1
1931, 12812.0, 0, 6.6314699792960665, 0.1
1932, 12816.0, 4, 6.63010863942059, 0.1
1933, 12824.0, 8, 6.63081695966908, 0.1
1934, 12832.0, 8, 6.631524547803617, 0.1
1935, 12836.0, 4, 6.630165289256198, 0.1
1936, 12843.0, 7, 6.630356220960248, 0.1
1937, 12850.0, 7, 6.630546955624355, 0.1
1938, 12857.0, 7, 6.630737493553378, 0.1
1939, 12864.0, 7, 6.630927835051547, 0.1
1940, 12872.0, 8, 6.631633178773828, 0.1
1941, 12878.0, 6, 6.631307929969104, 0.1
1942, 12885.0, 7, 6.631497683993824, 0.1
1943, 12893.0, 8, 6.632201646090535, 0.1
1944, 12901.0, 8, 6.632904884318766, 0.1
1945, 12909.0, 8, 6.6336073997944505, 0.1
1946, 12917.0, 8, 6.6343091936312275, 0.1
1947, 12921.0, 4, 6.632956878850103, 0.1
1948, 12929.0, 8, 6.633658286300667, 0.1
1949, 12936.0, 7, 6.633846153846154, 0.1
1950, 12940.0, 4, 6.632496155817529, 0.1
1951, 12941.0, 1, 6.629610655737705, 0.1
1952, 12947.0, 6, 6.629288274449565, 0.1
1953, 12953.0, 6, 6.6289662231320365, 0.1
1954, 12960.0, 7, 6.629156010230179, 0.1
1955, 12968.0, 8, 6.629856850715746, 0.1
1956, 12974.0, 6, 6.629535002554931, 0.1
1957, 12975.0, 1, 6.626659856996936, 0.1
1958, 12981.0, 6, 6.626339969372129, 0.1
1959, 12989.0, 8, 6.627040816326531, 0.1
1960, 12996.0, 7, 6.627231004589495, 0.1
1961, 13003.0, 7, 6.627420998980632, 0.1
1962, 13010.0, 7, 6.62761079979623, 0.1
1963, 13018.0, 8, 6.628309572301426, 0.1
1964, 13026.0, 8, 6.629007633587786, 0.1
1965, 13034.0, 8, 6.62970498474059, 0.1
1966, 13037.0, 3, 6.627859684799186, 0.1
1967, 13044.0, 7, 6.628048780487805, 0.1
1968, 13051.0, 7, 6.628237684103606, 0.1
1969, 13058.0, 7, 6.628426395939086, 0.1
1970, 13065.0, 7, 6.628614916286149, 0.1
1971, 13073.0, 8, 6.629310344827586, 0.1
1972, 13081.0, 8, 6.630005068423721, 0.1
1973, 13089.0, 8, 6.630699088145897, 0.1
1974, 13096.0, 7, 6.630886075949367, 0.1
1975, 13096.0, 0, 6.627530364372469, 0.1
1976, 13103.0, 7, 6.627718765806778, 0.1
1977, 13110.0, 7, 6.627906976744186, 0.1
1978, 13118.0, 8, 6.628600303183426, 0.1
1979, 13126.0, 8, 6.629292929292929, 0.1
1980, 13132.0, 6, 6.628975265017668, 0.1
1981, 13139.0, 7, 6.629162462159435, 0.1
1982, 13146.0, 7, 6.6293494704992435, 0.1
1983, 13151.0, 5, 6.628528225806452, 0.1
1984, 13159.0, 8, 6.629219143576826, 0.1
1985, 13167.0, 8, 6.6299093655589125, 0.1
1986, 13175.0, 8, 6.630598892803221, 0.1
1987, 13182.0, 7, 6.630784708249497, 0.1
1988, 13187.0, 5, 6.629964806435395, 0.1
1989, 13195.0, 8, 6.630653266331659, 0.1
1990, 13201.0, 6, 6.630336514314415, 0.1
1991, 13202.0, 1, 6.627510040160643, 0.1
1992, 13210.0, 8, 6.628198695434019, 0.1
1993, 13218.0, 8, 6.62888665997994, 0.1
1994, 13226.0, 8, 6.629573934837093, 0.1
1995, 13233.0, 7, 6.6297595190380765, 0.1
1996, 13240.0, 7, 6.629944917376064, 0.1
1997, 13248.0, 8, 6.63063063063063, 0.1
1998, 13252.0, 4, 6.629314657328664, 0.1
1999, 13260.0, 8, 6.63, 0.1
