0, 8.0, 8, 8.0, 0.1
1, 16.0, 8, 8.0, 0.1
2, 24.0, 8, 8.0, 0.1
3, 32.0, 8, 8.0, 0.1
4, 40.0, 8, 8.0, 0.1
5, 48.0, 8, 8.0, 0.1
6, 56.0, 8, 8.0, 0.1
7, 64.0, 8, 8.0, 0.1
8, 72.0, 8, 8.0, 0.1
9, 80.0, 8, 8.0, 0.1
10, 88.0, 8, 8.0, 0.1
11, 96.0, 8, 8.0, 0.1
12, 104.0, 8, 8.0, 0.1
13, 112.0, 8, 8.0, 0.1
14, 120.0, 8, 8.0, 0.1
15, 128.0, 8, 8.0, 0.1
16, 136.0, 8, 8.0, 0.1
17, 144.0, 8, 8.0, 0.1
18, 152.0, 8, 8.0, 0.1
19, 160.0, 8, 8.0, 0.1
20, 168.0, 8, 8.0, 0.1
21, 176.0, 8, 8.0, 0.1
22, 184.0, 8, 8.0, 0.1
23, 192.0, 8, 8.0, 0.1
24, 200.0, 8, 8.0, 0.1
25, 208.0, 8, 8.0, 0.1
26, 216.0, 8, 8.0, 0.1
27, 224.0, 8, 8.0, 0.1
28, 232.0, 8, 8.0, 0.1
29, 240.0, 8, 8.0, 0.1
30, 248.0, 8, 8.0, 0.1
31, 256.0, 8, 8.0, 0.1
32, 264.0, 8, 8.0, 0.1
33, 272.0, 8, 8.0, 0.1
34, 280.0, 8, 8.0, 0.1
35, 288.0, 8, 8.0, 0.1
36, 296.0, 8, 8.0, 0.1
37, 304.0, 8, 8.0, 0.1
38, 312.0, 8, 8.0, 0.1
39, 320.0, 8, 8.0, 0.1
40, 328.0, 8, 8.0, 0.1
41, 336.0, 8, 8.0, 0.1
42, 344.0, 8, 8.0, 0.1
43, 352.0, 8, 8.0, 0.1
44, 360.0, 8, 8.0, 0.1
45, 368.0, 8, 8.0, 0.1
46, 376.0, 8, 8.0, 0.1
47, 384.0, 8, 8.0, 0.1
48, 392.0, 8, 8.0, 0.1
49, 400.0, 8, 8.0, 0.1
50, 408.0, 8, 8.0, 0.1
51, 416.0, 8, 8.0, 0.1
52, 424.0, 8, 8.0, 0.1
53, 432.0, 8, 8.0, 0.1
54, 440.0, 8, 8.0, 0.1
55, 448.0, 8, 8.0, 0.1
56, 456.0, 8, 8.0, 0.1
57, 464.0, 8, 8.0, 0.1
58, 472.0, 8, 8.0, 0.1
59, 480.0, 8, 8.0, 0.1
60, 488.0, 8, 8.0, 0.1
61, 496.0, 8, 8.0, 0.1
62, 504.0, 8, 8.0, 0.1
63, 512.0, 8, 8.0, 0.1
64, 520.0, 8, 8.0, 0.1
65, 528.0, 8, 8.0, 0.1
66, 536.0, 8, 8.0, 0.1
67, 544.0, 8, 8.0, 0.1
68, 552.0, 8, 8.0, 0.1
69, 560.0, 8, 8.0, 0.1
70, 568.0, 8, 8.0, 0.1
71, 576.0, 8, 8.0, 0.1
72, 584.0, 8, 8.0, 0.1
73, 592.0, 8, 8.0, 0.1
74, 600.0, 8, 8.0, 0.1
75, 608.0, 8, 8.0, 0.1
76, 616.0, 8, 8.0, 0.1
77, 624.0, 8, 8.0, 0.1
78, 632.0, 8, 8.0, 0.1
79, 640.0, 8, 8.0, 0.1
80, 648.0, 8, 8.0, 0.1
81, 656.0, 8, 8.0, 0.1
82, 664.0, 8, 8.0, 0.1
83, 672.0, 8, 8.0, 0.1
84, 680.0, 8, 8.0, 0.1
85, 688.0, 8, 8.0, 0.1
86, 696.0, 8, 8.0, 0.1
87, 704.0, 8, 8.0, 0.1
88, 712.0, 8, 8.0, 0.1
89, 720.0, 8, 8.0, 0.1
90, 728.0, 8, 8.0, 0.1
91, 736.0, 8, 8.0, 0.1
92, 744.0, 8, 8.0, 0.1
93, 752.0, 8, 8.0, 0.1
94, 760.0, 8, 8.0, 0.1
95, 768.0, 8, 8.0, 0.1
96, 776.0, 8, 8.0, 0.1
97, 784.0, 8, 8.0, 0.1
98, 792.0, 8, 8.0, 0.1
99, 800.0, 8, 8.0, 0.1
100, 808.0, 8, 8.0, 0.1
101, 816.0, 8, 8.0, 0.1
102, 824.0, 8, 8.0, 0.1
103, 832.0, 8, 8.0, 0.1
104, 840.0, 8, 8.0, 0.1
105, 848.0, 8, 8.0, 0.1
106, 856.0, 8, 8.0, 0.1
107, 864.0, 8, 8.0, 0.1
108, 872.0, 8, 8.0, 0.1
109, 880.0, 8, 8.0, 0.1
110, 888.0, 8, 8.0, 0.1
111, 896.0, 8, 8.0, 0.1
112, 904.0, 8, 8.0, 0.1
113, 912.0, 8, 8.0, 0.1
114, 917.0, 5, 7.973913043478261, 0.1
115, 923.0, 6, 7.956896551724138, 0.1
116, 929.0, 6, 7.94017094017094, 0.1
117, 936.0, 7, 7.932203389830509, 0.1
118, 942.0, 6, 7.915966386554622, 0.1
119, 949.0, 7, 7.908333333333333, 0.1
120, 955.0, 6, 7.892561983471074, 0.1
121, 963.0, 8, 7.89344262295082, 0.1
122, 969.0, 6, 7.878048780487805, 0.1
123, 976.0, 7, 7.870967741935484, 0.1
124, 983.0, 7, 7.864, 0.1
125, 990.0, 7, 7.857142857142857, 0.1
126, 996.0, 6, 7.84251968503937, 0.1
127, 1002.0, 6, 7.828125, 0.1
128, 1009.0, 7, 7.821705426356589, 0.1
129, 1017.0, 8, 7.823076923076923, 0.1
130, 1025.0, 8, 7.824427480916031, 0.1
131, 1032.0, 7, 7.818181818181818, 0.1
132, 1039.0, 7, 7.81203007518797, 0.1
133, 1047.0, 8, 7.813432835820896, 0.1
134, 1054.0, 7, 7.807407407407408, 0.1
135, 1059.0, 5, 7.786764705882353, 0.1
136, 1067.0, 8, 7.788321167883212, 0.1
137, 1074.0, 7, 7.782608695652174, 0.1
138, 1079.0, 5, 7.762589928057554, 0.1
139, 1086.0, 7, 7.757142857142857, 0.1
140, 1092.0, 6, 7.74468085106383, 0.1
141, 1099.0, 7, 7.73943661971831, 0.1
142, 1107.0, 8, 7.741258741258742, 0.1
143, 1114.0, 7, 7.736111111111111, 0.1
144, 1121.0, 7, 7.731034482758621, 0.1
145, 1128.0, 7, 7.726027397260274, 0.1
146, 1135.0, 7, 7.72108843537415, 0.1
147, 1143.0, 8, 7.722972972972973, 0.1
148, 1150.0, 7, 7.718120805369128, 0.1
149, 1157.0, 7, 7.713333333333333, 0.1
150, 1164.0, 7, 7.708609271523179, 0.1
151, 1169.0, 5, 7.690789473684211, 0.1
152, 1177.0, 8, 7.69281045751634, 0.1
153, 1185.0, 8, 7.694805194805195, 0.1
154, 1193.0, 8, 7.696774193548387, 0.1
155, 1201.0, 8, 7.698717948717949, 0.1
156, 1208.0, 7, 7.694267515923567, 0.1
157, 1215.0, 7, 7.689873417721519, 0.1
158, 1220.0, 5, 7.672955974842767, 0.1
159, 1225.0, 5, 7.65625, 0.1
160, 1232.0, 7, 7.6521739130434785, 0.1
161, 1240.0, 8, 7.654320987654321, 0.1
162, 1247.0, 7, 7.6503067484662575, 0.1
163, 1255.0, 8, 7.652439024390244, 0.1
164, 1262.0, 7, 7.648484848484848, 0.1
165, 1268.0, 6, 7.63855421686747, 0.1
166, 1276.0, 8, 7.640718562874252, 0.1
167, 1283.0, 7, 7.636904761904762, 0.1
168, 1290.0, 7, 7.633136094674557, 0.1
169, 1298.0, 8, 7.635294117647059, 0.1
170, 1305.0, 7, 7.631578947368421, 0.1
171, 1312.0, 7, 7.627906976744186, 0.1
172, 1319.0, 7, 7.624277456647399, 0.1
173, 1325.0, 6, 7.614942528735632, 0.1
174, 1332.0, 7, 7.611428571428571, 0.1
175, 1339.0, 7, 7.607954545454546, 0.1
176, 1346.0, 7, 7.604519774011299, 0.1
177, 1354.0, 8, 7.606741573033708, 0.1
178, 1362.0, 8, 7.608938547486034, 0.1
179, 1369.0, 7, 7.605555555555555, 0.1
180, 1376.0, 7, 7.602209944751381, 0.1
181, 1383.0, 7, 7.5989010989010985, 0.1
182, 1390.0, 7, 7.595628415300546, 0.1
183, 1398.0, 8, 7.5978260869565215, 0.1
184, 1404.0, 6, 7.589189189189189, 0.1
185, 1412.0, 8, 7.591397849462366, 0.1
186, 1420.0, 8, 7.593582887700535, 0.1
187, 1428.0, 8, 7.595744680851064, 0.1
188, 1435.0, 7, 7.592592592592593, 0.1
189, 1443.0, 8, 7.594736842105263, 0.1
190, 1450.0, 7, 7.591623036649215, 0.1
191, 1457.0, 7, 7.588541666666667, 0.1
192, 1464.0, 7, 7.585492227979275, 0.1
193, 1472.0, 8, 7.587628865979381, 0.1
194, 1479.0, 7, 7.584615384615384, 0.1
195, 1487.0, 8, 7.586734693877551, 0.1
196, 1493.0, 6, 7.5786802030456855, 0.1
197, 1501.0, 8, 7.58080808080808, 0.1
198, 1509.0, 8, 7.582914572864322, 0.1
199, 1517.0, 8, 7.585, 0.1
200, 1524.0, 7, 7.582089552238806, 0.1
201, 1524.0, 0, 7.544554455445544, 0.1
202, 1532.0, 8, 7.54679802955665, 0.1
203, 1540.0, 8, 7.549019607843137, 0.1
204, 1547.0, 7, 7.546341463414634, 0.1
205, 1555.0, 8, 7.548543689320389, 0.1
206, 1562.0, 7, 7.545893719806763, 0.1
207, 1569.0, 7, 7.543269230769231, 0.1
208, 1576.0, 7, 7.54066985645933, 0.1
209, 1582.0, 6, 7.533333333333333, 0.1
210, 1590.0, 8, 7.535545023696683, 0.1
211, 1597.0, 7, 7.533018867924528, 0.1
212, 1604.0, 7, 7.530516431924883, 0.1
213, 1611.0, 7, 7.52803738317757, 0.1
214, 1618.0, 7, 7.525581395348837, 0.1
215, 1624.0, 6, 7.518518518518518, 0.1
216, 1628.0, 4, 7.502304147465438, 0.1
217, 1634.0, 6, 7.495412844036697, 0.1
218, 1641.0, 7, 7.493150684931507, 0.1
219, 1648.0, 7, 7.490909090909091, 0.1
220, 1656.0, 8, 7.493212669683258, 0.1
221, 1664.0, 8, 7.495495495495495, 0.1
222, 1672.0, 8, 7.497757847533633, 0.1
223, 1678.0, 6, 7.491071428571429, 0.1
224, 1685.0, 7, 7.488888888888889, 0.1
225, 1691.0, 6, 7.482300884955753, 0.1
226, 1699.0, 8, 7.484581497797357, 0.1
227, 1706.0, 7, 7.482456140350878, 0.1
228, 1714.0, 8, 7.4847161572052405, 0.1
229, 1721.0, 7, 7.482608695652174, 0.1
230, 1728.0, 7, 7.48051948051948, 0.1
231, 1734.0, 6, 7.474137931034483, 0.1
232, 1742.0, 8, 7.476394849785407, 0.1
233, 1750.0, 8, 7.478632478632479, 0.1
234, 1755.0, 5, 7.468085106382978, 0.1
235, 1762.0, 7, 7.466101694915254, 0.1
236, 1768.0, 6, 7.459915611814346, 0.1
237, 1776.0, 8, 7.46218487394958, 0.1
238, 1781.0, 5, 7.451882845188284, 0.1
239, 1786.0, 5, 7.441666666666666, 0.1
240, 1794.0, 8, 7.443983402489627, 0.1
241, 1801.0, 7, 7.4421487603305785, 0.1
242, 1808.0, 7, 7.440329218106996, 0.1
243, 1816.0, 8, 7.442622950819672, 0.1
244, 1824.0, 8, 7.444897959183673, 0.1
245, 1831.0, 7, 7.443089430894309, 0.1
246, 1837.0, 6, 7.437246963562753, 0.1
247, 1845.0, 8, 7.439516129032258, 0.1
248, 1851.0, 6, 7.433734939759036, 0.1
249, 1858.0, 7, 7.432, 0.1
250, 1865.0, 7, 7.430278884462151, 0.1
251, 1872.0, 7, 7.428571428571429, 0.1
252, 1880.0, 8, 7.430830039525691, 0.1
253, 1885.0, 5, 7.421259842519685, 0.1
254, 1893.0, 8, 7.423529411764706, 0.1
255, 1901.0, 8, 7.42578125, 0.1
256, 1908.0, 7, 7.424124513618677, 0.1
257, 1916.0, 8, 7.426356589147287, 0.1
258, 1923.0, 7, 7.424710424710424, 0.1
259, 1928.0, 5, 7.415384615384616, 0.1
260, 1936.0, 8, 7.417624521072797, 0.1
261, 1944.0, 8, 7.419847328244275, 0.1
262, 1951.0, 7, 7.418250950570342, 0.1
263, 1957.0, 6, 7.412878787878788, 0.1
264, 1965.0, 8, 7.415094339622642, 0.1
265, 1971.0, 6, 7.409774436090226, 0.1
266, 1979.0, 8, 7.411985018726591, 0.1
267, 1987.0, 8, 7.414179104477612, 0.1
268, 1995.0, 8, 7.41635687732342, 0.1
269, 2001.0, 6, 7.411111111111111, 0.1
270, 2008.0, 7, 7.409594095940959, 0.1
271, 2012.0, 4, 7.397058823529412, 0.1
272, 2017.0, 5, 7.388278388278389, 0.1
273, 2025.0, 8, 7.390510948905109, 0.1
274, 2027.0, 2, 7.370909090909091, 0.1
275, 2034.0, 7, 7.369565217391305, 0.1
276, 2040.0, 6, 7.364620938628159, 0.1
277, 2047.0, 7, 7.363309352517986, 0.1
278, 2055.0, 8, 7.365591397849462, 0.1
279, 2061.0, 6, 7.360714285714286, 0.1
280, 2069.0, 8, 7.362989323843417, 0.1
281, 2071.0, 2, 7.343971631205674, 0.1
282, 2078.0, 7, 7.342756183745583, 0.1
283, 2085.0, 7, 7.341549295774648, 0.1
284, 2093.0, 8, 7.343859649122807, 0.1
285, 2100.0, 7, 7.3426573426573425, 0.1
286, 2102.0, 2, 7.32404181184669, 0.1
287, 2108.0, 6, 7.319444444444445, 0.1
288, 2116.0, 8, 7.321799307958478, 0.1
289, 2123.0, 7, 7.320689655172414, 0.1
290, 2131.0, 8, 7.323024054982818, 0.1
291, 2138.0, 7, 7.321917808219178, 0.1
292, 2144.0, 6, 7.3174061433447095, 0.1
293, 2151.0, 7, 7.316326530612245, 0.1
294, 2159.0, 8, 7.31864406779661, 0.1
295, 2166.0, 7, 7.3175675675675675, 0.1
296, 2174.0, 8, 7.31986531986532, 0.1
297, 2182.0, 8, 7.322147651006712, 0.1
298, 2189.0, 7, 7.321070234113712, 0.1
299, 2196.0, 7, 7.32, 0.1
300, 2203.0, 7, 7.318936877076412, 0.1
301, 2210.0, 7, 7.317880794701987, 0.1
302, 2217.0, 7, 7.316831683168317, 0.1
303, 2225.0, 8, 7.319078947368421, 0.1
304, 2233.0, 8, 7.321311475409836, 0.1
305, 2240.0, 7, 7.3202614379084965, 0.1
306, 2243.0, 3, 7.306188925081433, 0.1
307, 2250.0, 7, 7.305194805194805, 0.1
308, 2257.0, 7, 7.3042071197411005, 0.1
309, 2263.0, 6, 7.3, 0.1
310, 2271.0, 8, 7.302250803858521, 0.1
311, 2279.0, 8, 7.30448717948718, 0.1
312, 2287.0, 8, 7.306709265175719, 0.1
313, 2294.0, 7, 7.305732484076433, 0.1
314, 2302.0, 8, 7.307936507936508, 0.1
315, 2310.0, 8, 7.310126582278481, 0.1
316, 2318.0, 8, 7.312302839116719, 0.1
317, 2323.0, 5, 7.30503144654088, 0.1
318, 2330.0, 7, 7.304075235109718, 0.1
319, 2338.0, 8, 7.30625, 0.1
320, 2346.0, 8, 7.308411214953271, 0.1
321, 2353.0, 7, 7.307453416149069, 0.1
322, 2358.0, 5, 7.30030959752322, 0.1
323, 2366.0, 8, 7.302469135802469, 0.1
324, 2373.0, 7, 7.3015384615384615, 0.1
325, 2379.0, 6, 7.2975460122699385, 0.1
326, 2387.0, 8, 7.299694189602446, 0.1
327, 2395.0, 8, 7.301829268292683, 0.1
328, 2402.0, 7, 7.300911854103344, 0.1
329, 2407.0, 5, 7.293939393939394, 0.1
330, 2415.0, 8, 7.2960725075528705, 0.1
331, 2421.0, 6, 7.292168674698795, 0.1
332, 2428.0, 7, 7.291291291291292, 0.1
333, 2436.0, 8, 7.293413173652695, 0.1
334, 2441.0, 5, 7.286567164179105, 0.1
335, 2447.0, 6, 7.282738095238095, 0.1
336, 2454.0, 7, 7.281899109792285, 0.1
337, 2462.0, 8, 7.284023668639053, 0.1
338, 2469.0, 7, 7.283185840707965, 0.1
339, 2476.0, 7, 7.2823529411764705, 0.1
340, 2482.0, 6, 7.278592375366569, 0.1
341, 2490.0, 8, 7.280701754385965, 0.1
342, 2497.0, 7, 7.279883381924198, 0.1
343, 2504.0, 7, 7.27906976744186, 0.1
344, 2511.0, 7, 7.278260869565218, 0.1
345, 2515.0, 4, 7.26878612716763, 0.1
346, 2523.0, 8, 7.270893371757925, 0.1
347, 2528.0, 5, 7.264367816091954, 0.1
348, 2535.0, 7, 7.263610315186247, 0.1
349, 2543.0, 8, 7.265714285714286, 0.1
350, 2544.0, 1, 7.247863247863248, 0.1
351, 2551.0, 7, 7.247159090909091, 0.1
352, 2559.0, 8, 7.2492917847025495, 0.1
353, 2567.0, 8, 7.251412429378531, 0.1
354, 2574.0, 7, 7.250704225352113, 0.1
355, 2582.0, 8, 7.252808988764045, 0.1
356, 2589.0, 7, 7.2521008403361344, 0.1
357, 2594.0, 5, 7.245810055865922, 0.1
358, 2602.0, 8, 7.247910863509749, 0.1
359, 2610.0, 8, 7.25, 0.1
360, 2615.0, 5, 7.243767313019391, 0.1
361, 2622.0, 7, 7.2430939226519335, 0.1
362, 2628.0, 6, 7.239669421487603, 0.1
363, 2635.0, 7, 7.239010989010989, 0.1
364, 2641.0, 6, 7.235616438356164, 0.1
365, 2649.0, 8, 7.237704918032787, 0.1
366, 2654.0, 5, 7.231607629427793, 0.1
367, 2662.0, 8, 7.233695652173913, 0.1
368, 2670.0, 8, 7.235772357723577, 0.1
369, 2670.0, 0, 7.216216216216216, 0.1
370, 2677.0, 7, 7.215633423180593, 0.1
371, 2683.0, 6, 7.212365591397849, 0.1
372, 2691.0, 8, 7.214477211796247, 0.1
373, 2699.0, 8, 7.216577540106952, 0.1
374, 2707.0, 8, 7.218666666666667, 0.1
375, 2714.0, 7, 7.218085106382978, 0.1
376, 2716.0, 2, 7.204244031830239, 0.1
377, 2724.0, 8, 7.2063492063492065, 0.1
378, 2731.0, 7, 7.205804749340369, 0.1
379, 2737.0, 6, 7.2026315789473685, 0.1
380, 2744.0, 7, 7.202099737532809, 0.1
381, 2750.0, 6, 7.198952879581152, 0.1
382, 2757.0, 7, 7.198433420365535, 0.1
383, 2765.0, 8, 7.200520833333333, 0.1
384, 2773.0, 8, 7.202597402597402, 0.1
385, 2781.0, 8, 7.204663212435233, 0.1
386, 2787.0, 6, 7.2015503875969, 0.1
387, 2794.0, 7, 7.201030927835052, 0.1
388, 2801.0, 7, 7.200514138817481, 0.1
389, 2809.0, 8, 7.202564102564103, 0.1
390, 2815.0, 6, 7.1994884910485935, 0.1
391, 2822.0, 7, 7.198979591836735, 0.1
392, 2829.0, 7, 7.198473282442748, 0.1
393, 2836.0, 7, 7.197969543147208, 0.1
394, 2844.0, 8, 7.2, 0.1
395, 2851.0, 7, 7.19949494949495, 0.1
396, 2858.0, 7, 7.198992443324937, 0.1
397, 2860.0, 2, 7.185929648241206, 0.1
398, 2868.0, 8, 7.18796992481203, 0.1
399, 2876.0, 8, 7.19, 0.1
400, 2884.0, 8, 7.192019950124688, 0.1
401, 2892.0, 8, 7.1940298507462686, 0.1
402, 2900.0, 8, 7.196029776674938, 0.1
403, 2908.0, 8, 7.198019801980198, 0.1
404, 2916.0, 8, 7.2, 0.1
405, 2923.0, 7, 7.199507389162561, 0.1
406, 2931.0, 8, 7.201474201474201, 0.1
407, 2939.0, 8, 7.203431372549019, 0.1
408, 2947.0, 8, 7.205378973105135, 0.1
409, 2953.0, 6, 7.202439024390244, 0.1
410, 2960.0, 7, 7.201946472019465, 0.1
411, 2966.0, 6, 7.199029126213592, 0.1
412, 2968.0, 2, 7.186440677966102, 0.1
413, 2975.0, 7, 7.185990338164252, 0.1
414, 2983.0, 8, 7.187951807228916, 0.1
415, 2984.0, 1, 7.173076923076923, 0.1
416, 2992.0, 8, 7.175059952038369, 0.1
417, 2996.0, 4, 7.167464114832536, 0.1
418, 3002.0, 6, 7.164677804295943, 0.1
419, 3010.0, 8, 7.166666666666667, 0.1
420, 3018.0, 8, 7.168646080760095, 0.1
421, 3025.0, 7, 7.168246445497631, 0.1
422, 3032.0, 7, 7.167848699763593, 0.1
423, 3040.0, 8, 7.169811320754717, 0.1
424, 3045.0, 5, 7.1647058823529415, 0.1
425, 3053.0, 8, 7.166666666666667, 0.1
426, 3060.0, 7, 7.166276346604215, 0.1
427, 3068.0, 8, 7.168224299065421, 0.1
428, 3070.0, 2, 7.156177156177156, 0.1
429, 3072.0, 2, 7.144186046511628, 0.1
430, 3079.0, 7, 7.143851508120649, 0.1
431, 3086.0, 7, 7.143518518518518, 0.1
432, 3093.0, 7, 7.143187066974596, 0.1
433, 3099.0, 6, 7.140552995391705, 0.1
434, 3106.0, 7, 7.1402298850574715, 0.1
435, 3114.0, 8, 7.1422018348623855, 0.1
436, 3122.0, 8, 7.144164759725401, 0.1
437, 3130.0, 8, 7.146118721461187, 0.1
438, 3138.0, 8, 7.148063781321184, 0.1
439, 3145.0, 7, 7.1477272727272725, 0.1
440, 3153.0, 8, 7.149659863945578, 0.1
441, 3154.0, 1, 7.135746606334842, 0.1
442, 3162.0, 8, 7.1376975169300225, 0.1
443, 3168.0, 6, 7.135135135135135, 0.1
444, 3175.0, 7, 7.134831460674158, 0.1
445, 3181.0, 6, 7.132286995515695, 0.1
446, 3183.0, 2, 7.120805369127517, 0.1
447, 3189.0, 6, 7.118303571428571, 0.1
448, 3195.0, 6, 7.1158129175946545, 0.1
449, 3203.0, 8, 7.1177777777777775, 0.1
450, 3210.0, 7, 7.117516629711751, 0.1
451, 3217.0, 7, 7.117256637168142, 0.1
452, 3224.0, 7, 7.116997792494481, 0.1
453, 3230.0, 6, 7.11453744493392, 0.1
454, 3238.0, 8, 7.116483516483516, 0.1
455, 3246.0, 8, 7.118421052631579, 0.1
456, 3254.0, 8, 7.12035010940919, 0.1
457, 3261.0, 7, 7.120087336244541, 0.1
458, 3268.0, 7, 7.119825708061002, 0.1
459, 3275.0, 7, 7.119565217391305, 0.1
460, 3283.0, 8, 7.1214750542299345, 0.1
461, 3290.0, 7, 7.121212121212121, 0.1
462, 3297.0, 7, 7.120950323974082, 0.1
463, 3304.0, 7, 7.120689655172414, 0.1
464, 3312.0, 8, 7.122580645161291, 0.1
465, 3316.0, 4, 7.115879828326181, 0.1
466, 3323.0, 7, 7.115631691648822, 0.1
467, 3330.0, 7, 7.115384615384615, 0.1
468, 3332.0, 2, 7.104477611940299, 0.1
469, 3340.0, 8, 7.1063829787234045, 0.1
470, 3347.0, 7, 7.10615711252654, 0.1
471, 3354.0, 7, 7.1059322033898304, 0.1
472, 3361.0, 7, 7.105708245243129, 0.1
473, 3368.0, 7, 7.105485232067511, 0.1
474, 3376.0, 8, 7.107368421052632, 0.1
475, 3378.0, 2, 7.0966386554621845, 0.1
476, 3386.0, 8, 7.09853249475891, 0.1
477, 3393.0, 7, 7.098326359832636, 0.1
478, 3400.0, 7, 7.09812108559499, 0.1
479, 3408.0, 8, 7.1, 0.1
480, 3415.0, 7, 7.0997920997921, 0.1
481, 3422.0, 7, 7.0995850622406635, 0.1
482, 3430.0, 8, 7.101449275362318, 0.1
483, 3435.0, 5, 7.097107438016529, 0.1
484, 3437.0, 2, 7.08659793814433, 0.1
485, 3444.0, 7, 7.08641975308642, 0.1
486, 3452.0, 8, 7.08829568788501, 0.1
487, 3459.0, 7, 7.088114754098361, 0.1
488, 3467.0, 8, 7.08997955010225, 0.1
489, 3474.0, 7, 7.089795918367347, 0.1
490, 3481.0, 7, 7.089613034623218, 0.1
491, 3481.0, 0, 7.07520325203252, 0.1
492, 3488.0, 7, 7.075050709939148, 0.1
493, 3495.0, 7, 7.074898785425101, 0.1
494, 3500.0, 5, 7.070707070707071, 0.1
495, 3508.0, 8, 7.07258064516129, 0.1
496, 3516.0, 8, 7.074446680080483, 0.1
497, 3524.0, 8, 7.076305220883534, 0.1
498, 3531.0, 7, 7.076152304609218, 0.1
499, 3539.0, 8, 7.078, 0.1
500, 3546.0, 7, 7.077844311377246, 0.1
501, 3552.0, 6, 7.075697211155378, 0.1
502, 3560.0, 8, 7.077534791252485, 0.1
503, 3568.0, 8, 7.079365079365079, 0.1
504, 3574.0, 6, 7.077227722772277, 0.1
505, 3581.0, 7, 7.0770750988142295, 0.1
506, 3588.0, 7, 7.076923076923077, 0.1
507, 3595.0, 7, 7.076771653543307, 0.1
508, 3603.0, 8, 7.078585461689587, 0.1
509, 3610.0, 7, 7.078431372549019, 0.1
510, 3617.0, 7, 7.078277886497065, 0.1
511, 3625.0, 8, 7.080078125, 0.1
512, 3633.0, 8, 7.081871345029239, 0.1
513, 3640.0, 7, 7.081712062256809, 0.1
514, 3648.0, 8, 7.083495145631068, 0.1
515, 3655.0, 7, 7.083333333333333, 0.1
516, 3656.0, 1, 7.071566731141199, 0.1
517, 3664.0, 8, 7.073359073359073, 0.1
518, 3671.0, 7, 7.073217726396917, 0.1
519, 3679.0, 8, 7.075, 0.1
520, 3687.0, 8, 7.076775431861805, 0.1
521, 3694.0, 7, 7.076628352490421, 0.1
522, 3701.0, 7, 7.076481835564054, 0.1
523, 3708.0, 7, 7.076335877862595, 0.1
524, 3716.0, 8, 7.078095238095238, 0.1
525, 3724.0, 8, 7.079847908745247, 0.1
526, 3731.0, 7, 7.079696394686907, 0.1
527, 3734.0, 3, 7.071969696969697, 0.1
528, 3741.0, 7, 7.071833648393195, 0.1
529, 3748.0, 7, 7.071698113207547, 0.1
530, 3753.0, 5, 7.067796610169491, 0.1
531, 3761.0, 8, 7.069548872180451, 0.1
532, 3768.0, 7, 7.069418386491558, 0.1
533, 3775.0, 7, 7.069288389513108, 0.1
534, 3783.0, 8, 7.0710280373831775, 0.1
535, 3790.0, 7, 7.07089552238806, 0.1
536, 3793.0, 3, 7.063314711359404, 0.1
537, 3800.0, 7, 7.063197026022305, 0.1
538, 3807.0, 7, 7.063079777365492, 0.1
539, 3814.0, 7, 7.062962962962963, 0.1
540, 3821.0, 7, 7.062846580406655, 0.1
541, 3828.0, 7, 7.062730627306273, 0.1
542, 3836.0, 8, 7.064456721915286, 0.1
543, 3842.0, 6, 7.0625, 0.1
544, 3848.0, 6, 7.060550458715596, 0.1
545, 3856.0, 8, 7.062271062271062, 0.1
546, 3863.0, 7, 7.062157221206581, 0.1
547, 3870.0, 7, 7.062043795620438, 0.1
548, 3872.0, 2, 7.052823315118397, 0.1
549, 3878.0, 6, 7.050909090909091, 0.1
550, 3886.0, 8, 7.052631578947368, 0.1
551, 3894.0, 8, 7.054347826086956, 0.1
552, 3901.0, 7, 7.054249547920434, 0.1
553, 3908.0, 7, 7.054151624548736, 0.1
554, 3914.0, 6, 7.052252252252252, 0.1
555, 3922.0, 8, 7.053956834532374, 0.1
556, 3927.0, 5, 7.050269299820466, 0.1
557, 3935.0, 8, 7.051971326164875, 0.1
558, 3943.0, 8, 7.053667262969588, 0.1
559, 3950.0, 7, 7.053571428571429, 0.1
560, 3958.0, 8, 7.055258467023173, 0.1
561, 3966.0, 8, 7.056939501779359, 0.1
562, 3974.0, 8, 7.058614564831261, 0.1
563, 3981.0, 7, 7.058510638297872, 0.1
564, 3988.0, 7, 7.058407079646018, 0.1
565, 3996.0, 8, 7.060070671378092, 0.1
566, 3997.0, 1, 7.049382716049383, 0.1
567, 4005.0, 8, 7.051056338028169, 0.1
568, 4012.0, 7, 7.050966608084359, 0.1
569, 4018.0, 6, 7.049122807017544, 0.1
570, 4023.0, 5, 7.045534150612959, 0.1
571, 4031.0, 8, 7.0472027972027975, 0.1
572, 4039.0, 8, 7.048865619546248, 0.1
573, 4046.0, 7, 7.048780487804878, 0.1
574, 4053.0, 7, 7.0486956521739135, 0.1
575, 4061.0, 8, 7.050347222222222, 0.1
576, 4061.0, 0, 7.038128249566724, 0.1
577, 4068.0, 7, 7.038062283737024, 0.1
578, 4073.0, 5, 7.03454231433506, 0.1
579, 4081.0, 8, 7.036206896551724, 0.1
580, 4089.0, 8, 7.037865748709122, 0.1
581, 4089.0, 0, 7.025773195876289, 0.1
582, 4097.0, 8, 7.027444253859348, 0.1
583, 4105.0, 8, 7.029109589041096, 0.1
584, 4113.0, 8, 7.030769230769231, 0.1
585, 4121.0, 8, 7.032423208191126, 0.1
586, 4129.0, 8, 7.034071550255536, 0.1
587, 4137.0, 8, 7.035714285714286, 0.1
588, 4145.0, 8, 7.037351443123939, 0.1
589, 4152.0, 7, 7.03728813559322, 0.1
590, 4158.0, 6, 7.035532994923858, 0.1
591, 4164.0, 6, 7.033783783783784, 0.1
592, 4172.0, 8, 7.035413153456998, 0.1
593, 4179.0, 7, 7.0353535353535355, 0.1
594, 4187.0, 8, 7.036974789915966, 0.1
595, 4195.0, 8, 7.0385906040268456, 0.1
596, 4202.0, 7, 7.038525963149079, 0.1
597, 4208.0, 6, 7.036789297658863, 0.1
598, 4211.0, 3, 7.030050083472454, 0.1
599, 4219.0, 8, 7.031666666666666, 0.1
600, 4226.0, 7, 7.031613976705491, 0.1
601, 4233.0, 7, 7.03156146179402, 0.1
602, 4238.0, 5, 7.028192371475954, 0.1
603, 4246.0, 8, 7.029801324503311, 0.1
604, 4253.0, 7, 7.0297520661157025, 0.1
605, 4257.0, 4, 7.024752475247524, 0.1
606, 4264.0, 7, 7.0247116968698515, 0.1
607, 4272.0, 8, 7.026315789473684, 0.1
608, 4280.0, 8, 7.027914614121511, 0.1
609, 4287.0, 7, 7.027868852459016, 0.1
610, 4295.0, 8, 7.029459901800327, 0.1
611, 4303.0, 8, 7.031045751633987, 0.1
612, 4310.0, 7, 7.030995106035889, 0.1
613, 4316.0, 6, 7.029315960912052, 0.1
614, 4322.0, 6, 7.027642276422764, 0.1
615, 4328.0, 6, 7.025974025974026, 0.1
616, 4334.0, 6, 7.024311183144246, 0.1
617, 4342.0, 8, 7.02588996763754, 0.1
618, 4348.0, 6, 7.024232633279483, 0.1
619, 4356.0, 8, 7.025806451612903, 0.1
620, 4363.0, 7, 7.025764895330113, 0.1
621, 4370.0, 7, 7.02572347266881, 0.1
622, 4373.0, 3, 7.019261637239166, 0.1
623, 4379.0, 6, 7.017628205128205, 0.1
624, 4387.0, 8, 7.0192, 0.1
625, 4389.0, 2, 7.0111821086261985, 0.1
626, 4394.0, 5, 7.007974481658692, 0.1
627, 4402.0, 8, 7.009554140127388, 0.1
628, 4409.0, 7, 7.009538950715421, 0.1
629, 4417.0, 8, 7.011111111111111, 0.1
630, 4423.0, 6, 7.009508716323296, 0.1
631, 4431.0, 8, 7.011075949367089, 0.1
632, 4439.0, 8, 7.01263823064771, 0.1
633, 4446.0, 7, 7.012618296529968, 0.1
634, 4454.0, 8, 7.014173228346457, 0.1
635, 4461.0, 7, 7.014150943396227, 0.1
636, 4461.0, 0, 7.003139717425432, 0.1
637, 4468.0, 7, 7.003134796238244, 0.1
638, 4474.0, 6, 7.001564945226917, 0.1
639, 4482.0, 8, 7.003125, 0.1
640, 4489.0, 7, 7.003120124804992, 0.1
641, 4497.0, 8, 7.0046728971962615, 0.1
642, 4504.0, 7, 7.004665629860031, 0.1
643, 4510.0, 6, 7.003105590062112, 0.1
644, 4515.0, 5, 7.0, 0.1
645, 4523.0, 8, 7.001547987616099, 0.1
646, 4530.0, 7, 7.001545595054096, 0.1
647, 4536.0, 6, 7.0, 0.1
648, 4542.0, 6, 6.998459167950694, 0.1
649, 4550.0, 8, 7.0, 0.1
650, 4556.0, 6, 6.998463901689708, 0.1
651, 4556.0, 0, 6.987730061349693, 0.1
652, 4564.0, 8, 6.989280245022971, 0.1
653, 4572.0, 8, 6.990825688073395, 0.1
654, 4579.0, 7, 6.990839694656488, 0.1
655, 4586.0, 7, 6.990853658536586, 0.1
656, 4594.0, 8, 6.992389649923896, 0.1
657, 4601.0, 7, 6.992401215805471, 0.1
658, 4604.0, 3, 6.986342943854325, 0.1
659, 4611.0, 7, 6.986363636363636, 0.1
660, 4619.0, 8, 6.987897125567322, 0.1
661, 4626.0, 7, 6.9879154078549846, 0.1
662, 4634.0, 8, 6.989441930618401, 0.1
663, 4642.0, 8, 6.990963855421687, 0.1
664, 4646.0, 4, 6.986466165413534, 0.1
665, 4653.0, 7, 6.986486486486487, 0.1
666, 4660.0, 7, 6.986506746626687, 0.1
667, 4668.0, 8, 6.9880239520958085, 0.1
668, 4675.0, 7, 6.988041853512706, 0.1
669, 4682.0, 7, 6.988059701492538, 0.1
670, 4689.0, 7, 6.988077496274218, 0.1
671, 4697.0, 8, 6.989583333333333, 0.1
672, 4702.0, 5, 6.986627043090639, 0.1
673, 4709.0, 7, 6.986646884272997, 0.1
674, 4717.0, 8, 6.988148148148148, 0.1
675, 4725.0, 8, 6.989644970414201, 0.1
676, 4733.0, 8, 6.991137370753323, 0.1
677, 4739.0, 6, 6.989675516224189, 0.1
678, 4747.0, 8, 6.991163475699558, 0.1
679, 4755.0, 8, 6.992647058823529, 0.1
680, 4761.0, 6, 6.991189427312776, 0.1
681, 4767.0, 6, 6.989736070381231, 0.1
682, 4775.0, 8, 6.99121522693997, 0.1
683, 4783.0, 8, 6.992690058479532, 0.1
684, 4790.0, 7, 6.992700729927007, 0.1
685, 4798.0, 8, 6.994169096209912, 0.1
686, 4799.0, 1, 6.985443959243086, 0.1
687, 4807.0, 8, 6.986918604651163, 0.1
688, 4814.0, 7, 6.986937590711175, 0.1
689, 4821.0, 7, 6.98695652173913, 0.1
690, 4827.0, 6, 6.985528219971056, 0.1
691, 4834.0, 7, 6.985549132947977, 0.1
692, 4841.0, 7, 6.9855699855699855, 0.1
693, 4847.0, 6, 6.984149855907781, 0.1
694, 4853.0, 6, 6.982733812949641, 0.1
695, 4861.0, 8, 6.984195402298851, 0.1
696, 4869.0, 8, 6.985652797704447, 0.1
697, 4876.0, 7, 6.98567335243553, 0.1
698, 4883.0, 7, 6.985693848354792, 0.1
699, 4890.0, 7, 6.985714285714286, 0.1
700, 4898.0, 8, 6.98716119828816, 0.1
701, 4905.0, 7, 6.987179487179487, 0.1
702, 4908.0, 3, 6.981507823613087, 0.1
703, 4914.0, 6, 6.980113636363637, 0.1
704, 4922.0, 8, 6.981560283687943, 0.1
705, 4928.0, 6, 6.980169971671388, 0.1
706, 4936.0, 8, 6.981612446958982, 0.1
707, 4944.0, 8, 6.983050847457627, 0.1
708, 4946.0, 2, 6.976022566995769, 0.1
709, 4953.0, 7, 6.976056338028169, 0.1
710, 4961.0, 8, 6.977496483825598, 0.1
711, 4969.0, 8, 6.978932584269663, 0.1
712, 4976.0, 7, 6.978962131837307, 0.1
713, 4984.0, 8, 6.980392156862745, 0.1
714, 4990.0, 6, 6.979020979020979, 0.1
715, 4996.0, 6, 6.977653631284916, 0.1
716, 5003.0, 7, 6.97768479776848, 0.1
717, 5011.0, 8, 6.979108635097493, 0.1
718, 5017.0, 6, 6.977746870653686, 0.1
719, 5024.0, 7, 6.977777777777778, 0.1
720, 5031.0, 7, 6.9778085991678225, 0.1
721, 5036.0, 5, 6.975069252077562, 0.1
722, 5044.0, 8, 6.976486860304288, 0.1
723, 5050.0, 6, 6.975138121546961, 0.1
724, 5050.0, 0, 6.9655172413793105, 0.1
725, 5057.0, 7, 6.965564738292011, 0.1
726, 5064.0, 7, 6.965612104539202, 0.1
727, 5069.0, 5, 6.962912087912088, 0.1
728, 5077.0, 8, 6.964334705075446, 0.1
729, 5079.0, 2, 6.957534246575342, 0.1
730, 5087.0, 8, 6.9589603283173735, 0.1
731, 5094.0, 7, 6.959016393442623, 0.1
732, 5102.0, 8, 6.96043656207367, 0.1
733, 5109.0, 7, 6.960490463215259, 0.1
734, 5117.0, 8, 6.961904761904762, 0.1
735, 5124.0, 7, 6.961956521739131, 0.1
736, 5131.0, 7, 6.9620081411126185, 0.1
737, 5138.0, 7, 6.9620596205962055, 0.1
738, 5139.0, 1, 6.953991880920162, 0.1
739, 5147.0, 8, 6.955405405405405, 0.1
740, 5155.0, 8, 6.956815114709851, 0.1
741, 5163.0, 8, 6.95822102425876, 0.1
742, 5169.0, 6, 6.956931359353971, 0.1
743, 5176.0, 7, 6.956989247311828, 0.1
744, 5184.0, 8, 6.9583892617449665, 0.1
745, 5187.0, 3, 6.953083109919571, 0.1
746, 5194.0, 7, 6.953145917001339, 0.1
747, 5200.0, 6, 6.951871657754011, 0.1
748, 5208.0, 8, 6.953271028037383, 0.1
749, 5214.0, 6, 6.952, 0.1
750, 5222.0, 8, 6.953395472703063, 0.1
751, 5230.0, 8, 6.954787234042553, 0.1
752, 5238.0, 8, 6.956175298804781, 0.1
753, 5244.0, 6, 6.954907161803714, 0.1
754, 5250.0, 6, 6.953642384105961, 0.1
755, 5258.0, 8, 6.955026455026455, 0.1
756, 5258.0, 0, 6.945838837516512, 0.1
757, 5266.0, 8, 6.947229551451187, 0.1
758, 5273.0, 7, 6.94729907773386, 0.1
759, 5280.0, 7, 6.947368421052632, 0.1
760, 5288.0, 8, 6.948751642575559, 0.1
761, 5296.0, 8, 6.9501312335958, 0.1
762, 5303.0, 7, 6.950196592398427, 0.1
763, 5310.0, 7, 6.950261780104712, 0.1
764, 5318.0, 8, 6.951633986928105, 0.1
765, 5323.0, 5, 6.949086161879896, 0.1
766, 5330.0, 7, 6.9491525423728815, 0.1
767, 5333.0, 3, 6.944010416666667, 0.1
768, 5341.0, 8, 6.945383615084525, 0.1
769, 5348.0, 7, 6.945454545454545, 0.1
770, 5356.0, 8, 6.946822308690013, 0.1
771, 5364.0, 8, 6.948186528497409, 0.1
772, 5371.0, 7, 6.948253557567917, 0.1
773, 5379.0, 8, 6.949612403100775, 0.1
774, 5383.0, 4, 6.945806451612904, 0.1
775, 5389.0, 6, 6.944587628865979, 0.1
776, 5395.0, 6, 6.943371943371943, 0.1
777, 5402.0, 7, 6.943444730077121, 0.1
778, 5409.0, 7, 6.943517329910141, 0.1
779, 5417.0, 8, 6.944871794871795, 0.1
780, 5420.0, 3, 6.939820742637644, 0.1
781, 5426.0, 6, 6.938618925831202, 0.1
782, 5434.0, 8, 6.939974457215836, 0.1
783, 5443.0, 9, 6.942602040816326, 0.1
784, 5451.0, 8, 6.943949044585987, 0.1
785, 5457.0, 6, 6.942748091603053, 0.1
786, 5462.0, 5, 6.940279542566709, 0.1
787, 5470.0, 8, 6.941624365482234, 0.1
788, 5477.0, 7, 6.94169835234474, 0.1
789, 5484.0, 7, 6.941772151898734, 0.1
790, 5492.0, 8, 6.943109987357775, 0.1
791, 5500.0, 8, 6.944444444444445, 0.1
792, 5507.0, 7, 6.944514501891551, 0.1
793, 5514.0, 7, 6.944584382871536, 0.1
794, 5522.0, 8, 6.945911949685534, 0.1
795, 5528.0, 6, 6.944723618090452, 0.1
796, 5536.0, 8, 6.946047678795483, 0.1
797, 5544.0, 8, 6.947368421052632, 0.1
798, 5551.0, 7, 6.947434292866083, 0.1
799, 5559.0, 8, 6.94875, 0.1
800, 5561.0, 2, 6.942571785268415, 0.1
801, 5569.0, 8, 6.943890274314215, 0.1
802, 5576.0, 7, 6.943960149439602, 0.1
803, 5582.0, 6, 6.942786069651741, 0.1
804, 5589.0, 7, 6.942857142857143, 0.1
805, 5596.0, 7, 6.942928039702233, 0.1
806, 5603.0, 7, 6.942998760842627, 0.1
807, 5609.0, 6, 6.941831683168317, 0.1
808, 5617.0, 8, 6.943139678615575, 0.1
809, 5623.0, 6, 6.941975308641975, 0.1
810, 5630.0, 7, 6.942046855733662, 0.1
811, 5638.0, 8, 6.943349753694581, 0.1
812, 5646.0, 8, 6.944649446494465, 0.1
813, 5653.0, 7, 6.944717444717445, 0.1
814, 5658.0, 5, 6.942331288343558, 0.1
815, 5665.0, 7, 6.942401960784314, 0.1
816, 5671.0, 6, 6.94124847001224, 0.1
817, 5678.0, 7, 6.941320293398533, 0.1
818, 5686.0, 8, 6.942612942612943, 0.1
819, 5694.0, 8, 6.943902439024391, 0.1
820, 5700.0, 6, 6.942752740560293, 0.1
821, 5707.0, 7, 6.942822384428224, 0.1
822, 5714.0, 7, 6.9428918590522475, 0.1
823, 5718.0, 4, 6.939320388349515, 0.1
824, 5725.0, 7, 6.9393939393939394, 0.1
825, 5731.0, 6, 6.938256658595642, 0.1
826, 5738.0, 7, 6.938331318016929, 0.1
827, 5745.0, 7, 6.938405797101449, 0.1
828, 5753.0, 8, 6.939686369119421, 0.1
829, 5761.0, 8, 6.940963855421686, 0.1
830, 5767.0, 6, 6.939831528279182, 0.1
831, 5774.0, 7, 6.939903846153846, 0.1
832, 5782.0, 8, 6.9411764705882355, 0.1
833, 5789.0, 7, 6.9412470023980815, 0.1
834, 5797.0, 8, 6.9425149700598805, 0.1
835, 5804.0, 7, 6.942583732057416, 0.1
836, 5807.0, 3, 6.937873357228196, 0.1
837, 5815.0, 8, 6.9391408114558475, 0.1
838, 5822.0, 7, 6.939213349225268, 0.1
839, 5829.0, 7, 6.939285714285714, 0.1
840, 5836.0, 7, 6.93935790725327, 0.1
841, 5844.0, 8, 6.940617577197149, 0.1
842, 5852.0, 8, 6.9418742586002375, 0.1
843, 5860.0, 8, 6.943127962085308, 0.1
844, 5868.0, 8, 6.944378698224852, 0.1
845, 5875.0, 7, 6.944444444444445, 0.1
846, 5882.0, 7, 6.9445100354191265, 0.1
847, 5882.0, 0, 6.936320754716981, 0.1
848, 5889.0, 7, 6.936395759717315, 0.1
849, 5896.0, 7, 6.936470588235294, 0.1
850, 5903.0, 7, 6.936545240893067, 0.1
851, 5911.0, 8, 6.937793427230047, 0.1
852, 5916.0, 5, 6.9355216881594375, 0.1
853, 5924.0, 8, 6.936768149882904, 0.1
854, 5931.0, 7, 6.936842105263158, 0.1
855, 5931.0, 0, 6.928738317757009, 0.1
856, 5939.0, 8, 6.929988331388564, 0.1
857, 5946.0, 7, 6.93006993006993, 0.1
858, 5953.0, 7, 6.930151338766007, 0.1
859, 5959.0, 6, 6.92906976744186, 0.1
860, 5964.0, 5, 6.926829268292683, 0.1
861, 5971.0, 7, 6.926914153132251, 0.1
862, 5978.0, 7, 6.926998841251448, 0.1
863, 5986.0, 8, 6.9282407407407405, 0.1
864, 5994.0, 8, 6.929479768786127, 0.1
865, 6002.0, 8, 6.930715935334873, 0.1
866, 6010.0, 8, 6.93194925028835, 0.1
867, 6018.0, 8, 6.933179723502304, 0.1
868, 6026.0, 8, 6.934407364787112, 0.1
869, 6034.0, 8, 6.935632183908046, 0.1
870, 6041.0, 7, 6.935706084959817, 0.1
871, 6047.0, 6, 6.934633027522936, 0.1
872, 6054.0, 7, 6.934707903780069, 0.1
873, 6062.0, 8, 6.935926773455377, 0.1
874, 6070.0, 8, 6.937142857142857, 0.1
875, 6076.0, 6, 6.936073059360731, 0.1
876, 6084.0, 8, 6.9372862029646525, 0.1
877, 6091.0, 7, 6.937357630979498, 0.1
878, 6094.0, 3, 6.93287827076223, 0.1
879, 6100.0, 6, 6.931818181818182, 0.1
880, 6108.0, 8, 6.933030646992054, 0.1
881, 6116.0, 8, 6.934240362811791, 0.1
882, 6122.0, 6, 6.933182332955832, 0.1
883, 6129.0, 7, 6.933257918552036, 0.1
884, 6137.0, 8, 6.9344632768361585, 0.1
885, 6143.0, 6, 6.933408577878104, 0.1
886, 6150.0, 7, 6.93348365276212, 0.1
887, 6156.0, 6, 6.9324324324324325, 0.1
888, 6163.0, 7, 6.932508436445445, 0.1
889, 6171.0, 8, 6.9337078651685395, 0.1
890, 6179.0, 8, 6.934904601571268, 0.1
891, 6179.0, 0, 6.927130044843049, 0.1
892, 6187.0, 8, 6.928331466965285, 0.1
893, 6195.0, 8, 6.929530201342282, 0.1
894, 6202.0, 7, 6.929608938547486, 0.1
895, 6210.0, 8, 6.930803571428571, 0.1
896, 6217.0, 7, 6.930880713489409, 0.1
897, 6225.0, 8, 6.932071269487751, 0.1
898, 6233.0, 8, 6.9332591768631815, 0.1
899, 6240.0, 7, 6.933333333333334, 0.1
900, 6247.0, 7, 6.933407325194229, 0.1
901, 6251.0, 4, 6.930155210643015, 0.1
902, 6256.0, 5, 6.9280177187153935, 0.1
903, 6264.0, 8, 6.929203539823009, 0.1
904, 6270.0, 6, 6.928176795580111, 0.1
905, 6275.0, 5, 6.9260485651214125, 0.1
906, 6281.0, 6, 6.92502756339581, 0.1
907, 6288.0, 7, 6.92511013215859, 0.1
908, 6296.0, 8, 6.926292629262926, 0.1
909, 6304.0, 8, 6.927472527472528, 0.1
910, 6310.0, 6, 6.926454445664105, 0.1
911, 6317.0, 7, 6.926535087719298, 0.1
912, 6325.0, 8, 6.927710843373494, 0.1
913, 6331.0, 6, 6.926695842450766, 0.1
914, 6334.0, 3, 6.922404371584699, 0.1
915, 6341.0, 7, 6.922489082969432, 0.1
916, 6348.0, 7, 6.92257360959651, 0.1
917, 6355.0, 7, 6.9226579520697165, 0.1
918, 6361.0, 6, 6.921653971708379, 0.1
919, 6368.0, 7, 6.921739130434783, 0.1
920, 6374.0, 6, 6.920738327904452, 0.1
921, 6379.0, 5, 6.9186550976138825, 0.1
922, 6386.0, 7, 6.918743228602383, 0.1
923, 6394.0, 8, 6.91991341991342, 0.1
924, 6399.0, 5, 6.917837837837838, 0.1
925, 6406.0, 7, 6.91792656587473, 0.1
926, 6412.0, 6, 6.916936353829557, 0.1
927, 6420.0, 8, 6.918103448275862, 0.1
928, 6428.0, 8, 6.919268030139936, 0.1
929, 6436.0, 8, 6.920430107526882, 0.1
930, 6444.0, 8, 6.921589688506982, 0.1
931, 6451.0, 7, 6.921673819742489, 0.1
932, 6459.0, 8, 6.922829581993569, 0.1
933, 6467.0, 8, 6.923982869379015, 0.1
934, 6475.0, 8, 6.925133689839572, 0.1
935, 6483.0, 8, 6.926282051282051, 0.1
936, 6490.0, 7, 6.926360725720384, 0.1
937, 6497.0, 7, 6.926439232409382, 0.1
938, 6504.0, 7, 6.926517571884984, 0.1
939, 6508.0, 4, 6.923404255319149, 0.1
940, 6509.0, 1, 6.917109458023379, 0.1
941, 6512.0, 3, 6.912951167728238, 0.1
942, 6519.0, 7, 6.913043478260869, 0.1
943, 6525.0, 6, 6.91207627118644, 0.1
944, 6531.0, 6, 6.911111111111111, 0.1
945, 6539.0, 8, 6.912262156448203, 0.1
946, 6546.0, 7, 6.9123548046462515, 0.1
947, 6552.0, 6, 6.9113924050632916, 0.1
948, 6558.0, 6, 6.910432033719705, 0.1
949, 6564.0, 6, 6.909473684210527, 0.1
950, 6564.0, 0, 6.902208201892744, 0.1
951, 6570.0, 6, 6.901260504201681, 0.1
952, 6578.0, 8, 6.902413431269674, 0.1
953, 6585.0, 7, 6.90251572327044, 0.1
954, 6592.0, 7, 6.90261780104712, 0.1
955, 6600.0, 8, 6.903765690376569, 0.1
956, 6607.0, 7, 6.903866248693835, 0.1
957, 6614.0, 7, 6.903966597077244, 0.1
958, 6620.0, 6, 6.903023983315954, 0.1
959, 6628.0, 8, 6.904166666666667, 0.1
960, 6634.0, 6, 6.903225806451613, 0.1
961, 6637.0, 3, 6.899168399168399, 0.1
962, 6645.0, 8, 6.900311526479751, 0.1
963, 6652.0, 7, 6.9004149377593365, 0.1
964, 6659.0, 7, 6.900518134715026, 0.1
965, 6666.0, 7, 6.900621118012422, 0.1
966, 6674.0, 8, 6.901758014477767, 0.1
967, 6678.0, 4, 6.898760330578512, 0.1
968, 6686.0, 8, 6.899896800825593, 0.1
969, 6691.0, 5, 6.897938144329897, 0.1
970, 6696.0, 5, 6.895983522142122, 0.1
971, 6704.0, 8, 6.897119341563786, 0.1
972, 6712.0, 8, 6.89825282631038, 0.1
973, 6719.0, 7, 6.898357289527721, 0.1
974, 6727.0, 8, 6.8994871794871795, 0.1
975, 6733.0, 6, 6.898565573770492, 0.1
976, 6737.0, 4, 6.895598771750256, 0.1
977, 6744.0, 7, 6.895705521472393, 0.1
978, 6751.0, 7, 6.895812053115424, 0.1
979, 6756.0, 5, 6.893877551020408, 0.1
980, 6764.0, 8, 6.895005096839959, 0.1
981, 6772.0, 8, 6.896130346232179, 0.1
982, 6774.0, 2, 6.8911495422177005, 0.1
983, 6781.0, 7, 6.891260162601626, 0.1
984, 6788.0, 7, 6.891370558375635, 0.1
985, 6794.0, 6, 6.890466531440162, 0.1
986, 6802.0, 8, 6.891590678824722, 0.1
987, 6809.0, 7, 6.8917004048583, 0.1
988, 6817.0, 8, 6.892821031344793, 0.1
989, 6824.0, 7, 6.892929292929293, 0.1
990, 6826.0, 2, 6.887991927346115, 0.1
991, 6833.0, 7, 6.888104838709677, 0.1
992, 6841.0, 8, 6.889224572004029, 0.1
993, 6848.0, 7, 6.889336016096579, 0.1
994, 6855.0, 7, 6.889447236180905, 0.1
995, 6862.0, 7, 6.889558232931727, 0.1
996, 6869.0, 7, 6.889669007021063, 0.1
997, 6877.0, 8, 6.890781563126253, 0.1
998, 6885.0, 8, 6.891891891891892, 0.1
999, 6892.0, 7, 6.892, 0.1
1000, 6900.0, 8, 6.893106893106893, 0.1
1001, 6902.0, 2, 6.888223552894211, 0.1
1002, 6909.0, 7, 6.888334995014955, 0.1
1003, 6916.0, 7, 6.888446215139442, 0.1
1004, 6924.0, 8, 6.88955223880597, 0.1
1005, 6930.0, 6, 6.888667992047714, 0.1
1006, 6937.0, 7, 6.888778550148957, 0.1
1007, 6943.0, 6, 6.887896825396825, 0.1
1008, 6950.0, 7, 6.88800792864222, 0.1
1009, 6955.0, 5, 6.8861386138613865, 0.1
1010, 6962.0, 7, 6.8862512363996045, 0.1
1011, 6970.0, 8, 6.887351778656127, 0.1
1012, 6978.0, 8, 6.888450148075025, 0.1
1013, 6985.0, 7, 6.888560157790927, 0.1
1014, 6993.0, 8, 6.889655172413793, 0.1
1015, 7000.0, 7, 6.889763779527559, 0.1
1016, 7007.0, 7, 6.889872173058014, 0.1
1017, 7008.0, 1, 6.884086444007859, 0.1
1018, 7016.0, 8, 6.885181550539745, 0.1
1019, 7022.0, 6, 6.8843137254901965, 0.1
1020, 7030.0, 8, 6.885406464250734, 0.1
1021, 7036.0, 6, 6.8845401174168295, 0.1
1022, 7041.0, 5, 6.882697947214076, 0.1
1023, 7047.0, 6, 6.8818359375, 0.1
1024, 7055.0, 8, 6.882926829268293, 0.1
1025, 7061.0, 6, 6.882066276803119, 0.1
1026, 7061.0, 0, 6.875365141187926, 0.1
1027, 7069.0, 8, 6.876459143968872, 0.1
1028, 7075.0, 6, 6.875607385811468, 0.1
1029, 7082.0, 7, 6.8757281553398055, 0.1
1030, 7089.0, 7, 6.875848690591659, 0.1
1031, 7095.0, 6, 6.875, 0.1
1032, 7101.0, 6, 6.8741529525653435, 0.1
1033, 7109.0, 8, 6.875241779497099, 0.1
1034, 7116.0, 7, 6.87536231884058, 0.1
1035, 7122.0, 6, 6.874517374517374, 0.1
1036, 7128.0, 6, 6.87367405978785, 0.1
1037, 7135.0, 7, 6.873795761078998, 0.1
1038, 7143.0, 8, 6.874879692011549, 0.1
1039, 7151.0, 8, 6.875961538461539, 0.1
1040, 7158.0, 7, 6.876080691642652, 0.1
1041, 7161.0, 3, 6.872360844529751, 0.1
1042, 7168.0, 7, 6.87248322147651, 0.1
1043, 7174.0, 6, 6.871647509578544, 0.1
1044, 7181.0, 7, 6.87177033492823, 0.1
1045, 7186.0, 5, 6.869980879541109, 0.1
1046, 7193.0, 7, 6.870105062082139, 0.1
1047, 7199.0, 6, 6.869274809160306, 0.1
1048, 7207.0, 8, 6.870352716873213, 0.1
1049, 7215.0, 8, 6.871428571428571, 0.1
1050, 7222.0, 7, 6.8715509039010465, 0.1
1051, 7229.0, 7, 6.8716730038022815, 0.1
1052, 7235.0, 6, 6.870845204178537, 0.1
1053, 7242.0, 7, 6.870967741935484, 0.1
1054, 7250.0, 8, 6.872037914691943, 0.1
1055, 7257.0, 7, 6.872159090909091, 0.1
1056, 7264.0, 7, 6.872280037842952, 0.1
1057, 7272.0, 8, 6.873345935727788, 0.1
1058, 7279.0, 7, 6.87346553352219, 0.1
1059, 7286.0, 7, 6.873584905660377, 0.1
1060, 7294.0, 8, 6.874646559849199, 0.1
1061, 7302.0, 8, 6.875706214689266, 0.1
1062, 7310.0, 8, 6.876763875823142, 0.1
1063, 7318.0, 8, 6.87781954887218, 0.1
1064, 7325.0, 7, 6.877934272300469, 0.1
1065, 7333.0, 8, 6.878986866791744, 0.1
1066, 7341.0, 8, 6.880037488284911, 0.1
1067, 7345.0, 4, 6.877340823970037, 0.1
1068, 7351.0, 6, 6.876520112254443, 0.1
1069, 7357.0, 6, 6.875700934579439, 0.1
1070, 7363.0, 6, 6.874883286647992, 0.1
1071, 7371.0, 8, 6.875932835820896, 0.1
1072, 7379.0, 8, 6.876980428704567, 0.1
1073, 7386.0, 7, 6.877094972067039, 0.1
1074, 7392.0, 6, 6.876279069767442, 0.1
1075, 7399.0, 7, 6.87639405204461, 0.1
1076, 7407.0, 8, 6.8774373259052926, 0.1
1077, 7415.0, 8, 6.87847866419295, 0.1
1078, 7422.0, 7, 6.878591288229843, 0.1
1079, 7427.0, 5, 6.8768518518518515, 0.1
1080, 7434.0, 7, 6.876965772432932, 0.1
1081, 7441.0, 7, 6.877079482439926, 0.1
1082, 7447.0, 6, 6.876269621421976, 0.1
1083, 7454.0, 7, 6.876383763837638, 0.1
1084, 7460.0, 6, 6.875576036866359, 0.1
1085, 7463.0, 3, 6.872007366482505, 0.1
1086, 7465.0, 2, 6.86752529898804, 0.1
1087, 7469.0, 4, 6.864889705882353, 0.1
1088, 7476.0, 7, 6.865013774104683, 0.1
1089, 7484.0, 8, 6.866055045871559, 0.1
1090, 7484.0, 0, 6.859761686526123, 0.1
1091, 7485.0, 1, 6.854395604395604, 0.1
1092, 7491.0, 6, 6.8536139066788655, 0.1
1093, 7495.0, 4, 6.8510054844606945, 0.1
1094, 7501.0, 6, 6.850228310502283, 0.1
1095, 7509.0, 8, 6.851277372262774, 0.1
1096, 7516.0, 7, 6.851412944393801, 0.1
1097, 7522.0, 6, 6.85063752276867, 0.1
1098, 7528.0, 6, 6.8498635122838945, 0.1
1099, 7532.0, 4, 6.847272727272728, 0.1
1100, 7540.0, 8, 6.848319709355132, 0.1
1101, 7547.0, 7, 6.848457350272232, 0.1
1102, 7555.0, 8, 6.84950135992747, 0.1
1103, 7563.0, 8, 6.850543478260869, 0.1
1104, 7571.0, 8, 6.8515837104072395, 0.1
1105, 7576.0, 5, 6.8499095840868, 0.1
1106, 7583.0, 7, 6.8500451671183376, 0.1
1107, 7589.0, 6, 6.84927797833935, 0.1
1108, 7596.0, 7, 6.84941388638413, 0.1
1109, 7604.0, 8, 6.850450450450451, 0.1
1110, 7611.0, 7, 6.8505850585058505, 0.1
1111, 7617.0, 6, 6.849820143884892, 0.1
1112, 7625.0, 8, 6.850853548966756, 0.1
1113, 7632.0, 7, 6.850987432675045, 0.1
1114, 7640.0, 8, 6.852017937219731, 0.1
1115, 7648.0, 8, 6.853046594982079, 0.1
1116, 7650.0, 2, 6.848701880035811, 0.1
1117, 7657.0, 7, 6.848837209302325, 0.1
1118, 7665.0, 8, 6.849865951742627, 0.1
1119, 7672.0, 7, 6.85, 0.1
1120, 7679.0, 7, 6.8501338090990185, 0.1
1121, 7687.0, 8, 6.851158645276293, 0.1
1122, 7694.0, 7, 6.851291184327693, 0.1
1123, 7702.0, 8, 6.852313167259786, 0.1
1124, 7708.0, 6, 6.851555555555556, 0.1
1125, 7716.0, 8, 6.852575488454707, 0.1
1126, 7724.0, 8, 6.853593611357587, 0.1
1127, 7732.0, 8, 6.8546099290780145, 0.1
1128, 7740.0, 8, 6.8556244464127545, 0.1
1129, 7748.0, 8, 6.856637168141593, 0.1
1130, 7755.0, 7, 6.856763925729443, 0.1
1131, 7763.0, 8, 6.857773851590106, 0.1
1132, 7771.0, 8, 6.858781994704325, 0.1
1133, 7779.0, 8, 6.85978835978836, 0.1
1134, 7786.0, 7, 6.859911894273128, 0.1
1135, 7793.0, 7, 6.860035211267606, 0.1
1136, 7801.0, 8, 6.86103781882146, 0.1
1137, 7808.0, 7, 6.8611599297012305, 0.1
1138, 7815.0, 7, 6.861281826163301, 0.1
1139, 7822.0, 7, 6.86140350877193, 0.1
1140, 7829.0, 7, 6.861524978089395, 0.1
1141, 7836.0, 7, 6.861646234676007, 0.1
1142, 7844.0, 8, 6.862642169728784, 0.1
1143, 7845.0, 1, 6.8575174825174825, 0.1
1144, 7853.0, 8, 6.858515283842795, 0.1
1145, 7860.0, 7, 6.858638743455497, 0.1
1146, 7868.0, 8, 6.859633827375763, 0.1
1147, 7874.0, 6, 6.858885017421603, 0.1
1148, 7882.0, 8, 6.859878154917319, 0.1
1149, 7889.0, 7, 6.86, 0.1
1150, 7896.0, 7, 6.860121633362294, 0.1
1151, 7904.0, 8, 6.861111111111111, 0.1
1152, 7905.0, 1, 6.856027753686036, 0.1
1153, 7913.0, 8, 6.857019064124783, 0.1
1154, 7919.0, 6, 6.856277056277056, 0.1
1155, 7926.0, 7, 6.856401384083045, 0.1
1156, 7931.0, 5, 6.854796888504754, 0.1
1157, 7933.0, 2, 6.850604490500864, 0.1
1158, 7940.0, 7, 6.8507333908541845, 0.1
1159, 7948.0, 8, 6.8517241379310345, 0.1
1160, 7956.0, 8, 6.852713178294573, 0.1
1161, 7964.0, 8, 6.853700516351119, 0.1
1162, 7971.0, 7, 6.853826311263973, 0.1
1163, 7972.0, 1, 6.848797250859106, 0.1
1164, 7980.0, 8, 6.849785407725322, 0.1
1165, 7988.0, 8, 6.850771869639794, 0.1
1166, 7995.0, 7, 6.850899742930591, 0.1
1167, 8001.0, 6, 6.850171232876712, 0.1
1168, 8009.0, 8, 6.851154833190761, 0.1
1169, 8017.0, 8, 6.852136752136752, 0.1
1170, 8022.0, 5, 6.850555081127242, 0.1
1171, 8030.0, 8, 6.851535836177474, 0.1
1172, 8038.0, 8, 6.852514919011083, 0.1
1173, 8046.0, 8, 6.853492333901192, 0.1
1174, 8053.0, 7, 6.8536170212765954, 0.1
1175, 8061.0, 8, 6.854591836734694, 0.1
1176, 8068.0, 7, 6.854715378079864, 0.1
1177, 8076.0, 8, 6.855687606112054, 0.1
1178, 8083.0, 7, 6.855810008481765, 0.1
1179, 8090.0, 7, 6.8559322033898304, 0.1
1180, 8096.0, 6, 6.855207451312447, 0.1
1181, 8104.0, 8, 6.856175972927242, 0.1
1182, 8111.0, 7, 6.856297548605241, 0.1
1183, 8119.0, 8, 6.857263513513513, 0.1
1184, 8127.0, 8, 6.858227848101266, 0.1
1185, 8134.0, 7, 6.858347386172007, 0.1
1186, 8141.0, 7, 6.8584667228306655, 0.1
1187, 8148.0, 7, 6.858585858585859, 0.1
1188, 8153.0, 5, 6.857022708158116, 0.1
1189, 8161.0, 8, 6.8579831932773105, 0.1
1190, 8168.0, 7, 6.8581024349286315, 0.1
1191, 8175.0, 7, 6.858221476510067, 0.1
1192, 8183.0, 8, 6.859178541492037, 0.1
1193, 8191.0, 8, 6.860134003350084, 0.1
1194, 8199.0, 8, 6.861087866108787, 0.1
1195, 8206.0, 7, 6.861204013377926, 0.1
1196, 8213.0, 7, 6.861319966583125, 0.1
1197, 8217.0, 4, 6.858931552587646, 0.1
1198, 8225.0, 8, 6.859883236030025, 0.1
1199, 8232.0, 7, 6.86, 0.1
1200, 8240.0, 8, 6.860949208992507, 0.1
1201, 8248.0, 8, 6.86189683860233, 0.1
1202, 8255.0, 7, 6.862011637572735, 0.1
1203, 8263.0, 8, 6.862956810631229, 0.1
1204, 8270.0, 7, 6.863070539419087, 0.1
1205, 8278.0, 8, 6.864013266998342, 0.1
1206, 8285.0, 7, 6.864125932062966, 0.1
1207, 8292.0, 7, 6.864238410596027, 0.1
1208, 8293.0, 1, 6.859387923904053, 0.1
1209, 8300.0, 7, 6.859504132231405, 0.1
1210, 8308.0, 8, 6.860445912469034, 0.1
1211, 8316.0, 8, 6.861386138613861, 0.1
1212, 8324.0, 8, 6.86232481450948, 0.1
1213, 8332.0, 8, 6.863261943986821, 0.1
1214, 8339.0, 7, 6.863374485596708, 0.1
1215, 8345.0, 6, 6.862664473684211, 0.1
1216, 8352.0, 7, 6.862777321281841, 0.1
1217, 8359.0, 7, 6.862889983579639, 0.1
1218, 8364.0, 5, 6.861361771944217, 0.1
1219, 8371.0, 7, 6.861475409836066, 0.1
1220, 8373.0, 2, 6.857493857493857, 0.1
1221, 8380.0, 7, 6.857610474631751, 0.1
1222, 8386.0, 6, 6.856909239574816, 0.1
1223, 8392.0, 6, 6.856209150326797, 0.1
1224, 8398.0, 6, 6.855510204081632, 0.1
1225, 8406.0, 8, 6.856443719412725, 0.1
1226, 8412.0, 6, 6.8557457212713935, 0.1
1227, 8420.0, 8, 6.856677524429967, 0.1
1228, 8428.0, 8, 6.857607811228641, 0.1
1229, 8436.0, 8, 6.8585365853658535, 0.1
1230, 8443.0, 7, 6.858651502843217, 0.1
1231, 8450.0, 7, 6.858766233766234, 0.1
1232, 8458.0, 8, 6.859691808596918, 0.1
1233, 8466.0, 8, 6.860615883306321, 0.1
1234, 8474.0, 8, 6.861538461538461, 0.1
1235, 8482.0, 8, 6.8624595469255665, 0.1
1236, 8489.0, 7, 6.862570735650768, 0.1
1237, 8497.0, 8, 6.863489499192245, 0.1
1238, 8504.0, 7, 6.863599677158999, 0.1
1239, 8511.0, 7, 6.8637096774193544, 0.1
1240, 8519.0, 8, 6.864625302175665, 0.1
1241, 8527.0, 8, 6.865539452495974, 0.1
1242, 8533.0, 6, 6.864843121480289, 0.1
1243, 8540.0, 7, 6.864951768488746, 0.1
1244, 8548.0, 8, 6.865863453815261, 0.1
1245, 8555.0, 7, 6.865971107544142, 0.1
1246, 8560.0, 5, 6.864474739374499, 0.1
1247, 8568.0, 8, 6.865384615384615, 0.1
1248, 8575.0, 7, 6.865492393915132, 0.1
1249, 8582.0, 7, 6.8656, 0.1
1250, 8590.0, 8, 6.866506794564349, 0.1
1251, 8596.0, 6, 6.865814696485623, 0.1
1252, 8604.0, 8, 6.866719872306464, 0.1
1253, 8605.0, 1, 6.862041467304625, 0.1
1254, 8612.0, 7, 6.862151394422311, 0.1
1255, 8619.0, 7, 6.862261146496815, 0.1
1256, 8626.0, 7, 6.862370723945903, 0.1
1257, 8634.0, 8, 6.863275039745628, 0.1
1258, 8640.0, 6, 6.862589356632248, 0.1
1259, 8648.0, 8, 6.863492063492063, 0.1
1260, 8656.0, 8, 6.864393338620142, 0.1
1261, 8664.0, 8, 6.865293185419969, 0.1
1262, 8672.0, 8, 6.866191607284244, 0.1
1263, 8679.0, 7, 6.86629746835443, 0.1
1264, 8687.0, 8, 6.867193675889328, 0.1
1265, 8693.0, 6, 6.86650868878357, 0.1
1266, 8697.0, 4, 6.864246250986582, 0.1
1267, 8705.0, 8, 6.865141955835962, 0.1
1268, 8712.0, 7, 6.865248226950355, 0.1
1269, 8720.0, 8, 6.866141732283465, 0.1
1270, 8725.0, 5, 6.8646734854445315, 0.1
1271, 8733.0, 8, 6.865566037735849, 0.1
1272, 8741.0, 8, 6.866457187745483, 0.1
1273, 8749.0, 8, 6.86734693877551, 0.1
1274, 8757.0, 8, 6.868235294117647, 0.1
1275, 8765.0, 8, 6.8691222570532915, 0.1
1276, 8773.0, 8, 6.870007830853563, 0.1
1277, 8780.0, 7, 6.870109546165884, 0.1
1278, 8783.0, 3, 6.867083659108679, 0.1
1279, 8791.0, 8, 6.86796875, 0.1
1280, 8799.0, 8, 6.868852459016393, 0.1
1281, 8806.0, 7, 6.868954758190328, 0.1
1282, 8814.0, 8, 6.86983632112237, 0.1
1283, 8820.0, 6, 6.869158878504673, 0.1
1284, 8827.0, 7, 6.869260700389105, 0.1
1285, 8833.0, 6, 6.868584758942458, 0.1
1286, 8840.0, 7, 6.8686868686868685, 0.1
1287, 8847.0, 7, 6.8687888198757765, 0.1
1288, 8854.0, 7, 6.8688906128782, 0.1
1289, 8862.0, 8, 6.869767441860465, 0.1
1290, 8863.0, 1, 6.865220759101471, 0.1
1291, 8865.0, 2, 6.8614551083591335, 0.1
1292, 8873.0, 8, 6.862335653518948, 0.1
1293, 8881.0, 8, 6.863214837712519, 0.1
1294, 8888.0, 7, 6.863320463320464, 0.1
1295, 8895.0, 7, 6.863425925925926, 0.1
1296, 8898.0, 3, 6.860447185813416, 0.1
1297, 8904.0, 6, 6.859784283513097, 0.1
1298, 8911.0, 7, 6.8598922247882985, 0.1
1299, 8919.0, 8, 6.860769230769231, 0.1
1300, 8927.0, 8, 6.861644888547271, 0.1
1301, 8933.0, 6, 6.860983102918587, 0.1
1302, 8941.0, 8, 6.861857252494244, 0.1
1303, 8949.0, 8, 6.862730061349693, 0.1
1304, 8955.0, 6, 6.862068965517241, 0.1
1305, 8963.0, 8, 6.862940275650843, 0.1
1306, 8971.0, 8, 6.86381025248661, 0.1
1307, 8979.0, 8, 6.864678899082569, 0.1
1308, 8987.0, 8, 6.8655462184873945, 0.1
1309, 8994.0, 7, 6.865648854961832, 0.1
1310, 8994.0, 0, 6.860411899313501, 0.1
1311, 9001.0, 7, 6.860518292682927, 0.1
1312, 9008.0, 7, 6.860624523990861, 0.1
1313, 9016.0, 8, 6.861491628614917, 0.1
1314, 9020.0, 4, 6.859315589353612, 0.1
1315, 9026.0, 6, 6.858662613981763, 0.1
1316, 9034.0, 8, 6.859529233105543, 0.1
1317, 9041.0, 7, 6.859635811836116, 0.1
1318, 9049.0, 8, 6.860500379075057, 0.1
1319, 9056.0, 7, 6.86060606060606, 0.1
1320, 9064.0, 8, 6.8614685844057535, 0.1
1321, 9066.0, 2, 6.857791225416037, 0.1
1322, 9073.0, 7, 6.857898715041572, 0.1
1323, 9080.0, 7, 6.858006042296073, 0.1
1324, 9088.0, 8, 6.858867924528302, 0.1
1325, 9093.0, 5, 6.857466063348416, 0.1
1326, 9101.0, 8, 6.858327053504144, 0.1
1327, 9104.0, 3, 6.855421686746988, 0.1
1328, 9111.0, 7, 6.855530474040632, 0.1
1329, 9118.0, 7, 6.855639097744361, 0.1
1330, 9125.0, 7, 6.855747558226897, 0.1
1331, 9133.0, 8, 6.856606606606607, 0.1
1332, 9141.0, 8, 6.857464366091523, 0.1
1333, 9145.0, 4, 6.855322338830585, 0.1
1334, 9153.0, 8, 6.856179775280899, 0.1
1335, 9161.0, 8, 6.857035928143713, 0.1
1336, 9166.0, 5, 6.855646970830217, 0.1
1337, 9173.0, 7, 6.8557548579970105, 0.1
1338, 9174.0, 1, 6.851381628080658, 0.1
1339, 9182.0, 8, 6.852238805970149, 0.1
1340, 9189.0, 7, 6.852348993288591, 0.1
1341, 9197.0, 8, 6.853204172876304, 0.1
1342, 9204.0, 7, 6.8533134772896505, 0.1
1343, 9208.0, 4, 6.851190476190476, 0.1
1344, 9211.0, 3, 6.848327137546469, 0.1
1345, 9218.0, 7, 6.8484398216939075, 0.1
1346, 9222.0, 4, 6.846325167037862, 0.1
1347, 9229.0, 7, 6.846439169139466, 0.1
1348, 9237.0, 8, 6.847294292068199, 0.1
1349, 9245.0, 8, 6.848148148148148, 0.1
1350, 9251.0, 6, 6.847520355292376, 0.1
1351, 9259.0, 8, 6.8483727810650885, 0.1
1352, 9266.0, 7, 6.848484848484849, 0.1
1353, 9274.0, 8, 6.849335302806499, 0.1
1354, 9282.0, 8, 6.8501845018450185, 0.1
1355, 9290.0, 8, 6.851032448377581, 0.1
1356, 9298.0, 8, 6.851879145173176, 0.1
1357, 9305.0, 7, 6.851988217967599, 0.1
1358, 9308.0, 3, 6.84915378955114, 0.1
1359, 9315.0, 7, 6.849264705882353, 0.1
1360, 9323.0, 8, 6.850110213078619, 0.1
1361, 9331.0, 8, 6.8509544787077825, 0.1
1362, 9337.0, 6, 6.850330154071901, 0.1
1363, 9344.0, 7, 6.850439882697947, 0.1
1364, 9350.0, 6, 6.8498168498168495, 0.1
1365, 9355.0, 5, 6.848462664714495, 0.1
1366, 9356.0, 1, 6.844184345281638, 0.1
1367, 9362.0, 6, 6.843567251461988, 0.1
1368, 9370.0, 8, 6.8444119795471146, 0.1
1369, 9375.0, 5, 6.843065693430657, 0.1
1370, 9383.0, 8, 6.843909555069293, 0.1
1371, 9385.0, 2, 6.840379008746356, 0.1
1372, 9393.0, 8, 6.84122359796067, 0.1
1373, 9401.0, 8, 6.842066957787482, 0.1
1374, 9407.0, 6, 6.841454545454545, 0.1
1375, 9409.0, 2, 6.837936046511628, 0.1
1376, 9417.0, 8, 6.8387799564270155, 0.1
1377, 9424.0, 7, 6.838896952104499, 0.1
1378, 9430.0, 6, 6.838288614938361, 0.1
1379, 9437.0, 7, 6.83840579710145, 0.1
1380, 9444.0, 7, 6.838522809558291, 0.1
1381, 9450.0, 6, 6.8379160636758325, 0.1
1382, 9457.0, 7, 6.838033261026753, 0.1
1383, 9464.0, 7, 6.838150289017341, 0.1
1384, 9471.0, 7, 6.838267148014441, 0.1
1385, 9478.0, 7, 6.838383838383838, 0.1
1386, 9486.0, 8, 6.8392213410237925, 0.1
1387, 9493.0, 7, 6.839337175792507, 0.1
1388, 9500.0, 7, 6.839452843772499, 0.1
1389, 9508.0, 8, 6.840287769784172, 0.1
1390, 9515.0, 7, 6.84040258806614, 0.1
1391, 9522.0, 7, 6.8405172413793105, 0.1
1392, 9524.0, 2, 6.837042354630294, 0.1
1393, 9530.0, 6, 6.836441893830703, 0.1
1394, 9538.0, 8, 6.837275985663083, 0.1
1395, 9540.0, 2, 6.833810888252149, 0.1
1396, 9540.0, 0, 6.828919112383679, 0.1
1397, 9543.0, 3, 6.82618025751073, 0.1
1398, 9551.0, 8, 6.827019299499643, 0.1
1399, 9559.0, 8, 6.827857142857143, 0.1
1400, 9565.0, 6, 6.827266238401142, 0.1
1401, 9572.0, 7, 6.827389443651926, 0.1
1402, 9580.0, 8, 6.8282252316464715, 0.1
1403, 9588.0, 8, 6.829059829059829, 0.1
1404, 9596.0, 8, 6.829893238434163, 0.1
1405, 9602.0, 6, 6.829302987197724, 0.1
1406, 9610.0, 8, 6.830135039090263, 0.1
1407, 9617.0, 7, 6.830255681818182, 0.1
1408, 9623.0, 6, 6.829666430092264, 0.1
1409, 9625.0, 2, 6.826241134751773, 0.1
1410, 9629.0, 4, 6.824238128986535, 0.1
1411, 9637.0, 8, 6.825070821529745, 0.1
1412, 9645.0, 8, 6.825902335456475, 0.1
1413, 9652.0, 7, 6.826025459688826, 0.1
1414, 9659.0, 7, 6.826148409893993, 0.1
1415, 9665.0, 6, 6.825564971751413, 0.1
1416, 9673.0, 8, 6.826393789696542, 0.1
1417, 9680.0, 7, 6.826516220028209, 0.1
1418, 9681.0, 1, 6.822410147991543, 0.1
1419, 9681.0, 0, 6.817605633802817, 0.1
1420, 9687.0, 6, 6.817030260380014, 0.1
1421, 9693.0, 6, 6.8164556962025316, 0.1
1422, 9698.0, 5, 6.815179198875615, 0.1
1423, 9701.0, 3, 6.8125, 0.1
1424, 9708.0, 7, 6.812631578947369, 0.1
1425, 9715.0, 7, 6.812762973352034, 0.1
1426, 9723.0, 8, 6.813594954449895, 0.1
1427, 9731.0, 8, 6.814425770308123, 0.1
1428, 9739.0, 8, 6.815255423372988, 0.1
1429, 9745.0, 6, 6.814685314685315, 0.1
1430, 9752.0, 7, 6.814814814814815, 0.1
1431, 9760.0, 8, 6.815642458100559, 0.1
1432, 9767.0, 7, 6.815771109560363, 0.1
1433, 9773.0, 6, 6.815202231520223, 0.1
1434, 9781.0, 8, 6.81602787456446, 0.1
1435, 9789.0, 8, 6.816852367688022, 0.1
1436, 9797.0, 8, 6.81767571329158, 0.1
1437, 9804.0, 7, 6.8178025034770515, 0.1
1438, 9807.0, 3, 6.815149409312022, 0.1
1439, 9814.0, 7, 6.815277777777778, 0.1
1440, 9822.0, 8, 6.816099930603747, 0.1
1441, 9829.0, 7, 6.81622746185853, 0.1
1442, 9830.0, 1, 6.812196812196812, 0.1
1443, 9838.0, 8, 6.813019390581718, 0.1
1444, 9839.0, 1, 6.808996539792387, 0.1
1445, 9847.0, 8, 6.809820193637621, 0.1
1446, 9854.0, 7, 6.809951624049758, 0.1
1447, 9861.0, 7, 6.810082872928176, 0.1
1448, 9869.0, 8, 6.810904071773637, 0.1
1449, 9876.0, 7, 6.811034482758621, 0.1
1450, 9884.0, 8, 6.811853893866299, 0.1
1451, 9892.0, 8, 6.81267217630854, 0.1
1452, 9897.0, 5, 6.811424638678596, 0.1
1453, 9904.0, 7, 6.811554332874828, 0.1
1454, 9912.0, 8, 6.812371134020618, 0.1
1455, 9918.0, 6, 6.811813186813187, 0.1
1456, 9924.0, 6, 6.811256005490734, 0.1
1457, 9932.0, 8, 6.812071330589849, 0.1
1458, 9940.0, 8, 6.812885538039753, 0.1
1459, 9945.0, 5, 6.811643835616438, 0.1
1460, 9952.0, 7, 6.811772758384668, 0.1
1461, 9954.0, 2, 6.808481532147743, 0.1
1462, 9959.0, 5, 6.807245386192754, 0.1
1463, 9965.0, 6, 6.8066939890710385, 0.1
1464, 9970.0, 5, 6.805460750853243, 0.1
1465, 9977.0, 7, 6.805593451568895, 0.1
1466, 9984.0, 7, 6.805725971370143, 0.1
1467, 9990.0, 6, 6.805177111716621, 0.1
1468, 9995.0, 5, 6.803948264125255, 0.1
1469, 10001.0, 6, 6.803401360544218, 0.1
1470, 10007.0, 6, 6.802855200543847, 0.1
1471, 10015.0, 8, 6.803668478260869, 0.1
1472, 10016.0, 1, 6.7997284453496265, 0.1
1473, 10023.0, 7, 6.799864314789688, 0.1
1474, 10030.0, 7, 6.8, 0.1
1475, 10030.0, 0, 6.7953929539295395, 0.1
1476, 10033.0, 3, 6.792823290453622, 0.1
1477, 10041.0, 8, 6.793640054127199, 0.1
1478, 10049.0, 8, 6.7944557133198105, 0.1
1479, 10055.0, 6, 6.793918918918919, 0.1
1480, 10060.0, 5, 6.792707629979743, 0.1
1481, 10060.0, 0, 6.7881241565452095, 0.1
1482, 10067.0, 7, 6.788267026298045, 0.1
1483, 10075.0, 8, 6.789083557951482, 0.1
1484, 10081.0, 6, 6.788552188552188, 0.1
1485, 10088.0, 7, 6.788694481830417, 0.1
1486, 10096.0, 8, 6.78950907868191, 0.1
1487, 10103.0, 7, 6.789650537634409, 0.1
1488, 10109.0, 6, 6.789120214909335, 0.1
1489, 10117.0, 8, 6.78993288590604, 0.1
1490, 10124.0, 7, 6.790073775989269, 0.1
1491, 10132.0, 8, 6.79088471849866, 0.1
1492, 10140.0, 8, 6.7916945746818485, 0.1
1493, 10148.0, 8, 6.792503346720214, 0.1
1494, 10156.0, 8, 6.793311036789298, 0.1
1495, 10164.0, 8, 6.794117647058823, 0.1
1496, 10169.0, 5, 6.792919171676687, 0.1
1497, 10177.0, 8, 6.793724966622163, 0.1
1498, 10185.0, 8, 6.794529686457638, 0.1
1499, 10190.0, 5, 6.793333333333333, 0.1
1500, 10195.0, 5, 6.792138574283811, 0.1
1501, 10200.0, 5, 6.790945406125166, 0.1
1502, 10207.0, 7, 6.791084497671324, 0.1
1503, 10215.0, 8, 6.79188829787234, 0.1
1504, 10223.0, 8, 6.7926910299003325, 0.1
1505, 10230.0, 7, 6.792828685258964, 0.1
1506, 10237.0, 7, 6.792966157929661, 0.1
1507, 10244.0, 7, 6.793103448275862, 0.1
1508, 10251.0, 7, 6.79324055666004, 0.1
1509, 10259.0, 8, 6.794039735099338, 0.1
1510, 10267.0, 8, 6.794837855724686, 0.1
1511, 10274.0, 7, 6.794973544973545, 0.1
1512, 10280.0, 6, 6.7944481163251815, 0.1
1513, 10287.0, 7, 6.794583883751652, 0.1
1514, 10294.0, 7, 6.794719471947195, 0.1
1515, 10300.0, 6, 6.794195250659631, 0.1
1516, 10308.0, 8, 6.7949901120632825, 0.1
1517, 10315.0, 7, 6.795125164690382, 0.1
1518, 10323.0, 8, 6.795918367346939, 0.1
1519, 10325.0, 2, 6.792763157894737, 0.1
1520, 10331.0, 6, 6.7922419460881, 0.1
1521, 10339.0, 8, 6.793035479632063, 0.1
1522, 10339.0, 0, 6.788575180564675, 0.1
1523, 10344.0, 5, 6.78740157480315, 0.1
1524, 10351.0, 7, 6.787540983606557, 0.1
1525, 10358.0, 7, 6.787680209698558, 0.1
1526, 10366.0, 8, 6.788474132285527, 0.1
1527, 10367.0, 1, 6.784685863874346, 0.1
1528, 10374.0, 7, 6.7848266841072595, 0.1
1529, 10382.0, 8, 6.78562091503268, 0.1
1530, 10385.0, 3, 6.78314826910516, 0.1
1531, 10393.0, 8, 6.783942558746737, 0.1
1532, 10401.0, 8, 6.784735812133072, 0.1
1533, 10407.0, 6, 6.784224250325945, 0.1
1534, 10409.0, 2, 6.781107491856678, 0.1
1535, 10417.0, 8, 6.781901041666667, 0.1
1536, 10424.0, 7, 6.782042940793754, 0.1
1537, 10431.0, 7, 6.782184655396619, 0.1
1538, 10439.0, 8, 6.782975958414555, 0.1
1539, 10447.0, 8, 6.783766233766234, 0.1
1540, 10455.0, 8, 6.784555483452304, 0.1
1541, 10462.0, 7, 6.784695201037613, 0.1
1542, 10469.0, 7, 6.784834737524303, 0.1
1543, 10477.0, 8, 6.785621761658031, 0.1
1544, 10484.0, 7, 6.7857605177993525, 0.1
1545, 10491.0, 7, 6.785899094437258, 0.1
1546, 10497.0, 6, 6.785391079508726, 0.1
1547, 10503.0, 6, 6.784883720930233, 0.1
1548, 10511.0, 8, 6.785668173014848, 0.1
1549, 10518.0, 7, 6.7858064516129035, 0.1
1550, 10525.0, 7, 6.7859445519019985, 0.1
1551, 10532.0, 7, 6.786082474226804, 0.1
1552, 10540.0, 8, 6.786864133934321, 0.1
1553, 10548.0, 8, 6.787644787644788, 0.1
1554, 10555.0, 7, 6.787781350482315, 0.1
1555, 10563.0, 8, 6.788560411311054, 0.1
1556, 10564.0, 1, 6.784842646114322, 0.1
1557, 10572.0, 8, 6.785622593068036, 0.1
1558, 10578.0, 6, 6.785118665811417, 0.1
1559, 10585.0, 7, 6.785256410256411, 0.1
1560, 10591.0, 6, 6.7847533632287, 0.1
1561, 10598.0, 7, 6.784891165172855, 0.1
1562, 10603.0, 5, 6.783749200255918, 0.1
1563, 10611.0, 8, 6.784526854219949, 0.1
1564, 10619.0, 8, 6.785303514376997, 0.1
1565, 10624.0, 5, 6.784163473818646, 0.1
1566, 10632.0, 8, 6.784939374601149, 0.1
1567, 10640.0, 8, 6.785714285714286, 0.1
1568, 10648.0, 8, 6.786488209050351, 0.1
1569, 10655.0, 7, 6.786624203821656, 0.1
1570, 10662.0, 7, 6.78676002546149, 0.1
1571, 10670.0, 8, 6.787531806615776, 0.1
1572, 10678.0, 8, 6.788302606484424, 0.1
1573, 10684.0, 6, 6.787801778907243, 0.1
1574, 10691.0, 7, 6.787936507936508, 0.1
1575, 10695.0, 4, 6.786167512690355, 0.1
1576, 10702.0, 7, 6.786303107165504, 0.1
1577, 10710.0, 8, 6.787072243346008, 0.1
1578, 10718.0, 8, 6.787840405319822, 0.1
1579, 10725.0, 7, 6.787974683544304, 0.1
1580, 10732.0, 7, 6.788108791903858, 0.1
1581, 10737.0, 5, 6.786978508217446, 0.1
1582, 10744.0, 7, 6.787113076437144, 0.1
1583, 10751.0, 7, 6.787247474747475, 0.1
1584, 10759.0, 8, 6.78801261829653, 0.1
1585, 10759.0, 0, 6.783732660781841, 0.1
1586, 10766.0, 7, 6.783868935097669, 0.1
1587, 10772.0, 6, 6.783375314861461, 0.1
1588, 10777.0, 5, 6.782252989301448, 0.1
1589, 10784.0, 7, 6.7823899371069185, 0.1
1590, 10788.0, 4, 6.780641106222501, 0.1
1591, 10796.0, 8, 6.78140703517588, 0.1
1592, 10802.0, 6, 6.780916509730069, 0.1
1593, 10805.0, 3, 6.7785445420326225, 0.1
1594, 10806.0, 1, 6.774921630094044, 0.1
1595, 10813.0, 7, 6.775062656641604, 0.1
1596, 10818.0, 5, 6.773951158422041, 0.1
1597, 10824.0, 6, 6.773466833541927, 0.1
1598, 10832.0, 8, 6.774233896185116, 0.1
1599, 10840.0, 8, 6.775, 0.1
1600, 10848.0, 8, 6.77576514678326, 0.1
1601, 10855.0, 7, 6.775905118601748, 0.1
1602, 10862.0, 7, 6.776044915782907, 0.1
1603, 10869.0, 7, 6.776184538653367, 0.1
1604, 10877.0, 8, 6.776947040498443, 0.1
1605, 10884.0, 7, 6.77708592777086, 0.1
1606, 10891.0, 7, 6.777224642190417, 0.1
1607, 10899.0, 8, 6.777985074626866, 0.1
1608, 10904.0, 5, 6.776880049720323, 0.1
1609, 10911.0, 7, 6.777018633540373, 0.1
1610, 10919.0, 8, 6.777777777777778, 0.1
1611, 10926.0, 7, 6.777915632754342, 0.1
1612, 10931.0, 5, 6.776813391196528, 0.1
1613, 10935.0, 4, 6.775092936802974, 0.1
1614, 10943.0, 8, 6.775851393188854, 0.1
1615, 10951.0, 8, 6.776608910891089, 0.1
1616, 10956.0, 5, 6.775510204081633, 0.1
1617, 10964.0, 8, 6.776266996291718, 0.1
1618, 10970.0, 6, 6.775787523162446, 0.1
1619, 10978.0, 8, 6.776543209876543, 0.1
1620, 10978.0, 0, 6.772362739049969, 0.1
1621, 10979.0, 1, 6.768803945745993, 0.1
1622, 10979.0, 0, 6.764633394947628, 0.1
1623, 10986.0, 7, 6.764778325123153, 0.1
1624, 10994.0, 8, 6.765538461538462, 0.1
1625, 10994.0, 0, 6.761377613776138, 0.1
1626, 11001.0, 7, 6.761524277811924, 0.1
1627, 11002.0, 1, 6.757985257985258, 0.1
1628, 11009.0, 7, 6.758133824432167, 0.1
1629, 11017.0, 8, 6.758895705521472, 0.1
1630, 11024.0, 7, 6.7590435315757205, 0.1
1631, 11031.0, 7, 6.759191176470588, 0.1
1632, 11038.0, 7, 6.759338640538886, 0.1
1633, 11044.0, 6, 6.758873929008568, 0.1
1634, 11052.0, 8, 6.759633027522936, 0.1
1635, 11060.0, 8, 6.76039119804401, 0.1
1636, 11067.0, 7, 6.760537568723274, 0.1
1637, 11075.0, 8, 6.761294261294261, 0.1
1638, 11083.0, 8, 6.762050030506407, 0.1
1639, 11090.0, 7, 6.762195121951219, 0.1
1640, 11098.0, 8, 6.762949421084705, 0.1
1641, 11105.0, 7, 6.763093788063338, 0.1
1642, 11111.0, 6, 6.762629336579428, 0.1
1643, 11119.0, 8, 6.76338199513382, 0.1
1644, 11124.0, 5, 6.7623100303951365, 0.1
1645, 11131.0, 7, 6.762454434993924, 0.1
1646, 11135.0, 4, 6.7607771706132365, 0.1
1647, 11143.0, 8, 6.761529126213592, 0.1
1648, 11151.0, 8, 6.762280169799879, 0.1
1649, 11158.0, 7, 6.762424242424243, 0.1
1650, 11166.0, 8, 6.763173834039976, 0.1
1651, 11174.0, 8, 6.763922518159807, 0.1
1652, 11180.0, 6, 6.76346037507562, 0.1
1653, 11188.0, 8, 6.764207980652962, 0.1
1654, 11189.0, 1, 6.7607250755287005, 0.1
1655, 11196.0, 7, 6.760869565217392, 0.1
1656, 11204.0, 8, 6.761617380808691, 0.1
1657, 11212.0, 8, 6.762364294330519, 0.1
1658, 11220.0, 8, 6.763110307414105, 0.1
1659, 11227.0, 7, 6.763253012048192, 0.1
1660, 11235.0, 8, 6.763997591812162, 0.1
1661, 11243.0, 8, 6.7647412755716, 0.1
1662, 11250.0, 7, 6.764882742032471, 0.1
1663, 11255.0, 5, 6.763822115384615, 0.1
1664, 11262.0, 7, 6.763963963963964, 0.1
1665, 11268.0, 6, 6.763505402160864, 0.1
1666, 11275.0, 7, 6.763647270545891, 0.1
1667, 11279.0, 4, 6.761990407673861, 0.1
1668, 11286.0, 7, 6.762133013780707, 0.1
1669, 11294.0, 8, 6.762874251497006, 0.1
1670, 11301.0, 7, 6.763016157989228, 0.1
1671, 11309.0, 8, 6.763755980861244, 0.1
1672, 11315.0, 6, 6.763299462044232, 0.1
1673, 11323.0, 8, 6.764038231780167, 0.1
1674, 11330.0, 7, 6.764179104477612, 0.1
1675, 11331.0, 1, 6.7607398568019095, 0.1
1676, 11339.0, 8, 6.761478831246273, 0.1
1677, 11341.0, 2, 6.758641239570918, 0.1
1678, 11349.0, 8, 6.7593805836807626, 0.1
1679, 11357.0, 8, 6.760119047619048, 0.1
1680, 11365.0, 8, 6.760856632956574, 0.1
1681, 11372.0, 7, 6.760998810939358, 0.1
1682, 11380.0, 8, 6.761734997029115, 0.1
1683, 11387.0, 7, 6.76187648456057, 0.1
1684, 11392.0, 5, 6.760830860534124, 0.1
1685, 11395.0, 3, 6.758600237247924, 0.1
1686, 11395.0, 0, 6.754593953764078, 0.1
1687, 11403.0, 8, 6.755331753554502, 0.1
1688, 11411.0, 8, 6.756068679692126, 0.1
1689, 11417.0, 6, 6.755621301775148, 0.1
1690, 11424.0, 7, 6.755765819041987, 0.1
1691, 11429.0, 5, 6.754728132387707, 0.1
1692, 11436.0, 7, 6.754873006497342, 0.1
1693, 11443.0, 7, 6.755017709563164, 0.1
1694, 11448.0, 5, 6.753982300884956, 0.1
1695, 11448.0, 0, 6.75, 0.1
1696, 11454.0, 6, 6.749558043606364, 0.1
1697, 11461.0, 7, 6.749705535924617, 0.1
1698, 11468.0, 7, 6.749852854620365, 0.1
1699, 11476.0, 8, 6.750588235294118, 0.1
1700, 11483.0, 7, 6.750734861845973, 0.1
1701, 11490.0, 7, 6.750881316098708, 0.1
1702, 11497.0, 7, 6.751027598355843, 0.1
1703, 11497.0, 0, 6.747065727699531, 0.1
1704, 11503.0, 6, 6.746627565982405, 0.1
1705, 11510.0, 7, 6.746776084407972, 0.1
1706, 11516.0, 6, 6.746338605741066, 0.1
1707, 11523.0, 7, 6.746487119437939, 0.1
1708, 11530.0, 7, 6.746635459332944, 0.1
1709, 11537.0, 7, 6.746783625730994, 0.1
1710, 11545.0, 8, 6.747516072472238, 0.1
1711, 11552.0, 7, 6.747663551401869, 0.1
1712, 11559.0, 7, 6.747810858143608, 0.1
1713, 11566.0, 7, 6.747957992998833, 0.1
1714, 11572.0, 6, 6.747521865889213, 0.1
1715, 11578.0, 6, 6.747086247086247, 0.1
1716, 11580.0, 2, 6.744321490972626, 0.1
1717, 11584.0, 4, 6.742724097788126, 0.1
1718, 11584.0, 0, 6.7388016288539845, 0.1
1719, 11588.0, 4, 6.7372093023255815, 0.1
1720, 11596.0, 8, 6.73794305636258, 0.1
1721, 11603.0, 7, 6.738095238095238, 0.1
1722, 11610.0, 7, 6.738247243180499, 0.1
1723, 11617.0, 7, 6.7383990719257545, 0.1
1724, 11624.0, 7, 6.7385507246376815, 0.1
1725, 11631.0, 7, 6.738702201622248, 0.1
1726, 11634.0, 3, 6.736537348002316, 0.1
1727, 11640.0, 6, 6.736111111111111, 0.1
1728, 11648.0, 8, 6.7368421052631575, 0.1
1729, 11656.0, 8, 6.7375722543352605, 0.1
1730, 11664.0, 8, 6.738301559792028, 0.1
1731, 11670.0, 6, 6.737875288683603, 0.1
1732, 11677.0, 7, 6.73802654356607, 0.1
1733, 11684.0, 7, 6.738177623990773, 0.1
1734, 11692.0, 8, 6.738904899135447, 0.1
1735, 11696.0, 4, 6.7373271889400925, 0.1
1736, 11704.0, 8, 6.738054116292458, 0.1
1737, 11711.0, 7, 6.738204833141542, 0.1
1738, 11711.0, 0, 6.734330074755607, 0.1
1739, 11714.0, 3, 6.732183908045977, 0.1
1740, 11720.0, 6, 6.731763354394026, 0.1
1741, 11723.0, 3, 6.729621125143513, 0.1
1742, 11731.0, 8, 6.730349971313827, 0.1
1743, 11732.0, 1, 6.727064220183486, 0.1
1744, 11733.0, 1, 6.72378223495702, 0.1
1745, 11740.0, 7, 6.723940435280642, 0.1
1746, 11748.0, 8, 6.724670864338867, 0.1
1747, 11755.0, 7, 6.724828375286041, 0.1
1748, 11763.0, 8, 6.725557461406518, 0.1
1749, 11771.0, 8, 6.726285714285714, 0.1
1750, 11779.0, 8, 6.7270131353512275, 0.1
1751, 11787.0, 8, 6.727739726027397, 0.1
1752, 11795.0, 8, 6.728465487735311, 0.1
1753, 11803.0, 8, 6.729190421892817, 0.1
1754, 11811.0, 8, 6.72991452991453, 0.1
1755, 11818.0, 7, 6.730068337129841, 0.1
1756, 11825.0, 7, 6.730221969265794, 0.1
1757, 11832.0, 7, 6.73037542662116, 0.1
1758, 11839.0, 7, 6.73052870949403, 0.1
1759, 11842.0, 3, 6.728409090909091, 0.1
1760, 11849.0, 7, 6.728563316297558, 0.1
1761, 11857.0, 8, 6.729284903518729, 0.1
1762, 11858.0, 1, 6.726035167328417, 0.1
1763, 11866.0, 8, 6.726757369614512, 0.1
1764, 11873.0, 7, 6.726912181303116, 0.1
1765, 11881.0, 8, 6.727633069082673, 0.1
1766, 11888.0, 7, 6.727787209960385, 0.1
1767, 11894.0, 6, 6.72737556561086, 0.1
1768, 11902.0, 8, 6.728094968908988, 0.1
1769, 11909.0, 7, 6.728248587570621, 0.1
1770, 11917.0, 8, 6.728966685488425, 0.1
1771, 11925.0, 8, 6.729683972911964, 0.1
1772, 11933.0, 8, 6.730400451212634, 0.1
1773, 11940.0, 7, 6.7305524239007894, 0.1
1774, 11942.0, 2, 6.727887323943662, 0.1
1775, 11949.0, 7, 6.72804054054054, 0.1
1776, 11957.0, 8, 6.728756330894766, 0.1
1777, 11960.0, 3, 6.7266591676040495, 0.1
1778, 11966.0, 6, 6.726250702641933, 0.1
1779, 11972.0, 6, 6.725842696629213, 0.1
1780, 11979.0, 7, 6.725996631106121, 0.1
1781, 11986.0, 7, 6.726150392817059, 0.1
1782, 11993.0, 7, 6.72630398205272, 0.1
1783, 12001.0, 8, 6.727017937219731, 0.1
1784, 12007.0, 6, 6.726610644257703, 0.1
1785, 12014.0, 7, 6.726763717805151, 0.1
1786, 12021.0, 7, 6.726916620033576, 0.1
1787, 12027.0, 6, 6.726510067114094, 0.1
1788, 12031.0, 4, 6.724986025712688, 0.1
1789, 12038.0, 7, 6.72513966480447, 0.1
1790, 12045.0, 7, 6.725293132328308, 0.1
1791, 12053.0, 8, 6.726004464285714, 0.1
1792, 12058.0, 5, 6.725041829336308, 0.1
1793, 12065.0, 7, 6.725195094760312, 0.1
1794, 12073.0, 8, 6.7259052924791085, 0.1
1795, 12081.0, 8, 6.726614699331849, 0.1
1796, 12088.0, 7, 6.726766833611575, 0.1
1797, 12096.0, 8, 6.727474972191324, 0.1
1798, 12104.0, 8, 6.728182323513063, 0.1
1799, 12109.0, 5, 6.727222222222222, 0.1
1800, 12115.0, 6, 6.726818434203221, 0.1
1801, 12123.0, 8, 6.727524972253052, 0.1
1802, 12130.0, 7, 6.7276760953965615, 0.1
1803, 12137.0, 7, 6.727827050997782, 0.1
1804, 12145.0, 8, 6.728531855955679, 0.1
1805, 12153.0, 8, 6.729235880398671, 0.1
1806, 12161.0, 8, 6.729939125622579, 0.1
1807, 12167.0, 6, 6.729535398230088, 0.1
1808, 12174.0, 7, 6.729684908789387, 0.1
1809, 12181.0, 7, 6.729834254143646, 0.1
1810, 12189.0, 8, 6.730535615681943, 0.1
1811, 12197.0, 8, 6.731236203090508, 0.1
1812, 12197.0, 0, 6.727523441809156, 0.1
1813, 12205.0, 8, 6.728224917309813, 0.1
1814, 12213.0, 8, 6.728925619834711, 0.1
1815, 12221.0, 8, 6.729625550660793, 0.1
1816, 12228.0, 7, 6.729774353329664, 0.1
1817, 12232.0, 4, 6.728272827282728, 0.1
1818, 12237.0, 5, 6.727322704782848, 0.1
1819, 12244.0, 7, 6.7274725274725276, 0.1
1820, 12252.0, 8, 6.728171334431631, 0.1
1821, 12255.0, 3, 6.726125137211855, 0.1
1822, 12260.0, 5, 6.725178277564455, 0.1
1823, 12267.0, 7, 6.725328947368421, 0.1
1824, 12274.0, 7, 6.7254794520547945, 0.1
1825, 12281.0, 7, 6.725629791894852, 0.1
1826, 12288.0, 7, 6.725779967159277, 0.1
1827, 12295.0, 7, 6.725929978118162, 0.1
1828, 12302.0, 7, 6.726079825041006, 0.1
1829, 12310.0, 8, 6.726775956284153, 0.1
1830, 12317.0, 7, 6.726925177498635, 0.1
1831, 12325.0, 8, 6.727620087336245, 0.1
1832, 12329.0, 4, 6.7261320240043645, 0.1
1833, 12337.0, 8, 6.726826608505998, 0.1
1834, 12345.0, 8, 6.727520435967302, 0.1
1835, 12351.0, 6, 6.727124183006536, 0.1
1836, 12358.0, 7, 6.7272727272727275, 0.1
1837, 12366.0, 8, 6.727965179542982, 0.1
1838, 12373.0, 7, 6.728113104948341, 0.1
1839, 12380.0, 7, 6.728260869565218, 0.1
1840, 12380.0, 0, 6.7246061922868, 0.1
1841, 12384.0, 4, 6.723127035830619, 0.1
1842, 12392.0, 8, 6.723819858925665, 0.1
1843, 12399.0, 7, 6.723969631236442, 0.1
1844, 12406.0, 7, 6.724119241192412, 0.1
1845, 12412.0, 6, 6.723726977248104, 0.1
1846, 12419.0, 7, 6.723876556578235, 0.1
1847, 12427.0, 8, 6.7245670995671, 0.1
1848, 12435.0, 8, 6.725256895619253, 0.1
1849, 12442.0, 7, 6.7254054054054055, 0.1
1850, 12443.0, 1, 6.722312263641275, 0.1
1851, 12450.0, 7, 6.722462203023758, 0.1
1852, 12455.0, 5, 6.72153264975715, 0.1
1853, 12463.0, 8, 6.722222222222222, 0.1
1854, 12469.0, 6, 6.721832884097035, 0.1
1855, 12476.0, 7, 6.7219827586206895, 0.1
1856, 12483.0, 7, 6.722132471728594, 0.1
1857, 12490.0, 7, 6.722282023681378, 0.1
1858, 12498.0, 8, 6.722969338353954, 0.1
1859, 12504.0, 6, 6.72258064516129, 0.1
1860, 12512.0, 8, 6.723267060720043, 0.1
1861, 12519.0, 7, 6.723415682062298, 0.1
1862, 12525.0, 6, 6.723027375201288, 0.1
1863, 12531.0, 6, 6.722639484978541, 0.1
1864, 12538.0, 7, 6.7227882037533515, 0.1
1865, 12543.0, 5, 6.721864951768489, 0.1
1866, 12549.0, 6, 6.721478307445099, 0.1
1867, 12556.0, 7, 6.721627408993576, 0.1
1868, 12562.0, 6, 6.7212413055109685, 0.1
1869, 12569.0, 7, 6.721390374331551, 0.1
1870, 12577.0, 8, 6.722073757349011, 0.1
1871, 12582.0, 5, 6.721153846153846, 0.1
1872, 12590.0, 8, 6.721836625734117, 0.1
1873, 12598.0, 8, 6.722518676627534, 0.1
1874, 12604.0, 6, 6.722133333333334, 0.1
1875, 12611.0, 7, 6.72228144989339, 0.1
1876, 12619.0, 8, 6.722962173681407, 0.1
1877, 12626.0, 7, 6.7231096911608095, 0.1
1878, 12632.0, 6, 6.722724853645556, 0.1
1879, 12638.0, 6, 6.722340425531915, 0.1
1880, 12644.0, 6, 6.721956406166933, 0.1
1881, 12650.0, 6, 6.721572794899044, 0.1
1882, 12657.0, 7, 6.721720658523632, 0.1
1883, 12661.0, 4, 6.720276008492569, 0.1
1884, 12668.0, 7, 6.720424403183024, 0.1
1885, 12669.0, 1, 6.717391304347826, 0.1
1886, 12677.0, 8, 6.718071012188659, 0.1
1887, 12684.0, 7, 6.718220338983051, 0.1
1888, 12691.0, 7, 6.7183695076760195, 0.1
1889, 12696.0, 5, 6.717460317460318, 0.1
1890, 12702.0, 6, 6.7170809095716555, 0.1
1891, 12710.0, 8, 6.717758985200845, 0.1
1892, 12717.0, 7, 6.717908082408875, 0.1
1893, 12725.0, 8, 6.718585005279831, 0.1
1894, 12733.0, 8, 6.7192612137203165, 0.1
1895, 12738.0, 5, 6.718354430379747, 0.1
1896, 12744.0, 6, 6.717975751186083, 0.1
1897, 12752.0, 8, 6.718651211801896, 0.1
1898, 12760.0, 8, 6.719325961032122, 0.1
1899, 12767.0, 7, 6.719473684210526, 0.1
1900, 12772.0, 5, 6.718569174118885, 0.1
1901, 12779.0, 7, 6.718717139852787, 0.1
1902, 12786.0, 7, 6.718864950078823, 0.1
1903, 12794.0, 8, 6.71953781512605, 0.1
1904, 12802.0, 8, 6.720209973753281, 0.1
1905, 12808.0, 6, 6.719832109129066, 0.1
1906, 12816.0, 8, 6.720503408495018, 0.1
1907, 12824.0, 8, 6.721174004192872, 0.1
1908, 12831.0, 7, 6.721320062860136, 0.1
1909, 12837.0, 6, 6.720942408376963, 0.1
1910, 12843.0, 6, 6.720565149136577, 0.1
1911, 12850.0, 7, 6.72071129707113, 0.1
1912, 12856.0, 6, 6.720334553058024, 0.1
1913, 12861.0, 5, 6.719435736677116, 0.1
1914, 12866.0, 5, 6.718537859007833, 0.1
1915, 12874.0, 8, 6.719206680584551, 0.1
1916, 12877.0, 3, 6.7172665623369845, 0.1
1917, 12884.0, 7, 6.7174139728884255, 0.1
1918, 12889.0, 5, 6.716519020323085, 0.1
1919, 12897.0, 8, 6.7171875, 0.1
1920, 12902.0, 5, 6.716293597084852, 0.1
1921, 12910.0, 8, 6.716961498439126, 0.1
1922, 12917.0, 7, 6.717108684347374, 0.1
1923, 12923.0, 6, 6.716735966735967, 0.1
1924, 12929.0, 6, 6.716363636363637, 0.1
1925, 12936.0, 7, 6.716510903426792, 0.1
1926, 12942.0, 6, 6.71613907628438, 0.1
1927, 12950.0, 8, 6.716804979253112, 0.1
1928, 12957.0, 7, 6.716951788491446, 0.1
1929, 12962.0, 5, 6.716062176165803, 0.1
1930, 12970.0, 8, 6.716727084412222, 0.1
1931, 12978.0, 8, 6.717391304347826, 0.1
1932, 12986.0, 8, 6.718054837040869, 0.1
1933, 12994.0, 8, 6.718717683557394, 0.1
1934, 13001.0, 7, 6.718863049095607, 0.1
1935, 13005.0, 4, 6.717458677685951, 0.1
1936, 13012.0, 7, 6.717604543107899, 0.1
1937, 13012.0, 0, 6.7141382868937045, 0.1
1938, 13014.0, 2, 6.711707065497679, 0.1
1939, 13021.0, 7, 6.711855670103093, 0.1
1940, 13025.0, 4, 6.710458526532715, 0.1
1941, 13031.0, 6, 6.710092687950566, 0.1
1942, 13038.0, 7, 6.710241893978384, 0.1
1943, 13044.0, 6, 6.709876543209877, 0.1
1944, 13051.0, 7, 6.710025706940874, 0.1
1945, 13055.0, 4, 6.7086330935251794, 0.1
1946, 13063.0, 8, 6.70929635336415, 0.1
1947, 13070.0, 7, 6.709445585215605, 0.1
1948, 13078.0, 8, 6.710107747562852, 0.1
1949, 13085.0, 7, 6.71025641025641, 0.1
1950, 13092.0, 7, 6.710404920553562, 0.1
1951, 13098.0, 6, 6.710040983606557, 0.1
1952, 13106.0, 8, 6.710701484895034, 0.1
1953, 13113.0, 7, 6.710849539406346, 0.1
1954, 13120.0, 7, 6.710997442455243, 0.1
1955, 13126.0, 6, 6.710633946830266, 0.1
1956, 13134.0, 8, 6.711292795094533, 0.1
1957, 13141.0, 7, 6.71144024514811, 0.1
1958, 13144.0, 3, 6.709545686574783, 0.1
1959, 13152.0, 8, 6.710204081632653, 0.1
1960, 13159.0, 7, 6.7103518612952575, 0.1
1961, 13163.0, 4, 6.708970438328237, 0.1
1962, 13171.0, 8, 6.709628120224147, 0.1
1963, 13178.0, 7, 6.709775967413442, 0.1
1964, 13182.0, 4, 6.708396946564886, 0.1
1965, 13187.0, 5, 6.707527975584944, 0.1
1966, 13191.0, 4, 6.706151499745806, 0.1
1967, 13199.0, 8, 6.706808943089431, 0.1
1968, 13207.0, 8, 6.707465718638903, 0.1
1969, 13215.0, 8, 6.708121827411167, 0.1
1970, 13223.0, 8, 6.708777270421106, 0.1
1971, 13224.0, 1, 6.705882352941177, 0.1
1972, 13231.0, 7, 6.706031424227065, 0.1
1973, 13237.0, 6, 6.705673758865248, 0.1
1974, 13244.0, 7, 6.705822784810127, 0.1
1975, 13251.0, 7, 6.705971659919029, 0.1
1976, 13252.0, 1, 6.703085483055134, 0.1
1977, 13259.0, 7, 6.703235591506572, 0.1
1978, 13267.0, 8, 6.70389085396665, 0.1
1979, 13273.0, 6, 6.7035353535353535, 0.1
1980, 13281.0, 8, 6.704189803129733, 0.1
1981, 13288.0, 7, 6.704339051463169, 0.1
1982, 13296.0, 8, 6.704992435703479, 0.1
1983, 13300.0, 4, 6.703629032258065, 0.1
1984, 13307.0, 7, 6.703778337531486, 0.1
1985, 13314.0, 7, 6.7039274924471295, 0.1
1986, 13321.0, 7, 6.704076497232008, 0.1
1987, 13329.0, 8, 6.704728370221328, 0.1
1988, 13337.0, 8, 6.705379587732529, 0.1
1989, 13345.0, 8, 6.706030150753769, 0.1
1990, 13353.0, 8, 6.70668006027122, 0.1
1991, 13361.0, 8, 6.707329317269076, 0.1
1992, 13369.0, 8, 6.707977922729554, 0.1
1993, 13374.0, 5, 6.707121364092277, 0.1
1994, 13380.0, 6, 6.706766917293233, 0.1
1995, 13387.0, 7, 6.706913827655311, 0.1
1996, 13395.0, 8, 6.70756134201302, 0.1
1997, 13403.0, 8, 6.708208208208208, 0.1
1998, 13410.0, 7, 6.708354177088545, 0.1
1999, 13418.0, 8, 6.709, 0.1
