0, 8.0, 8, 8.0, 0.1
1, 16.0, 8, 8.0, 0.1
2, 24.0, 8, 8.0, 0.1
3, 32.0, 8, 8.0, 0.1
4, 40.0, 8, 8.0, 0.1
5, 48.0, 8, 8.0, 0.1
6, 56.0, 8, 8.0, 0.1
7, 64.0, 8, 8.0, 0.1
8, 72.0, 8, 8.0, 0.1
9, 80.0, 8, 8.0, 0.1
10, 88.0, 8, 8.0, 0.1
11, 96.0, 8, 8.0, 0.1
12, 104.0, 8, 8.0, 0.1
13, 112.0, 8, 8.0, 0.1
14, 120.0, 8, 8.0, 0.1
15, 128.0, 8, 8.0, 0.1
16, 136.0, 8, 8.0, 0.1
17, 144.0, 8, 8.0, 0.1
18, 152.0, 8, 8.0, 0.1
19, 160.0, 8, 8.0, 0.1
20, 168.0, 8, 8.0, 0.1
21, 176.0, 8, 8.0, 0.1
22, 184.0, 8, 8.0, 0.1
23, 192.0, 8, 8.0, 0.1
24, 200.0, 8, 8.0, 0.1
25, 208.0, 8, 8.0, 0.1
26, 216.0, 8, 8.0, 0.1
27, 224.0, 8, 8.0, 0.1
28, 232.0, 8, 8.0, 0.1
29, 240.0, 8, 8.0, 0.1
30, 248.0, 8, 8.0, 0.1
31, 256.0, 8, 8.0, 0.1
32, 264.0, 8, 8.0, 0.1
33, 272.0, 8, 8.0, 0.1
34, 280.0, 8, 8.0, 0.1
35, 288.0, 8, 8.0, 0.1
36, 296.0, 8, 8.0, 0.1
37, 304.0, 8, 8.0, 0.1
38, 312.0, 8, 8.0, 0.1
39, 320.0, 8, 8.0, 0.1
40, 328.0, 8, 8.0, 0.1
41, 336.0, 8, 8.0, 0.1
42, 344.0, 8, 8.0, 0.1
43, 352.0, 8, 8.0, 0.1
44, 360.0, 8, 8.0, 0.1
45, 368.0, 8, 8.0, 0.1
46, 376.0, 8, 8.0, 0.1
47, 384.0, 8, 8.0, 0.1
48, 392.0, 8, 8.0, 0.1
49, 400.0, 8, 8.0, 0.1
50, 408.0, 8, 8.0, 0.1
51, 416.0, 8, 8.0, 0.1
52, 424.0, 8, 8.0, 0.1
53, 432.0, 8, 8.0, 0.1
54, 440.0, 8, 8.0, 0.1
55, 448.0, 8, 8.0, 0.1
56, 456.0, 8, 8.0, 0.1
57, 464.0, 8, 8.0, 0.1
58, 472.0, 8, 8.0, 0.1
59, 480.0, 8, 8.0, 0.1
60, 488.0, 8, 8.0, 0.1
61, 496.0, 8, 8.0, 0.1
62, 504.0, 8, 8.0, 0.1
63, 512.0, 8, 8.0, 0.1
64, 520.0, 8, 8.0, 0.1
65, 528.0, 8, 8.0, 0.1
66, 536.0, 8, 8.0, 0.1
67, 544.0, 8, 8.0, 0.1
68, 552.0, 8, 8.0, 0.1
69, 560.0, 8, 8.0, 0.1
70, 568.0, 8, 8.0, 0.1
71, 576.0, 8, 8.0, 0.1
72, 584.0, 8, 8.0, 0.1
73, 592.0, 8, 8.0, 0.1
74, 600.0, 8, 8.0, 0.1
75, 608.0, 8, 8.0, 0.1
76, 616.0, 8, 8.0, 0.1
77, 624.0, 8, 8.0, 0.1
78, 632.0, 8, 8.0, 0.1
79, 640.0, 8, 8.0, 0.1
80, 648.0, 8, 8.0, 0.1
81, 656.0, 8, 8.0, 0.1
82, 664.0, 8, 8.0, 0.1
83, 672.0, 8, 8.0, 0.1
84, 680.0, 8, 8.0, 0.1
85, 688.0, 8, 8.0, 0.1
86, 696.0, 8, 8.0, 0.1
87, 704.0, 8, 8.0, 0.1
88, 712.0, 8, 8.0, 0.1
89, 720.0, 8, 8.0, 0.1
90, 728.0, 8, 8.0, 0.1
91, 736.0, 8, 8.0, 0.1
92, 744.0, 8, 8.0, 0.1
93, 752.0, 8, 8.0, 0.1
94, 760.0, 8, 8.0, 0.1
95, 768.0, 8, 8.0, 0.1
96, 776.0, 8, 8.0, 0.1
97, 784.0, 8, 8.0, 0.1
98, 792.0, 8, 8.0, 0.1
99, 800.0, 8, 8.0, 0.1
100, 808.0, 8, 8.0, 0.1
101, 816.0, 8, 8.0, 0.1
102, 824.0, 8, 8.0, 0.1
103, 832.0, 8, 8.0, 0.1
104, 840.0, 8, 8.0, 0.1
105, 848.0, 8, 8.0, 0.1
106, 856.0, 8, 8.0, 0.1
107, 864.0, 8, 8.0, 0.1
108, 872.0, 8, 8.0, 0.1
109, 880.0, 8, 8.0, 0.1
110, 888.0, 8, 8.0, 0.1
111, 896.0, 8, 8.0, 0.1
112, 904.0, 8, 8.0, 0.1
113, 912.0, 8, 8.0, 0.1
114, 919.0, 7, 7.991304347826087, 0.1
115, 926.0, 7, 7.982758620689655, 0.1
116, 933.0, 7, 7.9743589743589745, 0.1
117, 939.0, 6, 7.9576271186440675, 0.1
118, 947.0, 8, 7.957983193277311, 0.1
119, 953.0, 6, 7.941666666666666, 0.1
120, 961.0, 8, 7.9421487603305785, 0.1
121, 968.0, 7, 7.934426229508197, 0.1
122, 976.0, 8, 7.934959349593496, 0.1
123, 983.0, 7, 7.92741935483871, 0.1
124, 990.0, 7, 7.92, 0.1
125, 998.0, 8, 7.920634920634921, 0.1
126, 1006.0, 8, 7.921259842519685, 0.1
127, 1013.0, 7, 7.9140625, 0.1
128, 1020.0, 7, 7.906976744186046, 0.1
129, 1028.0, 8, 7.907692307692308, 0.1
130, 1034.0, 6, 7.893129770992366, 0.1
131, 1041.0, 7, 7.886363636363637, 0.1
132, 1049.0, 8, 7.887218045112782, 0.1
133, 1057.0, 8, 7.888059701492537, 0.1
134, 1065.0, 8, 7.888888888888889, 0.1
135, 1073.0, 8, 7.889705882352941, 0.1
136, 1080.0, 7, 7.883211678832117, 0.1
137, 1083.0, 3, 7.8478260869565215, 0.1
138, 1086.0, 3, 7.81294964028777, 0.1
139, 1093.0, 7, 7.807142857142857, 0.1
140, 1100.0, 7, 7.801418439716312, 0.1
141, 1108.0, 8, 7.802816901408451, 0.1
142, 1116.0, 8, 7.804195804195804, 0.1
143, 1123.0, 7, 7.798611111111111, 0.1
144, 1131.0, 8, 7.8, 0.1
145, 1137.0, 6, 7.787671232876712, 0.1
146, 1143.0, 6, 7.775510204081633, 0.1
147, 1150.0, 7, 7.77027027027027, 0.1
148, 1156.0, 6, 7.758389261744966, 0.1
149, 1164.0, 8, 7.76, 0.1
150, 1170.0, 6, 7.748344370860927, 0.1
151, 1177.0, 7, 7.743421052631579, 0.1
152, 1184.0, 7, 7.738562091503268, 0.1
153, 1190.0, 6, 7.7272727272727275, 0.1
154, 1198.0, 8, 7.7290322580645165, 0.1
155, 1206.0, 8, 7.730769230769231, 0.1
156, 1214.0, 8, 7.732484076433121, 0.1
157, 1222.0, 8, 7.734177215189874, 0.1
158, 1228.0, 6, 7.723270440251572, 0.1
159, 1236.0, 8, 7.725, 0.1
160, 1244.0, 8, 7.726708074534161, 0.1
161, 1252.0, 8, 7.728395061728395, 0.1
162, 1260.0, 8, 7.730061349693251, 0.1
163, 1267.0, 7, 7.725609756097561, 0.1
164, 1273.0, 6, 7.715151515151515, 0.1
165, 1281.0, 8, 7.716867469879518, 0.1
166, 1288.0, 7, 7.712574850299402, 0.1
167, 1294.0, 6, 7.7023809523809526, 0.1
168, 1302.0, 8, 7.704142011834319, 0.1
169, 1309.0, 7, 7.7, 0.1
170, 1315.0, 6, 7.690058479532164, 0.1
171, 1321.0, 6, 7.680232558139535, 0.1
172, 1328.0, 7, 7.676300578034682, 0.1
173, 1336.0, 8, 7.67816091954023, 0.1
174, 1343.0, 7, 7.674285714285714, 0.1
175, 1350.0, 7, 7.670454545454546, 0.1
176, 1357.0, 7, 7.666666666666667, 0.1
177, 1362.0, 5, 7.651685393258427, 0.1
178, 1369.0, 7, 7.648044692737431, 0.1
179, 1372.0, 3, 7.622222222222222, 0.1
180, 1379.0, 7, 7.6187845303867405, 0.1
181, 1385.0, 6, 7.6098901098901095, 0.1
182, 1389.0, 4, 7.590163934426229, 0.1
183, 1395.0, 6, 7.581521739130435, 0.1
184, 1401.0, 6, 7.572972972972973, 0.1
185, 1404.0, 3, 7.548387096774194, 0.1
186, 1412.0, 8, 7.550802139037433, 0.1
187, 1420.0, 8, 7.553191489361702, 0.1
188, 1427.0, 7, 7.550264550264551, 0.1
189, 1435.0, 8, 7.552631578947368, 0.1
190, 1443.0, 8, 7.554973821989528, 0.1
191, 1450.0, 7, 7.552083333333333, 0.1
192, 1457.0, 7, 7.549222797927461, 0.1
193, 1464.0, 7, 7.546391752577319, 0.1
194, 1471.0, 7, 7.543589743589743, 0.1
195, 1479.0, 8, 7.545918367346939, 0.1
196, 1487.0, 8, 7.548223350253807, 0.1
197, 1494.0, 7, 7.545454545454546, 0.1
198, 1502.0, 8, 7.547738693467337, 0.1
199, 1510.0, 8, 7.55, 0.1
200, 1517.0, 7, 7.54726368159204, 0.1
201, 1523.0, 6, 7.53960396039604, 0.1
202, 1529.0, 6, 7.532019704433497, 0.1
203, 1535.0, 6, 7.5245098039215685, 0.1
204, 1543.0, 8, 7.5268292682926825, 0.1
205, 1551.0, 8, 7.529126213592233, 0.1
206, 1557.0, 6, 7.521739130434782, 0.1
207, 1564.0, 7, 7.519230769230769, 0.1
208, 1571.0, 7, 7.516746411483253, 0.1
209, 1577.0, 6, 7.5095238095238095, 0.1
210, 1584.0, 7, 7.507109004739337, 0.1
211, 1591.0, 7, 7.504716981132075, 0.1
212, 1591.0, 0, 7.469483568075117, 0.1
213, 1598.0, 7, 7.4672897196261685, 0.1
214, 1600.0, 2, 7.441860465116279, 0.1
215, 1607.0, 7, 7.439814814814815, 0.1
216, 1615.0, 8, 7.442396313364055, 0.1
217, 1618.0, 3, 7.422018348623853, 0.1
218, 1626.0, 8, 7.424657534246576, 0.1
219, 1634.0, 8, 7.427272727272728, 0.1
220, 1641.0, 7, 7.425339366515837, 0.1
221, 1649.0, 8, 7.427927927927928, 0.1
222, 1657.0, 8, 7.430493273542601, 0.1
223, 1664.0, 7, 7.428571428571429, 0.1
224, 1672.0, 8, 7.431111111111111, 0.1
225, 1678.0, 6, 7.424778761061947, 0.1
226, 1685.0, 7, 7.422907488986784, 0.1
227, 1693.0, 8, 7.425438596491228, 0.1
228, 1699.0, 6, 7.419213973799127, 0.1
229, 1707.0, 8, 7.421739130434783, 0.1
230, 1715.0, 8, 7.424242424242424, 0.1
231, 1721.0, 6, 7.418103448275862, 0.1
232, 1729.0, 8, 7.420600858369099, 0.1
233, 1737.0, 8, 7.423076923076923, 0.1
234, 1738.0, 1, 7.395744680851064, 0.1
235, 1746.0, 8, 7.398305084745763, 0.1
236, 1754.0, 8, 7.40084388185654, 0.1
237, 1761.0, 7, 7.399159663865547, 0.1
238, 1769.0, 8, 7.401673640167364, 0.1
239, 1777.0, 8, 7.404166666666667, 0.1
240, 1784.0, 7, 7.402489626556017, 0.1
241, 1791.0, 7, 7.400826446280992, 0.1
242, 1799.0, 8, 7.403292181069959, 0.1
243, 1800.0, 1, 7.377049180327869, 0.1
244, 1807.0, 7, 7.375510204081633, 0.1
245, 1814.0, 7, 7.373983739837398, 0.1
246, 1822.0, 8, 7.376518218623482, 0.1
247, 1830.0, 8, 7.379032258064516, 0.1
248, 1838.0, 8, 7.381526104417671, 0.1
249, 1845.0, 7, 7.38, 0.1
250, 1853.0, 8, 7.382470119521912, 0.1
251, 1861.0, 8, 7.384920634920635, 0.1
252, 1868.0, 7, 7.383399209486166, 0.1
253, 1875.0, 7, 7.381889763779528, 0.1
254, 1881.0, 6, 7.376470588235295, 0.1
255, 1887.0, 6, 7.37109375, 0.1
256, 1893.0, 6, 7.365758754863813, 0.1
257, 1900.0, 7, 7.364341085271318, 0.1
258, 1906.0, 6, 7.359073359073359, 0.1
259, 1914.0, 8, 7.361538461538461, 0.1
260, 1922.0, 8, 7.363984674329502, 0.1
261, 1928.0, 6, 7.358778625954199, 0.1
262, 1936.0, 8, 7.361216730038023, 0.1
263, 1943.0, 7, 7.359848484848484, 0.1
264, 1951.0, 8, 7.362264150943396, 0.1
265, 1958.0, 7, 7.360902255639098, 0.1
266, 1966.0, 8, 7.3632958801498125, 0.1
267, 1972.0, 6, 7.358208955223881, 0.1
268, 1978.0, 6, 7.353159851301116, 0.1
269, 1982.0, 4, 7.340740740740741, 0.1
270, 1987.0, 5, 7.332103321033211, 0.1
271, 1994.0, 7, 7.330882352941177, 0.1
272, 2001.0, 7, 7.329670329670329, 0.1
273, 2009.0, 8, 7.3321167883211675, 0.1
274, 2017.0, 8, 7.334545454545455, 0.1
275, 2022.0, 5, 7.326086956521739, 0.1
276, 2023.0, 1, 7.303249097472924, 0.1
277, 2030.0, 7, 7.302158273381295, 0.1
278, 2036.0, 6, 7.297491039426523, 0.1
279, 2040.0, 4, 7.285714285714286, 0.1
280, 2046.0, 6, 7.2811387900355875, 0.1
281, 2054.0, 8, 7.283687943262412, 0.1
282, 2062.0, 8, 7.286219081272085, 0.1
283, 2069.0, 7, 7.285211267605634, 0.1
284, 2077.0, 8, 7.287719298245614, 0.1
285, 2084.0, 7, 7.286713286713287, 0.1
286, 2091.0, 7, 7.285714285714286, 0.1
287, 2095.0, 4, 7.274305555555555, 0.1
288, 2103.0, 8, 7.27681660899654, 0.1
289, 2111.0, 8, 7.279310344827586, 0.1
290, 2118.0, 7, 7.278350515463917, 0.1
291, 2125.0, 7, 7.277397260273973, 0.1
292, 2133.0, 8, 7.279863481228669, 0.1
293, 2140.0, 7, 7.27891156462585, 0.1
294, 2148.0, 8, 7.28135593220339, 0.1
295, 2155.0, 7, 7.280405405405405, 0.1
296, 2162.0, 7, 7.279461279461279, 0.1
297, 2168.0, 6, 7.275167785234899, 0.1
298, 2173.0, 5, 7.2675585284280935, 0.1
299, 2180.0, 7, 7.266666666666667, 0.1
300, 2181.0, 1, 7.245847176079734, 0.1
301, 2189.0, 8, 7.248344370860927, 0.1
302, 2197.0, 8, 7.250825082508251, 0.1
303, 2203.0, 6, 7.246710526315789, 0.1
304, 2210.0, 7, 7.245901639344262, 0.1
305, 2217.0, 7, 7.245098039215686, 0.1
306, 2224.0, 7, 7.244299674267101, 0.1
307, 2231.0, 7, 7.2435064935064934, 0.1
308, 2239.0, 8, 7.2459546925566345, 0.1
309, 2239.0, 0, 7.22258064516129, 0.1
310, 2245.0, 6, 7.218649517684887, 0.1
311, 2252.0, 7, 7.217948717948718, 0.1
312, 2260.0, 8, 7.220447284345048, 0.1
313, 2267.0, 7, 7.219745222929936, 0.1
314, 2274.0, 7, 7.219047619047619, 0.1
315, 2276.0, 2, 7.2025316455696204, 0.1
316, 2284.0, 8, 7.205047318611987, 0.1
317, 2292.0, 8, 7.2075471698113205, 0.1
318, 2300.0, 8, 7.210031347962382, 0.1
319, 2308.0, 8, 7.2125, 0.1
320, 2315.0, 7, 7.211838006230529, 0.1
321, 2323.0, 8, 7.214285714285714, 0.1
322, 2331.0, 8, 7.21671826625387, 0.1
323, 2337.0, 6, 7.212962962962963, 0.1
324, 2345.0, 8, 7.2153846153846155, 0.1
325, 2351.0, 6, 7.211656441717792, 0.1
326, 2356.0, 5, 7.204892966360856, 0.1
327, 2364.0, 8, 7.2073170731707314, 0.1
328, 2371.0, 7, 7.206686930091186, 0.1
329, 2379.0, 8, 7.209090909090909, 0.1
330, 2386.0, 7, 7.20845921450151, 0.1
331, 2394.0, 8, 7.210843373493976, 0.1
332, 2394.0, 0, 7.1891891891891895, 0.1
333, 2402.0, 8, 7.191616766467066, 0.1
334, 2409.0, 7, 7.191044776119403, 0.1
335, 2416.0, 7, 7.190476190476191, 0.1
336, 2422.0, 6, 7.186943620178042, 0.1
337, 2428.0, 6, 7.183431952662722, 0.1
338, 2436.0, 8, 7.185840707964601, 0.1
339, 2444.0, 8, 7.188235294117647, 0.1
340, 2452.0, 8, 7.190615835777126, 0.1
341, 2459.0, 7, 7.190058479532164, 0.1
342, 2466.0, 7, 7.189504373177843, 0.1
343, 2474.0, 8, 7.191860465116279, 0.1
344, 2482.0, 8, 7.194202898550724, 0.1
345, 2488.0, 6, 7.190751445086705, 0.1
346, 2496.0, 8, 7.193083573487032, 0.1
347, 2501.0, 5, 7.186781609195402, 0.1
348, 2508.0, 7, 7.186246418338109, 0.1
349, 2515.0, 7, 7.185714285714286, 0.1
350, 2523.0, 8, 7.188034188034188, 0.1
351, 2531.0, 8, 7.190340909090909, 0.1
352, 2539.0, 8, 7.192634560906516, 0.1
353, 2547.0, 8, 7.194915254237288, 0.1
354, 2555.0, 8, 7.197183098591549, 0.1
355, 2562.0, 7, 7.196629213483146, 0.1
356, 2569.0, 7, 7.196078431372549, 0.1
357, 2576.0, 7, 7.195530726256983, 0.1
358, 2583.0, 7, 7.194986072423398, 0.1
359, 2591.0, 8, 7.197222222222222, 0.1
360, 2598.0, 7, 7.196675900277008, 0.1
361, 2606.0, 8, 7.198895027624309, 0.1
362, 2614.0, 8, 7.201101928374656, 0.1
363, 2622.0, 8, 7.2032967032967035, 0.1
364, 2629.0, 7, 7.2027397260273975, 0.1
365, 2635.0, 6, 7.199453551912568, 0.1
366, 2642.0, 7, 7.198910081743869, 0.1
367, 2649.0, 7, 7.198369565217392, 0.1
368, 2655.0, 6, 7.195121951219512, 0.1
369, 2663.0, 8, 7.197297297297298, 0.1
370, 2670.0, 7, 7.196765498652291, 0.1
371, 2677.0, 7, 7.196236559139785, 0.1
372, 2685.0, 8, 7.198391420911528, 0.1
373, 2693.0, 8, 7.2005347593582885, 0.1
374, 2701.0, 8, 7.2026666666666666, 0.1
375, 2708.0, 7, 7.202127659574468, 0.1
376, 2716.0, 8, 7.204244031830239, 0.1
377, 2722.0, 6, 7.201058201058201, 0.1
378, 2730.0, 8, 7.203166226912929, 0.1
379, 2738.0, 8, 7.205263157894737, 0.1
380, 2744.0, 6, 7.202099737532809, 0.1
381, 2752.0, 8, 7.204188481675392, 0.1
382, 2760.0, 8, 7.206266318537859, 0.1
383, 2766.0, 6, 7.203125, 0.1
384, 2772.0, 6, 7.2, 0.1
385, 2780.0, 8, 7.2020725388601035, 0.1
386, 2785.0, 5, 7.196382428940568, 0.1
387, 2793.0, 8, 7.198453608247423, 0.1
388, 2800.0, 7, 7.197943444730077, 0.1
389, 2808.0, 8, 7.2, 0.1
390, 2816.0, 8, 7.202046035805626, 0.1
391, 2822.0, 6, 7.198979591836735, 0.1
392, 2823.0, 1, 7.183206106870229, 0.1
393, 2830.0, 7, 7.182741116751269, 0.1
394, 2838.0, 8, 7.184810126582279, 0.1
395, 2845.0, 7, 7.184343434343434, 0.1
396, 2850.0, 5, 7.178841309823677, 0.1
397, 2858.0, 8, 7.180904522613066, 0.1
398, 2865.0, 7, 7.180451127819549, 0.1
399, 2871.0, 6, 7.1775, 0.1
400, 2879.0, 8, 7.179551122194514, 0.1
401, 2887.0, 8, 7.181592039800995, 0.1
402, 2895.0, 8, 7.183622828784119, 0.1
403, 2903.0, 8, 7.185643564356436, 0.1
404, 2911.0, 8, 7.187654320987654, 0.1
405, 2919.0, 8, 7.189655172413793, 0.1
406, 2924.0, 5, 7.184275184275184, 0.1
407, 2932.0, 8, 7.186274509803922, 0.1
408, 2940.0, 8, 7.188264058679707, 0.1
409, 2946.0, 6, 7.185365853658537, 0.1
410, 2954.0, 8, 7.18734793187348, 0.1
411, 2962.0, 8, 7.189320388349515, 0.1
412, 2969.0, 7, 7.188861985472155, 0.1
413, 2974.0, 5, 7.183574879227053, 0.1
414, 2982.0, 8, 7.185542168674699, 0.1
415, 2990.0, 8, 7.1875, 0.1
416, 2998.0, 8, 7.189448441247002, 0.1
417, 3006.0, 8, 7.1913875598086126, 0.1
418, 3011.0, 5, 7.186157517899761, 0.1
419, 3019.0, 8, 7.188095238095238, 0.1
420, 3026.0, 7, 7.1876484560570075, 0.1
421, 3033.0, 7, 7.187203791469194, 0.1
422, 3041.0, 8, 7.1891252955082745, 0.1
423, 3048.0, 7, 7.188679245283019, 0.1
424, 3054.0, 6, 7.185882352941176, 0.1
425, 3061.0, 7, 7.185446009389671, 0.1
426, 3067.0, 6, 7.182669789227166, 0.1
427, 3074.0, 7, 7.182242990654205, 0.1
428, 3082.0, 8, 7.1841491841491845, 0.1
429, 3090.0, 8, 7.186046511627907, 0.1
430, 3098.0, 8, 7.187935034802784, 0.1
431, 3105.0, 7, 7.1875, 0.1
432, 3112.0, 7, 7.187066974595843, 0.1
433, 3116.0, 4, 7.179723502304148, 0.1
434, 3122.0, 6, 7.1770114942528735, 0.1
435, 3129.0, 7, 7.176605504587156, 0.1
436, 3135.0, 6, 7.173913043478261, 0.1
437, 3142.0, 7, 7.17351598173516, 0.1
438, 3149.0, 7, 7.173120728929385, 0.1
439, 3157.0, 8, 7.175, 0.1
440, 3165.0, 8, 7.1768707482993195, 0.1
441, 3173.0, 8, 7.178733031674208, 0.1
442, 3180.0, 7, 7.178329571106095, 0.1
443, 3188.0, 8, 7.18018018018018, 0.1
444, 3196.0, 8, 7.182022471910113, 0.1
445, 3204.0, 8, 7.183856502242152, 0.1
446, 3211.0, 7, 7.1834451901566, 0.1
447, 3217.0, 6, 7.180803571428571, 0.1
448, 3224.0, 7, 7.180400890868597, 0.1
449, 3232.0, 8, 7.182222222222222, 0.1
450, 3240.0, 8, 7.184035476718403, 0.1
451, 3248.0, 8, 7.185840707964601, 0.1
452, 3254.0, 6, 7.183222958057395, 0.1
453, 3261.0, 7, 7.182819383259912, 0.1
454, 3269.0, 8, 7.184615384615385, 0.1
455, 3275.0, 6, 7.182017543859649, 0.1
456, 3281.0, 6, 7.179431072210066, 0.1
457, 3287.0, 6, 7.176855895196507, 0.1
458, 3294.0, 7, 7.176470588235294, 0.1
459, 3299.0, 5, 7.171739130434783, 0.1
460, 3307.0, 8, 7.1735357917570495, 0.1
461, 3314.0, 7, 7.1731601731601735, 0.1
462, 3320.0, 6, 7.170626349892008, 0.1
463, 3326.0, 6, 7.168103448275862, 0.1
464, 3334.0, 8, 7.16989247311828, 0.1
465, 3342.0, 8, 7.171673819742489, 0.1
466, 3349.0, 7, 7.1713062098501075, 0.1
467, 3357.0, 8, 7.173076923076923, 0.1
468, 3363.0, 6, 7.1705756929637525, 0.1
469, 3371.0, 8, 7.172340425531915, 0.1
470, 3378.0, 7, 7.171974522292993, 0.1
471, 3386.0, 8, 7.173728813559322, 0.1
472, 3394.0, 8, 7.175475687103594, 0.1
473, 3402.0, 8, 7.177215189873418, 0.1
474, 3408.0, 6, 7.174736842105263, 0.1
475, 3415.0, 7, 7.17436974789916, 0.1
476, 3422.0, 7, 7.174004192872117, 0.1
477, 3428.0, 6, 7.171548117154812, 0.1
478, 3433.0, 5, 7.167014613778706, 0.1
479, 3440.0, 7, 7.166666666666667, 0.1
480, 3448.0, 8, 7.168399168399168, 0.1
481, 3456.0, 8, 7.170124481327801, 0.1
482, 3461.0, 5, 7.165631469979296, 0.1
483, 3468.0, 7, 7.1652892561983474, 0.1
484, 3474.0, 6, 7.162886597938145, 0.1
485, 3479.0, 5, 7.158436213991769, 0.1
486, 3484.0, 5, 7.15400410677618, 0.1
487, 3492.0, 8, 7.155737704918033, 0.1
488, 3499.0, 7, 7.155419222903886, 0.1
489, 3506.0, 7, 7.155102040816327, 0.1
490, 3514.0, 8, 7.156822810590631, 0.1
491, 3522.0, 8, 7.158536585365853, 0.1
492, 3528.0, 6, 7.1561866125760645, 0.1
493, 3536.0, 8, 7.157894736842105, 0.1
494, 3544.0, 8, 7.1595959595959595, 0.1
495, 3550.0, 6, 7.157258064516129, 0.1
496, 3556.0, 6, 7.154929577464789, 0.1
497, 3560.0, 4, 7.14859437751004, 0.1
498, 3565.0, 5, 7.144288577154309, 0.1
499, 3572.0, 7, 7.144, 0.1
500, 3580.0, 8, 7.145708582834331, 0.1
501, 3586.0, 6, 7.143426294820717, 0.1
502, 3593.0, 7, 7.143141153081511, 0.1
503, 3600.0, 7, 7.142857142857143, 0.1
504, 3608.0, 8, 7.144554455445545, 0.1
505, 3609.0, 1, 7.132411067193676, 0.1
506, 3615.0, 6, 7.1301775147929, 0.1
507, 3622.0, 7, 7.1299212598425195, 0.1
508, 3626.0, 4, 7.1237721021611, 0.1
509, 3632.0, 6, 7.12156862745098, 0.1
510, 3639.0, 7, 7.12133072407045, 0.1
511, 3647.0, 8, 7.123046875, 0.1
512, 3647.0, 0, 7.10916179337232, 0.1
513, 3655.0, 8, 7.110894941634241, 0.1
514, 3663.0, 8, 7.112621359223301, 0.1
515, 3670.0, 7, 7.112403100775194, 0.1
516, 3677.0, 7, 7.112185686653771, 0.1
517, 3685.0, 8, 7.113899613899614, 0.1
518, 3691.0, 6, 7.1117533718689785, 0.1
519, 3697.0, 6, 7.109615384615385, 0.1
520, 3703.0, 6, 7.107485604606526, 0.1
521, 3711.0, 8, 7.109195402298851, 0.1
522, 3717.0, 6, 7.107074569789675, 0.1
523, 3717.0, 0, 7.093511450381679, 0.1
524, 3724.0, 7, 7.093333333333334, 0.1
525, 3731.0, 7, 7.093155893536122, 0.1
526, 3739.0, 8, 7.094876660341556, 0.1
527, 3747.0, 8, 7.096590909090909, 0.1
528, 3754.0, 7, 7.09640831758034, 0.1
529, 3756.0, 2, 7.086792452830188, 0.1
530, 3763.0, 7, 7.086629001883239, 0.1
531, 3771.0, 8, 7.088345864661654, 0.1
532, 3779.0, 8, 7.090056285178236, 0.1
533, 3787.0, 8, 7.091760299625468, 0.1
534, 3795.0, 8, 7.093457943925234, 0.1
535, 3802.0, 7, 7.093283582089552, 0.1
536, 3807.0, 5, 7.089385474860335, 0.1
537, 3815.0, 8, 7.091078066914498, 0.1
538, 3816.0, 1, 7.079777365491651, 0.1
539, 3824.0, 8, 7.0814814814814815, 0.1
540, 3832.0, 8, 7.0831792975970425, 0.1
541, 3840.0, 8, 7.084870848708487, 0.1
542, 3845.0, 5, 7.081031307550645, 0.1
543, 3852.0, 7, 7.080882352941177, 0.1
544, 3852.0, 0, 7.0678899082568805, 0.1
545, 3859.0, 7, 7.0677655677655675, 0.1
546, 3867.0, 8, 7.06946983546618, 0.1
547, 3875.0, 8, 7.071167883211679, 0.1
548, 3882.0, 7, 7.0710382513661205, 0.1
549, 3890.0, 8, 7.072727272727272, 0.1
550, 3898.0, 8, 7.074410163339383, 0.1
551, 3905.0, 7, 7.074275362318841, 0.1
552, 3913.0, 8, 7.075949367088608, 0.1
553, 3920.0, 7, 7.075812274368231, 0.1
554, 3928.0, 8, 7.077477477477477, 0.1
555, 3929.0, 1, 7.066546762589928, 0.1
556, 3937.0, 8, 7.068222621184919, 0.1
557, 3944.0, 7, 7.068100358422939, 0.1
558, 3951.0, 7, 7.067978533094812, 0.1
559, 3958.0, 7, 7.067857142857143, 0.1
560, 3966.0, 8, 7.06951871657754, 0.1
561, 3974.0, 8, 7.0711743772241995, 0.1
562, 3977.0, 3, 7.063943161634103, 0.1
563, 3983.0, 6, 7.0620567375886525, 0.1
564, 3990.0, 7, 7.061946902654867, 0.1
565, 3998.0, 8, 7.063604240282685, 0.1
566, 4005.0, 7, 7.063492063492063, 0.1
567, 4012.0, 7, 7.063380281690141, 0.1
568, 4019.0, 7, 7.063268892794376, 0.1
569, 4027.0, 8, 7.064912280701755, 0.1
570, 4035.0, 8, 7.066549912434326, 0.1
571, 4042.0, 7, 7.066433566433567, 0.1
572, 4049.0, 7, 7.06631762652705, 0.1
573, 4055.0, 6, 7.064459930313589, 0.1
574, 4058.0, 3, 7.057391304347826, 0.1
575, 4065.0, 7, 7.057291666666667, 0.1
576, 4073.0, 8, 7.05892547660312, 0.1
577, 4081.0, 8, 7.060553633217993, 0.1
578, 4088.0, 7, 7.060449050086356, 0.1
579, 4095.0, 7, 7.060344827586207, 0.1
580, 4103.0, 8, 7.061962134251291, 0.1
581, 4111.0, 8, 7.063573883161512, 0.1
582, 4119.0, 8, 7.065180102915952, 0.1
583, 4127.0, 8, 7.066780821917808, 0.1
584, 4135.0, 8, 7.068376068376068, 0.1
585, 4141.0, 6, 7.066552901023891, 0.1
586, 4147.0, 6, 7.06473594548552, 0.1
587, 4153.0, 6, 7.062925170068027, 0.1
588, 4161.0, 8, 7.064516129032258, 0.1
589, 4168.0, 7, 7.064406779661017, 0.1
590, 4170.0, 2, 7.055837563451776, 0.1
591, 4178.0, 8, 7.0574324324324325, 0.1
592, 4186.0, 8, 7.059021922428331, 0.1
593, 4194.0, 8, 7.0606060606060606, 0.1
594, 4200.0, 6, 7.0588235294117645, 0.1
595, 4208.0, 8, 7.060402684563758, 0.1
596, 4215.0, 7, 7.060301507537688, 0.1
597, 4220.0, 5, 7.05685618729097, 0.1
598, 4226.0, 6, 7.055091819699499, 0.1
599, 4233.0, 7, 7.055, 0.1
600, 4238.0, 5, 7.0515806988352745, 0.1
601, 4245.0, 7, 7.0514950166112955, 0.1
602, 4253.0, 8, 7.053067993366501, 0.1
603, 4261.0, 8, 7.054635761589404, 0.1
604, 4268.0, 7, 7.054545454545455, 0.1
605, 4275.0, 7, 7.054455445544554, 0.1
606, 4283.0, 8, 7.056013179571664, 0.1
607, 4289.0, 6, 7.0542763157894735, 0.1
608, 4296.0, 7, 7.054187192118227, 0.1
609, 4303.0, 7, 7.054098360655738, 0.1
610, 4310.0, 7, 7.054009819967267, 0.1
611, 4317.0, 7, 7.053921568627451, 0.1
612, 4324.0, 7, 7.053833605220229, 0.1
613, 4331.0, 7, 7.0537459283387625, 0.1
614, 4339.0, 8, 7.055284552845529, 0.1
615, 4347.0, 8, 7.056818181818182, 0.1
616, 4354.0, 7, 7.056726094003242, 0.1
617, 4361.0, 7, 7.05663430420712, 0.1
618, 4368.0, 7, 7.05654281098546, 0.1
619, 4369.0, 1, 7.046774193548387, 0.1
620, 4376.0, 7, 7.0466988727858295, 0.1
621, 4381.0, 5, 7.043408360128617, 0.1
622, 4389.0, 8, 7.044943820224719, 0.1
623, 4396.0, 7, 7.044871794871795, 0.1
624, 4404.0, 8, 7.0464, 0.1
625, 4412.0, 8, 7.047923322683706, 0.1
626, 4420.0, 8, 7.049441786283891, 0.1
627, 4425.0, 5, 7.046178343949045, 0.1
628, 4432.0, 7, 7.046104928457869, 0.1
629, 4440.0, 8, 7.0476190476190474, 0.1
630, 4448.0, 8, 7.049128367670365, 0.1
631, 4456.0, 8, 7.050632911392405, 0.1
632, 4464.0, 8, 7.052132701421801, 0.1
633, 4470.0, 6, 7.0504731861198735, 0.1
634, 4478.0, 8, 7.051968503937008, 0.1
635, 4479.0, 1, 7.0424528301886795, 0.1
636, 4487.0, 8, 7.043956043956044, 0.1
637, 4493.0, 6, 7.0423197492163006, 0.1
638, 4499.0, 6, 7.040688575899844, 0.1
639, 4506.0, 7, 7.040625, 0.1
640, 4514.0, 8, 7.042121684867395, 0.1
641, 4520.0, 6, 7.040498442367602, 0.1
642, 4526.0, 6, 7.038880248833593, 0.1
643, 4533.0, 7, 7.038819875776397, 0.1
644, 4540.0, 7, 7.038759689922481, 0.1
645, 4548.0, 8, 7.040247678018575, 0.1
646, 4555.0, 7, 7.040185471406492, 0.1
647, 4563.0, 8, 7.041666666666667, 0.1
648, 4571.0, 8, 7.043143297380586, 0.1
649, 4578.0, 7, 7.0430769230769235, 0.1
650, 4585.0, 7, 7.043010752688172, 0.1
651, 4593.0, 8, 7.044478527607362, 0.1
652, 4600.0, 7, 7.044410413476263, 0.1
653, 4607.0, 7, 7.04434250764526, 0.1
654, 4614.0, 7, 7.044274809160306, 0.1
655, 4622.0, 8, 7.045731707317073, 0.1
656, 4630.0, 8, 7.047184170471842, 0.1
657, 4637.0, 7, 7.047112462006079, 0.1
658, 4644.0, 7, 7.047040971168437, 0.1
659, 4651.0, 7, 7.046969696969697, 0.1
660, 4658.0, 7, 7.046898638426626, 0.1
661, 4662.0, 4, 7.042296072507553, 0.1
662, 4670.0, 8, 7.043740573152338, 0.1
663, 4677.0, 7, 7.043674698795181, 0.1
664, 4685.0, 8, 7.045112781954887, 0.1
665, 4692.0, 7, 7.045045045045045, 0.1
666, 4699.0, 7, 7.044977511244378, 0.1
667, 4705.0, 6, 7.043413173652695, 0.1
668, 4711.0, 6, 7.041853512705531, 0.1
669, 4719.0, 8, 7.043283582089552, 0.1
670, 4725.0, 6, 7.041728763040238, 0.1
671, 4733.0, 8, 7.043154761904762, 0.1
672, 4741.0, 8, 7.044576523031203, 0.1
673, 4746.0, 5, 7.041543026706232, 0.1
674, 4753.0, 7, 7.0414814814814815, 0.1
675, 4758.0, 5, 7.038461538461538, 0.1
676, 4765.0, 7, 7.038404726735598, 0.1
677, 4772.0, 7, 7.038348082595871, 0.1
678, 4780.0, 8, 7.039764359351988, 0.1
679, 4788.0, 8, 7.041176470588235, 0.1
680, 4794.0, 6, 7.039647577092511, 0.1
681, 4802.0, 8, 7.041055718475073, 0.1
682, 4809.0, 7, 7.04099560761347, 0.1
683, 4817.0, 8, 7.042397660818714, 0.1
684, 4824.0, 7, 7.042335766423357, 0.1
685, 4832.0, 8, 7.043731778425656, 0.1
686, 4835.0, 3, 7.037845705967976, 0.1
687, 4837.0, 2, 7.030523255813954, 0.1
688, 4845.0, 8, 7.031930333817126, 0.1
689, 4850.0, 5, 7.028985507246377, 0.1
690, 4851.0, 1, 7.020260492040521, 0.1
691, 4858.0, 7, 7.020231213872832, 0.1
692, 4866.0, 8, 7.021645021645021, 0.1
693, 4874.0, 8, 7.023054755043228, 0.1
694, 4881.0, 7, 7.023021582733813, 0.1
695, 4889.0, 8, 7.024425287356322, 0.1
696, 4896.0, 7, 7.024390243902439, 0.1
697, 4904.0, 8, 7.025787965616046, 0.1
698, 4911.0, 7, 7.0257510729613735, 0.1
699, 4913.0, 2, 7.018571428571429, 0.1
700, 4920.0, 7, 7.018544935805991, 0.1
701, 4928.0, 8, 7.01994301994302, 0.1
702, 4928.0, 0, 7.009957325746799, 0.1
703, 4935.0, 7, 7.009943181818182, 0.1
704, 4941.0, 6, 7.008510638297873, 0.1
705, 4948.0, 7, 7.008498583569405, 0.1
706, 4954.0, 6, 7.007072135785007, 0.1
707, 4960.0, 6, 7.005649717514125, 0.1
708, 4961.0, 1, 6.9971791255289135, 0.1
709, 4967.0, 6, 6.995774647887324, 0.1
710, 4975.0, 8, 6.9971870604782, 0.1
711, 4983.0, 8, 6.998595505617978, 0.1
712, 4991.0, 8, 7.0, 0.1
713, 4998.0, 7, 7.0, 0.1
714, 5005.0, 7, 7.0, 0.1
715, 5010.0, 5, 6.9972067039106145, 0.1
716, 5017.0, 7, 6.99721059972106, 0.1
717, 5025.0, 8, 6.9986072423398324, 0.1
718, 5033.0, 8, 7.0, 0.1
719, 5040.0, 7, 7.0, 0.1
720, 5048.0, 8, 7.0013869625520115, 0.1
721, 5056.0, 8, 7.002770083102493, 0.1
722, 5060.0, 4, 6.998616874135546, 0.1
723, 5065.0, 5, 6.995856353591161, 0.1
724, 5072.0, 7, 6.9958620689655175, 0.1
725, 5072.0, 0, 6.986225895316805, 0.1
726, 5078.0, 6, 6.984869325997249, 0.1
727, 5085.0, 7, 6.9848901098901095, 0.1
728, 5092.0, 7, 6.984910836762689, 0.1
729, 5100.0, 8, 6.986301369863014, 0.1
730, 5107.0, 7, 6.9863201094391245, 0.1
731, 5114.0, 7, 6.9863387978142075, 0.1
732, 5121.0, 7, 6.986357435197817, 0.1
733, 5128.0, 7, 6.986376021798365, 0.1
734, 5131.0, 3, 6.980952380952381, 0.1
735, 5138.0, 7, 6.980978260869565, 0.1
736, 5139.0, 1, 6.9728629579375845, 0.1
737, 5147.0, 8, 6.9742547425474255, 0.1
738, 5149.0, 2, 6.967523680649526, 0.1
739, 5154.0, 5, 6.964864864864865, 0.1
740, 5161.0, 7, 6.964912280701754, 0.1
741, 5168.0, 7, 6.964959568733153, 0.1
742, 5172.0, 4, 6.960969044414536, 0.1
743, 5178.0, 6, 6.959677419354839, 0.1
744, 5186.0, 8, 6.961073825503355, 0.1
745, 5194.0, 8, 6.962466487935657, 0.1
746, 5202.0, 8, 6.963855421686747, 0.1
747, 5208.0, 6, 6.962566844919786, 0.1
748, 5216.0, 8, 6.963951935914553, 0.1
749, 5217.0, 1, 6.956, 0.1
750, 5224.0, 7, 6.9560585885486015, 0.1
751, 5231.0, 7, 6.9561170212765955, 0.1
752, 5238.0, 7, 6.956175298804781, 0.1
753, 5244.0, 6, 6.954907161803714, 0.1
754, 5244.0, 0, 6.945695364238411, 0.1
755, 5252.0, 8, 6.947089947089947, 0.1
756, 5260.0, 8, 6.948480845442536, 0.1
757, 5268.0, 8, 6.949868073878628, 0.1
758, 5270.0, 2, 6.9433465085638995, 0.1
759, 5278.0, 8, 6.9447368421052635, 0.1
760, 5284.0, 6, 6.943495400788437, 0.1
761, 5292.0, 8, 6.94488188976378, 0.1
762, 5300.0, 8, 6.946264744429882, 0.1
763, 5308.0, 8, 6.947643979057592, 0.1
764, 5316.0, 8, 6.949019607843137, 0.1
765, 5320.0, 4, 6.945169712793733, 0.1
766, 5328.0, 8, 6.946544980443286, 0.1
767, 5336.0, 8, 6.947916666666667, 0.1
768, 5343.0, 7, 6.947984395318596, 0.1
769, 5350.0, 7, 6.9480519480519485, 0.1
770, 5358.0, 8, 6.9494163424124515, 0.1
771, 5362.0, 4, 6.94559585492228, 0.1
772, 5368.0, 6, 6.944372574385511, 0.1
773, 5374.0, 6, 6.943152454780361, 0.1
774, 5381.0, 7, 6.943225806451613, 0.1
775, 5388.0, 7, 6.943298969072165, 0.1
776, 5396.0, 8, 6.944658944658944, 0.1
777, 5403.0, 7, 6.9447300771208225, 0.1
778, 5405.0, 2, 6.938382541720154, 0.1
779, 5411.0, 6, 6.937179487179487, 0.1
780, 5418.0, 7, 6.937259923175416, 0.1
781, 5424.0, 6, 6.936061381074169, 0.1
782, 5431.0, 7, 6.9361430395913155, 0.1
783, 5439.0, 8, 6.9375, 0.1
784, 5447.0, 8, 6.938853503184713, 0.1
785, 5455.0, 8, 6.940203562340967, 0.1
786, 5463.0, 8, 6.941550190597205, 0.1
787, 5471.0, 8, 6.942893401015229, 0.1
788, 5479.0, 8, 6.944233206590621, 0.1
789, 5486.0, 7, 6.944303797468354, 0.1
790, 5494.0, 8, 6.945638432364096, 0.1
791, 5501.0, 7, 6.945707070707071, 0.1
792, 5508.0, 7, 6.94577553593947, 0.1
793, 5514.0, 6, 6.944584382871536, 0.1
794, 5517.0, 3, 6.939622641509434, 0.1
795, 5521.0, 4, 6.935929648241206, 0.1
796, 5529.0, 8, 6.9372647427854455, 0.1
797, 5537.0, 8, 6.93859649122807, 0.1
798, 5544.0, 7, 6.938673341677096, 0.1
799, 5550.0, 6, 6.9375, 0.1
800, 5556.0, 6, 6.936329588014981, 0.1
801, 5561.0, 5, 6.933915211970075, 0.1
802, 5568.0, 7, 6.933997509339975, 0.1
803, 5575.0, 7, 6.9340796019900495, 0.1
804, 5581.0, 6, 6.932919254658385, 0.1
805, 5589.0, 8, 6.9342431761786605, 0.1
806, 5594.0, 5, 6.931846344485749, 0.1
807, 5601.0, 7, 6.931930693069307, 0.1
808, 5603.0, 2, 6.925834363411619, 0.1
809, 5606.0, 3, 6.920987654320988, 0.1
810, 5614.0, 8, 6.922318125770653, 0.1
811, 5622.0, 8, 6.9236453201970445, 0.1
812, 5629.0, 7, 6.923739237392374, 0.1
813, 5637.0, 8, 6.925061425061425, 0.1
814, 5645.0, 8, 6.92638036809816, 0.1
815, 5647.0, 2, 6.920343137254902, 0.1
816, 5655.0, 8, 6.921664626682986, 0.1
817, 5661.0, 6, 6.920537897310513, 0.1
818, 5668.0, 7, 6.920634920634921, 0.1
819, 5676.0, 8, 6.921951219512195, 0.1
820, 5678.0, 2, 6.9159561510353225, 0.1
821, 5685.0, 7, 6.916058394160584, 0.1
822, 5693.0, 8, 6.917375455650061, 0.1
823, 5699.0, 6, 6.91626213592233, 0.1
824, 5706.0, 7, 6.916363636363636, 0.1
825, 5712.0, 6, 6.915254237288136, 0.1
826, 5719.0, 7, 6.915356711003628, 0.1
827, 5726.0, 7, 6.915458937198068, 0.1
828, 5734.0, 8, 6.916767189384801, 0.1
829, 5740.0, 6, 6.9156626506024095, 0.1
830, 5747.0, 7, 6.915764139590855, 0.1
831, 5754.0, 7, 6.915865384615385, 0.1
832, 5761.0, 7, 6.915966386554622, 0.1
833, 5768.0, 7, 6.916067146282973, 0.1
834, 5774.0, 6, 6.91497005988024, 0.1
835, 5782.0, 8, 6.916267942583732, 0.1
836, 5788.0, 6, 6.915173237753883, 0.1
837, 5794.0, 6, 6.914081145584726, 0.1
838, 5800.0, 6, 6.912991656734207, 0.1
839, 5808.0, 8, 6.914285714285715, 0.1
840, 5816.0, 8, 6.915576694411415, 0.1
841, 5822.0, 6, 6.914489311163895, 0.1
842, 5830.0, 8, 6.915776986951364, 0.1
843, 5838.0, 8, 6.9170616113744074, 0.1
844, 5841.0, 3, 6.912426035502959, 0.1
845, 5848.0, 7, 6.912529550827423, 0.1
846, 5855.0, 7, 6.912632821723731, 0.1
847, 5861.0, 6, 6.911556603773585, 0.1
848, 5868.0, 7, 6.911660777385159, 0.1
849, 5875.0, 7, 6.911764705882353, 0.1
850, 5883.0, 8, 6.913043478260869, 0.1
851, 5890.0, 7, 6.913145539906103, 0.1
852, 5897.0, 7, 6.913247362250879, 0.1
853, 5897.0, 0, 6.905152224824356, 0.1
854, 5904.0, 7, 6.905263157894737, 0.1
855, 5911.0, 7, 6.905373831775701, 0.1
856, 5919.0, 8, 6.906651108518086, 0.1
857, 5927.0, 8, 6.907925407925408, 0.1
858, 5935.0, 8, 6.909196740395809, 0.1
859, 5943.0, 8, 6.910465116279069, 0.1
860, 5950.0, 7, 6.9105691056910565, 0.1
861, 5958.0, 8, 6.911832946635731, 0.1
862, 5965.0, 7, 6.911935110081113, 0.1
863, 5970.0, 5, 6.909722222222222, 0.1
864, 5977.0, 7, 6.909826589595376, 0.1
865, 5981.0, 4, 6.906466512702078, 0.1
866, 5988.0, 7, 6.906574394463668, 0.1
867, 5995.0, 7, 6.90668202764977, 0.1
868, 6001.0, 6, 6.905638665132336, 0.1
869, 6009.0, 8, 6.906896551724138, 0.1
870, 6015.0, 6, 6.905855338691159, 0.1
871, 6021.0, 6, 6.904816513761468, 0.1
872, 6029.0, 8, 6.906071019473082, 0.1
873, 6037.0, 8, 6.907322654462242, 0.1
874, 6044.0, 7, 6.9074285714285715, 0.1
875, 6047.0, 3, 6.90296803652968, 0.1
876, 6053.0, 6, 6.90193842645382, 0.1
877, 6059.0, 6, 6.900911161731207, 0.1
878, 6061.0, 2, 6.895335608646189, 0.1
879, 6066.0, 5, 6.8931818181818185, 0.1
880, 6072.0, 6, 6.892167990919409, 0.1
881, 6080.0, 8, 6.893424036281179, 0.1
882, 6087.0, 7, 6.893544733861835, 0.1
883, 6093.0, 6, 6.892533936651584, 0.1
884, 6100.0, 7, 6.892655367231638, 0.1
885, 6104.0, 4, 6.889390519187359, 0.1
886, 6112.0, 8, 6.890642615558061, 0.1
887, 6119.0, 7, 6.8907657657657655, 0.1
888, 6125.0, 6, 6.889763779527559, 0.1
889, 6133.0, 8, 6.891011235955056, 0.1
890, 6140.0, 7, 6.891133557800225, 0.1
891, 6143.0, 3, 6.88677130044843, 0.1
892, 6150.0, 7, 6.886898096304591, 0.1
893, 6153.0, 3, 6.882550335570469, 0.1
894, 6161.0, 8, 6.883798882681564, 0.1
895, 6167.0, 6, 6.8828125, 0.1
896, 6174.0, 7, 6.882943143812709, 0.1
897, 6175.0, 1, 6.8763919821826285, 0.1
898, 6181.0, 6, 6.875417130144605, 0.1
899, 6189.0, 8, 6.876666666666667, 0.1
900, 6197.0, 8, 6.877913429522753, 0.1
901, 6204.0, 7, 6.878048780487805, 0.1
902, 6212.0, 8, 6.8792912513842746, 0.1
903, 6220.0, 8, 6.880530973451328, 0.1
904, 6225.0, 5, 6.878453038674033, 0.1
905, 6232.0, 7, 6.878587196467991, 0.1
906, 6240.0, 8, 6.879823594266814, 0.1
907, 6240.0, 0, 6.872246696035242, 0.1
908, 6247.0, 7, 6.8723872387238725, 0.1
909, 6255.0, 8, 6.873626373626373, 0.1
910, 6261.0, 6, 6.872667398463228, 0.1
911, 6269.0, 8, 6.87390350877193, 0.1
912, 6275.0, 6, 6.872946330777656, 0.1
913, 6281.0, 6, 6.87199124726477, 0.1
914, 6288.0, 7, 6.872131147540983, 0.1
915, 6295.0, 7, 6.872270742358078, 0.1
916, 6302.0, 7, 6.8724100327153765, 0.1
917, 6304.0, 2, 6.867102396514161, 0.1
918, 6312.0, 8, 6.868335146898803, 0.1
919, 6319.0, 7, 6.868478260869566, 0.1
920, 6327.0, 8, 6.869706840390879, 0.1
921, 6334.0, 7, 6.869848156182212, 0.1
922, 6340.0, 6, 6.868905742145179, 0.1
923, 6347.0, 7, 6.869047619047619, 0.1
924, 6353.0, 6, 6.868108108108108, 0.1
925, 6360.0, 7, 6.8682505399568035, 0.1
926, 6368.0, 8, 6.869471413160734, 0.1
927, 6372.0, 4, 6.866379310344827, 0.1
928, 6380.0, 8, 6.867599569429494, 0.1
929, 6385.0, 5, 6.865591397849462, 0.1
930, 6393.0, 8, 6.866809881847476, 0.1
931, 6400.0, 7, 6.866952789699571, 0.1
932, 6407.0, 7, 6.867095391211147, 0.1
933, 6407.0, 0, 6.859743040685225, 0.1
934, 6414.0, 7, 6.859893048128343, 0.1
935, 6419.0, 5, 6.857905982905983, 0.1
936, 6427.0, 8, 6.859124866595518, 0.1
937, 6435.0, 8, 6.860341151385928, 0.1
938, 6438.0, 3, 6.856230031948882, 0.1
939, 6446.0, 8, 6.857446808510638, 0.1
940, 6453.0, 7, 6.85759829968119, 0.1
941, 6459.0, 6, 6.856687898089172, 0.1
942, 6466.0, 7, 6.856839872746553, 0.1
943, 6473.0, 7, 6.856991525423729, 0.1
944, 6478.0, 5, 6.855026455026455, 0.1
945, 6485.0, 7, 6.855179704016913, 0.1
946, 6491.0, 6, 6.85427666314678, 0.1
947, 6498.0, 7, 6.8544303797468356, 0.1
948, 6504.0, 6, 6.853530031612223, 0.1
949, 6511.0, 7, 6.853684210526316, 0.1
950, 6518.0, 7, 6.853838065194532, 0.1
951, 6525.0, 7, 6.8539915966386555, 0.1
952, 6532.0, 7, 6.854144805876181, 0.1
953, 6538.0, 6, 6.853249475890985, 0.1
954, 6544.0, 6, 6.852356020942408, 0.1
955, 6551.0, 7, 6.852510460251046, 0.1
956, 6558.0, 7, 6.852664576802508, 0.1
957, 6563.0, 5, 6.850730688935282, 0.1
958, 6568.0, 5, 6.848800834202294, 0.1
959, 6576.0, 8, 6.85, 0.1
960, 6581.0, 5, 6.848074921956296, 0.1
961, 6589.0, 8, 6.849272349272349, 0.1
962, 6596.0, 7, 6.849428868120457, 0.1
963, 6603.0, 7, 6.8495850622406635, 0.1
964, 6608.0, 5, 6.847668393782383, 0.1
965, 6615.0, 7, 6.8478260869565215, 0.1
966, 6622.0, 7, 6.847983453981386, 0.1
967, 6623.0, 1, 6.841942148760331, 0.1
968, 6631.0, 8, 6.8431372549019605, 0.1
969, 6639.0, 8, 6.844329896907216, 0.1
970, 6647.0, 8, 6.84552008238929, 0.1
971, 6654.0, 7, 6.845679012345679, 0.1
972, 6660.0, 6, 6.8448098663926, 0.1
973, 6667.0, 7, 6.844969199178645, 0.1
974, 6675.0, 8, 6.846153846153846, 0.1
975, 6683.0, 8, 6.847336065573771, 0.1
976, 6690.0, 7, 6.847492323439099, 0.1
977, 6695.0, 5, 6.84560327198364, 0.1
978, 6703.0, 8, 6.846782431052094, 0.1
979, 6707.0, 4, 6.843877551020408, 0.1
980, 6710.0, 3, 6.839959225280326, 0.1
981, 6718.0, 8, 6.841140529531568, 0.1
982, 6725.0, 7, 6.841302136317395, 0.1
983, 6733.0, 8, 6.842479674796748, 0.1
984, 6736.0, 3, 6.838578680203046, 0.1
985, 6743.0, 7, 6.838742393509127, 0.1
986, 6749.0, 6, 6.837892603850051, 0.1
987, 6756.0, 7, 6.838056680161944, 0.1
988, 6763.0, 7, 6.838220424671385, 0.1
989, 6768.0, 5, 6.836363636363636, 0.1
990, 6775.0, 7, 6.836528758829465, 0.1
991, 6777.0, 2, 6.831653225806452, 0.1
992, 6785.0, 8, 6.832829808660624, 0.1
993, 6793.0, 8, 6.834004024144869, 0.1
994, 6801.0, 8, 6.835175879396985, 0.1
995, 6801.0, 0, 6.828313253012048, 0.1
996, 6807.0, 6, 6.827482447342026, 0.1
997, 6815.0, 8, 6.828657314629258, 0.1
998, 6823.0, 8, 6.82982982982983, 0.1
999, 6830.0, 7, 6.83, 0.1
1000, 6837.0, 7, 6.83016983016983, 0.1
1001, 6842.0, 5, 6.828343313373254, 0.1
1002, 6850.0, 8, 6.829511465603191, 0.1
1003, 6857.0, 7, 6.829681274900398, 0.1
1004, 6858.0, 1, 6.823880597014925, 0.1
1005, 6865.0, 7, 6.824055666003976, 0.1
1006, 6869.0, 4, 6.821251241310824, 0.1
1007, 6877.0, 8, 6.822420634920635, 0.1
1008, 6884.0, 7, 6.822596630327056, 0.1
1009, 6892.0, 8, 6.823762376237624, 0.1
1010, 6900.0, 8, 6.824925816023739, 0.1
1011, 6907.0, 7, 6.825098814229249, 0.1
1012, 6912.0, 5, 6.82329713721619, 0.1
1013, 6919.0, 7, 6.823471400394477, 0.1
1014, 6922.0, 3, 6.819704433497537, 0.1
1015, 6929.0, 7, 6.81988188976378, 0.1
1016, 6936.0, 7, 6.820058997050148, 0.1
1017, 6943.0, 7, 6.820235756385069, 0.1
1018, 6949.0, 6, 6.819430814524043, 0.1
1019, 6956.0, 7, 6.819607843137255, 0.1
1020, 6963.0, 7, 6.819784524975514, 0.1
1021, 6971.0, 8, 6.8209393346379645, 0.1
1022, 6979.0, 8, 6.822091886608016, 0.1
1023, 6987.0, 8, 6.8232421875, 0.1
1024, 6994.0, 7, 6.823414634146341, 0.1
1025, 6997.0, 3, 6.819688109161794, 0.1
1026, 7005.0, 8, 6.820837390457644, 0.1
1027, 7013.0, 8, 6.821984435797665, 0.1
1028, 7021.0, 8, 6.8231292517006805, 0.1
1029, 7028.0, 7, 6.823300970873786, 0.1
1030, 7035.0, 7, 6.823472356935015, 0.1
1031, 7037.0, 2, 6.8187984496124034, 0.1
1032, 7045.0, 8, 6.819941916747338, 0.1
1033, 7053.0, 8, 6.821083172147002, 0.1
1034, 7059.0, 6, 6.820289855072463, 0.1
1035, 7067.0, 8, 6.821428571428571, 0.1
1036, 7075.0, 8, 6.822565091610414, 0.1
1037, 7080.0, 5, 6.820809248554913, 0.1
1038, 7088.0, 8, 6.821944177093359, 0.1
1039, 7095.0, 7, 6.822115384615385, 0.1
1040, 7103.0, 8, 6.823246878001921, 0.1
1041, 7109.0, 6, 6.822456813819578, 0.1
1042, 7115.0, 6, 6.821668264621285, 0.1
1043, 7123.0, 8, 6.8227969348659006, 0.1
1044, 7131.0, 8, 6.823923444976076, 0.1
1045, 7133.0, 2, 6.819311663479923, 0.1
1046, 7140.0, 7, 6.819484240687679, 0.1
1047, 7148.0, 8, 6.820610687022901, 0.1
1048, 7155.0, 7, 6.820781696854147, 0.1
1049, 7160.0, 5, 6.819047619047619, 0.1
1050, 7167.0, 7, 6.819219790675547, 0.1
1051, 7175.0, 8, 6.820342205323194, 0.1
1052, 7181.0, 6, 6.819563152896486, 0.1
1053, 7181.0, 0, 6.813092979127135, 0.1
1054, 7189.0, 8, 6.814218009478673, 0.1
1055, 7196.0, 7, 6.8143939393939394, 0.1
1056, 7202.0, 6, 6.813623462630085, 0.1
1057, 7210.0, 8, 6.814744801512287, 0.1
1058, 7217.0, 7, 6.814919735599623, 0.1
1059, 7225.0, 8, 6.816037735849057, 0.1
1060, 7231.0, 6, 6.815268614514609, 0.1
1061, 7238.0, 7, 6.815442561205273, 0.1
1062, 7245.0, 7, 6.815616180620884, 0.1
1063, 7253.0, 8, 6.81672932330827, 0.1
1064, 7261.0, 8, 6.817840375586854, 0.1
1065, 7269.0, 8, 6.818949343339587, 0.1
1066, 7273.0, 4, 6.81630740393627, 0.1
1067, 7281.0, 8, 6.817415730337078, 0.1
1068, 7289.0, 8, 6.818521983161833, 0.1
1069, 7297.0, 8, 6.819626168224299, 0.1
1070, 7303.0, 6, 6.818860877684407, 0.1
1071, 7309.0, 6, 6.818097014925373, 0.1
1072, 7316.0, 7, 6.818266542404474, 0.1
1073, 7323.0, 7, 6.818435754189944, 0.1
1074, 7329.0, 6, 6.817674418604651, 0.1
1075, 7336.0, 7, 6.817843866171004, 0.1
1076, 7344.0, 8, 6.818941504178273, 0.1
1077, 7351.0, 7, 6.819109461966605, 0.1
1078, 7358.0, 7, 6.819277108433735, 0.1
1079, 7366.0, 8, 6.82037037037037, 0.1
1080, 7373.0, 7, 6.820536540240518, 0.1
1081, 7379.0, 6, 6.8197781885397415, 0.1
1082, 7387.0, 8, 6.820867959372115, 0.1
1083, 7388.0, 1, 6.81549815498155, 0.1
1084, 7395.0, 7, 6.815668202764977, 0.1
1085, 7402.0, 7, 6.815837937384899, 0.1
1086, 7409.0, 7, 6.816007359705612, 0.1
1087, 7416.0, 7, 6.8161764705882355, 0.1
1088, 7423.0, 7, 6.816345270890725, 0.1
1089, 7430.0, 7, 6.81651376146789, 0.1
1090, 7434.0, 4, 6.813932172318974, 0.1
1091, 7441.0, 7, 6.814102564102564, 0.1
1092, 7447.0, 6, 6.813357731015554, 0.1
1093, 7454.0, 7, 6.813528336380256, 0.1
1094, 7461.0, 7, 6.813698630136987, 0.1
1095, 7464.0, 3, 6.810218978102189, 0.1
1096, 7472.0, 8, 6.811303555150411, 0.1
1097, 7479.0, 7, 6.811475409836065, 0.1
1098, 7487.0, 8, 6.8125568698817105, 0.1
1099, 7493.0, 6, 6.8118181818181816, 0.1
1100, 7501.0, 8, 6.812897366030881, 0.1
1101, 7507.0, 6, 6.812159709618875, 0.1
1102, 7514.0, 7, 6.812330009066184, 0.1
1103, 7519.0, 5, 6.8106884057971016, 0.1
1104, 7527.0, 8, 6.811764705882353, 0.1
1105, 7535.0, 8, 6.812839059674503, 0.1
1106, 7541.0, 6, 6.812104787714544, 0.1
1107, 7543.0, 2, 6.8077617328519855, 0.1
1108, 7551.0, 8, 6.808836789900812, 0.1
1109, 7559.0, 8, 6.80990990990991, 0.1
1110, 7566.0, 7, 6.81008100810081, 0.1
1111, 7571.0, 5, 6.808453237410072, 0.1
1112, 7579.0, 8, 6.809523809523809, 0.1
1113, 7586.0, 7, 6.809694793536805, 0.1
1114, 7589.0, 3, 6.806278026905829, 0.1
1115, 7596.0, 7, 6.806451612903226, 0.1
1116, 7603.0, 7, 6.806624888093107, 0.1
1117, 7610.0, 7, 6.806797853309481, 0.1
1118, 7617.0, 7, 6.806970509383378, 0.1
1119, 7625.0, 8, 6.808035714285714, 0.1
1120, 7633.0, 8, 6.809099018733274, 0.1
1121, 7639.0, 6, 6.808377896613191, 0.1
1122, 7647.0, 8, 6.809439002671416, 0.1
1123, 7654.0, 7, 6.809608540925267, 0.1
1124, 7657.0, 3, 6.806222222222222, 0.1
1125, 7665.0, 8, 6.80728241563055, 0.1
1126, 7668.0, 3, 6.803904170363798, 0.1
1127, 7676.0, 8, 6.804964539007092, 0.1
1128, 7682.0, 6, 6.804251550044287, 0.1
1129, 7689.0, 7, 6.804424778761062, 0.1
1130, 7697.0, 8, 6.805481874447391, 0.1
1131, 7704.0, 7, 6.80565371024735, 0.1
1132, 7712.0, 8, 6.8067078552515445, 0.1
1133, 7714.0, 2, 6.802469135802469, 0.1
1134, 7720.0, 6, 6.8017621145374445, 0.1
1135, 7726.0, 6, 6.801056338028169, 0.1
1136, 7733.0, 7, 6.801231310466139, 0.1
1137, 7739.0, 6, 6.800527240773286, 0.1
1138, 7745.0, 6, 6.79982440737489, 0.1
1139, 7751.0, 6, 6.799122807017544, 0.1
1140, 7758.0, 7, 6.799298860648554, 0.1
1141, 7766.0, 8, 6.800350262697023, 0.1
1142, 7774.0, 8, 6.801399825021872, 0.1
1143, 7778.0, 4, 6.798951048951049, 0.1
1144, 7786.0, 8, 6.8, 0.1
1145, 7792.0, 6, 6.799301919720768, 0.1
1146, 7796.0, 4, 6.796861377506539, 0.1
1147, 7804.0, 8, 6.7979094076655056, 0.1
1148, 7810.0, 6, 6.79721496953873, 0.1
1149, 7815.0, 5, 6.7956521739130435, 0.1
1150, 7822.0, 7, 6.795829713292789, 0.1
1151, 7830.0, 8, 6.796875, 0.1
1152, 7837.0, 7, 6.79705117085863, 0.1
1153, 7840.0, 3, 6.793760831889082, 0.1
1154, 7845.0, 5, 6.792207792207792, 0.1
1155, 7853.0, 8, 6.7932525951557095, 0.1
1156, 7859.0, 6, 6.79256698357822, 0.1
1157, 7867.0, 8, 6.793609671848014, 0.1
1158, 7875.0, 8, 6.7946505608283, 0.1
1159, 7882.0, 7, 6.794827586206897, 0.1
1160, 7887.0, 5, 6.79328165374677, 0.1
1161, 7894.0, 7, 6.793459552495697, 0.1
1162, 7901.0, 7, 6.793637145313843, 0.1
1163, 7909.0, 8, 6.7946735395189, 0.1
1164, 7917.0, 8, 6.795708154506438, 0.1
1165, 7923.0, 6, 6.795025728987993, 0.1
1166, 7926.0, 3, 6.791773778920309, 0.1
1167, 7931.0, 5, 6.790239726027397, 0.1
1168, 7936.0, 5, 6.7887082976903335, 0.1
1169, 7942.0, 6, 6.788034188034188, 0.1
1170, 7950.0, 8, 6.789069171648164, 0.1
1171, 7957.0, 7, 6.789249146757679, 0.1
1172, 7965.0, 8, 6.790281329923274, 0.1
1173, 7971.0, 6, 6.789608177172061, 0.1
1174, 7972.0, 1, 6.78468085106383, 0.1
1175, 7978.0, 6, 6.784013605442177, 0.1
1176, 7986.0, 8, 6.785046728971962, 0.1
1177, 7994.0, 8, 6.786078098471987, 0.1
1178, 8000.0, 6, 6.785411365564038, 0.1
1179, 8006.0, 6, 6.784745762711864, 0.1
1180, 8011.0, 5, 6.7832345469940725, 0.1
1181, 8019.0, 8, 6.784263959390863, 0.1
1182, 8025.0, 6, 6.783601014370245, 0.1
1183, 8033.0, 8, 6.784628378378378, 0.1
1184, 8041.0, 8, 6.785654008438819, 0.1
1185, 8049.0, 8, 6.786677908937605, 0.1
1186, 8057.0, 8, 6.787700084245999, 0.1
1187, 8065.0, 8, 6.788720538720539, 0.1
1188, 8071.0, 6, 6.788057190916737, 0.1
1189, 8075.0, 4, 6.785714285714286, 0.1
1190, 8083.0, 8, 6.7867338371116706, 0.1
1191, 8090.0, 7, 6.7869127516778525, 0.1
1192, 8094.0, 4, 6.7845766974015085, 0.1
1193, 8102.0, 8, 6.785594639865996, 0.1
1194, 8110.0, 8, 6.7866108786610875, 0.1
1195, 8117.0, 7, 6.786789297658863, 0.1
1196, 8124.0, 7, 6.786967418546366, 0.1
1197, 8132.0, 8, 6.787979966611019, 0.1
1198, 8140.0, 8, 6.7889908256880735, 0.1
1199, 8147.0, 7, 6.789166666666667, 0.1
1200, 8155.0, 8, 6.790174854288093, 0.1
1201, 8163.0, 8, 6.791181364392679, 0.1
1202, 8169.0, 6, 6.7905236907730675, 0.1
1203, 8177.0, 8, 6.791528239202658, 0.1
1204, 8181.0, 4, 6.789211618257261, 0.1
1205, 8189.0, 8, 6.7902155887230515, 0.1
1206, 8196.0, 7, 6.790389395194698, 0.1
1207, 8201.0, 5, 6.788907284768212, 0.1
1208, 8207.0, 6, 6.788254755996691, 0.1
1209, 8214.0, 7, 6.788429752066116, 0.1
1210, 8219.0, 5, 6.786952931461602, 0.1
1211, 8227.0, 8, 6.787953795379538, 0.1
1212, 8229.0, 2, 6.784006595218466, 0.1
1213, 8235.0, 6, 6.783360790774299, 0.1
1214, 8237.0, 2, 6.779423868312757, 0.1
1215, 8245.0, 8, 6.780427631578948, 0.1
1216, 8252.0, 7, 6.780608052588332, 0.1
1217, 8258.0, 6, 6.779967159277504, 0.1
1218, 8265.0, 7, 6.780147662018048, 0.1
1219, 8273.0, 8, 6.781147540983606, 0.1
1220, 8280.0, 7, 6.781326781326781, 0.1
1221, 8280.0, 0, 6.775777414075287, 0.1
1222, 8288.0, 8, 6.776778413736713, 0.1
1223, 8296.0, 8, 6.777777777777778, 0.1
1224, 8301.0, 5, 6.776326530612245, 0.1
1225, 8309.0, 8, 6.777324632952691, 0.1
1226, 8317.0, 8, 6.778321108394458, 0.1
1227, 8324.0, 7, 6.778501628664495, 0.1
1228, 8329.0, 5, 6.777054515866558, 0.1
1229, 8336.0, 7, 6.777235772357724, 0.1
1230, 8343.0, 7, 6.777416734362307, 0.1
1231, 8350.0, 7, 6.777597402597403, 0.1
1232, 8354.0, 4, 6.775344687753447, 0.1
1233, 8362.0, 8, 6.776337115072933, 0.1
1234, 8370.0, 8, 6.777327935222672, 0.1
1235, 8378.0, 8, 6.7783171521035595, 0.1
1236, 8386.0, 8, 6.77930476960388, 0.1
1237, 8392.0, 6, 6.778675282714055, 0.1
1238, 8399.0, 7, 6.778853914447135, 0.1
1239, 8406.0, 7, 6.779032258064516, 0.1
1240, 8413.0, 7, 6.779210314262691, 0.1
1241, 8421.0, 8, 6.780193236714976, 0.1
1242, 8428.0, 7, 6.7803700724054705, 0.1
1243, 8436.0, 8, 6.781350482315113, 0.1
1244, 8444.0, 8, 6.782329317269077, 0.1
1245, 8451.0, 7, 6.782504012841091, 0.1
1246, 8459.0, 8, 6.783480352846833, 0.1
1247, 8464.0, 5, 6.782051282051282, 0.1
1248, 8472.0, 8, 6.78302642113691, 0.1
1249, 8480.0, 8, 6.784, 0.1
1250, 8487.0, 7, 6.784172661870503, 0.1
1251, 8492.0, 5, 6.782747603833866, 0.1
1252, 8500.0, 8, 6.783719074221867, 0.1
1253, 8507.0, 7, 6.783891547049442, 0.1
1254, 8515.0, 8, 6.7848605577689245, 0.1
1255, 8519.0, 4, 6.782643312101911, 0.1
1256, 8526.0, 7, 6.782816229116945, 0.1
1257, 8532.0, 6, 6.782193958664547, 0.1
1258, 8535.0, 3, 6.779189833200953, 0.1
1259, 8543.0, 8, 6.78015873015873, 0.1
1260, 8551.0, 8, 6.781126090404441, 0.1
1261, 8559.0, 8, 6.782091917591125, 0.1
1262, 8565.0, 6, 6.781472684085511, 0.1
1263, 8572.0, 7, 6.781645569620253, 0.1
1264, 8580.0, 8, 6.782608695652174, 0.1
1265, 8588.0, 8, 6.783570300157978, 0.1
1266, 8595.0, 7, 6.783741120757695, 0.1
1267, 8602.0, 7, 6.78391167192429, 0.1
1268, 8609.0, 7, 6.78408195429472, 0.1
1269, 8616.0, 7, 6.784251968503937, 0.1
1270, 8618.0, 2, 6.780487804878049, 0.1
1271, 8626.0, 8, 6.781446540880503, 0.1
1272, 8630.0, 4, 6.779261586802828, 0.1
1273, 8636.0, 6, 6.778649921507064, 0.1
1274, 8644.0, 8, 6.779607843137255, 0.1
1275, 8650.0, 6, 6.778996865203761, 0.1
1276, 8657.0, 7, 6.779169929522318, 0.1
1277, 8664.0, 7, 6.779342723004695, 0.1
1278, 8671.0, 7, 6.779515246286161, 0.1
1279, 8678.0, 7, 6.7796875, 0.1
1280, 8684.0, 6, 6.779078844652616, 0.1
1281, 8689.0, 5, 6.777691107644306, 0.1
1282, 8696.0, 7, 6.777864380358535, 0.1
1283, 8702.0, 6, 6.777258566978193, 0.1
1284, 8709.0, 7, 6.777431906614786, 0.1
1285, 8717.0, 8, 6.778382581648523, 0.1
1286, 8725.0, 8, 6.7793317793317796, 0.1
1287, 8727.0, 2, 6.775621118012422, 0.1
1288, 8733.0, 6, 6.7750193948797515, 0.1
1289, 8740.0, 7, 6.775193798449612, 0.1
1290, 8741.0, 1, 6.770720371804803, 0.1
1291, 8749.0, 8, 6.771671826625387, 0.1
1292, 8757.0, 8, 6.77262180974478, 0.1
1293, 8764.0, 7, 6.7727975270479135, 0.1
1294, 8770.0, 6, 6.772200772200772, 0.1
1295, 8773.0, 3, 6.76929012345679, 0.1
1296, 8781.0, 8, 6.770239013107171, 0.1
1297, 8782.0, 1, 6.765793528505393, 0.1
1298, 8787.0, 5, 6.764434180138569, 0.1
1299, 8792.0, 5, 6.763076923076923, 0.1
1300, 8799.0, 7, 6.76325903151422, 0.1
1301, 8805.0, 6, 6.7626728110599075, 0.1
1302, 8806.0, 1, 6.758250191864927, 0.1
1303, 8812.0, 6, 6.757668711656442, 0.1
1304, 8820.0, 8, 6.758620689655173, 0.1
1305, 8822.0, 2, 6.7549770290964775, 0.1
1306, 8830.0, 8, 6.75592960979342, 0.1
1307, 8837.0, 7, 6.75611620795107, 0.1
1308, 8842.0, 5, 6.7547746371275785, 0.1
1309, 8849.0, 7, 6.754961832061069, 0.1
1310, 8857.0, 8, 6.755911517925248, 0.1
1311, 8864.0, 7, 6.7560975609756095, 0.1
1312, 8871.0, 7, 6.756283320639756, 0.1
1313, 8879.0, 8, 6.757229832572298, 0.1
1314, 8886.0, 7, 6.757414448669201, 0.1
1315, 8893.0, 7, 6.757598784194529, 0.1
1316, 8894.0, 1, 6.75322703113136, 0.1
1317, 8900.0, 6, 6.7526555386949925, 0.1
1318, 8907.0, 7, 6.752843062926459, 0.1
1319, 8915.0, 8, 6.753787878787879, 0.1
1320, 8922.0, 7, 6.753974261922786, 0.1
1321, 8928.0, 6, 6.753403933434191, 0.1
1322, 8936.0, 8, 6.754346182917612, 0.1
1323, 8943.0, 7, 6.754531722054381, 0.1
1324, 8950.0, 7, 6.754716981132075, 0.1
1325, 8955.0, 5, 6.753393665158371, 0.1
1326, 8963.0, 8, 6.754333082140166, 0.1
1327, 8970.0, 7, 6.754518072289157, 0.1
1328, 8977.0, 7, 6.754702784048156, 0.1
1329, 8983.0, 6, 6.754135338345865, 0.1
1330, 8991.0, 8, 6.755071374906086, 0.1
1331, 8998.0, 7, 6.755255255255255, 0.1
1332, 9000.0, 2, 6.751687921980495, 0.1
1333, 9008.0, 8, 6.752623688155922, 0.1
1334, 9014.0, 6, 6.752059925093633, 0.1
1335, 9021.0, 7, 6.752245508982036, 0.1
1336, 9028.0, 7, 6.75243081525804, 0.1
1337, 9029.0, 1, 6.74813153961136, 0.1
1338, 9037.0, 8, 6.749066467513069, 0.1
1339, 9044.0, 7, 6.749253731343283, 0.1
1340, 9052.0, 8, 6.750186428038777, 0.1
1341, 9060.0, 8, 6.751117734724292, 0.1
1342, 9063.0, 3, 6.748324646314222, 0.1
1343, 9071.0, 8, 6.7492559523809526, 0.1
1344, 9079.0, 8, 6.750185873605948, 0.1
1345, 9079.0, 0, 6.74517087667162, 0.1
1346, 9087.0, 8, 6.7461024498886415, 0.1
1347, 9094.0, 7, 6.746290801186944, 0.1
1348, 9101.0, 7, 6.746478873239437, 0.1
1349, 9109.0, 8, 6.747407407407407, 0.1
1350, 9117.0, 8, 6.748334566987417, 0.1
1351, 9124.0, 7, 6.7485207100591715, 0.1
1352, 9129.0, 5, 6.747228381374723, 0.1
1353, 9137.0, 8, 6.748153618906942, 0.1
1354, 9145.0, 8, 6.749077490774908, 0.1
1355, 9152.0, 7, 6.7492625368731565, 0.1
1356, 9153.0, 1, 6.745025792188652, 0.1
1357, 9160.0, 7, 6.745213549337261, 0.1
1358, 9161.0, 1, 6.740986019131714, 0.1
1359, 9169.0, 8, 6.741911764705883, 0.1
1360, 9176.0, 7, 6.7421013960323295, 0.1
1361, 9183.0, 7, 6.742290748898679, 0.1
1362, 9190.0, 7, 6.7424798239178285, 0.1
1363, 9191.0, 1, 6.738269794721408, 0.1
1364, 9199.0, 8, 6.739194139194139, 0.1
1365, 9202.0, 3, 6.736456808199121, 0.1
1366, 9209.0, 7, 6.736649597659108, 0.1
1367, 9210.0, 1, 6.732456140350878, 0.1
1368, 9217.0, 7, 6.732651570489408, 0.1
1369, 9223.0, 6, 6.732116788321168, 0.1
1370, 9230.0, 7, 6.732312180889862, 0.1
1371, 9238.0, 8, 6.733236151603498, 0.1
1372, 9245.0, 7, 6.733430444282593, 0.1
1373, 9252.0, 7, 6.7336244541484715, 0.1
1374, 9259.0, 7, 6.733818181818182, 0.1
1375, 9264.0, 5, 6.732558139534884, 0.1
1376, 9271.0, 7, 6.732752360203341, 0.1
1377, 9279.0, 8, 6.73367198838897, 0.1
1378, 9287.0, 8, 6.734590282813633, 0.1
1379, 9293.0, 6, 6.734057971014493, 0.1
1380, 9299.0, 6, 6.733526430123099, 0.1
1381, 9306.0, 7, 6.733719247467438, 0.1
1382, 9312.0, 6, 6.733188720173536, 0.1
1383, 9313.0, 1, 6.729046242774566, 0.1
1384, 9314.0, 1, 6.724909747292418, 0.1
1385, 9322.0, 8, 6.725829725829726, 0.1
1386, 9329.0, 7, 6.726027397260274, 0.1
1387, 9336.0, 7, 6.726224783861672, 0.1
1388, 9341.0, 5, 6.7249820014398844, 0.1
1389, 9348.0, 7, 6.7251798561151075, 0.1
1390, 9355.0, 7, 6.725377426312006, 0.1
1391, 9363.0, 8, 6.726293103448276, 0.1
1392, 9370.0, 7, 6.726489590811199, 0.1
1393, 9377.0, 7, 6.726685796269727, 0.1
1394, 9383.0, 6, 6.726164874551971, 0.1
1395, 9385.0, 2, 6.722779369627507, 0.1
1396, 9393.0, 8, 6.723693629205441, 0.1
1397, 9400.0, 7, 6.723891273247497, 0.1
1398, 9408.0, 8, 6.724803431022159, 0.1
1399, 9413.0, 5, 6.723571428571429, 0.1
1400, 9421.0, 8, 6.724482512491078, 0.1
1401, 9427.0, 6, 6.7239657631954355, 0.1
1402, 9434.0, 7, 6.72416250890948, 0.1
1403, 9441.0, 7, 6.7243589743589745, 0.1
1404, 9447.0, 6, 6.723843416370107, 0.1
1405, 9452.0, 5, 6.722617354196301, 0.1
1406, 9460.0, 8, 6.723525230987917, 0.1
1407, 9467.0, 7, 6.723721590909091, 0.1
1408, 9475.0, 8, 6.724627395315827, 0.1
1409, 9481.0, 6, 6.724113475177305, 0.1
1410, 9481.0, 0, 6.719347980155918, 0.1
1411, 9487.0, 6, 6.718838526912181, 0.1
1412, 9491.0, 4, 6.716914366595895, 0.1
1413, 9499.0, 8, 6.717821782178218, 0.1
1414, 9507.0, 8, 6.718727915194346, 0.1
1415, 9515.0, 8, 6.719632768361582, 0.1
1416, 9522.0, 7, 6.719830628087509, 0.1
1417, 9528.0, 6, 6.71932299012694, 0.1
1418, 9535.0, 7, 6.719520789288231, 0.1
1419, 9542.0, 7, 6.719718309859155, 0.1
1420, 9543.0, 1, 6.715693173821252, 0.1
1421, 9551.0, 8, 6.7165963431786215, 0.1
1422, 9558.0, 7, 6.7167955024595924, 0.1
1423, 9562.0, 4, 6.714887640449438, 0.1
1424, 9570.0, 8, 6.71578947368421, 0.1
1425, 9576.0, 6, 6.715287517531557, 0.1
1426, 9584.0, 8, 6.716187806587246, 0.1
1427, 9590.0, 6, 6.715686274509804, 0.1
1428, 9598.0, 8, 6.716585024492653, 0.1
1429, 9605.0, 7, 6.716783216783217, 0.1
1430, 9612.0, 7, 6.716981132075472, 0.1
1431, 9618.0, 6, 6.716480446927374, 0.1
1432, 9624.0, 6, 6.715980460572226, 0.1
1433, 9630.0, 6, 6.7154811715481175, 0.1
1434, 9635.0, 5, 6.714285714285714, 0.1
1435, 9642.0, 7, 6.7144846796657385, 0.1
1436, 9650.0, 8, 6.715379262352123, 0.1
1437, 9654.0, 4, 6.713490959666203, 0.1
1438, 9661.0, 7, 6.713690062543433, 0.1
1439, 9669.0, 8, 6.714583333333334, 0.1
1440, 9676.0, 7, 6.714781401804302, 0.1
1441, 9680.0, 4, 6.712898751733703, 0.1
1442, 9687.0, 7, 6.713097713097713, 0.1
1443, 9695.0, 8, 6.71398891966759, 0.1
1444, 9703.0, 8, 6.714878892733564, 0.1
1445, 9710.0, 7, 6.715076071922545, 0.1
1446, 9715.0, 5, 6.713890808569454, 0.1
1447, 9723.0, 8, 6.7147790055248615, 0.1
1448, 9731.0, 8, 6.715665976535542, 0.1
1449, 9739.0, 8, 6.716551724137931, 0.1
1450, 9746.0, 7, 6.7167470709855275, 0.1
1451, 9753.0, 7, 6.716942148760331, 0.1
1452, 9759.0, 6, 6.716448726772195, 0.1
1453, 9765.0, 6, 6.71595598349381, 0.1
1454, 9771.0, 6, 6.715463917525773, 0.1
1455, 9777.0, 6, 6.714972527472527, 0.1
1456, 9784.0, 7, 6.715168153740563, 0.1
1457, 9791.0, 7, 6.715363511659808, 0.1
1458, 9798.0, 7, 6.715558601782043, 0.1
1459, 9806.0, 8, 6.7164383561643834, 0.1
1460, 9812.0, 6, 6.715947980835044, 0.1
1461, 9820.0, 8, 6.7168262653898765, 0.1
1462, 9827.0, 7, 6.71701982228298, 0.1
1463, 9835.0, 8, 6.717896174863388, 0.1
1464, 9843.0, 8, 6.71877133105802, 0.1
1465, 9849.0, 6, 6.718281036834925, 0.1
1466, 9856.0, 7, 6.718473074301295, 0.1
1467, 9864.0, 8, 6.7193460490463215, 0.1
1468, 9872.0, 8, 6.720217835262083, 0.1
1469, 9878.0, 6, 6.719727891156462, 0.1
1470, 9885.0, 7, 6.719918422841604, 0.1
1471, 9892.0, 7, 6.720108695652174, 0.1
1472, 9899.0, 7, 6.720298710115411, 0.1
1473, 9907.0, 8, 6.721166892808684, 0.1
1474, 9914.0, 7, 6.72135593220339, 0.1
1475, 9921.0, 7, 6.721544715447155, 0.1
1476, 9924.0, 3, 6.719025050778606, 0.1
1477, 9931.0, 7, 6.7192151556156965, 0.1
1478, 9939.0, 8, 6.720081135902637, 0.1
1479, 9947.0, 8, 6.720945945945946, 0.1
1480, 9953.0, 6, 6.7204591492234975, 0.1
1481, 9961.0, 8, 6.721322537112011, 0.1
1482, 9969.0, 8, 6.722184760620364, 0.1
1483, 9974.0, 5, 6.7210242587601075, 0.1
1484, 9981.0, 7, 6.721212121212122, 0.1
1485, 9986.0, 5, 6.720053835800807, 0.1
1486, 9991.0, 5, 6.718897108271688, 0.1
1487, 9999.0, 8, 6.719758064516129, 0.1
1488, 10006.0, 7, 6.719946272666219, 0.1
1489, 10014.0, 8, 6.7208053691275165, 0.1
1490, 10020.0, 6, 6.720321931589537, 0.1
1491, 10026.0, 6, 6.7198391420911525, 0.1
1492, 10028.0, 2, 6.716677829872739, 0.1
1493, 10035.0, 7, 6.716867469879518, 0.1
1494, 10043.0, 8, 6.717725752508361, 0.1
1495, 10043.0, 0, 6.713235294117647, 0.1
1496, 10047.0, 4, 6.7114228456913825, 0.1
1497, 10052.0, 5, 6.710280373831775, 0.1
1498, 10060.0, 8, 6.711140760507004, 0.1
1499, 10062.0, 2, 6.708, 0.1
1500, 10070.0, 8, 6.708860759493671, 0.1
1501, 10077.0, 7, 6.709054593874834, 0.1
1502, 10085.0, 8, 6.709913506320692, 0.1
1503, 10086.0, 1, 6.7061170212765955, 0.1
1504, 10094.0, 8, 6.706976744186046, 0.1
1505, 10100.0, 6, 6.706507304116866, 0.1
1506, 10108.0, 8, 6.707365627073656, 0.1
1507, 10116.0, 8, 6.708222811671088, 0.1
1508, 10124.0, 8, 6.7090788601722995, 0.1
1509, 10125.0, 1, 6.7052980132450335, 0.1
1510, 10133.0, 8, 6.706154864328259, 0.1
1511, 10138.0, 5, 6.705026455026455, 0.1
1512, 10143.0, 5, 6.703899537343027, 0.1
1513, 10150.0, 7, 6.704095112285337, 0.1
1514, 10157.0, 7, 6.704290429042905, 0.1
1515, 10159.0, 2, 6.7011873350923485, 0.1
1516, 10166.0, 7, 6.701384311140409, 0.1
1517, 10173.0, 7, 6.701581027667984, 0.1
1518, 10180.0, 7, 6.701777485187623, 0.1
1519, 10187.0, 7, 6.701973684210526, 0.1
1520, 10195.0, 8, 6.702827087442472, 0.1
1521, 10203.0, 8, 6.7036793692509855, 0.1
1522, 10210.0, 7, 6.70387393302692, 0.1
1523, 10217.0, 7, 6.704068241469816, 0.1
1524, 10225.0, 8, 6.704918032786885, 0.1
1525, 10233.0, 8, 6.705766710353866, 0.1
1526, 10234.0, 1, 6.702030124426981, 0.1
1527, 10234.0, 0, 6.697643979057592, 0.1
1528, 10241.0, 7, 6.697841726618705, 0.1
1529, 10248.0, 7, 6.698039215686275, 0.1
1530, 10253.0, 5, 6.696930111038537, 0.1
1531, 10260.0, 7, 6.697127937336814, 0.1
1532, 10268.0, 8, 6.697977821265493, 0.1
1533, 10274.0, 6, 6.697522816166884, 0.1
1534, 10279.0, 5, 6.696416938110749, 0.1
1535, 10286.0, 7, 6.696614583333333, 0.1
1536, 10293.0, 7, 6.696811971372804, 0.1
1537, 10301.0, 8, 6.697659297789337, 0.1
1538, 10308.0, 7, 6.69785575048733, 0.1
1539, 10315.0, 7, 6.6980519480519485, 0.1
1540, 10322.0, 7, 6.698247890979883, 0.1
1541, 10329.0, 7, 6.698443579766537, 0.1
1542, 10337.0, 8, 6.699287103046014, 0.1
1543, 10345.0, 8, 6.700129533678757, 0.1
1544, 10353.0, 8, 6.7009708737864075, 0.1
1545, 10359.0, 6, 6.700517464424321, 0.1
1546, 10367.0, 8, 6.701357466063349, 0.1
1547, 10372.0, 5, 6.700258397932816, 0.1
1548, 10375.0, 3, 6.697869593285991, 0.1
1549, 10382.0, 7, 6.698064516129032, 0.1
1550, 10389.0, 7, 6.69825918762089, 0.1
1551, 10392.0, 3, 6.695876288659794, 0.1
1552, 10397.0, 5, 6.6947842884739215, 0.1
1553, 10398.0, 1, 6.691119691119691, 0.1
1554, 10405.0, 7, 6.691318327974277, 0.1
1555, 10408.0, 3, 6.688946015424165, 0.1
1556, 10414.0, 6, 6.688503532434169, 0.1
1557, 10422.0, 8, 6.689345314505776, 0.1
1558, 10430.0, 8, 6.690186016677357, 0.1
1559, 10438.0, 8, 6.691025641025641, 0.1
1560, 10445.0, 7, 6.691223574631646, 0.1
1561, 10451.0, 6, 6.690781049935979, 0.1
1562, 10457.0, 6, 6.690339091490723, 0.1
1563, 10463.0, 6, 6.689897698209719, 0.1
1564, 10471.0, 8, 6.69073482428115, 0.1
1565, 10477.0, 6, 6.69029374201788, 0.1
1566, 10479.0, 2, 6.687300574345884, 0.1
1567, 10486.0, 7, 6.6875, 0.1
1568, 10491.0, 5, 6.686424474187381, 0.1
1569, 10498.0, 7, 6.686624203821656, 0.1
1570, 10506.0, 8, 6.687460216422661, 0.1
1571, 10513.0, 7, 6.68765903307888, 0.1
1572, 10520.0, 7, 6.687857596948506, 0.1
1573, 10526.0, 6, 6.687420584498094, 0.1
1574, 10526.0, 0, 6.683174603174603, 0.1
1575, 10534.0, 8, 6.684010152284264, 0.1
1576, 10542.0, 8, 6.684844641724794, 0.1
1577, 10549.0, 7, 6.685044359949303, 0.1
1578, 10556.0, 7, 6.685243825205826, 0.1
1579, 10564.0, 8, 6.686075949367089, 0.1
1580, 10572.0, 8, 6.686907020872865, 0.1
1581, 10579.0, 7, 6.687104930467762, 0.1
1582, 10586.0, 7, 6.687302590018952, 0.1
1583, 10592.0, 6, 6.686868686868687, 0.1
1584, 10598.0, 6, 6.6864353312302836, 0.1
1585, 10604.0, 6, 6.686002522068096, 0.1
1586, 10609.0, 5, 6.684940138626339, 0.1
1587, 10617.0, 8, 6.685768261964736, 0.1
1588, 10625.0, 8, 6.686595342983008, 0.1
1589, 10632.0, 7, 6.686792452830189, 0.1
1590, 10640.0, 8, 6.687617850408548, 0.1
1591, 10648.0, 8, 6.688442211055277, 0.1
1592, 10656.0, 8, 6.6892655367231635, 0.1
1593, 10663.0, 7, 6.689460476787954, 0.1
1594, 10670.0, 7, 6.689655172413793, 0.1
1595, 10678.0, 8, 6.690476190476191, 0.1
1596, 10684.0, 6, 6.6900438321853475, 0.1
1597, 10691.0, 7, 6.690237797246558, 0.1
1598, 10698.0, 7, 6.690431519699812, 0.1
1599, 10705.0, 7, 6.690625, 0.1
1600, 10713.0, 8, 6.691442848219863, 0.1
1601, 10721.0, 8, 6.692259675405743, 0.1
1602, 10721.0, 0, 6.688084840923269, 0.1
1603, 10729.0, 8, 6.688902743142145, 0.1
1604, 10736.0, 7, 6.689096573208722, 0.1
1605, 10744.0, 8, 6.689912826899128, 0.1
1606, 10752.0, 8, 6.690728064716864, 0.1
1607, 10754.0, 2, 6.687810945273632, 0.1
1608, 10760.0, 6, 6.687383467992542, 0.1
1609, 10766.0, 6, 6.6869565217391305, 0.1
1610, 10767.0, 1, 6.683426443202979, 0.1
1611, 10774.0, 7, 6.683622828784119, 0.1
1612, 10782.0, 8, 6.68443893366398, 0.1
1613, 10790.0, 8, 6.685254027261462, 0.1
1614, 10795.0, 5, 6.684210526315789, 0.1
1615, 10803.0, 8, 6.685024752475248, 0.1
1616, 10811.0, 8, 6.685837971552258, 0.1
1617, 10819.0, 8, 6.686650185414091, 0.1
1618, 10825.0, 6, 6.686226065472514, 0.1
1619, 10832.0, 7, 6.68641975308642, 0.1
1620, 10839.0, 7, 6.6866132017273285, 0.1
1621, 10847.0, 8, 6.687422934648582, 0.1
1622, 10848.0, 1, 6.683918669131239, 0.1
1623, 10856.0, 8, 6.684729064039409, 0.1
1624, 10864.0, 8, 6.685538461538462, 0.1
1625, 10872.0, 8, 6.686346863468635, 0.1
1626, 10876.0, 4, 6.684695759065765, 0.1
1627, 10883.0, 7, 6.684889434889435, 0.1
1628, 10891.0, 8, 6.685696746470227, 0.1
1629, 10894.0, 3, 6.683435582822086, 0.1
1630, 10901.0, 7, 6.683629675045984, 0.1
1631, 10909.0, 8, 6.684436274509804, 0.1
1632, 10915.0, 6, 6.684017146356399, 0.1
1633, 10923.0, 8, 6.684822521419829, 0.1
1634, 10929.0, 6, 6.68440366972477, 0.1
1635, 10937.0, 8, 6.68520782396088, 0.1
1636, 10945.0, 8, 6.686010995723885, 0.1
1637, 10951.0, 6, 6.685592185592186, 0.1
1638, 10957.0, 6, 6.685173886516169, 0.1
1639, 10965.0, 8, 6.685975609756097, 0.1
1640, 10967.0, 2, 6.683120048750761, 0.1
1641, 10975.0, 8, 6.683922046285018, 0.1
1642, 10982.0, 7, 6.684114424832623, 0.1
1643, 10988.0, 6, 6.683698296836983, 0.1
1644, 10995.0, 7, 6.683890577507599, 0.1
1645, 11002.0, 7, 6.68408262454435, 0.1
1646, 11006.0, 4, 6.682452944748027, 0.1
1647, 11013.0, 7, 6.682645631067961, 0.1
1648, 11021.0, 8, 6.683444511825349, 0.1
1649, 11022.0, 1, 6.68, 0.1
1650, 11023.0, 1, 6.6765596608116295, 0.1
1651, 11031.0, 8, 6.677360774818402, 0.1
1652, 11039.0, 8, 6.67816091954023, 0.1
1653, 11047.0, 8, 6.678960096735188, 0.1
1654, 11053.0, 6, 6.678549848942598, 0.1
1655, 11060.0, 7, 6.678743961352657, 0.1
1656, 11062.0, 2, 6.675920337960169, 0.1
1657, 11069.0, 7, 6.6761158021712905, 0.1
1658, 11070.0, 1, 6.672694394213382, 0.1
1659, 11078.0, 8, 6.6734939759036145, 0.1
1660, 11086.0, 8, 6.674292594822396, 0.1
1661, 11092.0, 6, 6.673886883273165, 0.1
1662, 11100.0, 8, 6.674684305472039, 0.1
1663, 11108.0, 8, 6.675480769230769, 0.1
1664, 11116.0, 8, 6.676276276276276, 0.1
1665, 11122.0, 6, 6.675870348139256, 0.1
1666, 11130.0, 8, 6.676664667066587, 0.1
1667, 11133.0, 3, 6.674460431654676, 0.1
1668, 11141.0, 8, 6.675254643499101, 0.1
1669, 11149.0, 8, 6.676047904191617, 0.1
1670, 11157.0, 8, 6.6768402154398565, 0.1
1671, 11163.0, 6, 6.676435406698564, 0.1
1672, 11169.0, 6, 6.676031081888823, 0.1
1673, 11177.0, 8, 6.676821983273596, 0.1
1674, 11184.0, 7, 6.677014925373134, 0.1
1675, 11191.0, 7, 6.677207637231503, 0.1
1676, 11199.0, 8, 6.677996422182469, 0.1
1677, 11207.0, 8, 6.678784266984505, 0.1
1678, 11214.0, 7, 6.678975580702799, 0.1
1679, 11222.0, 8, 6.679761904761905, 0.1
1680, 11227.0, 5, 6.6787626412849495, 0.1
1681, 11235.0, 8, 6.679548156956005, 0.1
1682, 11242.0, 7, 6.6797385620915035, 0.1
1683, 11250.0, 8, 6.680522565320665, 0.1
1684, 11258.0, 8, 6.681305637982196, 0.1
1685, 11264.0, 6, 6.680901542111506, 0.1
1686, 11272.0, 8, 6.68168346176645, 0.1
1687, 11280.0, 8, 6.682464454976303, 0.1
1688, 11287.0, 7, 6.682652457075193, 0.1
1689, 11292.0, 5, 6.681656804733728, 0.1
1690, 11297.0, 5, 6.680662329982259, 0.1
1691, 11299.0, 2, 6.67789598108747, 0.1
1692, 11306.0, 7, 6.6780862374483165, 0.1
1693, 11314.0, 8, 6.678866587957497, 0.1
1694, 11320.0, 6, 6.678466076696165, 0.1
1695, 11328.0, 8, 6.679245283018868, 0.1
1696, 11336.0, 8, 6.680023571007661, 0.1
1697, 11343.0, 7, 6.680212014134276, 0.1
1698, 11351.0, 8, 6.680988816951148, 0.1
1699, 11359.0, 8, 6.681764705882353, 0.1
1700, 11366.0, 7, 6.681951793062904, 0.1
1701, 11371.0, 5, 6.68096357226792, 0.1
1702, 11372.0, 1, 6.677627715795655, 0.1
1703, 11380.0, 8, 6.678403755868545, 0.1
1704, 11387.0, 7, 6.678592375366569, 0.1
1705, 11394.0, 7, 6.678780773739742, 0.1
1706, 11401.0, 7, 6.678968951376684, 0.1
1707, 11408.0, 7, 6.679156908665106, 0.1
1708, 11416.0, 8, 6.679929783499122, 0.1
1709, 11424.0, 8, 6.680701754385965, 0.1
1710, 11430.0, 6, 6.6803039158386905, 0.1
1711, 11438.0, 8, 6.68107476635514, 0.1
1712, 11445.0, 7, 6.6812609457092815, 0.1
1713, 11453.0, 8, 6.6820303383897315, 0.1
1714, 11461.0, 8, 6.682798833819242, 0.1
1715, 11468.0, 7, 6.682983682983683, 0.1
1716, 11474.0, 6, 6.682585905649389, 0.1
1717, 11482.0, 8, 6.6833527357392315, 0.1
1718, 11485.0, 3, 6.681210005817336, 0.1
1719, 11492.0, 7, 6.681395348837209, 0.1
1720, 11499.0, 7, 6.68158047646717, 0.1
1721, 11507.0, 8, 6.682346109175377, 0.1
1722, 11515.0, 8, 6.683110853163088, 0.1
1723, 11523.0, 8, 6.683874709976799, 0.1
1724, 11531.0, 8, 6.68463768115942, 0.1
1725, 11537.0, 6, 6.684241019698725, 0.1
1726, 11544.0, 7, 6.684423856398379, 0.1
1727, 11550.0, 6, 6.684027777777778, 0.1
1728, 11558.0, 8, 6.6847888953152115, 0.1
1729, 11566.0, 8, 6.685549132947977, 0.1
1730, 11574.0, 8, 6.68630849220104, 0.1
1731, 11582.0, 8, 6.687066974595843, 0.1
1732, 11585.0, 3, 6.684939411425274, 0.1
1733, 11592.0, 7, 6.685121107266436, 0.1
1734, 11599.0, 7, 6.685302593659943, 0.1
1735, 11599.0, 0, 6.681451612903226, 0.1
1736, 11606.0, 7, 6.681635002878526, 0.1
1737, 11613.0, 7, 6.681818181818182, 0.1
1738, 11620.0, 7, 6.682001150086257, 0.1
1739, 11628.0, 8, 6.682758620689655, 0.1
1740, 11636.0, 8, 6.683515221137277, 0.1
1741, 11643.0, 7, 6.6836969001148105, 0.1
1742, 11648.0, 5, 6.682730923694779, 0.1
1743, 11655.0, 7, 6.682912844036697, 0.1
1744, 11663.0, 8, 6.683667621776504, 0.1
1745, 11671.0, 8, 6.684421534936999, 0.1
1746, 11679.0, 8, 6.685174585002862, 0.1
1747, 11680.0, 1, 6.6819221967963385, 0.1
1748, 11687.0, 7, 6.68210405946255, 0.1
1749, 11694.0, 7, 6.682285714285714, 0.1
1750, 11701.0, 7, 6.68246716162193, 0.1
1751, 11709.0, 8, 6.683219178082192, 0.1
1752, 11716.0, 7, 6.683399885909869, 0.1
1753, 11716.0, 0, 6.679589509692132, 0.1
1754, 11723.0, 7, 6.679772079772079, 0.1
1755, 11729.0, 6, 6.679384965831435, 0.1
1756, 11737.0, 8, 6.680136596471258, 0.1
1757, 11743.0, 6, 6.679749715585893, 0.1
1758, 11750.0, 7, 6.679931779420125, 0.1
1759, 11757.0, 7, 6.680113636363636, 0.1
1760, 11764.0, 7, 6.680295286768882, 0.1
1761, 11770.0, 6, 6.6799091940976165, 0.1
1762, 11778.0, 8, 6.680657969370391, 0.1
1763, 11786.0, 8, 6.68140589569161, 0.1
1764, 11794.0, 8, 6.682152974504249, 0.1
1765, 11801.0, 7, 6.68233295583239, 0.1
1766, 11807.0, 6, 6.6819468024900965, 0.1
1767, 11815.0, 8, 6.6826923076923075, 0.1
1768, 11820.0, 5, 6.6817410966647826, 0.1
1769, 11828.0, 8, 6.682485875706215, 0.1
1770, 11836.0, 8, 6.683229813664596, 0.1
1771, 11844.0, 8, 6.683972911963883, 0.1
1772, 11850.0, 6, 6.683587140439933, 0.1
1773, 11857.0, 7, 6.683765501691093, 0.1
1774, 11863.0, 6, 6.683380281690141, 0.1
1775, 11868.0, 5, 6.6824324324324325, 0.1
1776, 11875.0, 7, 6.682611142374789, 0.1
1777, 11882.0, 7, 6.6827896512935885, 0.1
1778, 11889.0, 7, 6.682967959527825, 0.1
1779, 11896.0, 7, 6.683146067415731, 0.1
1780, 11904.0, 8, 6.683885457608086, 0.1
1781, 11912.0, 8, 6.6846240179573515, 0.1
1782, 11920.0, 8, 6.685361749859787, 0.1
1783, 11921.0, 1, 6.682174887892376, 0.1
1784, 11927.0, 6, 6.681792717086835, 0.1
1785, 11935.0, 8, 6.682530795072788, 0.1
1786, 11939.0, 4, 6.681029658645775, 0.1
1787, 11947.0, 8, 6.681767337807607, 0.1
1788, 11953.0, 6, 6.681386249301285, 0.1
1789, 11960.0, 7, 6.681564245810056, 0.1
1790, 11968.0, 8, 6.682300390843104, 0.1
1791, 11974.0, 6, 6.681919642857143, 0.1
1792, 11981.0, 7, 6.682097044060234, 0.1
1793, 11985.0, 4, 6.6806020066889635, 0.1
1794, 11993.0, 8, 6.68133704735376, 0.1
1795, 12000.0, 7, 6.6815144766147, 0.1
1796, 12007.0, 7, 6.6816917084028935, 0.1
1797, 12013.0, 6, 6.68131256952169, 0.1
1798, 12021.0, 8, 6.682045580878266, 0.1
1799, 12028.0, 7, 6.682222222222222, 0.1
1800, 12036.0, 8, 6.682953914491949, 0.1
1801, 12040.0, 4, 6.681465038845727, 0.1
1802, 12043.0, 3, 6.679423183582918, 0.1
1803, 12050.0, 7, 6.67960088691796, 0.1
1804, 12058.0, 8, 6.6803324099723, 0.1
1805, 12065.0, 7, 6.680509413067552, 0.1
1806, 12069.0, 4, 6.6790260099612615, 0.1
1807, 12075.0, 6, 6.678650442477876, 0.1
1808, 12083.0, 8, 6.679380873410724, 0.1
1809, 12090.0, 7, 6.679558011049724, 0.1
1810, 12097.0, 7, 6.679734953064605, 0.1
1811, 12103.0, 6, 6.679359823399558, 0.1
1812, 12109.0, 6, 6.678985107556536, 0.1
1813, 12116.0, 7, 6.679162072767365, 0.1
1814, 12124.0, 8, 6.679889807162534, 0.1
1815, 12131.0, 7, 6.6800660792951545, 0.1
1816, 12138.0, 7, 6.680242157402311, 0.1
1817, 12145.0, 7, 6.68041804180418, 0.1
1818, 12152.0, 7, 6.680593732820231, 0.1
1819, 12160.0, 8, 6.681318681318682, 0.1
1820, 12168.0, 8, 6.682042833607908, 0.1
1821, 12175.0, 7, 6.682217343578485, 0.1
1822, 12182.0, 7, 6.682391662095447, 0.1
1823, 12184.0, 2, 6.6798245614035086, 0.1
1824, 12190.0, 6, 6.67945205479452, 0.1
1825, 12195.0, 5, 6.6785323110624315, 0.1
1826, 12202.0, 7, 6.678708264915161, 0.1
1827, 12209.0, 7, 6.678884026258205, 0.1
1828, 12216.0, 7, 6.679059595407327, 0.1
1829, 12223.0, 7, 6.6792349726775955, 0.1
1830, 12229.0, 6, 6.678864008738394, 0.1
1831, 12237.0, 8, 6.679585152838428, 0.1
1832, 12243.0, 6, 6.6792144026186575, 0.1
1833, 12251.0, 8, 6.679934569247546, 0.1
1834, 12258.0, 7, 6.680108991825613, 0.1
1835, 12265.0, 7, 6.680283224400871, 0.1
1836, 12272.0, 7, 6.680457267283614, 0.1
1837, 12280.0, 8, 6.681175190424375, 0.1
1838, 12288.0, 8, 6.68189233278956, 0.1
1839, 12296.0, 8, 6.682608695652174, 0.1
1840, 12301.0, 5, 6.681694731124389, 0.1
1841, 12309.0, 8, 6.682410423452769, 0.1
1842, 12315.0, 6, 6.682040151926207, 0.1
1843, 12322.0, 7, 6.682212581344903, 0.1
1844, 12330.0, 8, 6.682926829268292, 0.1
1845, 12337.0, 7, 6.683098591549296, 0.1
1846, 12344.0, 7, 6.68327016783974, 0.1
1847, 12352.0, 8, 6.683982683982684, 0.1
1848, 12360.0, 8, 6.684694429421309, 0.1
1849, 12364.0, 4, 6.683243243243243, 0.1
1850, 12371.0, 7, 6.683414370610481, 0.1
1851, 12379.0, 8, 6.684125269978401, 0.1
1852, 12381.0, 2, 6.681597409606044, 0.1
1853, 12389.0, 8, 6.682308522114347, 0.1
1854, 12396.0, 7, 6.682479784366577, 0.1
1855, 12404.0, 8, 6.683189655172414, 0.1
1856, 12411.0, 7, 6.683360258481422, 0.1
1857, 12418.0, 7, 6.683530678148546, 0.1
1858, 12420.0, 2, 6.681011296395912, 0.1
1859, 12428.0, 8, 6.681720430107527, 0.1
1860, 12436.0, 8, 6.682428801719506, 0.1
1861, 12444.0, 8, 6.683136412459721, 0.1
1862, 12450.0, 6, 6.6827697262479875, 0.1
1863, 12458.0, 8, 6.6834763948497855, 0.1
1864, 12466.0, 8, 6.684182305630027, 0.1
1865, 12466.0, 0, 6.680600214362272, 0.1
1866, 12472.0, 6, 6.680235672201393, 0.1
1867, 12480.0, 8, 6.680942184154175, 0.1
1868, 12484.0, 4, 6.679507758159444, 0.1
1869, 12490.0, 6, 6.679144385026738, 0.1
1870, 12498.0, 8, 6.679850347407803, 0.1
1871, 12506.0, 8, 6.680555555555555, 0.1
1872, 12514.0, 8, 6.681260010678057, 0.1
1873, 12519.0, 5, 6.680362860192102, 0.1
1874, 12527.0, 8, 6.681066666666666, 0.1
1875, 12532.0, 5, 6.680170575692964, 0.1
1876, 12534.0, 2, 6.677677144379329, 0.1
1877, 12542.0, 8, 6.678381256656017, 0.1
1878, 12550.0, 8, 6.679084619478446, 0.1
1879, 12558.0, 8, 6.6797872340425535, 0.1
1880, 12563.0, 5, 6.678894205209994, 0.1
1881, 12571.0, 8, 6.679596174282678, 0.1
1882, 12579.0, 8, 6.680297397769516, 0.1
1883, 12586.0, 7, 6.6804670912951165, 0.1
1884, 12593.0, 7, 6.680636604774536, 0.1
1885, 12600.0, 7, 6.680805938494167, 0.1
1886, 12607.0, 7, 6.680975092739799, 0.1
1887, 12614.0, 7, 6.68114406779661, 0.1
1888, 12620.0, 6, 6.68078348332451, 0.1
1889, 12628.0, 8, 6.681481481481481, 0.1
1890, 12629.0, 1, 6.678476996298255, 0.1
1891, 12635.0, 6, 6.678118393234672, 0.1
1892, 12642.0, 7, 6.678288431061807, 0.1
1893, 12648.0, 6, 6.6779303062302, 0.1
1894, 12656.0, 8, 6.6786279683377305, 0.1
1895, 12664.0, 8, 6.679324894514768, 0.1
1896, 12672.0, 8, 6.680021085925145, 0.1
1897, 12680.0, 8, 6.6807165437302425, 0.1
1898, 12687.0, 7, 6.6808846761453395, 0.1
1899, 12692.0, 5, 6.68, 0.1
1900, 12699.0, 7, 6.680168332456602, 0.1
1901, 12707.0, 8, 6.680862250262881, 0.1
1902, 12714.0, 7, 6.681029952706253, 0.1
1903, 12722.0, 8, 6.68172268907563, 0.1
1904, 12730.0, 8, 6.68241469816273, 0.1
1905, 12737.0, 7, 6.682581322140608, 0.1
1906, 12744.0, 7, 6.682747771368642, 0.1
1907, 12752.0, 8, 6.683438155136268, 0.1
1908, 12759.0, 7, 6.683603981141959, 0.1
1909, 12766.0, 7, 6.683769633507853, 0.1
1910, 12766.0, 0, 6.680272108843537, 0.1
1911, 12774.0, 8, 6.680962343096234, 0.1
1912, 12779.0, 5, 6.680083638264506, 0.1
1913, 12786.0, 7, 6.6802507836990594, 0.1
1914, 12794.0, 8, 6.680939947780679, 0.1
1915, 12802.0, 8, 6.681628392484343, 0.1
1916, 12810.0, 8, 6.682316118935837, 0.1
1917, 12818.0, 8, 6.683003128258603, 0.1
1918, 12824.0, 6, 6.68264721208963, 0.1
1919, 12832.0, 8, 6.683333333333334, 0.1
1920, 12840.0, 8, 6.684018740239458, 0.1
1921, 12848.0, 8, 6.684703433922997, 0.1
1922, 12855.0, 7, 6.684867394695788, 0.1
1923, 12863.0, 8, 6.6855509355509355, 0.1
1924, 12871.0, 8, 6.686233766233766, 0.1
1925, 12871.0, 0, 6.68276220145379, 0.1
1926, 12878.0, 7, 6.682926829268292, 0.1
1927, 12885.0, 7, 6.683091286307054, 0.1
1928, 12890.0, 5, 6.682218766200104, 0.1
1929, 12897.0, 7, 6.682383419689119, 0.1
1930, 12899.0, 2, 6.679958570688762, 0.1
1931, 12904.0, 5, 6.679089026915114, 0.1
1932, 12912.0, 8, 6.679772374547336, 0.1
1933, 12919.0, 7, 6.679937952430197, 0.1
1934, 12927.0, 8, 6.68062015503876, 0.1
1935, 12935.0, 8, 6.681301652892562, 0.1
1936, 12941.0, 6, 6.680949922560661, 0.1
1937, 12947.0, 6, 6.680598555211558, 0.1
1938, 12953.0, 6, 6.680247550283651, 0.1
1939, 12959.0, 6, 6.679896907216495, 0.1
1940, 12965.0, 6, 6.679546625450799, 0.1
1941, 12972.0, 7, 6.679711637487126, 0.1
1942, 12978.0, 6, 6.679361811631498, 0.1
1943, 12986.0, 8, 6.6800411522633745, 0.1
1944, 12993.0, 7, 6.680205655526993, 0.1
1945, 12993.0, 0, 6.6767728674203495, 0.1
1946, 12999.0, 6, 6.676425269645609, 0.1
1947, 13005.0, 6, 6.676078028747433, 0.1
1948, 13012.0, 7, 6.676244227809133, 0.1
1949, 13019.0, 7, 6.676410256410256, 0.1
1950, 13027.0, 8, 6.677088672475653, 0.1
1951, 13035.0, 8, 6.677766393442623, 0.1
1952, 13041.0, 6, 6.67741935483871, 0.1
1953, 13048.0, 7, 6.677584442169908, 0.1
1954, 13053.0, 5, 6.676726342710998, 0.1
1955, 13058.0, 5, 6.675869120654396, 0.1
1956, 13066.0, 8, 6.676545733265201, 0.1
1957, 13072.0, 6, 6.676200204290092, 0.1
1958, 13079.0, 7, 6.676365492598264, 0.1
1959, 13080.0, 1, 6.673469387755102, 0.1
1960, 13087.0, 7, 6.673635900050995, 0.1
1961, 13095.0, 8, 6.674311926605505, 0.1
1962, 13102.0, 7, 6.674477840040754, 0.1
1963, 13109.0, 7, 6.674643584521385, 0.1
1964, 13116.0, 7, 6.674809160305344, 0.1
1965, 13123.0, 7, 6.674974567650051, 0.1
1966, 13130.0, 7, 6.675139806812405, 0.1
1967, 13136.0, 6, 6.67479674796748, 0.1
1968, 13143.0, 7, 6.674961909598781, 0.1
1969, 13151.0, 8, 6.675634517766498, 0.1
1970, 13159.0, 8, 6.6763064434297315, 0.1
1971, 13165.0, 6, 6.675963488843814, 0.1
1972, 13168.0, 3, 6.67410035478966, 0.1
1973, 13168.0, 0, 6.6707193515704155, 0.1
1974, 13175.0, 7, 6.670886075949367, 0.1
1975, 13183.0, 8, 6.6715587044534415, 0.1
1976, 13191.0, 8, 6.672230652503794, 0.1
1977, 13198.0, 7, 6.6723963599595555, 0.1
1978, 13206.0, 8, 6.673067205659424, 0.1
1979, 13213.0, 7, 6.673232323232323, 0.1
1980, 13221.0, 8, 6.673902069661787, 0.1
1981, 13228.0, 7, 6.674066599394551, 0.1
1982, 13235.0, 7, 6.674230963187091, 0.1
1983, 13242.0, 7, 6.674395161290323, 0.1
1984, 13249.0, 7, 6.67455919395466, 0.1
1985, 13257.0, 8, 6.675226586102719, 0.1
1986, 13265.0, 8, 6.675893306492199, 0.1
1987, 13271.0, 6, 6.675553319919517, 0.1
1988, 13278.0, 7, 6.675716440422323, 0.1
1989, 13282.0, 4, 6.674371859296483, 0.1
1990, 13290.0, 8, 6.6750376695128075, 0.1
1991, 13297.0, 7, 6.675200803212851, 0.1
1992, 13299.0, 2, 6.672854992473658, 0.1
1993, 13306.0, 7, 6.673019057171515, 0.1
1994, 13306.0, 0, 6.669674185463659, 0.1
1995, 13313.0, 7, 6.669839679358717, 0.1
1996, 13314.0, 1, 6.667000500751127, 0.1
1997, 13320.0, 6, 6.666666666666667, 0.1
1998, 13328.0, 8, 6.667333666833417, 0.1
1999, 13334.0, 6, 6.667, 0.1
