0, 8.0, 8, 8.0, 0.2
1, 16.0, 8, 8.0, 0.2
2, 24.0, 8, 8.0, 0.2
3, 32.0, 8, 8.0, 0.2
4, 40.0, 8, 8.0, 0.2
5, 48.0, 8, 8.0, 0.2
6, 56.0, 8, 8.0, 0.2
7, 64.0, 8, 8.0, 0.2
8, 72.0, 8, 8.0, 0.2
9, 80.0, 8, 8.0, 0.2
10, 88.0, 8, 8.0, 0.2
11, 96.0, 8, 8.0, 0.2
12, 104.0, 8, 8.0, 0.2
13, 112.0, 8, 8.0, 0.2
14, 120.0, 8, 8.0, 0.2
15, 128.0, 8, 8.0, 0.2
16, 136.0, 8, 8.0, 0.2
17, 144.0, 8, 8.0, 0.2
18, 152.0, 8, 8.0, 0.2
19, 160.0, 8, 8.0, 0.2
20, 168.0, 8, 8.0, 0.2
21, 176.0, 8, 8.0, 0.2
22, 184.0, 8, 8.0, 0.2
23, 192.0, 8, 8.0, 0.2
24, 200.0, 8, 8.0, 0.2
25, 208.0, 8, 8.0, 0.2
26, 216.0, 8, 8.0, 0.2
27, 224.0, 8, 8.0, 0.2
28, 232.0, 8, 8.0, 0.2
29, 240.0, 8, 8.0, 0.2
30, 248.0, 8, 8.0, 0.2
31, 256.0, 8, 8.0, 0.2
32, 264.0, 8, 8.0, 0.2
33, 272.0, 8, 8.0, 0.2
34, 280.0, 8, 8.0, 0.2
35, 288.0, 8, 8.0, 0.2
36, 296.0, 8, 8.0, 0.2
37, 304.0, 8, 8.0, 0.2
38, 312.0, 8, 8.0, 0.2
39, 320.0, 8, 8.0, 0.2
40, 328.0, 8, 8.0, 0.2
41, 336.0, 8, 8.0, 0.2
42, 344.0, 8, 8.0, 0.2
43, 352.0, 8, 8.0, 0.2
44, 360.0, 8, 8.0, 0.2
45, 368.0, 8, 8.0, 0.2
46, 376.0, 8, 8.0, 0.2
47, 384.0, 8, 8.0, 0.2
48, 392.0, 8, 8.0, 0.2
49, 400.0, 8, 8.0, 0.2
50, 408.0, 8, 8.0, 0.2
51, 416.0, 8, 8.0, 0.2
52, 424.0, 8, 8.0, 0.2
53, 432.0, 8, 8.0, 0.2
54, 440.0, 8, 8.0, 0.2
55, 448.0, 8, 8.0, 0.2
56, 456.0, 8, 8.0, 0.2
57, 464.0, 8, 8.0, 0.2
58, 472.0, 8, 8.0, 0.2
59, 480.0, 8, 8.0, 0.2
60, 488.0, 8, 8.0, 0.2
61, 496.0, 8, 8.0, 0.2
62, 504.0, 8, 8.0, 0.2
63, 512.0, 8, 8.0, 0.2
64, 520.0, 8, 8.0, 0.2
65, 528.0, 8, 8.0, 0.2
66, 536.0, 8, 8.0, 0.2
67, 544.0, 8, 8.0, 0.2
68, 552.0, 8, 8.0, 0.2
69, 560.0, 8, 8.0, 0.2
70, 568.0, 8, 8.0, 0.2
71, 576.0, 8, 8.0, 0.2
72, 584.0, 8, 8.0, 0.2
73, 592.0, 8, 8.0, 0.2
74, 600.0, 8, 8.0, 0.2
75, 608.0, 8, 8.0, 0.2
76, 616.0, 8, 8.0, 0.2
77, 624.0, 8, 8.0, 0.2
78, 632.0, 8, 8.0, 0.2
79, 640.0, 8, 8.0, 0.2
80, 648.0, 8, 8.0, 0.2
81, 656.0, 8, 8.0, 0.2
82, 664.0, 8, 8.0, 0.2
83, 672.0, 8, 8.0, 0.2
84, 680.0, 8, 8.0, 0.2
85, 688.0, 8, 8.0, 0.2
86, 696.0, 8, 8.0, 0.2
87, 704.0, 8, 8.0, 0.2
88, 712.0, 8, 8.0, 0.2
89, 720.0, 8, 8.0, 0.2
90, 728.0, 8, 8.0, 0.2
91, 736.0, 8, 8.0, 0.2
92, 744.0, 8, 8.0, 0.2
93, 752.0, 8, 8.0, 0.2
94, 760.0, 8, 8.0, 0.2
95, 768.0, 8, 8.0, 0.2
96, 776.0, 8, 8.0, 0.2
97, 784.0, 8, 8.0, 0.2
98, 792.0, 8, 8.0, 0.2
99, 800.0, 8, 8.0, 0.2
100, 808.0, 8, 8.0, 0.2
101, 816.0, 8, 8.0, 0.2
102, 824.0, 8, 8.0, 0.2
103, 832.0, 8, 8.0, 0.2
104, 840.0, 8, 8.0, 0.2
105, 848.0, 8, 8.0, 0.2
106, 856.0, 8, 8.0, 0.2
107, 864.0, 8, 8.0, 0.2
108, 872.0, 8, 8.0, 0.2
109, 880.0, 8, 8.0, 0.2
110, 888.0, 8, 8.0, 0.2
111, 896.0, 8, 8.0, 0.2
112, 904.0, 8, 8.0, 0.2
113, 912.0, 8, 8.0, 0.2
114, 920.0, 8, 8.0, 0.2
115, 928.0, 8, 8.0, 0.2
116, 936.0, 8, 8.0, 0.2
117, 944.0, 8, 8.0, 0.2
118, 952.0, 8, 8.0, 0.2
119, 960.0, 8, 8.0, 0.2
120, 968.0, 8, 8.0, 0.2
121, 976.0, 8, 8.0, 0.2
122, 984.0, 8, 8.0, 0.2
123, 992.0, 8, 8.0, 0.2
124, 1000.0, 8, 8.0, 0.2
125, 1008.0, 8, 8.0, 0.2
126, 1016.0, 8, 8.0, 0.2
127, 1024.0, 8, 8.0, 0.2
128, 1032.0, 8, 8.0, 0.2
129, 1040.0, 8, 8.0, 0.2
130, 1048.0, 8, 8.0, 0.2
131, 1056.0, 8, 8.0, 0.2
132, 1064.0, 8, 8.0, 0.2
133, 1072.0, 8, 8.0, 0.2
134, 1080.0, 8, 8.0, 0.2
135, 1088.0, 8, 8.0, 0.2
136, 1096.0, 8, 8.0, 0.2
137, 1104.0, 8, 8.0, 0.2
138, 1112.0, 8, 8.0, 0.2
139, 1120.0, 8, 8.0, 0.2
140, 1128.0, 8, 8.0, 0.2
141, 1136.0, 8, 8.0, 0.2
142, 1144.0, 8, 8.0, 0.2
143, 1152.0, 8, 8.0, 0.2
144, 1160.0, 8, 8.0, 0.2
145, 1168.0, 8, 8.0, 0.2
146, 1176.0, 8, 8.0, 0.2
147, 1184.0, 8, 8.0, 0.2
148, 1192.0, 8, 8.0, 0.2
149, 1200.0, 8, 8.0, 0.2
150, 1208.0, 8, 8.0, 0.2
151, 1216.0, 8, 8.0, 0.2
152, 1224.0, 8, 8.0, 0.2
153, 1232.0, 8, 8.0, 0.2
154, 1240.0, 8, 8.0, 0.2
155, 1248.0, 8, 8.0, 0.2
156, 1256.0, 8, 8.0, 0.2
157, 1264.0, 8, 8.0, 0.2
158, 1272.0, 8, 8.0, 0.2
159, 1280.0, 8, 8.0, 0.2
160, 1288.0, 8, 8.0, 0.2
161, 1296.0, 8, 8.0, 0.2
162, 1304.0, 8, 8.0, 0.2
163, 1312.0, 8, 8.0, 0.2
164, 1320.0, 8, 8.0, 0.2
165, 1328.0, 8, 8.0, 0.2
166, 1336.0, 8, 8.0, 0.2
167, 1344.0, 8, 8.0, 0.2
168, 1352.0, 8, 8.0, 0.2
169, 1360.0, 8, 8.0, 0.2
170, 1368.0, 8, 8.0, 0.2
171, 1376.0, 8, 8.0, 0.2
172, 1384.0, 8, 8.0, 0.2
173, 1392.0, 8, 8.0, 0.2
174, 1400.0, 8, 8.0, 0.2
175, 1408.0, 8, 8.0, 0.2
176, 1416.0, 8, 8.0, 0.2
177, 1424.0, 8, 8.0, 0.2
178, 1432.0, 8, 8.0, 0.2
179, 1440.0, 8, 8.0, 0.2
180, 1448.0, 8, 8.0, 0.2
181, 1456.0, 8, 8.0, 0.2
182, 1464.0, 8, 8.0, 0.2
183, 1472.0, 8, 8.0, 0.2
184, 1480.0, 8, 8.0, 0.2
185, 1488.0, 8, 8.0, 0.2
186, 1496.0, 8, 8.0, 0.2
187, 1504.0, 8, 8.0, 0.2
188, 1512.0, 8, 8.0, 0.2
189, 1520.0, 8, 8.0, 0.2
190, 1528.0, 8, 8.0, 0.2
191, 1536.0, 8, 8.0, 0.2
192, 1544.0, 8, 8.0, 0.2
193, 1552.0, 8, 8.0, 0.2
194, 1560.0, 8, 8.0, 0.2
195, 1568.0, 8, 8.0, 0.2
196, 1576.0, 8, 8.0, 0.2
197, 1584.0, 8, 8.0, 0.2
198, 1592.0, 8, 8.0, 0.2
199, 1600.0, 8, 8.0, 0.2
200, 1608.0, 8, 8.0, 0.2
201, 1616.0, 8, 8.0, 0.2
202, 1624.0, 8, 8.0, 0.2
203, 1632.0, 8, 8.0, 0.2
204, 1640.0, 8, 8.0, 0.2
205, 1648.0, 8, 8.0, 0.2
206, 1656.0, 8, 8.0, 0.2
207, 1664.0, 8, 8.0, 0.2
208, 1672.0, 8, 8.0, 0.2
209, 1680.0, 8, 8.0, 0.2
210, 1688.0, 8, 8.0, 0.2
211, 1696.0, 8, 8.0, 0.2
212, 1704.0, 8, 8.0, 0.2
213, 1712.0, 8, 8.0, 0.2
214, 1720.0, 8, 8.0, 0.2
215, 1728.0, 8, 8.0, 0.2
216, 1736.0, 8, 8.0, 0.2
217, 1744.0, 8, 8.0, 0.2
218, 1752.0, 8, 8.0, 0.2
219, 1760.0, 8, 8.0, 0.2
220, 1768.0, 8, 8.0, 0.2
221, 1776.0, 8, 8.0, 0.2
222, 1784.0, 8, 8.0, 0.2
223, 1792.0, 8, 8.0, 0.2
224, 1800.0, 8, 8.0, 0.2
225, 1808.0, 8, 8.0, 0.2
226, 1816.0, 8, 8.0, 0.2
227, 1824.0, 8, 8.0, 0.2
228, 1831.0, 7, 7.995633187772926, 0.2
229, 1836.0, 5, 7.982608695652174, 0.2
230, 1843.0, 7, 7.978354978354979, 0.2
231, 1850.0, 7, 7.974137931034483, 0.2
232, 1858.0, 8, 7.9742489270386265, 0.2
233, 1865.0, 7, 7.97008547008547, 0.2
234, 1872.0, 7, 7.965957446808511, 0.2
235, 1877.0, 5, 7.953389830508475, 0.2
236, 1881.0, 4, 7.936708860759493, 0.2
237, 1888.0, 7, 7.932773109243698, 0.2
238, 1896.0, 8, 7.933054393305439, 0.2
239, 1901.0, 5, 7.920833333333333, 0.2
240, 1908.0, 7, 7.91701244813278, 0.2
241, 1915.0, 7, 7.913223140495868, 0.2
242, 1920.0, 5, 7.901234567901234, 0.2
243, 1927.0, 7, 7.897540983606557, 0.2
244, 1934.0, 7, 7.893877551020408, 0.2
245, 1940.0, 6, 7.8861788617886175, 0.2
246, 1947.0, 7, 7.882591093117409, 0.2
247, 1953.0, 6, 7.875, 0.2
248, 1960.0, 7, 7.871485943775101, 0.2
249, 1967.0, 7, 7.868, 0.2
250, 1975.0, 8, 7.868525896414343, 0.2
251, 1982.0, 7, 7.865079365079365, 0.2
252, 1989.0, 7, 7.861660079051384, 0.2
253, 1994.0, 5, 7.850393700787402, 0.2
254, 2001.0, 7, 7.847058823529411, 0.2
255, 2009.0, 8, 7.84765625, 0.2
256, 2014.0, 5, 7.836575875486381, 0.2
257, 2020.0, 6, 7.829457364341085, 0.2
258, 2026.0, 6, 7.822393822393822, 0.2
259, 2033.0, 7, 7.819230769230769, 0.2
260, 2041.0, 8, 7.819923371647509, 0.2
261, 2046.0, 5, 7.809160305343512, 0.2
262, 2052.0, 6, 7.802281368821292, 0.2
263, 2057.0, 5, 7.791666666666667, 0.2
264, 2064.0, 7, 7.788679245283019, 0.2
265, 2072.0, 8, 7.7894736842105265, 0.2
266, 2079.0, 7, 7.786516853932584, 0.2
267, 2087.0, 8, 7.787313432835821, 0.2
268, 2095.0, 8, 7.788104089219331, 0.2
269, 2102.0, 7, 7.785185185185185, 0.2
270, 2106.0, 4, 7.771217712177122, 0.2
271, 2111.0, 5, 7.761029411764706, 0.2
272, 2118.0, 7, 7.758241758241758, 0.2
273, 2123.0, 5, 7.748175182481752, 0.2
274, 2129.0, 6, 7.741818181818182, 0.2
275, 2135.0, 6, 7.7355072463768115, 0.2
276, 2140.0, 5, 7.725631768953068, 0.2
277, 2148.0, 8, 7.726618705035971, 0.2
278, 2154.0, 6, 7.720430107526882, 0.2
279, 2162.0, 8, 7.7214285714285715, 0.2
280, 2169.0, 7, 7.7188612099644125, 0.2
281, 2175.0, 6, 7.712765957446808, 0.2
282, 2180.0, 5, 7.703180212014134, 0.2
283, 2184.0, 4, 7.690140845070423, 0.2
284, 2192.0, 8, 7.6912280701754385, 0.2
285, 2198.0, 6, 7.685314685314685, 0.2
286, 2205.0, 7, 7.682926829268292, 0.2
287, 2212.0, 7, 7.680555555555555, 0.2
288, 2219.0, 7, 7.678200692041522, 0.2
289, 2226.0, 7, 7.675862068965517, 0.2
290, 2232.0, 6, 7.670103092783505, 0.2
291, 2236.0, 4, 7.657534246575342, 0.2
292, 2243.0, 7, 7.6552901023890785, 0.2
293, 2248.0, 5, 7.64625850340136, 0.2
294, 2254.0, 6, 7.640677966101695, 0.2
295, 2262.0, 8, 7.641891891891892, 0.2
296, 2269.0, 7, 7.63973063973064, 0.2
297, 2277.0, 8, 7.640939597315437, 0.2
298, 2284.0, 7, 7.638795986622074, 0.2
299, 2290.0, 6, 7.633333333333334, 0.2
300, 2295.0, 5, 7.6245847176079735, 0.2
301, 2300.0, 5, 7.6158940397351, 0.2
302, 2307.0, 7, 7.6138613861386135, 0.2
303, 2314.0, 7, 7.6118421052631575, 0.2
304, 2320.0, 6, 7.60655737704918, 0.2
305, 2323.0, 3, 7.591503267973856, 0.2
306, 2331.0, 8, 7.592833876221499, 0.2
307, 2334.0, 3, 7.577922077922078, 0.2
308, 2341.0, 7, 7.576051779935275, 0.2
309, 2348.0, 7, 7.574193548387097, 0.2
310, 2356.0, 8, 7.57556270096463, 0.2
311, 2362.0, 6, 7.57051282051282, 0.2
312, 2368.0, 6, 7.565495207667731, 0.2
313, 2376.0, 8, 7.56687898089172, 0.2
314, 2384.0, 8, 7.568253968253968, 0.2
315, 2390.0, 6, 7.563291139240507, 0.2
316, 2393.0, 3, 7.548895899053628, 0.2
317, 2401.0, 8, 7.550314465408805, 0.2
318, 2408.0, 7, 7.54858934169279, 0.2
319, 2413.0, 5, 7.540625, 0.2
320, 2419.0, 6, 7.535825545171339, 0.2
321, 2426.0, 7, 7.53416149068323, 0.2
322, 2432.0, 6, 7.529411764705882, 0.2
323, 2433.0, 1, 7.5092592592592595, 0.2
324, 2441.0, 8, 7.510769230769231, 0.2
325, 2447.0, 6, 7.506134969325154, 0.2
326, 2452.0, 5, 7.4984709480122325, 0.2
327, 2456.0, 4, 7.487804878048781, 0.2
328, 2464.0, 8, 7.48936170212766, 0.2
329, 2467.0, 3, 7.475757575757576, 0.2
330, 2471.0, 4, 7.4652567975830815, 0.2
331, 2478.0, 7, 7.463855421686747, 0.2
332, 2480.0, 2, 7.4474474474474475, 0.2
333, 2486.0, 6, 7.4431137724550895, 0.2
334, 2494.0, 8, 7.444776119402985, 0.2
335, 2502.0, 8, 7.446428571428571, 0.2
336, 2508.0, 6, 7.44213649851632, 0.2
337, 2514.0, 6, 7.437869822485207, 0.2
338, 2520.0, 6, 7.433628318584071, 0.2
339, 2527.0, 7, 7.432352941176471, 0.2
340, 2533.0, 6, 7.428152492668621, 0.2
341, 2540.0, 7, 7.426900584795321, 0.2
342, 2543.0, 3, 7.41399416909621, 0.2
343, 2550.0, 7, 7.412790697674419, 0.2
344, 2555.0, 5, 7.405797101449275, 0.2
345, 2562.0, 7, 7.404624277456647, 0.2
346, 2569.0, 7, 7.403458213256484, 0.2
347, 2575.0, 6, 7.399425287356322, 0.2
348, 2581.0, 6, 7.395415472779369, 0.2
349, 2588.0, 7, 7.394285714285714, 0.2
350, 2595.0, 7, 7.3931623931623935, 0.2
351, 2602.0, 7, 7.392045454545454, 0.2
352, 2607.0, 5, 7.385269121813031, 0.2
353, 2612.0, 5, 7.378531073446328, 0.2
354, 2619.0, 7, 7.377464788732395, 0.2
355, 2624.0, 5, 7.370786516853933, 0.2
356, 2629.0, 5, 7.364145658263305, 0.2
357, 2634.0, 5, 7.35754189944134, 0.2
358, 2640.0, 6, 7.353760445682451, 0.2
359, 2647.0, 7, 7.352777777777778, 0.2
360, 2654.0, 7, 7.351800554016621, 0.2
361, 2659.0, 5, 7.345303867403315, 0.2
362, 2664.0, 5, 7.338842975206612, 0.2
363, 2668.0, 4, 7.329670329670329, 0.2
364, 2676.0, 8, 7.331506849315068, 0.2
365, 2680.0, 4, 7.3224043715847, 0.2
366, 2686.0, 6, 7.3188010899182565, 0.2
367, 2692.0, 6, 7.315217391304348, 0.2
368, 2698.0, 6, 7.311653116531165, 0.2
369, 2706.0, 8, 7.313513513513514, 0.2
370, 2714.0, 8, 7.315363881401617, 0.2
371, 2720.0, 6, 7.311827956989247, 0.2
372, 2727.0, 7, 7.310991957104558, 0.2
373, 2734.0, 7, 7.310160427807487, 0.2
374, 2741.0, 7, 7.309333333333333, 0.2
375, 2746.0, 5, 7.303191489361702, 0.2
376, 2753.0, 7, 7.30238726790451, 0.2
377, 2759.0, 6, 7.298941798941799, 0.2
378, 2766.0, 7, 7.298153034300792, 0.2
379, 2772.0, 6, 7.294736842105263, 0.2
380, 2779.0, 7, 7.293963254593176, 0.2
381, 2786.0, 7, 7.293193717277487, 0.2
382, 2793.0, 7, 7.29242819843342, 0.2
383, 2798.0, 5, 7.286458333333333, 0.2
384, 2806.0, 8, 7.288311688311689, 0.2
385, 2812.0, 6, 7.284974093264249, 0.2
386, 2819.0, 7, 7.284237726098191, 0.2
387, 2824.0, 5, 7.278350515463917, 0.2
388, 2831.0, 7, 7.277634961439588, 0.2
389, 2836.0, 5, 7.271794871794872, 0.2
390, 2843.0, 7, 7.271099744245524, 0.2
391, 2850.0, 7, 7.270408163265306, 0.2
392, 2851.0, 1, 7.254452926208652, 0.2
393, 2857.0, 6, 7.251269035532995, 0.2
394, 2864.0, 7, 7.250632911392405, 0.2
395, 2869.0, 5, 7.244949494949495, 0.2
396, 2876.0, 7, 7.244332493702771, 0.2
397, 2881.0, 5, 7.238693467336684, 0.2
398, 2887.0, 6, 7.235588972431078, 0.2
399, 2894.0, 7, 7.235, 0.2
400, 2899.0, 5, 7.229426433915212, 0.2
401, 2907.0, 8, 7.231343283582089, 0.2
402, 2913.0, 6, 7.228287841191067, 0.2
403, 2920.0, 7, 7.227722772277228, 0.2
404, 2925.0, 5, 7.222222222222222, 0.2
405, 2933.0, 8, 7.224137931034483, 0.2
406, 2940.0, 7, 7.223587223587224, 0.2
407, 2942.0, 2, 7.21078431372549, 0.2
408, 2950.0, 8, 7.212713936430318, 0.2
409, 2956.0, 6, 7.209756097560976, 0.2
410, 2962.0, 6, 7.206812652068127, 0.2
411, 2966.0, 4, 7.199029126213592, 0.2
412, 2972.0, 6, 7.196125907990314, 0.2
413, 2978.0, 6, 7.193236714975845, 0.2
414, 2985.0, 7, 7.192771084337349, 0.2
415, 2992.0, 7, 7.1923076923076925, 0.2
416, 3000.0, 8, 7.194244604316546, 0.2
417, 3006.0, 6, 7.1913875598086126, 0.2
418, 3014.0, 8, 7.193317422434368, 0.2
419, 3020.0, 6, 7.190476190476191, 0.2
420, 3026.0, 6, 7.1876484560570075, 0.2
421, 3033.0, 7, 7.187203791469194, 0.2
422, 3041.0, 8, 7.1891252955082745, 0.2
423, 3047.0, 6, 7.186320754716981, 0.2
424, 3053.0, 6, 7.183529411764706, 0.2
425, 3058.0, 5, 7.178403755868545, 0.2
426, 3065.0, 7, 7.177985948477752, 0.2
427, 3068.0, 3, 7.168224299065421, 0.2
428, 3068.0, 0, 7.151515151515151, 0.2
429, 3073.0, 5, 7.1465116279069765, 0.2
430, 3077.0, 4, 7.139211136890951, 0.2
431, 3083.0, 6, 7.136574074074074, 0.2
432, 3089.0, 6, 7.133949191685912, 0.2
433, 3095.0, 6, 7.131336405529954, 0.2
434, 3099.0, 4, 7.124137931034483, 0.2
435, 3103.0, 4, 7.11697247706422, 0.2
436, 3111.0, 8, 7.118993135011442, 0.2
437, 3117.0, 6, 7.116438356164384, 0.2
438, 3125.0, 8, 7.118451025056948, 0.2
439, 3126.0, 1, 7.1045454545454545, 0.2
440, 3133.0, 7, 7.104308390022676, 0.2
441, 3140.0, 7, 7.104072398190045, 0.2
442, 3146.0, 6, 7.10158013544018, 0.2
443, 3150.0, 4, 7.094594594594595, 0.2
444, 3155.0, 5, 7.089887640449438, 0.2
445, 3160.0, 5, 7.085201793721973, 0.2
446, 3167.0, 7, 7.085011185682327, 0.2
447, 3172.0, 5, 7.080357142857143, 0.2
448, 3178.0, 6, 7.077951002227172, 0.2
449, 3185.0, 7, 7.0777777777777775, 0.2
450, 3192.0, 7, 7.07760532150776, 0.2
451, 3199.0, 7, 7.077433628318584, 0.2
452, 3205.0, 6, 7.075055187637969, 0.2
453, 3212.0, 7, 7.07488986784141, 0.2
454, 3219.0, 7, 7.0747252747252745, 0.2
455, 3225.0, 6, 7.072368421052632, 0.2
456, 3231.0, 6, 7.070021881838074, 0.2
457, 3239.0, 8, 7.072052401746725, 0.2
458, 3246.0, 7, 7.071895424836601, 0.2
459, 3250.0, 4, 7.065217391304348, 0.2
460, 3257.0, 7, 7.065075921908893, 0.2
461, 3263.0, 6, 7.062770562770563, 0.2
462, 3271.0, 8, 7.064794816414687, 0.2
463, 3276.0, 5, 7.060344827586207, 0.2
464, 3282.0, 6, 7.058064516129032, 0.2
465, 3286.0, 4, 7.051502145922747, 0.2
466, 3293.0, 7, 7.0513918629550325, 0.2
467, 3299.0, 6, 7.049145299145299, 0.2
468, 3305.0, 6, 7.046908315565032, 0.2
469, 3311.0, 6, 7.04468085106383, 0.2
470, 3317.0, 6, 7.042462845010616, 0.2
471, 3318.0, 1, 7.029661016949152, 0.2
472, 3325.0, 7, 7.029598308668076, 0.2
473, 3331.0, 6, 7.027426160337553, 0.2
474, 3338.0, 7, 7.027368421052632, 0.2
475, 3345.0, 7, 7.027310924369748, 0.2
476, 3350.0, 5, 7.023060796645702, 0.2
477, 3355.0, 5, 7.018828451882845, 0.2
478, 3356.0, 1, 7.006263048016701, 0.2
479, 3362.0, 6, 7.004166666666666, 0.2
480, 3369.0, 7, 7.004158004158004, 0.2
481, 3376.0, 7, 7.004149377593361, 0.2
482, 3381.0, 5, 7.0, 0.2
483, 3387.0, 6, 6.99793388429752, 0.2
484, 3393.0, 6, 6.995876288659794, 0.2
485, 3400.0, 7, 6.995884773662551, 0.2
486, 3407.0, 7, 6.9958932238193015, 0.2
487, 3415.0, 8, 6.997950819672131, 0.2
488, 3415.0, 0, 6.983640081799591, 0.2
489, 3422.0, 7, 6.983673469387755, 0.2
490, 3429.0, 7, 6.9837067209775965, 0.2
491, 3435.0, 6, 6.9817073170731705, 0.2
492, 3442.0, 7, 6.9817444219066935, 0.2
493, 3444.0, 2, 6.97165991902834, 0.2
494, 3447.0, 3, 6.963636363636364, 0.2
495, 3455.0, 8, 6.965725806451613, 0.2
496, 3461.0, 6, 6.963782696177063, 0.2
497, 3465.0, 4, 6.957831325301205, 0.2
498, 3472.0, 7, 6.9579158316633265, 0.2
499, 3477.0, 5, 6.954, 0.2
500, 3484.0, 7, 6.954091816367265, 0.2
501, 3492.0, 8, 6.956175298804781, 0.2
502, 3493.0, 1, 6.944333996023857, 0.2
503, 3501.0, 8, 6.946428571428571, 0.2
504, 3506.0, 5, 6.9425742574257425, 0.2
505, 3512.0, 6, 6.940711462450593, 0.2
506, 3519.0, 7, 6.940828402366864, 0.2
507, 3525.0, 6, 6.938976377952756, 0.2
508, 3533.0, 8, 6.94106090373281, 0.2
509, 3539.0, 6, 6.93921568627451, 0.2
510, 3544.0, 5, 6.935420743639922, 0.2
511, 3550.0, 6, 6.93359375, 0.2
512, 3556.0, 6, 6.9317738791423, 0.2
513, 3563.0, 7, 6.9319066147859925, 0.2
514, 3565.0, 2, 6.922330097087379, 0.2
515, 3572.0, 7, 6.922480620155039, 0.2
516, 3575.0, 3, 6.914893617021277, 0.2
517, 3582.0, 7, 6.915057915057915, 0.2
518, 3590.0, 8, 6.917148362235068, 0.2
519, 3595.0, 5, 6.913461538461538, 0.2
520, 3603.0, 8, 6.915547024952016, 0.2
521, 3609.0, 6, 6.913793103448276, 0.2
522, 3615.0, 6, 6.912045889101338, 0.2
523, 3621.0, 6, 6.9103053435114505, 0.2
524, 3629.0, 8, 6.9123809523809525, 0.2
525, 3631.0, 2, 6.903041825095057, 0.2
526, 3638.0, 7, 6.903225806451613, 0.2
527, 3644.0, 6, 6.901515151515151, 0.2
528, 3650.0, 6, 6.8998109640831755, 0.2
529, 3652.0, 2, 6.890566037735849, 0.2
530, 3657.0, 5, 6.887005649717514, 0.2
531, 3662.0, 5, 6.883458646616542, 0.2
532, 3669.0, 7, 6.8836772983114445, 0.2
533, 3675.0, 6, 6.882022471910112, 0.2
534, 3683.0, 8, 6.884112149532711, 0.2
535, 3688.0, 5, 6.880597014925373, 0.2
536, 3694.0, 6, 6.878957169459963, 0.2
537, 3694.0, 0, 6.866171003717472, 0.2
538, 3700.0, 6, 6.8645640074211505, 0.2
539, 3707.0, 7, 6.864814814814815, 0.2
540, 3713.0, 6, 6.863216266173752, 0.2
541, 3717.0, 4, 6.857933579335794, 0.2
542, 3724.0, 7, 6.858195211786372, 0.2
543, 3732.0, 8, 6.860294117647059, 0.2
544, 3737.0, 5, 6.856880733944954, 0.2
545, 3742.0, 5, 6.853479853479853, 0.2
546, 3749.0, 7, 6.853747714808044, 0.2
547, 3757.0, 8, 6.855839416058394, 0.2
548, 3762.0, 5, 6.852459016393443, 0.2
549, 3769.0, 7, 6.852727272727273, 0.2
550, 3775.0, 6, 6.8511796733212345, 0.2
551, 3783.0, 8, 6.853260869565218, 0.2
552, 3789.0, 6, 6.8517179023508135, 0.2
553, 3797.0, 8, 6.853790613718411, 0.2
554, 3802.0, 5, 6.850450450450451, 0.2
555, 3802.0, 0, 6.838129496402877, 0.2
556, 3808.0, 6, 6.836624775583483, 0.2
557, 3814.0, 6, 6.835125448028674, 0.2
558, 3821.0, 7, 6.835420393559929, 0.2
559, 3828.0, 7, 6.835714285714285, 0.2
560, 3832.0, 4, 6.83065953654189, 0.2
561, 3839.0, 7, 6.830960854092527, 0.2
562, 3843.0, 4, 6.825932504440497, 0.2
563, 3849.0, 6, 6.824468085106383, 0.2
564, 3856.0, 7, 6.824778761061947, 0.2
565, 3857.0, 1, 6.8144876325088335, 0.2
566, 3864.0, 7, 6.814814814814815, 0.2
567, 3869.0, 5, 6.811619718309859, 0.2
568, 3874.0, 5, 6.808435852372583, 0.2
569, 3875.0, 1, 6.798245614035087, 0.2
570, 3877.0, 2, 6.78984238178634, 0.2
571, 3884.0, 7, 6.79020979020979, 0.2
572, 3890.0, 6, 6.788830715532286, 0.2
573, 3897.0, 7, 6.789198606271777, 0.2
574, 3903.0, 6, 6.787826086956522, 0.2
575, 3909.0, 6, 6.786458333333333, 0.2
576, 3916.0, 7, 6.786828422876949, 0.2
577, 3923.0, 7, 6.78719723183391, 0.2
578, 3929.0, 6, 6.785837651122625, 0.2
579, 3936.0, 7, 6.786206896551724, 0.2
580, 3943.0, 7, 6.7865748709122204, 0.2
581, 3951.0, 8, 6.788659793814433, 0.2
582, 3957.0, 6, 6.787307032590052, 0.2
583, 3963.0, 6, 6.785958904109589, 0.2
584, 3971.0, 8, 6.788034188034188, 0.2
585, 3978.0, 7, 6.78839590443686, 0.2
586, 3984.0, 6, 6.787052810902896, 0.2
587, 3990.0, 6, 6.785714285714286, 0.2
588, 3996.0, 6, 6.784380305602716, 0.2
589, 3997.0, 1, 6.774576271186441, 0.2
590, 4005.0, 8, 6.776649746192893, 0.2
591, 4010.0, 5, 6.773648648648648, 0.2
592, 4015.0, 5, 6.770657672849915, 0.2
593, 4021.0, 6, 6.769360269360269, 0.2
594, 4027.0, 6, 6.768067226890756, 0.2
595, 4033.0, 6, 6.766778523489933, 0.2
596, 4038.0, 5, 6.763819095477387, 0.2
597, 4045.0, 7, 6.764214046822742, 0.2
598, 4051.0, 6, 6.762938230383973, 0.2
599, 4055.0, 4, 6.758333333333334, 0.2
600, 4061.0, 6, 6.757071547420965, 0.2
601, 4066.0, 5, 6.754152823920266, 0.2
602, 4073.0, 7, 6.7545605306799334, 0.2
603, 4080.0, 7, 6.754966887417218, 0.2
604, 4085.0, 5, 6.75206611570248, 0.2
605, 4091.0, 6, 6.750825082508251, 0.2
606, 4097.0, 6, 6.749588138385502, 0.2
607, 4103.0, 6, 6.748355263157895, 0.2
608, 4105.0, 2, 6.74055829228243, 0.2
609, 4113.0, 8, 6.742622950819672, 0.2
610, 4120.0, 7, 6.743044189852701, 0.2
611, 4127.0, 7, 6.743464052287582, 0.2
612, 4134.0, 7, 6.7438825448613375, 0.2
613, 4139.0, 5, 6.741042345276873, 0.2
614, 4144.0, 5, 6.738211382113821, 0.2
615, 4151.0, 7, 6.738636363636363, 0.2
616, 4156.0, 5, 6.7358184764991895, 0.2
617, 4162.0, 6, 6.73462783171521, 0.2
618, 4168.0, 6, 6.733441033925686, 0.2
619, 4173.0, 5, 6.730645161290322, 0.2
620, 4176.0, 3, 6.72463768115942, 0.2
621, 4183.0, 7, 6.72508038585209, 0.2
622, 4190.0, 7, 6.725521669341894, 0.2
623, 4197.0, 7, 6.725961538461538, 0.2
624, 4203.0, 6, 6.7248, 0.2
625, 4205.0, 2, 6.717252396166134, 0.2
626, 4205.0, 0, 6.706539074960127, 0.2
627, 4206.0, 1, 6.697452229299363, 0.2
628, 4209.0, 3, 6.6915739268680445, 0.2
629, 4212.0, 3, 6.685714285714286, 0.2
630, 4218.0, 6, 6.684627575277338, 0.2
631, 4224.0, 6, 6.6835443037974684, 0.2
632, 4230.0, 6, 6.682464454976303, 0.2
633, 4236.0, 6, 6.681388012618297, 0.2
634, 4244.0, 8, 6.683464566929134, 0.2
635, 4244.0, 0, 6.672955974842767, 0.2
636, 4251.0, 7, 6.673469387755102, 0.2
637, 4259.0, 8, 6.675548589341693, 0.2
638, 4266.0, 7, 6.676056338028169, 0.2
639, 4273.0, 7, 6.6765625, 0.2
640, 4279.0, 6, 6.675507020280811, 0.2
641, 4285.0, 6, 6.674454828660436, 0.2
642, 4287.0, 2, 6.6671850699844475, 0.2
643, 4294.0, 7, 6.667701863354037, 0.2
644, 4301.0, 7, 6.6682170542635655, 0.2
645, 4304.0, 3, 6.662538699690402, 0.2
646, 4312.0, 8, 6.6646058732612055, 0.2
647, 4317.0, 5, 6.662037037037037, 0.2
648, 4324.0, 7, 6.662557781201849, 0.2
649, 4329.0, 5, 6.66, 0.2
650, 4333.0, 4, 6.655913978494624, 0.2
651, 4340.0, 7, 6.656441717791411, 0.2
652, 4346.0, 6, 6.655436447166922, 0.2
653, 4353.0, 7, 6.655963302752293, 0.2
654, 4360.0, 7, 6.656488549618321, 0.2
655, 4363.0, 3, 6.650914634146342, 0.2
656, 4367.0, 4, 6.646879756468797, 0.2
657, 4373.0, 6, 6.645896656534954, 0.2
658, 4380.0, 7, 6.646433990895296, 0.2
659, 4386.0, 6, 6.6454545454545455, 0.2
660, 4393.0, 7, 6.645990922844176, 0.2
661, 4399.0, 6, 6.645015105740181, 0.2
662, 4404.0, 5, 6.642533936651584, 0.2
663, 4412.0, 8, 6.644578313253012, 0.2
664, 4417.0, 5, 6.6421052631578945, 0.2
665, 4422.0, 5, 6.63963963963964, 0.2
666, 4428.0, 6, 6.638680659670165, 0.2
667, 4431.0, 3, 6.633233532934132, 0.2
668, 4431.0, 0, 6.623318385650224, 0.2
669, 4437.0, 6, 6.622388059701493, 0.2
670, 4440.0, 3, 6.61698956780924, 0.2
671, 4446.0, 6, 6.616071428571429, 0.2
672, 4452.0, 6, 6.615156017830609, 0.2
673, 4458.0, 6, 6.614243323442136, 0.2
674, 4463.0, 5, 6.611851851851852, 0.2
675, 4469.0, 6, 6.6109467455621305, 0.2
676, 4474.0, 5, 6.608567208271787, 0.2
677, 4481.0, 7, 6.609144542772861, 0.2
678, 4481.0, 0, 6.59941089837997, 0.2
679, 4486.0, 5, 6.597058823529411, 0.2
680, 4492.0, 6, 6.596182085168869, 0.2
681, 4498.0, 6, 6.595307917888563, 0.2
682, 4503.0, 5, 6.592972181551977, 0.2
683, 4508.0, 5, 6.590643274853801, 0.2
684, 4515.0, 7, 6.591240875912408, 0.2
685, 4523.0, 8, 6.593294460641399, 0.2
686, 4528.0, 5, 6.590975254730713, 0.2
687, 4535.0, 7, 6.59156976744186, 0.2
688, 4543.0, 8, 6.593613933236575, 0.2
689, 4549.0, 6, 6.592753623188406, 0.2
690, 4557.0, 8, 6.59479015918958, 0.2
691, 4561.0, 4, 6.591040462427745, 0.2
692, 4562.0, 1, 6.582972582972583, 0.2
693, 4564.0, 2, 6.576368876080692, 0.2
694, 4571.0, 7, 6.576978417266187, 0.2
695, 4575.0, 4, 6.573275862068965, 0.2
696, 4581.0, 6, 6.572453371592539, 0.2
697, 4587.0, 6, 6.57163323782235, 0.2
698, 4593.0, 6, 6.570815450643777, 0.2
699, 4601.0, 8, 6.572857142857143, 0.2
700, 4609.0, 8, 6.574893009985734, 0.2
701, 4610.0, 1, 6.566951566951567, 0.2
702, 4613.0, 3, 6.561877667140825, 0.2
703, 4620.0, 7, 6.5625, 0.2
704, 4627.0, 7, 6.563120567375886, 0.2
705, 4632.0, 5, 6.5609065155807365, 0.2
706, 4637.0, 5, 6.558698727015559, 0.2
707, 4645.0, 8, 6.5607344632768365, 0.2
708, 4652.0, 7, 6.561354019746121, 0.2
709, 4660.0, 8, 6.563380281690141, 0.2
710, 4666.0, 6, 6.562587904360056, 0.2
711, 4670.0, 4, 6.558988764044944, 0.2
712, 4676.0, 6, 6.55820476858345, 0.2
713, 4682.0, 6, 6.557422969187675, 0.2
714, 4687.0, 5, 6.555244755244755, 0.2
715, 4694.0, 7, 6.555865921787709, 0.2
716, 4698.0, 4, 6.552301255230126, 0.2
717, 4704.0, 6, 6.5515320334261835, 0.2
718, 4712.0, 8, 6.553546592489569, 0.2
719, 4719.0, 7, 6.554166666666666, 0.2
720, 4727.0, 8, 6.55617198335645, 0.2
721, 4734.0, 7, 6.556786703601108, 0.2
722, 4741.0, 7, 6.557399723374827, 0.2
723, 4749.0, 8, 6.55939226519337, 0.2
724, 4754.0, 5, 6.557241379310345, 0.2
725, 4761.0, 7, 6.5578512396694215, 0.2
726, 4768.0, 7, 6.558459422283356, 0.2
727, 4775.0, 7, 6.559065934065934, 0.2
728, 4780.0, 5, 6.556927297668039, 0.2
729, 4785.0, 5, 6.554794520547945, 0.2
730, 4790.0, 5, 6.552667578659371, 0.2
731, 4798.0, 8, 6.554644808743169, 0.2
732, 4804.0, 6, 6.553888130968622, 0.2
733, 4811.0, 7, 6.55449591280654, 0.2
734, 4819.0, 8, 6.556462585034014, 0.2
735, 4827.0, 8, 6.5584239130434785, 0.2
736, 4834.0, 7, 6.559023066485753, 0.2
737, 4834.0, 0, 6.5501355013550135, 0.2
738, 4841.0, 7, 6.550744248985115, 0.2
739, 4848.0, 7, 6.551351351351351, 0.2
740, 4856.0, 8, 6.553306342780027, 0.2
741, 4862.0, 6, 6.55256064690027, 0.2
742, 4867.0, 5, 6.550471063257066, 0.2
743, 4869.0, 2, 6.544354838709677, 0.2
744, 4875.0, 6, 6.543624161073826, 0.2
745, 4880.0, 5, 6.541554959785523, 0.2
746, 4887.0, 7, 6.542168674698795, 0.2
747, 4890.0, 3, 6.537433155080214, 0.2
748, 4896.0, 6, 6.536715620827771, 0.2
749, 4902.0, 6, 6.536, 0.2
750, 4903.0, 1, 6.5286284953395475, 0.2
751, 4911.0, 8, 6.530585106382978, 0.2
752, 4917.0, 6, 6.52988047808765, 0.2
753, 4920.0, 3, 6.525198938992043, 0.2
754, 4926.0, 6, 6.524503311258278, 0.2
755, 4933.0, 7, 6.525132275132275, 0.2
756, 4941.0, 8, 6.527080581241743, 0.2
757, 4947.0, 6, 6.5263852242744065, 0.2
758, 4953.0, 6, 6.525691699604743, 0.2
759, 4960.0, 7, 6.526315789473684, 0.2
760, 4964.0, 4, 6.52299605781866, 0.2
761, 4965.0, 1, 6.515748031496063, 0.2
762, 4971.0, 6, 6.515072083879423, 0.2
763, 4976.0, 5, 6.513089005235602, 0.2
764, 4984.0, 8, 6.515032679738562, 0.2
765, 4991.0, 7, 6.515665796344647, 0.2
766, 4995.0, 4, 6.51238591916558, 0.2
767, 5001.0, 6, 6.51171875, 0.2
768, 5009.0, 8, 6.513654096228868, 0.2
769, 5016.0, 7, 6.514285714285714, 0.2
770, 5023.0, 7, 6.514915693904021, 0.2
771, 5030.0, 7, 6.515544041450777, 0.2
772, 5036.0, 6, 6.514877102199224, 0.2
773, 5043.0, 7, 6.515503875968992, 0.2
774, 5048.0, 5, 6.513548387096774, 0.2
775, 5054.0, 6, 6.512886597938144, 0.2
776, 5061.0, 7, 6.513513513513513, 0.2
777, 5069.0, 8, 6.515424164524422, 0.2
778, 5074.0, 5, 6.513478818998716, 0.2
779, 5080.0, 6, 6.512820512820513, 0.2
780, 5086.0, 6, 6.5121638924455825, 0.2
781, 5089.0, 3, 6.5076726342711, 0.2
782, 5097.0, 8, 6.509578544061303, 0.2
783, 5103.0, 6, 6.508928571428571, 0.2
784, 5111.0, 8, 6.510828025477707, 0.2
785, 5118.0, 7, 6.511450381679389, 0.2
786, 5126.0, 8, 6.513341804320203, 0.2
787, 5133.0, 7, 6.5139593908629445, 0.2
788, 5138.0, 5, 6.512040557667934, 0.2
789, 5144.0, 6, 6.511392405063291, 0.2
790, 5146.0, 2, 6.505689001264223, 0.2
791, 5153.0, 7, 6.5063131313131315, 0.2
792, 5161.0, 8, 6.508196721311475, 0.2
793, 5169.0, 8, 6.51007556675063, 0.2
794, 5175.0, 6, 6.509433962264151, 0.2
795, 5179.0, 4, 6.506281407035176, 0.2
796, 5184.0, 5, 6.504391468005019, 0.2
797, 5190.0, 6, 6.503759398496241, 0.2
798, 5196.0, 6, 6.503128911138924, 0.2
799, 5200.0, 4, 6.5, 0.2
800, 5206.0, 6, 6.499375780274657, 0.2
801, 5211.0, 5, 6.497506234413965, 0.2
802, 5219.0, 8, 6.499377334993773, 0.2
803, 5224.0, 5, 6.497512437810945, 0.2
804, 5231.0, 7, 6.498136645962733, 0.2
805, 5239.0, 8, 6.5, 0.2
806, 5245.0, 6, 6.499380421313507, 0.2
807, 5245.0, 0, 6.491336633663367, 0.2
808, 5251.0, 6, 6.490729295426452, 0.2
809, 5258.0, 7, 6.491358024691358, 0.2
810, 5263.0, 5, 6.489519112207152, 0.2
811, 5268.0, 5, 6.487684729064039, 0.2
812, 5271.0, 3, 6.483394833948339, 0.2
813, 5276.0, 5, 6.481572481572481, 0.2
814, 5281.0, 5, 6.479754601226994, 0.2
815, 5287.0, 6, 6.479166666666667, 0.2
816, 5292.0, 5, 6.477356181150551, 0.2
817, 5298.0, 6, 6.47677261613692, 0.2
818, 5305.0, 7, 6.4774114774114775, 0.2
819, 5312.0, 7, 6.478048780487805, 0.2
820, 5320.0, 8, 6.479902557856273, 0.2
821, 5326.0, 6, 6.479318734793187, 0.2
822, 5333.0, 7, 6.479951397326853, 0.2
823, 5340.0, 7, 6.480582524271845, 0.2
824, 5340.0, 0, 6.472727272727273, 0.2
825, 5347.0, 7, 6.473365617433414, 0.2
826, 5354.0, 7, 6.474002418379686, 0.2
827, 5359.0, 5, 6.472222222222222, 0.2
828, 5366.0, 7, 6.472858866103739, 0.2
829, 5367.0, 1, 6.466265060240964, 0.2
830, 5373.0, 6, 6.465703971119134, 0.2
831, 5378.0, 5, 6.4639423076923075, 0.2
832, 5384.0, 6, 6.463385354141657, 0.2
833, 5388.0, 4, 6.460431654676259, 0.2
834, 5395.0, 7, 6.461077844311378, 0.2
835, 5402.0, 7, 6.461722488038277, 0.2
836, 5408.0, 6, 6.4611708482676224, 0.2
837, 5410.0, 2, 6.455847255369928, 0.2
838, 5415.0, 5, 6.454112038140644, 0.2
839, 5416.0, 1, 6.447619047619048, 0.2
840, 5423.0, 7, 6.448275862068965, 0.2
841, 5423.0, 0, 6.440617577197149, 0.2
842, 5431.0, 8, 6.442467378410439, 0.2
843, 5438.0, 7, 6.443127962085308, 0.2
844, 5441.0, 3, 6.43905325443787, 0.2
845, 5449.0, 8, 6.4408983451536646, 0.2
846, 5451.0, 2, 6.435655253837072, 0.2
847, 5455.0, 4, 6.432783018867925, 0.2
848, 5462.0, 7, 6.433451118963487, 0.2
849, 5469.0, 7, 6.434117647058824, 0.2
850, 5477.0, 8, 6.435957696827262, 0.2
851, 5485.0, 8, 6.437793427230047, 0.2
852, 5491.0, 6, 6.437280187573271, 0.2
853, 5496.0, 5, 6.43559718969555, 0.2
854, 5504.0, 8, 6.4374269005847955, 0.2
855, 5512.0, 8, 6.4392523364485985, 0.2
856, 5516.0, 4, 6.436406067677947, 0.2
857, 5523.0, 7, 6.437062937062937, 0.2
858, 5530.0, 7, 6.437718277066356, 0.2
859, 5536.0, 6, 6.437209302325582, 0.2
860, 5542.0, 6, 6.4367015098722415, 0.2
861, 5547.0, 5, 6.435034802784223, 0.2
862, 5554.0, 7, 6.4356894553881805, 0.2
863, 5560.0, 6, 6.435185185185185, 0.2
864, 5568.0, 8, 6.4369942196531795, 0.2
865, 5576.0, 8, 6.438799076212471, 0.2
866, 5582.0, 6, 6.438292964244521, 0.2
867, 5590.0, 8, 6.440092165898617, 0.2
868, 5594.0, 4, 6.437284234752589, 0.2
869, 5601.0, 7, 6.437931034482759, 0.2
870, 5608.0, 7, 6.43857634902411, 0.2
871, 5611.0, 3, 6.434633027522936, 0.2
872, 5619.0, 8, 6.436426116838488, 0.2
873, 5620.0, 1, 6.4302059496567505, 0.2
874, 5627.0, 7, 6.430857142857143, 0.2
875, 5633.0, 6, 6.430365296803653, 0.2
876, 5641.0, 8, 6.432155074116306, 0.2
877, 5645.0, 4, 6.429384965831435, 0.2
878, 5651.0, 6, 6.428896473265074, 0.2
879, 5658.0, 7, 6.429545454545455, 0.2
880, 5665.0, 7, 6.430192962542566, 0.2
881, 5673.0, 8, 6.431972789115647, 0.2
882, 5679.0, 6, 6.431483578708947, 0.2
883, 5686.0, 7, 6.432126696832579, 0.2
884, 5692.0, 6, 6.431638418079096, 0.2
885, 5694.0, 2, 6.426636568848759, 0.2
886, 5700.0, 6, 6.4261555806087935, 0.2
887, 5704.0, 4, 6.423423423423423, 0.2
888, 5711.0, 7, 6.424071991001125, 0.2
889, 5719.0, 8, 6.425842696629213, 0.2
890, 5726.0, 7, 6.42648709315376, 0.2
891, 5734.0, 8, 6.428251121076233, 0.2
892, 5736.0, 2, 6.4232922732362825, 0.2
893, 5741.0, 5, 6.421700223713646, 0.2
894, 5747.0, 6, 6.421229050279329, 0.2
895, 5752.0, 5, 6.419642857142857, 0.2
896, 5754.0, 2, 6.414715719063545, 0.2
897, 5761.0, 7, 6.4153674832962135, 0.2
898, 5768.0, 7, 6.416017797552836, 0.2
899, 5775.0, 7, 6.416666666666667, 0.2
900, 5781.0, 6, 6.416204217536071, 0.2
901, 5789.0, 8, 6.417960088691796, 0.2
902, 5790.0, 1, 6.411960132890365, 0.2
903, 5797.0, 7, 6.412610619469026, 0.2
904, 5803.0, 6, 6.412154696132597, 0.2
905, 5811.0, 8, 6.413907284768212, 0.2
906, 5816.0, 5, 6.412348401323043, 0.2
907, 5821.0, 5, 6.4107929515418505, 0.2
908, 5829.0, 8, 6.412541254125412, 0.2
909, 5836.0, 7, 6.4131868131868135, 0.2
910, 5842.0, 6, 6.4127332601536775, 0.2
911, 5849.0, 7, 6.413377192982456, 0.2
912, 5856.0, 7, 6.414019715224534, 0.2
913, 5862.0, 6, 6.413566739606127, 0.2
914, 5870.0, 8, 6.415300546448087, 0.2
915, 5878.0, 8, 6.41703056768559, 0.2
916, 5882.0, 4, 6.414394765539804, 0.2
917, 5889.0, 7, 6.415032679738562, 0.2
918, 5897.0, 8, 6.4167573449401525, 0.2
919, 5904.0, 7, 6.417391304347826, 0.2
920, 5910.0, 6, 6.416938110749186, 0.2
921, 5917.0, 7, 6.417570498915401, 0.2
922, 5923.0, 6, 6.417118093174431, 0.2
923, 5929.0, 6, 6.416666666666667, 0.2
924, 5936.0, 7, 6.4172972972972975, 0.2
925, 5942.0, 6, 6.416846652267819, 0.2
926, 5949.0, 7, 6.41747572815534, 0.2
927, 5955.0, 6, 6.417025862068965, 0.2
928, 5962.0, 7, 6.417653390742734, 0.2
929, 5967.0, 5, 6.416129032258064, 0.2
930, 5974.0, 7, 6.4167561761546725, 0.2
931, 5980.0, 6, 6.416309012875536, 0.2
932, 5987.0, 7, 6.416934619506967, 0.2
933, 5992.0, 5, 6.415417558886509, 0.2
934, 5997.0, 5, 6.413903743315508, 0.2
935, 6003.0, 6, 6.413461538461538, 0.2
936, 6006.0, 3, 6.4098185699039485, 0.2
937, 6007.0, 1, 6.404051172707889, 0.2
938, 6014.0, 7, 6.40468583599574, 0.2
939, 6021.0, 7, 6.4053191489361705, 0.2
940, 6029.0, 8, 6.4070138150903295, 0.2
941, 6035.0, 6, 6.4065817409766455, 0.2
942, 6040.0, 5, 6.405090137857901, 0.2
943, 6044.0, 4, 6.4025423728813555, 0.2
944, 6051.0, 7, 6.4031746031746035, 0.2
945, 6057.0, 6, 6.402748414376322, 0.2
946, 6063.0, 6, 6.402323125659979, 0.2
947, 6071.0, 8, 6.404008438818566, 0.2
948, 6079.0, 8, 6.405690200210748, 0.2
949, 6084.0, 5, 6.404210526315789, 0.2
950, 6090.0, 6, 6.403785488958991, 0.2
951, 6096.0, 6, 6.4033613445378155, 0.2
952, 6100.0, 4, 6.40083945435467, 0.2
953, 6108.0, 8, 6.40251572327044, 0.2
954, 6115.0, 7, 6.403141361256544, 0.2
955, 6121.0, 6, 6.402719665271967, 0.2
956, 6129.0, 8, 6.4043887147335425, 0.2
957, 6137.0, 8, 6.406054279749478, 0.2
958, 6143.0, 6, 6.40563086548488, 0.2
959, 6150.0, 7, 6.40625, 0.2
960, 6157.0, 7, 6.406867845993757, 0.2
961, 6165.0, 8, 6.408523908523908, 0.2
962, 6172.0, 7, 6.409138110072689, 0.2
963, 6180.0, 8, 6.410788381742739, 0.2
964, 6185.0, 5, 6.409326424870466, 0.2
965, 6190.0, 5, 6.407867494824017, 0.2
966, 6194.0, 4, 6.405377456049638, 0.2
967, 6200.0, 6, 6.404958677685951, 0.2
968, 6202.0, 2, 6.400412796697626, 0.2
969, 6210.0, 8, 6.402061855670103, 0.2
970, 6217.0, 7, 6.402677651905252, 0.2
971, 6224.0, 7, 6.403292181069959, 0.2
972, 6230.0, 6, 6.402877697841727, 0.2
973, 6236.0, 6, 6.402464065708419, 0.2
974, 6242.0, 6, 6.402051282051282, 0.2
975, 6249.0, 7, 6.402663934426229, 0.2
976, 6254.0, 5, 6.401228249744115, 0.2
977, 6260.0, 6, 6.40081799591002, 0.2
978, 6263.0, 3, 6.397344228804903, 0.2
979, 6270.0, 7, 6.3979591836734695, 0.2
980, 6278.0, 8, 6.399592252803262, 0.2
981, 6278.0, 0, 6.393075356415479, 0.2
982, 6282.0, 4, 6.390640895218718, 0.2
983, 6289.0, 7, 6.391260162601626, 0.2
984, 6295.0, 6, 6.3908629441624365, 0.2
985, 6301.0, 6, 6.390466531440162, 0.2
986, 6307.0, 6, 6.390070921985815, 0.2
987, 6313.0, 6, 6.3896761133603235, 0.2
988, 6320.0, 7, 6.390293225480283, 0.2
989, 6326.0, 6, 6.38989898989899, 0.2
990, 6334.0, 8, 6.391523713420787, 0.2
991, 6339.0, 5, 6.390120967741935, 0.2
992, 6344.0, 5, 6.38872104733132, 0.2
993, 6351.0, 7, 6.389336016096579, 0.2
994, 6359.0, 8, 6.390954773869347, 0.2
995, 6366.0, 7, 6.391566265060241, 0.2
996, 6371.0, 5, 6.3901705115346035, 0.2
997, 6377.0, 6, 6.389779559118236, 0.2
998, 6384.0, 7, 6.39039039039039, 0.2
999, 6389.0, 5, 6.389, 0.2
1000, 6396.0, 7, 6.3896103896103895, 0.2
1001, 6402.0, 6, 6.389221556886228, 0.2
1002, 6408.0, 6, 6.388833499501495, 0.2
1003, 6415.0, 7, 6.389442231075697, 0.2
1004, 6419.0, 4, 6.387064676616915, 0.2
1005, 6426.0, 7, 6.387673956262425, 0.2
1006, 6434.0, 8, 6.3892750744786495, 0.2
1007, 6440.0, 6, 6.388888888888889, 0.2
1008, 6447.0, 7, 6.389494549058473, 0.2
1009, 6450.0, 3, 6.3861386138613865, 0.2
1010, 6455.0, 5, 6.384767556874382, 0.2
1011, 6462.0, 7, 6.3853754940711465, 0.2
1012, 6467.0, 5, 6.38400789733465, 0.2
1013, 6474.0, 7, 6.384615384615385, 0.2
1014, 6474.0, 0, 6.37832512315271, 0.2
1015, 6480.0, 6, 6.377952755905512, 0.2
1016, 6487.0, 7, 6.378564405113078, 0.2
1017, 6495.0, 8, 6.380157170923379, 0.2
1018, 6499.0, 4, 6.377821393523062, 0.2
1019, 6505.0, 6, 6.377450980392157, 0.2
1020, 6512.0, 7, 6.378060724779628, 0.2
1021, 6517.0, 5, 6.376712328767123, 0.2
1022, 6525.0, 8, 6.378299120234604, 0.2
1023, 6533.0, 8, 6.3798828125, 0.2
1024, 6540.0, 7, 6.380487804878049, 0.2
1025, 6542.0, 2, 6.376218323586745, 0.2
1026, 6550.0, 8, 6.377799415774099, 0.2
1027, 6558.0, 8, 6.379377431906615, 0.2
1028, 6564.0, 6, 6.3790087463556855, 0.2
1029, 6571.0, 7, 6.379611650485437, 0.2
1030, 6579.0, 8, 6.381183317167798, 0.2
1031, 6579.0, 0, 6.375, 0.2
1032, 6586.0, 7, 6.3756050338818975, 0.2
1033, 6592.0, 6, 6.375241779497099, 0.2
1034, 6600.0, 8, 6.3768115942028984, 0.2
1035, 6605.0, 5, 6.375482625482626, 0.2
1036, 6611.0, 6, 6.375120540019286, 0.2
1037, 6619.0, 8, 6.3766859344894025, 0.2
1038, 6625.0, 6, 6.376323387872954, 0.2
1039, 6632.0, 7, 6.376923076923077, 0.2
1040, 6638.0, 6, 6.376560999039385, 0.2
1041, 6644.0, 6, 6.3761996161228405, 0.2
1042, 6652.0, 8, 6.377756471716204, 0.2
1043, 6660.0, 8, 6.379310344827586, 0.2
1044, 6666.0, 6, 6.378947368421053, 0.2
1045, 6670.0, 4, 6.376673040152964, 0.2
1046, 6677.0, 7, 6.377268385864374, 0.2
1047, 6684.0, 7, 6.377862595419847, 0.2
1048, 6689.0, 5, 6.376549094375596, 0.2
1049, 6694.0, 5, 6.375238095238095, 0.2
1050, 6701.0, 7, 6.3758325404376786, 0.2
1051, 6708.0, 7, 6.376425855513308, 0.2
1052, 6715.0, 7, 6.377018043684711, 0.2
1053, 6721.0, 6, 6.3766603415559775, 0.2
1054, 6726.0, 5, 6.375355450236967, 0.2
1055, 6726.0, 0, 6.369318181818182, 0.2
1056, 6731.0, 5, 6.36802270577105, 0.2
1057, 6737.0, 6, 6.3676748582230625, 0.2
1058, 6744.0, 7, 6.368271954674221, 0.2
1059, 6749.0, 5, 6.3669811320754715, 0.2
1060, 6750.0, 1, 6.361922714420358, 0.2
1061, 6757.0, 7, 6.362523540489642, 0.2
1062, 6762.0, 5, 6.361241768579492, 0.2
1063, 6764.0, 2, 6.357142857142857, 0.2
1064, 6771.0, 7, 6.357746478873239, 0.2
1065, 6778.0, 7, 6.358348968105066, 0.2
1066, 6783.0, 5, 6.357075913776945, 0.2
1067, 6788.0, 5, 6.355805243445693, 0.2
1068, 6796.0, 8, 6.357343311506081, 0.2
1069, 6803.0, 7, 6.357943925233645, 0.2
1070, 6810.0, 7, 6.358543417366946, 0.2
1071, 6816.0, 6, 6.358208955223881, 0.2
1072, 6822.0, 6, 6.357875116495806, 0.2
1073, 6828.0, 6, 6.35754189944134, 0.2
1074, 6834.0, 6, 6.357209302325582, 0.2
1075, 6841.0, 7, 6.357806691449814, 0.2
1076, 6846.0, 5, 6.3565459610027855, 0.2
1077, 6852.0, 6, 6.3562152133580705, 0.2
1078, 6857.0, 5, 6.35495829471733, 0.2
1079, 6865.0, 8, 6.356481481481482, 0.2
1080, 6873.0, 8, 6.35800185013876, 0.2
1081, 6880.0, 7, 6.358595194085027, 0.2
1082, 6886.0, 6, 6.358264081255771, 0.2
1083, 6893.0, 7, 6.358856088560886, 0.2
1084, 6893.0, 0, 6.352995391705069, 0.2
1085, 6900.0, 7, 6.3535911602209945, 0.2
1086, 6906.0, 6, 6.3532658693652255, 0.2
1087, 6913.0, 7, 6.353860294117647, 0.2
1088, 6913.0, 0, 6.348025711662075, 0.2
1089, 6919.0, 6, 6.347706422018349, 0.2
1090, 6927.0, 8, 6.349220898258478, 0.2
1091, 6934.0, 7, 6.3498168498168495, 0.2
1092, 6942.0, 8, 6.3513266239707225, 0.2
1093, 6950.0, 8, 6.3528336380255945, 0.2
1094, 6956.0, 6, 6.352511415525115, 0.2
1095, 6962.0, 6, 6.352189781021898, 0.2
1096, 6970.0, 8, 6.353691886964448, 0.2
1097, 6976.0, 6, 6.353369763205829, 0.2
1098, 6983.0, 7, 6.353958143767061, 0.2
1099, 6987.0, 4, 6.351818181818182, 0.2
1100, 6989.0, 2, 6.3478655767484105, 0.2
1101, 6992.0, 3, 6.344827586206897, 0.2
1102, 6999.0, 7, 6.345421577515866, 0.2
1103, 7006.0, 7, 6.346014492753623, 0.2
1104, 7011.0, 5, 6.344796380090497, 0.2
1105, 7018.0, 7, 6.345388788426763, 0.2
1106, 7026.0, 8, 6.3468834688346885, 0.2
1107, 7032.0, 6, 6.346570397111913, 0.2
1108, 7040.0, 8, 6.348061316501353, 0.2
1109, 7042.0, 2, 6.344144144144144, 0.2
1110, 7048.0, 6, 6.3438343834383435, 0.2
1111, 7054.0, 6, 6.343525179856115, 0.2
1112, 7061.0, 7, 6.344115004492363, 0.2
1113, 7065.0, 4, 6.342010771992818, 0.2
1114, 7072.0, 7, 6.342600896860986, 0.2
1115, 7080.0, 8, 6.344086021505376, 0.2
1116, 7085.0, 5, 6.342882721575649, 0.2
1117, 7089.0, 4, 6.340787119856888, 0.2
1118, 7095.0, 6, 6.340482573726542, 0.2
1119, 7102.0, 7, 6.3410714285714285, 0.2
1120, 7102.0, 0, 6.335414808206958, 0.2
1121, 7106.0, 4, 6.333333333333333, 0.2
1122, 7114.0, 8, 6.334817453250222, 0.2
1123, 7120.0, 6, 6.334519572953736, 0.2
1124, 7128.0, 8, 6.336, 0.2
1125, 7133.0, 5, 6.334813499111901, 0.2
1126, 7138.0, 5, 6.333629103815439, 0.2
1127, 7146.0, 8, 6.335106382978723, 0.2
1128, 7154.0, 8, 6.33658104517272, 0.2
1129, 7161.0, 7, 6.337168141592921, 0.2
1130, 7167.0, 6, 6.336870026525199, 0.2
1131, 7168.0, 1, 6.332155477031802, 0.2
1132, 7174.0, 6, 6.331862312444836, 0.2
1133, 7180.0, 6, 6.331569664902998, 0.2
1134, 7187.0, 7, 6.33215859030837, 0.2
1135, 7192.0, 5, 6.330985915492958, 0.2
1136, 7199.0, 7, 6.331574318381707, 0.2
1137, 7205.0, 6, 6.331282952548331, 0.2
1138, 7209.0, 4, 6.329236172080773, 0.2
1139, 7216.0, 7, 6.329824561403509, 0.2
1140, 7224.0, 8, 6.331288343558282, 0.2
1141, 7230.0, 6, 6.330998248686515, 0.2
1142, 7237.0, 7, 6.331583552055993, 0.2
1143, 7243.0, 6, 6.331293706293707, 0.2
1144, 7249.0, 6, 6.331004366812227, 0.2
1145, 7251.0, 2, 6.327225130890052, 0.2
1146, 7259.0, 8, 6.328683522231909, 0.2
1147, 7265.0, 6, 6.328397212543554, 0.2
1148, 7270.0, 5, 6.327241079199304, 0.2
1149, 7277.0, 7, 6.327826086956522, 0.2
1150, 7283.0, 6, 6.327541268462207, 0.2
1151, 7289.0, 6, 6.327256944444445, 0.2
1152, 7296.0, 7, 6.327840416305291, 0.2
1153, 7302.0, 6, 6.327556325823224, 0.2
1154, 7305.0, 3, 6.324675324675325, 0.2
1155, 7310.0, 5, 6.323529411764706, 0.2
1156, 7315.0, 5, 6.32238547968885, 0.2
1157, 7321.0, 6, 6.322107081174439, 0.2
1158, 7327.0, 6, 6.321829163071613, 0.2
1159, 7327.0, 0, 6.316379310344828, 0.2
1160, 7334.0, 7, 6.3169681309216195, 0.2
1161, 7336.0, 2, 6.313253012048193, 0.2
1162, 7343.0, 7, 6.31384350816853, 0.2
1163, 7350.0, 7, 6.314432989690721, 0.2
1164, 7353.0, 3, 6.311587982832618, 0.2
1165, 7359.0, 6, 6.311320754716981, 0.2
1166, 7366.0, 7, 6.31191088260497, 0.2
1167, 7371.0, 5, 6.310787671232877, 0.2
1168, 7378.0, 7, 6.311377245508982, 0.2
1169, 7384.0, 6, 6.311111111111111, 0.2
1170, 7388.0, 4, 6.309137489325363, 0.2
1171, 7394.0, 6, 6.308873720136519, 0.2
1172, 7399.0, 5, 6.307757885763001, 0.2
1173, 7405.0, 6, 6.3074957410562185, 0.2
1174, 7411.0, 6, 6.307234042553191, 0.2
1175, 7412.0, 1, 6.302721088435374, 0.2
1176, 7419.0, 7, 6.3033135089209855, 0.2
1177, 7427.0, 8, 6.304753820033956, 0.2
1178, 7433.0, 6, 6.304495335029686, 0.2
1179, 7441.0, 8, 6.305932203389831, 0.2
1180, 7448.0, 7, 6.306519898391194, 0.2
1181, 7455.0, 7, 6.307106598984771, 0.2
1182, 7463.0, 8, 6.308537616229924, 0.2
1183, 7466.0, 3, 6.305743243243243, 0.2
1184, 7471.0, 5, 6.304641350210971, 0.2
1185, 7477.0, 6, 6.304384485666104, 0.2
1186, 7485.0, 8, 6.30581297388374, 0.2
1187, 7488.0, 3, 6.303030303030303, 0.2
1188, 7494.0, 6, 6.302775441547519, 0.2
1189, 7499.0, 5, 6.301680672268907, 0.2
1190, 7507.0, 8, 6.303106633081444, 0.2
1191, 7514.0, 7, 6.303691275167785, 0.2
1192, 7521.0, 7, 6.304274937133277, 0.2
1193, 7528.0, 7, 6.304857621440536, 0.2
1194, 7535.0, 7, 6.305439330543933, 0.2
1195, 7543.0, 8, 6.30685618729097, 0.2
1196, 7550.0, 7, 6.307435254803676, 0.2
1197, 7555.0, 5, 6.306343906510851, 0.2
1198, 7561.0, 6, 6.306088407005838, 0.2
1199, 7566.0, 5, 6.305, 0.2
1200, 7566.0, 0, 6.299750208159867, 0.2
1201, 7573.0, 7, 6.300332778702163, 0.2
1202, 7581.0, 8, 6.301745635910224, 0.2
1203, 7588.0, 7, 6.3023255813953485, 0.2
1204, 7592.0, 4, 6.300414937759336, 0.2
1205, 7599.0, 7, 6.300995024875622, 0.2
1206, 7605.0, 6, 6.300745650372825, 0.2
1207, 7612.0, 7, 6.301324503311259, 0.2
1208, 7619.0, 7, 6.301902398676592, 0.2
1209, 7626.0, 7, 6.302479338842975, 0.2
1210, 7633.0, 7, 6.303055326176714, 0.2
1211, 7640.0, 7, 6.303630363036303, 0.2
1212, 7642.0, 2, 6.300082440230833, 0.2
1213, 7649.0, 7, 6.300658978583196, 0.2
1214, 7657.0, 8, 6.302057613168724, 0.2
1215, 7662.0, 5, 6.300986842105263, 0.2
1216, 7669.0, 7, 6.301561216105177, 0.2
1217, 7675.0, 6, 6.301313628899836, 0.2
1218, 7681.0, 6, 6.301066447908122, 0.2
1219, 7685.0, 4, 6.299180327868853, 0.2
1220, 7692.0, 7, 6.2997542997543, 0.2
1221, 7696.0, 4, 6.297872340425532, 0.2
1222, 7702.0, 6, 6.297628781684383, 0.2
1223, 7710.0, 8, 6.299019607843137, 0.2
1224, 7717.0, 7, 6.2995918367346935, 0.2
1225, 7723.0, 6, 6.299347471451876, 0.2
1226, 7730.0, 7, 6.299918500407498, 0.2
1227, 7735.0, 5, 6.29885993485342, 0.2
1228, 7741.0, 6, 6.298616761594793, 0.2
1229, 7747.0, 6, 6.298373983739838, 0.2
1230, 7753.0, 6, 6.298131600324939, 0.2
1231, 7758.0, 5, 6.297077922077922, 0.2
1232, 7762.0, 4, 6.295214922952149, 0.2
1233, 7768.0, 6, 6.294975688816856, 0.2
1234, 7771.0, 3, 6.292307692307692, 0.2
1235, 7775.0, 4, 6.290453074433657, 0.2
1236, 7782.0, 7, 6.291026677445433, 0.2
1237, 7789.0, 7, 6.291599353796446, 0.2
1238, 7795.0, 6, 6.29136400322841, 0.2
1239, 7801.0, 6, 6.291129032258064, 0.2
1240, 7809.0, 8, 6.292506043513296, 0.2
1241, 7817.0, 8, 6.293880837359098, 0.2
1242, 7823.0, 6, 6.293644408688657, 0.2
1243, 7828.0, 5, 6.292604501607717, 0.2
1244, 7833.0, 5, 6.291566265060241, 0.2
1245, 7841.0, 8, 6.292937399678973, 0.2
1246, 7848.0, 7, 6.293504410585405, 0.2
1247, 7854.0, 6, 6.293269230769231, 0.2
1248, 7860.0, 6, 6.293034427542033, 0.2
1249, 7866.0, 6, 6.2928, 0.2
1250, 7873.0, 7, 6.293365307753797, 0.2
1251, 7879.0, 6, 6.293130990415335, 0.2
1252, 7879.0, 0, 6.2881085395051874, 0.2
1253, 7885.0, 6, 6.287878787878788, 0.2
1254, 7891.0, 6, 6.287649402390438, 0.2
1255, 7898.0, 7, 6.288216560509555, 0.2
1256, 7906.0, 8, 6.289578361177407, 0.2
1257, 7914.0, 8, 6.290937996820349, 0.2
1258, 7921.0, 7, 6.291501191421763, 0.2
1259, 7927.0, 6, 6.291269841269841, 0.2
1260, 7934.0, 7, 6.291831879460745, 0.2
1261, 7941.0, 7, 6.292393026941363, 0.2
1262, 7948.0, 7, 6.292953285827395, 0.2
1263, 7953.0, 5, 6.2919303797468356, 0.2
1264, 7961.0, 8, 6.293280632411067, 0.2
1265, 7967.0, 6, 6.29304897314376, 0.2
1266, 7975.0, 8, 6.294396211523283, 0.2
1267, 7981.0, 6, 6.294164037854889, 0.2
1268, 7982.0, 1, 6.289992119779354, 0.2
1269, 7990.0, 8, 6.291338582677166, 0.2
1270, 7997.0, 7, 6.291896144767899, 0.2
1271, 8003.0, 6, 6.291666666666667, 0.2
1272, 8011.0, 8, 6.293008641005499, 0.2
1273, 8015.0, 4, 6.291208791208791, 0.2
1274, 8018.0, 3, 6.2886274509803926, 0.2
1275, 8021.0, 3, 6.286050156739812, 0.2
1276, 8027.0, 6, 6.2858261550509, 0.2
1277, 8033.0, 6, 6.285602503912363, 0.2
1278, 8039.0, 6, 6.285379202501955, 0.2
1279, 8046.0, 7, 6.2859375, 0.2
1280, 8052.0, 6, 6.285714285714286, 0.2
1281, 8058.0, 6, 6.285491419656786, 0.2
1282, 8066.0, 8, 6.286827747466875, 0.2
1283, 8066.0, 0, 6.281931464174455, 0.2
1284, 8071.0, 5, 6.280933852140078, 0.2
1285, 8076.0, 5, 6.279937791601866, 0.2
1286, 8083.0, 7, 6.28049728049728, 0.2
1287, 8088.0, 5, 6.279503105590062, 0.2
1288, 8094.0, 6, 6.279286268425135, 0.2
1289, 8099.0, 5, 6.278294573643411, 0.2
1290, 8104.0, 5, 6.277304415182029, 0.2
1291, 8110.0, 6, 6.277089783281734, 0.2
1292, 8111.0, 1, 6.273008507347255, 0.2
1293, 8117.0, 6, 6.2727975270479135, 0.2
1294, 8124.0, 7, 6.273359073359074, 0.2
1295, 8130.0, 6, 6.273148148148148, 0.2
1296, 8135.0, 5, 6.2721665381649965, 0.2
1297, 8139.0, 4, 6.270416024653313, 0.2
1298, 8147.0, 8, 6.271747498075443, 0.2
1299, 8154.0, 7, 6.272307692307693, 0.2
1300, 8160.0, 6, 6.272098385857033, 0.2
1301, 8160.0, 0, 6.267281105990784, 0.2
1302, 8167.0, 7, 6.267843438219494, 0.2
1303, 8173.0, 6, 6.267638036809816, 0.2
1304, 8180.0, 7, 6.268199233716475, 0.2
1305, 8186.0, 6, 6.267993874425727, 0.2
1306, 8192.0, 6, 6.26778882938026, 0.2
1307, 8196.0, 4, 6.26605504587156, 0.2
1308, 8204.0, 8, 6.267379679144385, 0.2
1309, 8211.0, 7, 6.26793893129771, 0.2
1310, 8218.0, 7, 6.268497330282227, 0.2
1311, 8225.0, 7, 6.269054878048781, 0.2
1312, 8231.0, 6, 6.268849961919269, 0.2
1313, 8235.0, 4, 6.267123287671233, 0.2
1314, 8241.0, 6, 6.266920152091255, 0.2
1315, 8248.0, 7, 6.267477203647417, 0.2
1316, 8254.0, 6, 6.267274107820805, 0.2
1317, 8262.0, 8, 6.268588770864947, 0.2
1318, 8267.0, 5, 6.2676269901440484, 0.2
1319, 8274.0, 7, 6.2681818181818185, 0.2
1320, 8280.0, 6, 6.267978803936412, 0.2
1321, 8287.0, 7, 6.268532526475038, 0.2
1322, 8294.0, 7, 6.269085411942555, 0.2
1323, 8301.0, 7, 6.269637462235649, 0.2
1324, 8304.0, 3, 6.267169811320755, 0.2
1325, 8310.0, 6, 6.266968325791855, 0.2
1326, 8312.0, 2, 6.2637528259231345, 0.2
1327, 8317.0, 5, 6.262801204819277, 0.2
1328, 8322.0, 5, 6.261851015801354, 0.2
1329, 8324.0, 2, 6.258646616541354, 0.2
1330, 8332.0, 8, 6.259954921111946, 0.2
1331, 8337.0, 5, 6.259009009009009, 0.2
1332, 8342.0, 5, 6.258064516129032, 0.2
1333, 8349.0, 7, 6.258620689655173, 0.2
1334, 8356.0, 7, 6.259176029962547, 0.2
1335, 8363.0, 7, 6.259730538922156, 0.2
1336, 8370.0, 7, 6.260284218399402, 0.2
1337, 8377.0, 7, 6.2608370702541105, 0.2
1338, 8382.0, 5, 6.259895444361463, 0.2
1339, 8388.0, 6, 6.259701492537314, 0.2
1340, 8396.0, 8, 6.260999254287845, 0.2
1341, 8398.0, 2, 6.257824143070045, 0.2
1342, 8405.0, 7, 6.2583767684288905, 0.2
1343, 8409.0, 4, 6.256696428571429, 0.2
1344, 8415.0, 6, 6.256505576208179, 0.2
1345, 8420.0, 5, 6.2555720653789, 0.2
1346, 8425.0, 5, 6.25463994060876, 0.2
1347, 8433.0, 8, 6.255934718100891, 0.2
1348, 8439.0, 6, 6.255744996293551, 0.2
1349, 8439.0, 0, 6.251111111111111, 0.2
1350, 8444.0, 5, 6.25018504811251, 0.2
1351, 8452.0, 8, 6.2514792899408285, 0.2
1352, 8459.0, 7, 6.252032520325203, 0.2
1353, 8461.0, 2, 6.248892171344165, 0.2
1354, 8467.0, 6, 6.248708487084871, 0.2
1355, 8473.0, 6, 6.248525073746313, 0.2
1356, 8479.0, 6, 6.24834193072955, 0.2
1357, 8483.0, 4, 6.246686303387334, 0.2
1358, 8488.0, 5, 6.245768947755702, 0.2
1359, 8494.0, 6, 6.245588235294117, 0.2
1360, 8502.0, 8, 6.246877296105804, 0.2
1361, 8507.0, 5, 6.245961820851688, 0.2
1362, 8512.0, 5, 6.245047688921496, 0.2
1363, 8519.0, 7, 6.245601173020527, 0.2
1364, 8525.0, 6, 6.245421245421245, 0.2
1365, 8532.0, 7, 6.24597364568082, 0.2
1366, 8539.0, 7, 6.246525237746891, 0.2
1367, 8545.0, 6, 6.246345029239766, 0.2
1368, 8550.0, 5, 6.2454346238130025, 0.2
1369, 8557.0, 7, 6.245985401459854, 0.2
1370, 8563.0, 6, 6.2458059810357405, 0.2
1371, 8571.0, 8, 6.247084548104956, 0.2
1372, 8578.0, 7, 6.247632920611799, 0.2
1373, 8586.0, 8, 6.248908296943231, 0.2
1374, 8592.0, 6, 6.2487272727272725, 0.2
1375, 8600.0, 8, 6.25, 0.2
1376, 8607.0, 7, 6.250544662309368, 0.2
1377, 8607.0, 0, 6.246008708272859, 0.2
1378, 8610.0, 3, 6.243654822335025, 0.2
1379, 8614.0, 4, 6.242028985507246, 0.2
1380, 8617.0, 3, 6.239681390296886, 0.2
1381, 8624.0, 7, 6.240231548480463, 0.2
1382, 8627.0, 3, 6.2378886478669555, 0.2
1383, 8634.0, 7, 6.238439306358382, 0.2
1384, 8641.0, 7, 6.23898916967509, 0.2
1385, 8648.0, 7, 6.2395382395382395, 0.2
1386, 8656.0, 8, 6.240807498197548, 0.2
1387, 8662.0, 6, 6.240634005763689, 0.2
1388, 8668.0, 6, 6.240460763138949, 0.2
1389, 8674.0, 6, 6.240287769784173, 0.2
1390, 8680.0, 6, 6.240115025161754, 0.2
1391, 8685.0, 5, 6.239224137931035, 0.2
1392, 8689.0, 4, 6.237616654702082, 0.2
1393, 8696.0, 7, 6.238163558106169, 0.2
1394, 8703.0, 7, 6.2387096774193544, 0.2
1395, 8709.0, 6, 6.238538681948424, 0.2
1396, 8714.0, 5, 6.23765211166786, 0.2
1397, 8721.0, 7, 6.238197424892704, 0.2
1398, 8727.0, 6, 6.238027162258756, 0.2
1399, 8732.0, 5, 6.2371428571428575, 0.2
1400, 8738.0, 6, 6.236973590292648, 0.2
1401, 8742.0, 4, 6.235378031383737, 0.2
1402, 8750.0, 8, 6.23663578047042, 0.2
1403, 8756.0, 6, 6.236467236467236, 0.2
1404, 8763.0, 7, 6.237010676156584, 0.2
1405, 8769.0, 6, 6.2368421052631575, 0.2
1406, 8775.0, 6, 6.2366737739872065, 0.2
1407, 8780.0, 5, 6.235795454545454, 0.2
1408, 8786.0, 6, 6.2356281050390345, 0.2
1409, 8786.0, 0, 6.231205673758865, 0.2
1410, 8792.0, 6, 6.231041814316088, 0.2
1411, 8799.0, 7, 6.231586402266289, 0.2
1412, 8806.0, 7, 6.232130219391366, 0.2
1413, 8812.0, 6, 6.2319660537482315, 0.2
1414, 8820.0, 8, 6.23321554770318, 0.2
1415, 8825.0, 5, 6.232344632768362, 0.2
1416, 8826.0, 1, 6.228652081863091, 0.2
1417, 8827.0, 1, 6.224964739069112, 0.2
1418, 8833.0, 6, 6.224806201550388, 0.2
1419, 8836.0, 3, 6.222535211267606, 0.2
1420, 8838.0, 2, 6.2195636875439835, 0.2
1421, 8844.0, 6, 6.219409282700422, 0.2
1422, 8852.0, 8, 6.220660576247365, 0.2
1423, 8858.0, 6, 6.220505617977528, 0.2
1424, 8864.0, 6, 6.220350877192982, 0.2
1425, 8869.0, 5, 6.219495091164095, 0.2
1426, 8877.0, 8, 6.220742817098809, 0.2
1427, 8883.0, 6, 6.220588235294118, 0.2
1428, 8889.0, 6, 6.220433869839049, 0.2
1429, 8895.0, 6, 6.22027972027972, 0.2
1430, 8895.0, 0, 6.215932914046122, 0.2
1431, 8901.0, 6, 6.215782122905028, 0.2
1432, 8908.0, 7, 6.216329378925331, 0.2
1433, 8915.0, 7, 6.216875871687587, 0.2
1434, 8921.0, 6, 6.216724738675958, 0.2
1435, 8927.0, 6, 6.2165738161559885, 0.2
1436, 8932.0, 5, 6.215727209464162, 0.2
1437, 8939.0, 7, 6.216272600834492, 0.2
1438, 8946.0, 7, 6.21681723419041, 0.2
1439, 8952.0, 6, 6.216666666666667, 0.2
1440, 8958.0, 6, 6.2165163081193615, 0.2
1441, 8965.0, 7, 6.217059639389737, 0.2
1442, 8973.0, 8, 6.218295218295219, 0.2
1443, 8980.0, 7, 6.218836565096953, 0.2
1444, 8987.0, 7, 6.219377162629757, 0.2
1445, 8995.0, 8, 6.22060857538036, 0.2
1446, 9001.0, 6, 6.22045611610228, 0.2
1447, 9008.0, 7, 6.220994475138122, 0.2
1448, 9010.0, 2, 6.218081435472739, 0.2
1449, 9018.0, 8, 6.219310344827586, 0.2
1450, 9026.0, 8, 6.22053756030324, 0.2
1451, 9031.0, 5, 6.21969696969697, 0.2
1452, 9038.0, 7, 6.220233998623537, 0.2
1453, 9045.0, 7, 6.220770288858322, 0.2
1454, 9050.0, 5, 6.219931271477663, 0.2
1455, 9057.0, 7, 6.220467032967033, 0.2
1456, 9061.0, 4, 6.218943033630748, 0.2
1457, 9066.0, 5, 6.2181069958847734, 0.2
1458, 9072.0, 6, 6.217957505140507, 0.2
1459, 9077.0, 5, 6.217123287671233, 0.2
1460, 9084.0, 7, 6.217659137577002, 0.2
1461, 9092.0, 8, 6.218878248974009, 0.2
1462, 9097.0, 5, 6.2180451127819545, 0.2
1463, 9103.0, 6, 6.217896174863388, 0.2
1464, 9110.0, 7, 6.2184300341296925, 0.2
1465, 9113.0, 3, 6.216234652114598, 0.2
1466, 9120.0, 7, 6.216768916155419, 0.2
1467, 9126.0, 6, 6.216621253405995, 0.2
1468, 9134.0, 8, 6.2178352620830495, 0.2
1469, 9138.0, 4, 6.216326530612245, 0.2
1470, 9144.0, 6, 6.216179469748471, 0.2
1471, 9151.0, 7, 6.216711956521739, 0.2
1472, 9157.0, 6, 6.216564833672777, 0.2
1473, 9165.0, 8, 6.217774762550882, 0.2
1474, 9168.0, 3, 6.215593220338983, 0.2
1475, 9174.0, 6, 6.215447154471545, 0.2
1476, 9180.0, 6, 6.215301286391334, 0.2
1477, 9187.0, 7, 6.2158322056833555, 0.2
1478, 9195.0, 8, 6.217038539553752, 0.2
1479, 9201.0, 6, 6.216891891891892, 0.2
1480, 9206.0, 5, 6.216070222822418, 0.2
1481, 9214.0, 8, 6.2172739541160595, 0.2
1482, 9220.0, 6, 6.217127444369521, 0.2
1483, 9228.0, 8, 6.218328840970351, 0.2
1484, 9233.0, 5, 6.217508417508418, 0.2
1485, 9240.0, 7, 6.218034993270525, 0.2
1486, 9243.0, 3, 6.215870880968393, 0.2
1487, 9246.0, 3, 6.213709677419355, 0.2
1488, 9253.0, 7, 6.2142377434519815, 0.2
1489, 9261.0, 8, 6.215436241610738, 0.2
1490, 9263.0, 2, 6.212608987256875, 0.2
1491, 9269.0, 6, 6.212466487935657, 0.2
1492, 9277.0, 8, 6.213663764233088, 0.2
1493, 9285.0, 8, 6.214859437751004, 0.2
1494, 9287.0, 2, 6.212040133779264, 0.2
1495, 9291.0, 4, 6.2105614973262036, 0.2
1496, 9298.0, 7, 6.211088844355378, 0.2
1497, 9300.0, 2, 6.208277703604806, 0.2
1498, 9305.0, 5, 6.207471647765177, 0.2
1499, 9305.0, 0, 6.203333333333333, 0.2
1500, 9311.0, 6, 6.203197868087941, 0.2
1501, 9318.0, 7, 6.203728362183755, 0.2
1502, 9324.0, 6, 6.203592814371257, 0.2
1503, 9329.0, 5, 6.20279255319149, 0.2
1504, 9335.0, 6, 6.20265780730897, 0.2
1505, 9342.0, 7, 6.203187250996016, 0.2
1506, 9350.0, 8, 6.204379562043796, 0.2
1507, 9356.0, 6, 6.204244031830239, 0.2
1508, 9362.0, 6, 6.204108681245859, 0.2
1509, 9366.0, 4, 6.202649006622517, 0.2
1510, 9373.0, 7, 6.203176704169424, 0.2
1511, 9374.0, 1, 6.199735449735449, 0.2
1512, 9375.0, 1, 6.196298744216788, 0.2
1513, 9383.0, 8, 6.197490092470278, 0.2
1514, 9388.0, 5, 6.196699669966996, 0.2
1515, 9390.0, 2, 6.193931398416886, 0.2
1516, 9397.0, 7, 6.194462755438365, 0.2
1517, 9403.0, 6, 6.19433465085639, 0.2
1518, 9403.0, 0, 6.190256747860435, 0.2
1519, 9408.0, 5, 6.189473684210526, 0.2
1520, 9416.0, 8, 6.190664036817883, 0.2
1521, 9424.0, 8, 6.191852825229961, 0.2
1522, 9425.0, 1, 6.18844386080105, 0.2
1523, 9432.0, 7, 6.188976377952756, 0.2
1524, 9440.0, 8, 6.19016393442623, 0.2
1525, 9445.0, 5, 6.189384010484928, 0.2
1526, 9451.0, 6, 6.189259986902423, 0.2
1527, 9456.0, 5, 6.18848167539267, 0.2
1528, 9463.0, 7, 6.189012426422498, 0.2
1529, 9468.0, 5, 6.188235294117647, 0.2
1530, 9476.0, 8, 6.189418680600914, 0.2
1531, 9484.0, 8, 6.190600522193211, 0.2
1532, 9492.0, 8, 6.191780821917808, 0.2
1533, 9498.0, 6, 6.191655801825293, 0.2
1534, 9503.0, 5, 6.190879478827362, 0.2
1535, 9510.0, 7, 6.19140625, 0.2
1536, 9516.0, 6, 6.1912817176317505, 0.2
1537, 9523.0, 7, 6.191807542262679, 0.2
1538, 9530.0, 7, 6.192332683560754, 0.2
1539, 9536.0, 6, 6.1922077922077925, 0.2
1540, 9542.0, 6, 6.192083062946139, 0.2
1541, 9549.0, 7, 6.192607003891051, 0.2
1542, 9550.0, 1, 6.189241736876215, 0.2
1543, 9557.0, 7, 6.189766839378239, 0.2
1544, 9563.0, 6, 6.189644012944984, 0.2
1545, 9569.0, 6, 6.1895213454075035, 0.2
1546, 9576.0, 7, 6.1900452488687785, 0.2
1547, 9581.0, 5, 6.189276485788113, 0.2
1548, 9588.0, 7, 6.189799870884442, 0.2
1549, 9592.0, 4, 6.188387096774194, 0.2
1550, 9599.0, 7, 6.188910380399742, 0.2
1551, 9605.0, 6, 6.188788659793815, 0.2
1552, 9613.0, 8, 6.189954925949775, 0.2
1553, 9620.0, 7, 6.190476190476191, 0.2
1554, 9627.0, 7, 6.190996784565916, 0.2
1555, 9633.0, 6, 6.190874035989717, 0.2
1556, 9639.0, 6, 6.190751445086705, 0.2
1557, 9644.0, 5, 6.189987163029525, 0.2
1558, 9650.0, 6, 6.189865298268121, 0.2
1559, 9654.0, 4, 6.188461538461539, 0.2
1560, 9657.0, 3, 6.186418962203716, 0.2
1561, 9657.0, 0, 6.182458386683739, 0.2
1562, 9663.0, 6, 6.182341650671785, 0.2
1563, 9671.0, 8, 6.1835038363171355, 0.2
1564, 9677.0, 6, 6.183386581469649, 0.2
1565, 9683.0, 6, 6.183269476372924, 0.2
1566, 9688.0, 5, 6.182514358647096, 0.2
1567, 9694.0, 6, 6.182397959183674, 0.2
1568, 9701.0, 7, 6.182919056724028, 0.2
1569, 9707.0, 6, 6.1828025477707005, 0.2
1570, 9714.0, 7, 6.1833227243793765, 0.2
1571, 9720.0, 6, 6.183206106870229, 0.2
1572, 9724.0, 4, 6.181818181818182, 0.2
1573, 9730.0, 6, 6.181702668360864, 0.2
1574, 9737.0, 7, 6.182222222222222, 0.2
1575, 9742.0, 5, 6.181472081218274, 0.2
1576, 9744.0, 2, 6.178820545339252, 0.2
1577, 9752.0, 8, 6.179974651457541, 0.2
1578, 9760.0, 8, 6.181127295756808, 0.2
1579, 9768.0, 8, 6.182278481012658, 0.2
1580, 9770.0, 2, 6.179633143580013, 0.2
1581, 9775.0, 5, 6.178887484197219, 0.2
1582, 9781.0, 6, 6.17877447883765, 0.2
1583, 9788.0, 7, 6.179292929292929, 0.2
1584, 9795.0, 7, 6.17981072555205, 0.2
1585, 9800.0, 5, 6.17906683480454, 0.2
1586, 9807.0, 7, 6.1795841209829865, 0.2
1587, 9815.0, 8, 6.180730478589421, 0.2
1588, 9821.0, 6, 6.180616740088106, 0.2
1589, 9829.0, 8, 6.1817610062893085, 0.2
1590, 9836.0, 7, 6.1822752985543685, 0.2
1591, 9843.0, 7, 6.182788944723618, 0.2
1592, 9849.0, 6, 6.182674199623352, 0.2
1593, 9854.0, 5, 6.181932245922209, 0.2
1594, 9860.0, 6, 6.181818181818182, 0.2
1595, 9867.0, 7, 6.182330827067669, 0.2
1596, 9869.0, 2, 6.179711959924859, 0.2
1597, 9875.0, 6, 6.179599499374218, 0.2
1598, 9881.0, 6, 6.17948717948718, 0.2
1599, 9887.0, 6, 6.179375, 0.2
1600, 9893.0, 6, 6.179262960649594, 0.2
1601, 9901.0, 8, 6.18039950062422, 0.2
1602, 9907.0, 6, 6.180286961946351, 0.2
1603, 9909.0, 2, 6.177680798004988, 0.2
1604, 9912.0, 3, 6.17570093457944, 0.2
1605, 9913.0, 1, 6.172478206724782, 0.2
1606, 9921.0, 8, 6.173615432482888, 0.2
1607, 9926.0, 5, 6.172885572139304, 0.2
1608, 9933.0, 7, 6.173399627097576, 0.2
1609, 9938.0, 5, 6.172670807453416, 0.2
1610, 9945.0, 7, 6.173184357541899, 0.2
1611, 9953.0, 8, 6.174317617866005, 0.2
1612, 9960.0, 7, 6.174829510229387, 0.2
1613, 9964.0, 4, 6.173482032218092, 0.2
1614, 9969.0, 5, 6.172755417956656, 0.2
1615, 9977.0, 8, 6.173886138613861, 0.2
1616, 9983.0, 6, 6.173778602350031, 0.2
1617, 9986.0, 3, 6.171817058096416, 0.2
1618, 9994.0, 8, 6.172946263125386, 0.2
1619, 9999.0, 5, 6.1722222222222225, 0.2
1620, 10006.0, 7, 6.1727328809376925, 0.2
1621, 10012.0, 6, 6.172626387176326, 0.2
1622, 10019.0, 7, 6.173136167590881, 0.2
1623, 10026.0, 7, 6.1736453201970445, 0.2
1624, 10032.0, 6, 6.173538461538461, 0.2
1625, 10040.0, 8, 6.174661746617466, 0.2
1626, 10047.0, 7, 6.175169022741241, 0.2
1627, 10052.0, 5, 6.174447174447175, 0.2
1628, 10054.0, 2, 6.171884591774094, 0.2
1629, 10057.0, 3, 6.169938650306748, 0.2
1630, 10064.0, 7, 6.1704475781729, 0.2
1631, 10071.0, 7, 6.170955882352941, 0.2
1632, 10076.0, 5, 6.1702388242498465, 0.2
1633, 10083.0, 7, 6.170746634026928, 0.2
1634, 10090.0, 7, 6.17125382262997, 0.2
1635, 10094.0, 4, 6.169926650366748, 0.2
1636, 10101.0, 7, 6.170433720219915, 0.2
1637, 10107.0, 6, 6.170329670329671, 0.2
1638, 10111.0, 4, 6.1690054911531425, 0.2
1639, 10117.0, 6, 6.16890243902439, 0.2
1640, 10123.0, 6, 6.168799512492383, 0.2
1641, 10124.0, 1, 6.165651644336175, 0.2
1642, 10126.0, 2, 6.163116250760804, 0.2
1643, 10133.0, 7, 6.163625304136253, 0.2
1644, 10135.0, 2, 6.161094224924012, 0.2
1645, 10141.0, 6, 6.160996354799514, 0.2
1646, 10148.0, 7, 6.1615057680631455, 0.2
1647, 10155.0, 7, 6.162014563106796, 0.2
1648, 10158.0, 3, 6.160097028502123, 0.2
1649, 10165.0, 7, 6.16060606060606, 0.2
1650, 10171.0, 6, 6.160508782556026, 0.2
1651, 10178.0, 7, 6.161016949152542, 0.2
1652, 10185.0, 7, 6.161524500907441, 0.2
1653, 10190.0, 5, 6.1608222490931075, 0.2
1654, 10196.0, 6, 6.160725075528701, 0.2
1655, 10203.0, 7, 6.161231884057971, 0.2
1656, 10211.0, 8, 6.16234158117079, 0.2
1657, 10219.0, 8, 6.16344993968637, 0.2
1658, 10226.0, 7, 6.163954189270645, 0.2
1659, 10234.0, 8, 6.1650602409638555, 0.2
1660, 10241.0, 7, 6.1655629139072845, 0.2
1661, 10248.0, 7, 6.166064981949458, 0.2
1662, 10252.0, 4, 6.164762477450391, 0.2
1663, 10260.0, 8, 6.165865384615385, 0.2
1664, 10266.0, 6, 6.165765765765766, 0.2
1665, 10273.0, 7, 6.166266506602641, 0.2
1666, 10279.0, 6, 6.166166766646671, 0.2
1667, 10285.0, 6, 6.166067146282973, 0.2
1668, 10292.0, 7, 6.16656680647094, 0.2
1669, 10299.0, 7, 6.167065868263473, 0.2
1670, 10305.0, 6, 6.166965888689408, 0.2
1671, 10312.0, 7, 6.167464114832536, 0.2
1672, 10317.0, 5, 6.1667662881052, 0.2
1673, 10321.0, 4, 6.1654719235364395, 0.2
1674, 10326.0, 5, 6.164776119402985, 0.2
1675, 10332.0, 6, 6.164677804295943, 0.2
1676, 10339.0, 7, 6.165175909361956, 0.2
1677, 10347.0, 8, 6.16626936829559, 0.2
1678, 10352.0, 5, 6.165574746873139, 0.2
1679, 10359.0, 7, 6.166071428571429, 0.2
1680, 10366.0, 7, 6.1665675193337295, 0.2
1681, 10372.0, 6, 6.166468489892985, 0.2
1682, 10378.0, 6, 6.166369578134284, 0.2
1683, 10384.0, 6, 6.166270783847981, 0.2
1684, 10392.0, 8, 6.1673590504451035, 0.2
1685, 10399.0, 7, 6.16785290628707, 0.2
1686, 10407.0, 8, 6.168938944872555, 0.2
1687, 10413.0, 6, 6.168838862559242, 0.2
1688, 10416.0, 3, 6.16696269982238, 0.2
1689, 10422.0, 6, 6.166863905325444, 0.2
1690, 10427.0, 5, 6.166173861620343, 0.2
1691, 10433.0, 6, 6.166075650118203, 0.2
1692, 10439.0, 6, 6.16597755463674, 0.2
1693, 10446.0, 7, 6.1664698937426214, 0.2
1694, 10452.0, 6, 6.166371681415929, 0.2
1695, 10459.0, 7, 6.16686320754717, 0.2
1696, 10466.0, 7, 6.1673541543901, 0.2
1697, 10472.0, 6, 6.167255594817433, 0.2
1698, 10480.0, 8, 6.168334314302531, 0.2
1699, 10487.0, 7, 6.168823529411765, 0.2
1700, 10493.0, 6, 6.1687242798353905, 0.2
1701, 10501.0, 8, 6.169800235017626, 0.2
1702, 10506.0, 5, 6.169113329418673, 0.2
1703, 10512.0, 6, 6.169014084507042, 0.2
1704, 10517.0, 5, 6.1683284457478, 0.2
1705, 10524.0, 7, 6.168815943728019, 0.2
1706, 10531.0, 7, 6.169302870533099, 0.2
1707, 10538.0, 7, 6.169789227166277, 0.2
1708, 10545.0, 7, 6.170275014628437, 0.2
1709, 10551.0, 6, 6.170175438596491, 0.2
1710, 10558.0, 7, 6.170660432495617, 0.2
1711, 10566.0, 8, 6.171728971962617, 0.2
1712, 10573.0, 7, 6.172212492702861, 0.2
1713, 10580.0, 7, 6.17269544924154, 0.2
1714, 10584.0, 4, 6.171428571428572, 0.2
1715, 10588.0, 4, 6.17016317016317, 0.2
1716, 10594.0, 6, 6.1700640652300525, 0.2
1717, 10602.0, 8, 6.171129220023283, 0.2
1718, 10608.0, 6, 6.171029668411867, 0.2
1719, 10610.0, 2, 6.1686046511627906, 0.2
1720, 10618.0, 8, 6.169668797210924, 0.2
1721, 10626.0, 8, 6.170731707317073, 0.2
1722, 10632.0, 6, 6.170632617527568, 0.2
1723, 10640.0, 8, 6.17169373549884, 0.2
1724, 10647.0, 7, 6.172173913043478, 0.2
1725, 10654.0, 7, 6.172653534183082, 0.2
1726, 10662.0, 8, 6.173711638679792, 0.2
1727, 10668.0, 6, 6.173611111111111, 0.2
1728, 10674.0, 6, 6.1735106998264895, 0.2
1729, 10680.0, 6, 6.173410404624278, 0.2
1730, 10687.0, 7, 6.173887926054304, 0.2
1731, 10694.0, 7, 6.174364896073903, 0.2
1732, 10699.0, 5, 6.173687247547606, 0.2
1733, 10706.0, 7, 6.174163783160323, 0.2
1734, 10709.0, 3, 6.1723342939481265, 0.2
1735, 10711.0, 2, 6.1699308755760365, 0.2
1736, 10718.0, 7, 6.1704087507196315, 0.2
1737, 10724.0, 6, 6.1703107019562715, 0.2
1738, 10731.0, 7, 6.170787809085682, 0.2
1739, 10738.0, 7, 6.171264367816092, 0.2
1740, 10743.0, 5, 6.170591614014934, 0.2
1741, 10748.0, 5, 6.1699196326062, 0.2
1742, 10755.0, 7, 6.17039586919105, 0.2
1743, 10760.0, 5, 6.169724770642202, 0.2
1744, 10765.0, 5, 6.169054441260745, 0.2
1745, 10773.0, 8, 6.170103092783505, 0.2
1746, 10780.0, 7, 6.170578133943904, 0.2
1747, 10787.0, 7, 6.171052631578948, 0.2
1748, 10794.0, 7, 6.171526586620926, 0.2
1749, 10800.0, 6, 6.171428571428572, 0.2
1750, 10807.0, 7, 6.171901770416905, 0.2
1751, 10814.0, 7, 6.172374429223744, 0.2
1752, 10820.0, 6, 6.172276098117512, 0.2
1753, 10826.0, 6, 6.172177879133409, 0.2
1754, 10833.0, 7, 6.172649572649573, 0.2
1755, 10837.0, 4, 6.171412300683372, 0.2
1756, 10839.0, 2, 6.16903813318156, 0.2
1757, 10846.0, 7, 6.169510807736064, 0.2
1758, 10854.0, 8, 6.170551449687323, 0.2
1759, 10862.0, 8, 6.171590909090909, 0.2
1760, 10869.0, 7, 6.17206132879046, 0.2
1761, 10876.0, 7, 6.172531214528944, 0.2
1762, 10883.0, 7, 6.173000567214975, 0.2
1763, 10891.0, 8, 6.174036281179139, 0.2
1764, 10897.0, 6, 6.173937677053824, 0.2
1765, 10904.0, 7, 6.17440543601359, 0.2
1766, 10909.0, 5, 6.173740803621958, 0.2
1767, 10915.0, 6, 6.173642533936651, 0.2
1768, 10921.0, 6, 6.173544375353307, 0.2
1769, 10925.0, 4, 6.172316384180791, 0.2
1770, 10932.0, 7, 6.1727837380011294, 0.2
1771, 10937.0, 5, 6.172121896162528, 0.2
1772, 10942.0, 5, 6.171460800902425, 0.2
1773, 10946.0, 4, 6.170236753100339, 0.2
1774, 10954.0, 8, 6.171267605633803, 0.2
1775, 10962.0, 8, 6.172297297297297, 0.2
1776, 10969.0, 7, 6.172763083849184, 0.2
1777, 10976.0, 7, 6.173228346456693, 0.2
1778, 10983.0, 7, 6.1736930860033725, 0.2
1779, 10990.0, 7, 6.174157303370786, 0.2
1780, 10992.0, 2, 6.171813587871982, 0.2
1781, 10999.0, 7, 6.172278338945006, 0.2
1782, 11006.0, 7, 6.172742568704431, 0.2
1783, 11011.0, 5, 6.172085201793722, 0.2
1784, 11018.0, 7, 6.172549019607843, 0.2
1785, 11023.0, 5, 6.171892497200448, 0.2
1786, 11030.0, 7, 6.172355903749301, 0.2
1787, 11035.0, 5, 6.171700223713646, 0.2
1788, 11042.0, 7, 6.172163219675797, 0.2
1789, 11049.0, 7, 6.172625698324023, 0.2
1790, 11055.0, 6, 6.172529313232831, 0.2
1791, 11059.0, 4, 6.171316964285714, 0.2
1792, 11066.0, 7, 6.171779141104294, 0.2
1793, 11073.0, 7, 6.172240802675585, 0.2
1794, 11081.0, 8, 6.1732590529247915, 0.2
1795, 11082.0, 1, 6.1703786191536745, 0.2
1796, 11087.0, 5, 6.169727323316639, 0.2
1797, 11093.0, 6, 6.169632925472747, 0.2
1798, 11100.0, 7, 6.170094496942746, 0.2
1799, 11105.0, 5, 6.169444444444444, 0.2
1800, 11106.0, 1, 6.166574125485841, 0.2
1801, 11113.0, 7, 6.167036625971143, 0.2
1802, 11120.0, 7, 6.167498613422074, 0.2
1803, 11126.0, 6, 6.16740576496674, 0.2
1804, 11133.0, 7, 6.1678670360110806, 0.2
1805, 11138.0, 5, 6.167220376522702, 0.2
1806, 11144.0, 6, 6.167127836192584, 0.2
1807, 11151.0, 7, 6.167588495575221, 0.2
1808, 11154.0, 3, 6.165837479270315, 0.2
1809, 11162.0, 8, 6.166850828729282, 0.2
1810, 11169.0, 7, 6.1673108779679735, 0.2
1811, 11176.0, 7, 6.1677704194260485, 0.2
1812, 11183.0, 7, 6.16822945394374, 0.2
1813, 11190.0, 7, 6.168687982359427, 0.2
1814, 11192.0, 2, 6.166391184573003, 0.2
1815, 11197.0, 5, 6.165748898678414, 0.2
1816, 11204.0, 7, 6.166208035222895, 0.2
1817, 11211.0, 7, 6.166666666666667, 0.2
1818, 11211.0, 0, 6.1632765255634965, 0.2
1819, 11211.0, 0, 6.15989010989011, 0.2
1820, 11215.0, 4, 6.158704008786381, 0.2
1821, 11221.0, 6, 6.1586169045005486, 0.2
1822, 11229.0, 8, 6.159626988480527, 0.2
1823, 11236.0, 7, 6.160087719298246, 0.2
1824, 11242.0, 6, 6.16, 0.2
1825, 11249.0, 7, 6.160460021905805, 0.2
1826, 11255.0, 6, 6.160372194854953, 0.2
1827, 11261.0, 6, 6.160284463894967, 0.2
1828, 11268.0, 7, 6.16074357572444, 0.2
1829, 11273.0, 5, 6.160109289617487, 0.2
1830, 11280.0, 7, 6.160567995630803, 0.2
1831, 11285.0, 5, 6.159934497816594, 0.2
1832, 11292.0, 7, 6.160392798690671, 0.2
1833, 11296.0, 4, 6.159214830970556, 0.2
1834, 11301.0, 5, 6.15858310626703, 0.2
1835, 11307.0, 6, 6.158496732026144, 0.2
1836, 11314.0, 7, 6.1589548176374525, 0.2
1837, 11321.0, 7, 6.159412404787813, 0.2
1838, 11329.0, 8, 6.160413268080479, 0.2
1839, 11333.0, 4, 6.159239130434782, 0.2
1840, 11335.0, 2, 6.15697990222705, 0.2
1841, 11341.0, 6, 6.1568946796959825, 0.2
1842, 11347.0, 6, 6.156809549647314, 0.2
1843, 11352.0, 5, 6.156182212581345, 0.2
1844, 11360.0, 8, 6.157181571815718, 0.2
1845, 11366.0, 6, 6.1570964247020585, 0.2
1846, 11371.0, 5, 6.156469951272333, 0.2
1847, 11376.0, 5, 6.1558441558441555, 0.2
1848, 11381.0, 5, 6.155219037317469, 0.2
1849, 11385.0, 4, 6.154054054054054, 0.2
1850, 11389.0, 4, 6.152890329551593, 0.2
1851, 11395.0, 6, 6.15280777537797, 0.2
1852, 11396.0, 1, 6.150026983270372, 0.2
1853, 11404.0, 8, 6.151024811218986, 0.2
1854, 11412.0, 8, 6.152021563342318, 0.2
1855, 11419.0, 7, 6.152478448275862, 0.2
1856, 11424.0, 5, 6.1518578352180935, 0.2
1857, 11430.0, 6, 6.151776103336921, 0.2
1858, 11437.0, 7, 6.152232383001614, 0.2
1859, 11443.0, 6, 6.152150537634409, 0.2
1860, 11448.0, 5, 6.1515314347125205, 0.2
1861, 11455.0, 7, 6.151987110633727, 0.2
1862, 11461.0, 6, 6.151905528717123, 0.2
1863, 11462.0, 1, 6.149141630901288, 0.2
1864, 11469.0, 7, 6.149597855227882, 0.2
1865, 11476.0, 7, 6.15005359056806, 0.2
1866, 11482.0, 6, 6.149973219068023, 0.2
1867, 11488.0, 6, 6.149892933618844, 0.2
1868, 11496.0, 8, 6.150882825040129, 0.2
1869, 11500.0, 4, 6.149732620320855, 0.2
1870, 11505.0, 5, 6.149118118653127, 0.2
1871, 11511.0, 6, 6.149038461538462, 0.2
1872, 11518.0, 7, 6.1494927923118, 0.2
1873, 11523.0, 5, 6.1488794023479185, 0.2
1874, 11525.0, 2, 6.1466666666666665, 0.2
1875, 11533.0, 8, 6.1476545842217485, 0.2
1876, 11540.0, 7, 6.148108684070325, 0.2
1877, 11546.0, 6, 6.148029818956337, 0.2
1878, 11551.0, 5, 6.147418839808409, 0.2
1879, 11558.0, 7, 6.147872340425532, 0.2
1880, 11563.0, 5, 6.147262094630515, 0.2
1881, 11570.0, 7, 6.147715196599362, 0.2
1882, 11572.0, 2, 6.145512480084971, 0.2
1883, 11580.0, 8, 6.146496815286624, 0.2
1884, 11587.0, 7, 6.146949602122016, 0.2
1885, 11592.0, 5, 6.146341463414634, 0.2
1886, 11593.0, 1, 6.143614202437732, 0.2
1887, 11600.0, 7, 6.1440677966101696, 0.2
1888, 11605.0, 5, 6.1434621492853365, 0.2
1889, 11612.0, 7, 6.143915343915344, 0.2
1890, 11613.0, 1, 6.141195134849286, 0.2
1891, 11619.0, 6, 6.141120507399577, 0.2
1892, 11626.0, 7, 6.141574220813523, 0.2
1893, 11632.0, 6, 6.141499472016895, 0.2
1894, 11637.0, 5, 6.14089709762533, 0.2
1895, 11644.0, 7, 6.141350210970464, 0.2
1896, 11652.0, 8, 6.142329994728518, 0.2
1897, 11658.0, 6, 6.142255005268704, 0.2
1898, 11664.0, 6, 6.14218009478673, 0.2
1899, 11668.0, 4, 6.1410526315789475, 0.2
1900, 11675.0, 7, 6.141504471330879, 0.2
1901, 11679.0, 4, 6.140378548895899, 0.2
1902, 11684.0, 5, 6.13977929584866, 0.2
1903, 11690.0, 6, 6.139705882352941, 0.2
1904, 11696.0, 6, 6.139632545931758, 0.2
1905, 11704.0, 8, 6.140608604407135, 0.2
1906, 11711.0, 7, 6.141059255374935, 0.2
1907, 11718.0, 7, 6.1415094339622645, 0.2
1908, 11722.0, 4, 6.140387637506548, 0.2
1909, 11724.0, 2, 6.138219895287958, 0.2
1910, 11729.0, 5, 6.137624280481424, 0.2
1911, 11733.0, 4, 6.1365062761506275, 0.2
1912, 11739.0, 6, 6.136434918975431, 0.2
1913, 11743.0, 4, 6.135318704284222, 0.2
1914, 11751.0, 8, 6.136292428198433, 0.2
1915, 11754.0, 3, 6.134655532359082, 0.2
1916, 11761.0, 7, 6.135106937923839, 0.2
1917, 11769.0, 8, 6.136079249217936, 0.2
1918, 11775.0, 6, 6.1360083376758725, 0.2
1919, 11780.0, 5, 6.135416666666667, 0.2
1920, 11782.0, 2, 6.133263925039042, 0.2
1921, 11788.0, 6, 6.133194588969823, 0.2
1922, 11791.0, 3, 6.131565262610504, 0.2
1923, 11799.0, 8, 6.132536382536382, 0.2
1924, 11807.0, 8, 6.133506493506493, 0.2
1925, 11809.0, 2, 6.1313603322949115, 0.2
1926, 11816.0, 7, 6.131811105345096, 0.2
1927, 11821.0, 5, 6.1312240663900415, 0.2
1928, 11828.0, 7, 6.131674442716434, 0.2
1929, 11829.0, 1, 6.129015544041451, 0.2
1930, 11836.0, 7, 6.129466597617815, 0.2
1931, 11843.0, 7, 6.12991718426501, 0.2
1932, 11850.0, 7, 6.1303673047077085, 0.2
1933, 11856.0, 6, 6.130299896587384, 0.2
1934, 11861.0, 5, 6.129715762273902, 0.2
1935, 11864.0, 3, 6.128099173553719, 0.2
1936, 11870.0, 6, 6.128033040784719, 0.2
1937, 11872.0, 2, 6.125902992776058, 0.2
1938, 11877.0, 5, 6.125322331098505, 0.2
1939, 11884.0, 7, 6.125773195876289, 0.2
1940, 11890.0, 6, 6.125708397733128, 0.2
1941, 11898.0, 8, 6.126673532440782, 0.2
1942, 11901.0, 3, 6.1250643335048895, 0.2
1943, 11907.0, 6, 6.125, 0.2
1944, 11915.0, 8, 6.125964010282776, 0.2
1945, 11920.0, 5, 6.125385405960945, 0.2
1946, 11927.0, 7, 6.125834617360041, 0.2
1947, 11933.0, 6, 6.1257700205338805, 0.2
1948, 11941.0, 8, 6.126731657260134, 0.2
1949, 11949.0, 8, 6.127692307692308, 0.2
1950, 11957.0, 8, 6.128651973347002, 0.2
1951, 11963.0, 6, 6.128586065573771, 0.2
1952, 11971.0, 8, 6.129544290834613, 0.2
1953, 11976.0, 5, 6.1289662231320365, 0.2
1954, 11981.0, 5, 6.128388746803069, 0.2
1955, 11983.0, 2, 6.126278118609407, 0.2
1956, 11984.0, 1, 6.123658661216147, 0.2
1957, 11991.0, 7, 6.124106230847804, 0.2
1958, 11997.0, 6, 6.124042879019908, 0.2
1959, 12004.0, 7, 6.124489795918367, 0.2
1960, 12009.0, 5, 6.123916369199388, 0.2
1961, 12016.0, 7, 6.124362895005097, 0.2
1962, 12022.0, 6, 6.124299541518084, 0.2
1963, 12029.0, 7, 6.124745417515275, 0.2
1964, 12034.0, 5, 6.124173027989822, 0.2
1965, 12040.0, 6, 6.1241098677517805, 0.2
1966, 12046.0, 6, 6.124046771733605, 0.2
1967, 12048.0, 2, 6.121951219512195, 0.2
1968, 12056.0, 8, 6.122905027932961, 0.2
1969, 12063.0, 7, 6.123350253807106, 0.2
1970, 12068.0, 5, 6.122780314561137, 0.2
1971, 12068.0, 0, 6.119675456389452, 0.2
1972, 12075.0, 7, 6.120121642169285, 0.2
1973, 12083.0, 8, 6.121073961499493, 0.2
1974, 12083.0, 0, 6.117974683544304, 0.2
1975, 12084.0, 1, 6.115384615384615, 0.2
1976, 12090.0, 6, 6.115326251896813, 0.2
1977, 12095.0, 5, 6.114762386248736, 0.2
1978, 12103.0, 8, 6.115715007579586, 0.2
1979, 12111.0, 8, 6.116666666666666, 0.2
1980, 12118.0, 7, 6.1171125694093895, 0.2
1981, 12125.0, 7, 6.117558022199798, 0.2
1982, 12128.0, 3, 6.115985879979829, 0.2
1983, 12134.0, 6, 6.115927419354839, 0.2
1984, 12141.0, 7, 6.116372795969773, 0.2
1985, 12144.0, 3, 6.114803625377643, 0.2
1986, 12149.0, 5, 6.114242576748867, 0.2
1987, 12155.0, 6, 6.114185110663984, 0.2
1988, 12163.0, 8, 6.115133232780291, 0.2
1989, 12167.0, 4, 6.1140703517587935, 0.2
1990, 12173.0, 6, 6.11401305876444, 0.2
1991, 12180.0, 7, 6.114457831325301, 0.2
1992, 12184.0, 4, 6.1133968891118915, 0.2
1993, 12192.0, 8, 6.114343029087261, 0.2
1994, 12192.0, 0, 6.111278195488722, 0.2
1995, 12200.0, 8, 6.112224448897796, 0.2
1996, 12208.0, 8, 6.113169754631948, 0.2
1997, 12214.0, 6, 6.113113113113113, 0.2
1998, 12219.0, 5, 6.11255627813907, 0.2
1999, 12226.0, 7, 6.113, 0.2
