0, 8.0, 8, 8.0, 0.2
1, 16.0, 8, 8.0, 0.2
2, 24.0, 8, 8.0, 0.2
3, 32.0, 8, 8.0, 0.2
4, 40.0, 8, 8.0, 0.2
5, 48.0, 8, 8.0, 0.2
6, 56.0, 8, 8.0, 0.2
7, 64.0, 8, 8.0, 0.2
8, 72.0, 8, 8.0, 0.2
9, 80.0, 8, 8.0, 0.2
10, 88.0, 8, 8.0, 0.2
11, 96.0, 8, 8.0, 0.2
12, 104.0, 8, 8.0, 0.2
13, 112.0, 8, 8.0, 0.2
14, 120.0, 8, 8.0, 0.2
15, 128.0, 8, 8.0, 0.2
16, 136.0, 8, 8.0, 0.2
17, 144.0, 8, 8.0, 0.2
18, 152.0, 8, 8.0, 0.2
19, 160.0, 8, 8.0, 0.2
20, 168.0, 8, 8.0, 0.2
21, 176.0, 8, 8.0, 0.2
22, 184.0, 8, 8.0, 0.2
23, 192.0, 8, 8.0, 0.2
24, 200.0, 8, 8.0, 0.2
25, 208.0, 8, 8.0, 0.2
26, 216.0, 8, 8.0, 0.2
27, 224.0, 8, 8.0, 0.2
28, 232.0, 8, 8.0, 0.2
29, 240.0, 8, 8.0, 0.2
30, 248.0, 8, 8.0, 0.2
31, 256.0, 8, 8.0, 0.2
32, 264.0, 8, 8.0, 0.2
33, 272.0, 8, 8.0, 0.2
34, 280.0, 8, 8.0, 0.2
35, 288.0, 8, 8.0, 0.2
36, 296.0, 8, 8.0, 0.2
37, 304.0, 8, 8.0, 0.2
38, 312.0, 8, 8.0, 0.2
39, 320.0, 8, 8.0, 0.2
40, 328.0, 8, 8.0, 0.2
41, 336.0, 8, 8.0, 0.2
42, 344.0, 8, 8.0, 0.2
43, 352.0, 8, 8.0, 0.2
44, 360.0, 8, 8.0, 0.2
45, 368.0, 8, 8.0, 0.2
46, 376.0, 8, 8.0, 0.2
47, 384.0, 8, 8.0, 0.2
48, 392.0, 8, 8.0, 0.2
49, 400.0, 8, 8.0, 0.2
50, 408.0, 8, 8.0, 0.2
51, 416.0, 8, 8.0, 0.2
52, 424.0, 8, 8.0, 0.2
53, 432.0, 8, 8.0, 0.2
54, 440.0, 8, 8.0, 0.2
55, 448.0, 8, 8.0, 0.2
56, 456.0, 8, 8.0, 0.2
57, 464.0, 8, 8.0, 0.2
58, 472.0, 8, 8.0, 0.2
59, 480.0, 8, 8.0, 0.2
60, 488.0, 8, 8.0, 0.2
61, 496.0, 8, 8.0, 0.2
62, 504.0, 8, 8.0, 0.2
63, 512.0, 8, 8.0, 0.2
64, 520.0, 8, 8.0, 0.2
65, 528.0, 8, 8.0, 0.2
66, 536.0, 8, 8.0, 0.2
67, 544.0, 8, 8.0, 0.2
68, 552.0, 8, 8.0, 0.2
69, 560.0, 8, 8.0, 0.2
70, 568.0, 8, 8.0, 0.2
71, 576.0, 8, 8.0, 0.2
72, 584.0, 8, 8.0, 0.2
73, 592.0, 8, 8.0, 0.2
74, 600.0, 8, 8.0, 0.2
75, 608.0, 8, 8.0, 0.2
76, 616.0, 8, 8.0, 0.2
77, 624.0, 8, 8.0, 0.2
78, 632.0, 8, 8.0, 0.2
79, 640.0, 8, 8.0, 0.2
80, 648.0, 8, 8.0, 0.2
81, 656.0, 8, 8.0, 0.2
82, 664.0, 8, 8.0, 0.2
83, 672.0, 8, 8.0, 0.2
84, 680.0, 8, 8.0, 0.2
85, 688.0, 8, 8.0, 0.2
86, 696.0, 8, 8.0, 0.2
87, 704.0, 8, 8.0, 0.2
88, 712.0, 8, 8.0, 0.2
89, 720.0, 8, 8.0, 0.2
90, 728.0, 8, 8.0, 0.2
91, 736.0, 8, 8.0, 0.2
92, 744.0, 8, 8.0, 0.2
93, 752.0, 8, 8.0, 0.2
94, 760.0, 8, 8.0, 0.2
95, 768.0, 8, 8.0, 0.2
96, 776.0, 8, 8.0, 0.2
97, 784.0, 8, 8.0, 0.2
98, 792.0, 8, 8.0, 0.2
99, 800.0, 8, 8.0, 0.2
100, 808.0, 8, 8.0, 0.2
101, 816.0, 8, 8.0, 0.2
102, 824.0, 8, 8.0, 0.2
103, 832.0, 8, 8.0, 0.2
104, 840.0, 8, 8.0, 0.2
105, 848.0, 8, 8.0, 0.2
106, 856.0, 8, 8.0, 0.2
107, 864.0, 8, 8.0, 0.2
108, 872.0, 8, 8.0, 0.2
109, 880.0, 8, 8.0, 0.2
110, 888.0, 8, 8.0, 0.2
111, 896.0, 8, 8.0, 0.2
112, 904.0, 8, 8.0, 0.2
113, 912.0, 8, 8.0, 0.2
114, 920.0, 8, 8.0, 0.2
115, 928.0, 8, 8.0, 0.2
116, 936.0, 8, 8.0, 0.2
117, 944.0, 8, 8.0, 0.2
118, 952.0, 8, 8.0, 0.2
119, 960.0, 8, 8.0, 0.2
120, 968.0, 8, 8.0, 0.2
121, 976.0, 8, 8.0, 0.2
122, 984.0, 8, 8.0, 0.2
123, 992.0, 8, 8.0, 0.2
124, 1000.0, 8, 8.0, 0.2
125, 1008.0, 8, 8.0, 0.2
126, 1016.0, 8, 8.0, 0.2
127, 1024.0, 8, 8.0, 0.2
128, 1032.0, 8, 8.0, 0.2
129, 1040.0, 8, 8.0, 0.2
130, 1048.0, 8, 8.0, 0.2
131, 1056.0, 8, 8.0, 0.2
132, 1064.0, 8, 8.0, 0.2
133, 1072.0, 8, 8.0, 0.2
134, 1080.0, 8, 8.0, 0.2
135, 1088.0, 8, 8.0, 0.2
136, 1096.0, 8, 8.0, 0.2
137, 1104.0, 8, 8.0, 0.2
138, 1112.0, 8, 8.0, 0.2
139, 1120.0, 8, 8.0, 0.2
140, 1128.0, 8, 8.0, 0.2
141, 1136.0, 8, 8.0, 0.2
142, 1144.0, 8, 8.0, 0.2
143, 1152.0, 8, 8.0, 0.2
144, 1160.0, 8, 8.0, 0.2
145, 1168.0, 8, 8.0, 0.2
146, 1176.0, 8, 8.0, 0.2
147, 1184.0, 8, 8.0, 0.2
148, 1192.0, 8, 8.0, 0.2
149, 1200.0, 8, 8.0, 0.2
150, 1208.0, 8, 8.0, 0.2
151, 1216.0, 8, 8.0, 0.2
152, 1224.0, 8, 8.0, 0.2
153, 1232.0, 8, 8.0, 0.2
154, 1240.0, 8, 8.0, 0.2
155, 1248.0, 8, 8.0, 0.2
156, 1256.0, 8, 8.0, 0.2
157, 1264.0, 8, 8.0, 0.2
158, 1272.0, 8, 8.0, 0.2
159, 1280.0, 8, 8.0, 0.2
160, 1288.0, 8, 8.0, 0.2
161, 1296.0, 8, 8.0, 0.2
162, 1304.0, 8, 8.0, 0.2
163, 1312.0, 8, 8.0, 0.2
164, 1320.0, 8, 8.0, 0.2
165, 1328.0, 8, 8.0, 0.2
166, 1336.0, 8, 8.0, 0.2
167, 1344.0, 8, 8.0, 0.2
168, 1352.0, 8, 8.0, 0.2
169, 1360.0, 8, 8.0, 0.2
170, 1368.0, 8, 8.0, 0.2
171, 1376.0, 8, 8.0, 0.2
172, 1384.0, 8, 8.0, 0.2
173, 1392.0, 8, 8.0, 0.2
174, 1400.0, 8, 8.0, 0.2
175, 1408.0, 8, 8.0, 0.2
176, 1416.0, 8, 8.0, 0.2
177, 1424.0, 8, 8.0, 0.2
178, 1432.0, 8, 8.0, 0.2
179, 1440.0, 8, 8.0, 0.2
180, 1448.0, 8, 8.0, 0.2
181, 1456.0, 8, 8.0, 0.2
182, 1464.0, 8, 8.0, 0.2
183, 1472.0, 8, 8.0, 0.2
184, 1480.0, 8, 8.0, 0.2
185, 1488.0, 8, 8.0, 0.2
186, 1496.0, 8, 8.0, 0.2
187, 1504.0, 8, 8.0, 0.2
188, 1512.0, 8, 8.0, 0.2
189, 1520.0, 8, 8.0, 0.2
190, 1528.0, 8, 8.0, 0.2
191, 1536.0, 8, 8.0, 0.2
192, 1544.0, 8, 8.0, 0.2
193, 1552.0, 8, 8.0, 0.2
194, 1560.0, 8, 8.0, 0.2
195, 1568.0, 8, 8.0, 0.2
196, 1576.0, 8, 8.0, 0.2
197, 1584.0, 8, 8.0, 0.2
198, 1592.0, 8, 8.0, 0.2
199, 1600.0, 8, 8.0, 0.2
200, 1608.0, 8, 8.0, 0.2
201, 1616.0, 8, 8.0, 0.2
202, 1624.0, 8, 8.0, 0.2
203, 1632.0, 8, 8.0, 0.2
204, 1640.0, 8, 8.0, 0.2
205, 1648.0, 8, 8.0, 0.2
206, 1656.0, 8, 8.0, 0.2
207, 1664.0, 8, 8.0, 0.2
208, 1672.0, 8, 8.0, 0.2
209, 1680.0, 8, 8.0, 0.2
210, 1688.0, 8, 8.0, 0.2
211, 1696.0, 8, 8.0, 0.2
212, 1704.0, 8, 8.0, 0.2
213, 1712.0, 8, 8.0, 0.2
214, 1720.0, 8, 8.0, 0.2
215, 1728.0, 8, 8.0, 0.2
216, 1736.0, 8, 8.0, 0.2
217, 1744.0, 8, 8.0, 0.2
218, 1752.0, 8, 8.0, 0.2
219, 1760.0, 8, 8.0, 0.2
220, 1768.0, 8, 8.0, 0.2
221, 1776.0, 8, 8.0, 0.2
222, 1784.0, 8, 8.0, 0.2
223, 1792.0, 8, 8.0, 0.2
224, 1800.0, 8, 8.0, 0.2
225, 1808.0, 8, 8.0, 0.2
226, 1816.0, 8, 8.0, 0.2
227, 1824.0, 8, 8.0, 0.2
228, 1832.0, 8, 8.0, 0.2
229, 1840.0, 8, 8.0, 0.2
230, 1848.0, 8, 8.0, 0.2
231, 1856.0, 8, 8.0, 0.2
232, 1864.0, 8, 8.0, 0.2
233, 1872.0, 8, 8.0, 0.2
234, 1880.0, 8, 8.0, 0.2
235, 1888.0, 8, 8.0, 0.2
236, 1896.0, 8, 8.0, 0.2
237, 1904.0, 8, 8.0, 0.2
238, 1912.0, 8, 8.0, 0.2
239, 1920.0, 8, 8.0, 0.2
240, 1928.0, 8, 8.0, 0.2
241, 1936.0, 8, 8.0, 0.2
242, 1944.0, 8, 8.0, 0.2
243, 1952.0, 8, 8.0, 0.2
244, 1960.0, 8, 8.0, 0.2
245, 1968.0, 8, 8.0, 0.2
246, 1976.0, 8, 8.0, 0.2
247, 1984.0, 8, 8.0, 0.2
248, 1992.0, 8, 8.0, 0.2
249, 2000.0, 8, 8.0, 0.2
250, 2008.0, 8, 8.0, 0.2
251, 2016.0, 8, 8.0, 0.2
252, 2024.0, 8, 8.0, 0.2
253, 2032.0, 8, 8.0, 0.2
254, 2040.0, 8, 8.0, 0.2
255, 2048.0, 8, 8.0, 0.2
256, 2056.0, 8, 8.0, 0.2
257, 2064.0, 8, 8.0, 0.2
258, 2072.0, 8, 8.0, 0.2
259, 2080.0, 8, 8.0, 0.2
260, 2088.0, 8, 8.0, 0.2
261, 2096.0, 8, 8.0, 0.2
262, 2104.0, 8, 8.0, 0.2
263, 2112.0, 8, 8.0, 0.2
264, 2120.0, 8, 8.0, 0.2
265, 2128.0, 8, 8.0, 0.2
266, 2136.0, 8, 8.0, 0.2
267, 2144.0, 8, 8.0, 0.2
268, 2152.0, 8, 8.0, 0.2
269, 2160.0, 8, 8.0, 0.2
270, 2168.0, 8, 8.0, 0.2
271, 2176.0, 8, 8.0, 0.2
272, 2184.0, 8, 8.0, 0.2
273, 2192.0, 8, 8.0, 0.2
274, 2200.0, 8, 8.0, 0.2
275, 2208.0, 8, 8.0, 0.2
276, 2216.0, 8, 8.0, 0.2
277, 2224.0, 8, 8.0, 0.2
278, 2232.0, 8, 8.0, 0.2
279, 2240.0, 8, 8.0, 0.2
280, 2248.0, 8, 8.0, 0.2
281, 2256.0, 8, 8.0, 0.2
282, 2264.0, 8, 8.0, 0.2
283, 2272.0, 8, 8.0, 0.2
284, 2280.0, 8, 8.0, 0.2
285, 2288.0, 8, 8.0, 0.2
286, 2296.0, 8, 8.0, 0.2
287, 2304.0, 8, 8.0, 0.2
288, 2312.0, 8, 8.0, 0.2
289, 2320.0, 8, 8.0, 0.2
290, 2328.0, 8, 8.0, 0.2
291, 2336.0, 8, 8.0, 0.2
292, 2344.0, 8, 8.0, 0.2
293, 2352.0, 8, 8.0, 0.2
294, 2360.0, 8, 8.0, 0.2
295, 2368.0, 8, 8.0, 0.2
296, 2376.0, 8, 8.0, 0.2
297, 2384.0, 8, 8.0, 0.2
298, 2392.0, 8, 8.0, 0.2
299, 2400.0, 8, 8.0, 0.2
300, 2408.0, 8, 8.0, 0.2
301, 2416.0, 8, 8.0, 0.2
302, 2424.0, 8, 8.0, 0.2
303, 2432.0, 8, 8.0, 0.2
304, 2440.0, 8, 8.0, 0.2
305, 2448.0, 8, 8.0, 0.2
306, 2456.0, 8, 8.0, 0.2
307, 2464.0, 8, 8.0, 0.2
308, 2472.0, 8, 8.0, 0.2
309, 2480.0, 8, 8.0, 0.2
310, 2488.0, 8, 8.0, 0.2
311, 2496.0, 8, 8.0, 0.2
312, 2504.0, 8, 8.0, 0.2
313, 2512.0, 8, 8.0, 0.2
314, 2520.0, 8, 8.0, 0.2
315, 2528.0, 8, 8.0, 0.2
316, 2536.0, 8, 8.0, 0.2
317, 2544.0, 8, 8.0, 0.2
318, 2552.0, 8, 8.0, 0.2
319, 2560.0, 8, 8.0, 0.2
320, 2568.0, 8, 8.0, 0.2
321, 2576.0, 8, 8.0, 0.2
322, 2584.0, 8, 8.0, 0.2
323, 2592.0, 8, 8.0, 0.2
324, 2600.0, 8, 8.0, 0.2
325, 2608.0, 8, 8.0, 0.2
326, 2616.0, 8, 8.0, 0.2
327, 2624.0, 8, 8.0, 0.2
328, 2632.0, 8, 8.0, 0.2
329, 2640.0, 8, 8.0, 0.2
330, 2648.0, 8, 8.0, 0.2
331, 2656.0, 8, 8.0, 0.2
332, 2664.0, 8, 8.0, 0.2
333, 2672.0, 8, 8.0, 0.2
334, 2680.0, 8, 8.0, 0.2
335, 2688.0, 8, 8.0, 0.2
336, 2696.0, 8, 8.0, 0.2
337, 2704.0, 8, 8.0, 0.2
338, 2712.0, 8, 8.0, 0.2
339, 2720.0, 8, 8.0, 0.2
340, 2728.0, 8, 8.0, 0.2
341, 2736.0, 8, 8.0, 0.2
342, 2744.0, 8, 8.0, 0.2
343, 2752.0, 8, 8.0, 0.2
344, 2760.0, 8, 8.0, 0.2
345, 2768.0, 8, 8.0, 0.2
346, 2776.0, 8, 8.0, 0.2
347, 2784.0, 8, 8.0, 0.2
348, 2792.0, 8, 8.0, 0.2
349, 2800.0, 8, 8.0, 0.2
350, 2808.0, 8, 8.0, 0.2
351, 2816.0, 8, 8.0, 0.2
352, 2824.0, 8, 8.0, 0.2
353, 2832.0, 8, 8.0, 0.2
354, 2840.0, 8, 8.0, 0.2
355, 2848.0, 8, 8.0, 0.2
356, 2856.0, 8, 8.0, 0.2
357, 2864.0, 8, 8.0, 0.2
358, 2872.0, 8, 8.0, 0.2
359, 2880.0, 8, 8.0, 0.2
360, 2888.0, 8, 8.0, 0.2
361, 2896.0, 8, 8.0, 0.2
362, 2904.0, 8, 8.0, 0.2
363, 2912.0, 8, 8.0, 0.2
364, 2920.0, 8, 8.0, 0.2
365, 2928.0, 8, 8.0, 0.2
366, 2936.0, 8, 8.0, 0.2
367, 2944.0, 8, 8.0, 0.2
368, 2952.0, 8, 8.0, 0.2
369, 2960.0, 8, 8.0, 0.2
370, 2968.0, 8, 8.0, 0.2
371, 2976.0, 8, 8.0, 0.2
372, 2984.0, 8, 8.0, 0.2
373, 2992.0, 8, 8.0, 0.2
374, 3000.0, 8, 8.0, 0.2
375, 3008.0, 8, 8.0, 0.2
376, 3016.0, 8, 8.0, 0.2
377, 3024.0, 8, 8.0, 0.2
378, 3032.0, 8, 8.0, 0.2
379, 3040.0, 8, 8.0, 0.2
380, 3048.0, 8, 8.0, 0.2
381, 3056.0, 8, 8.0, 0.2
382, 3064.0, 8, 8.0, 0.2
383, 3072.0, 8, 8.0, 0.2
384, 3080.0, 8, 8.0, 0.2
385, 3088.0, 8, 8.0, 0.2
386, 3096.0, 8, 8.0, 0.2
387, 3104.0, 8, 8.0, 0.2
388, 3112.0, 8, 8.0, 0.2
389, 3120.0, 8, 8.0, 0.2
390, 3128.0, 8, 8.0, 0.2
391, 3136.0, 8, 8.0, 0.2
392, 3144.0, 8, 8.0, 0.2
393, 3152.0, 8, 8.0, 0.2
394, 3160.0, 8, 8.0, 0.2
395, 3168.0, 8, 8.0, 0.2
396, 3176.0, 8, 8.0, 0.2
397, 3184.0, 8, 8.0, 0.2
398, 3192.0, 8, 8.0, 0.2
399, 3200.0, 8, 8.0, 0.2
400, 3208.0, 8, 8.0, 0.2
401, 3216.0, 8, 8.0, 0.2
402, 3224.0, 8, 8.0, 0.2
403, 3232.0, 8, 8.0, 0.2
404, 3240.0, 8, 8.0, 0.2
405, 3248.0, 8, 8.0, 0.2
406, 3256.0, 8, 8.0, 0.2
407, 3264.0, 8, 8.0, 0.2
408, 3272.0, 8, 8.0, 0.2
409, 3280.0, 8, 8.0, 0.2
410, 3288.0, 8, 8.0, 0.2
411, 3296.0, 8, 8.0, 0.2
412, 3304.0, 8, 8.0, 0.2
413, 3312.0, 8, 8.0, 0.2
414, 3320.0, 8, 8.0, 0.2
415, 3328.0, 8, 8.0, 0.2
416, 3336.0, 8, 8.0, 0.2
417, 3344.0, 8, 8.0, 0.2
418, 3352.0, 8, 8.0, 0.2
419, 3360.0, 8, 8.0, 0.2
420, 3368.0, 8, 8.0, 0.2
421, 3376.0, 8, 8.0, 0.2
422, 3384.0, 8, 8.0, 0.2
423, 3392.0, 8, 8.0, 0.2
424, 3400.0, 8, 8.0, 0.2
425, 3408.0, 8, 8.0, 0.2
426, 3416.0, 8, 8.0, 0.2
427, 3424.0, 8, 8.0, 0.2
428, 3432.0, 8, 8.0, 0.2
429, 3440.0, 8, 8.0, 0.2
430, 3448.0, 8, 8.0, 0.2
431, 3456.0, 8, 8.0, 0.2
432, 3464.0, 8, 8.0, 0.2
433, 3472.0, 8, 8.0, 0.2
434, 3480.0, 8, 8.0, 0.2
435, 3488.0, 8, 8.0, 0.2
436, 3496.0, 8, 8.0, 0.2
437, 3504.0, 8, 8.0, 0.2
438, 3512.0, 8, 8.0, 0.2
439, 3520.0, 8, 8.0, 0.2
440, 3528.0, 8, 8.0, 0.2
441, 3536.0, 8, 8.0, 0.2
442, 3544.0, 8, 8.0, 0.2
443, 3552.0, 8, 8.0, 0.2
444, 3560.0, 8, 8.0, 0.2
445, 3568.0, 8, 8.0, 0.2
446, 3576.0, 8, 8.0, 0.2
447, 3584.0, 8, 8.0, 0.2
448, 3592.0, 8, 8.0, 0.2
449, 3600.0, 8, 8.0, 0.2
450, 3608.0, 8, 8.0, 0.2
451, 3616.0, 8, 8.0, 0.2
452, 3624.0, 8, 8.0, 0.2
453, 3632.0, 8, 8.0, 0.2
454, 3640.0, 8, 8.0, 0.2
455, 3647.0, 7, 7.99780701754386, 0.2
456, 3652.0, 5, 7.991247264770241, 0.2
457, 3659.0, 7, 7.989082969432315, 0.2
458, 3664.0, 5, 7.982570806100218, 0.2
459, 3669.0, 5, 7.976086956521739, 0.2
460, 3676.0, 7, 7.973969631236442, 0.2
461, 3684.0, 8, 7.974025974025974, 0.2
462, 3691.0, 7, 7.971922246220302, 0.2
463, 3698.0, 7, 7.969827586206897, 0.2
464, 3704.0, 6, 7.965591397849463, 0.2
465, 3711.0, 7, 7.963519313304721, 0.2
466, 3717.0, 6, 7.9593147751606, 0.2
467, 3725.0, 8, 7.9594017094017095, 0.2
468, 3731.0, 6, 7.955223880597015, 0.2
469, 3737.0, 6, 7.951063829787234, 0.2
470, 3743.0, 6, 7.946921443736731, 0.2
471, 3749.0, 6, 7.942796610169491, 0.2
472, 3756.0, 7, 7.940803382663848, 0.2
473, 3762.0, 6, 7.936708860759493, 0.2
474, 3768.0, 6, 7.932631578947368, 0.2
475, 3773.0, 5, 7.926470588235294, 0.2
476, 3778.0, 5, 7.920335429769392, 0.2
477, 3784.0, 6, 7.916317991631799, 0.2
478, 3792.0, 8, 7.916492693110647, 0.2
479, 3800.0, 8, 7.916666666666667, 0.2
480, 3806.0, 6, 7.912681912681912, 0.2
481, 3812.0, 6, 7.908713692946058, 0.2
482, 3820.0, 8, 7.908902691511387, 0.2
483, 3827.0, 7, 7.9070247933884295, 0.2
484, 3832.0, 5, 7.901030927835052, 0.2
485, 3840.0, 8, 7.901234567901234, 0.2
486, 3848.0, 8, 7.901437371663245, 0.2
487, 3856.0, 8, 7.901639344262295, 0.2
488, 3863.0, 7, 7.899795501022495, 0.2
489, 3869.0, 6, 7.895918367346939, 0.2
490, 3876.0, 7, 7.8940936863543785, 0.2
491, 3882.0, 6, 7.890243902439025, 0.2
492, 3890.0, 8, 7.890466531440162, 0.2
493, 3896.0, 6, 7.886639676113361, 0.2
494, 3902.0, 6, 7.8828282828282825, 0.2
495, 3907.0, 5, 7.877016129032258, 0.2
496, 3914.0, 7, 7.875251509054326, 0.2
497, 3918.0, 4, 7.867469879518072, 0.2
498, 3923.0, 5, 7.861723446893787, 0.2
499, 3928.0, 5, 7.856, 0.2
500, 3934.0, 6, 7.852295409181637, 0.2
501, 3942.0, 8, 7.852589641434263, 0.2
502, 3948.0, 6, 7.848906560636183, 0.2
503, 3952.0, 4, 7.841269841269841, 0.2
504, 3958.0, 6, 7.8376237623762375, 0.2
505, 3958.0, 0, 7.822134387351778, 0.2
506, 3964.0, 6, 7.818540433925049, 0.2
507, 3966.0, 2, 7.807086614173229, 0.2
508, 3972.0, 6, 7.803536345776031, 0.2
509, 3980.0, 8, 7.803921568627451, 0.2
510, 3988.0, 8, 7.804305283757339, 0.2
511, 3993.0, 5, 7.798828125, 0.2
512, 4000.0, 7, 7.797270955165692, 0.2
513, 4006.0, 6, 7.793774319066148, 0.2
514, 4012.0, 6, 7.790291262135923, 0.2
515, 4018.0, 6, 7.786821705426356, 0.2
516, 4024.0, 6, 7.783365570599613, 0.2
517, 4029.0, 5, 7.777992277992278, 0.2
518, 4034.0, 5, 7.772639691714836, 0.2
519, 4042.0, 8, 7.773076923076923, 0.2
520, 4050.0, 8, 7.773512476007678, 0.2
521, 4055.0, 5, 7.768199233716475, 0.2
522, 4059.0, 4, 7.760994263862333, 0.2
523, 4066.0, 7, 7.759541984732825, 0.2
524, 4073.0, 7, 7.758095238095238, 0.2
525, 4081.0, 8, 7.758555133079848, 0.2
526, 4088.0, 7, 7.757115749525616, 0.2
527, 4095.0, 7, 7.755681818181818, 0.2
528, 4099.0, 4, 7.748582230623819, 0.2
529, 4105.0, 6, 7.745283018867925, 0.2
530, 4111.0, 6, 7.7419962335216574, 0.2
531, 4116.0, 5, 7.7368421052631575, 0.2
532, 4121.0, 5, 7.7317073170731705, 0.2
533, 4127.0, 6, 7.728464419475656, 0.2
534, 4134.0, 7, 7.727102803738318, 0.2
535, 4140.0, 6, 7.723880597014926, 0.2
536, 4147.0, 7, 7.722532588454376, 0.2
537, 4152.0, 5, 7.717472118959108, 0.2
538, 4160.0, 8, 7.717996289424861, 0.2
539, 4167.0, 7, 7.716666666666667, 0.2
540, 4171.0, 4, 7.709796672828096, 0.2
541, 4176.0, 5, 7.704797047970479, 0.2
542, 4183.0, 7, 7.703499079189687, 0.2
543, 4190.0, 7, 7.702205882352941, 0.2
544, 4197.0, 7, 7.700917431192661, 0.2
545, 4200.0, 3, 7.6923076923076925, 0.2
546, 4206.0, 6, 7.689213893967093, 0.2
547, 4206.0, 0, 7.675182481751825, 0.2
548, 4214.0, 8, 7.675774134790529, 0.2
549, 4219.0, 5, 7.670909090909091, 0.2
550, 4222.0, 3, 7.662431941923775, 0.2
551, 4228.0, 6, 7.659420289855072, 0.2
552, 4234.0, 6, 7.656419529837251, 0.2
553, 4239.0, 5, 7.6516245487364625, 0.2
554, 4244.0, 5, 7.646846846846847, 0.2
555, 4252.0, 8, 7.64748201438849, 0.2
556, 4259.0, 7, 7.646319569120287, 0.2
557, 4265.0, 6, 7.64336917562724, 0.2
558, 4270.0, 5, 7.638640429338103, 0.2
559, 4275.0, 5, 7.633928571428571, 0.2
560, 4282.0, 7, 7.632798573975045, 0.2
561, 4288.0, 6, 7.629893238434164, 0.2
562, 4295.0, 7, 7.628774422735346, 0.2
563, 4300.0, 5, 7.624113475177305, 0.2
564, 4306.0, 6, 7.621238938053097, 0.2
565, 4313.0, 7, 7.620141342756184, 0.2
566, 4321.0, 8, 7.620811287477954, 0.2
567, 4328.0, 7, 7.619718309859155, 0.2
568, 4335.0, 7, 7.618629173989455, 0.2
569, 4335.0, 0, 7.605263157894737, 0.2
570, 4342.0, 7, 7.604203152364273, 0.2
571, 4348.0, 6, 7.601398601398602, 0.2
572, 4356.0, 8, 7.602094240837697, 0.2
573, 4360.0, 4, 7.59581881533101, 0.2
574, 4367.0, 7, 7.5947826086956525, 0.2
575, 4374.0, 7, 7.59375, 0.2
576, 4379.0, 5, 7.589254766031196, 0.2
577, 4386.0, 7, 7.588235294117647, 0.2
578, 4387.0, 1, 7.576856649395509, 0.2
579, 4394.0, 7, 7.575862068965518, 0.2
580, 4399.0, 5, 7.571428571428571, 0.2
581, 4407.0, 8, 7.572164948453608, 0.2
582, 4413.0, 6, 7.569468267581475, 0.2
583, 4421.0, 8, 7.570205479452055, 0.2
584, 4428.0, 7, 7.569230769230769, 0.2
585, 4435.0, 7, 7.568259385665529, 0.2
586, 4443.0, 8, 7.5689948892674614, 0.2
587, 4449.0, 6, 7.566326530612245, 0.2
588, 4456.0, 7, 7.565365025466893, 0.2
589, 4462.0, 6, 7.562711864406779, 0.2
590, 4469.0, 7, 7.56175972927242, 0.2
591, 4475.0, 6, 7.559121621621622, 0.2
592, 4476.0, 1, 7.548060708263069, 0.2
593, 4482.0, 6, 7.545454545454546, 0.2
594, 4488.0, 6, 7.542857142857143, 0.2
595, 4494.0, 6, 7.540268456375839, 0.2
596, 4501.0, 7, 7.539363484087102, 0.2
597, 4507.0, 6, 7.536789297658863, 0.2
598, 4513.0, 6, 7.534223706176961, 0.2
599, 4521.0, 8, 7.535, 0.2
600, 4527.0, 6, 7.532445923460899, 0.2
601, 4532.0, 5, 7.528239202657807, 0.2
602, 4536.0, 4, 7.522388059701493, 0.2
603, 4542.0, 6, 7.5198675496688745, 0.2
604, 4549.0, 7, 7.51900826446281, 0.2
605, 4555.0, 6, 7.516501650165017, 0.2
606, 4561.0, 6, 7.514003294892916, 0.2
607, 4568.0, 7, 7.5131578947368425, 0.2
608, 4575.0, 7, 7.512315270935961, 0.2
609, 4581.0, 6, 7.50983606557377, 0.2
610, 4589.0, 8, 7.51063829787234, 0.2
611, 4596.0, 7, 7.509803921568627, 0.2
612, 4603.0, 7, 7.508972267536705, 0.2
613, 4605.0, 2, 7.5, 0.2
614, 4612.0, 7, 7.4991869918699186, 0.2
615, 4618.0, 6, 7.496753246753247, 0.2
616, 4625.0, 7, 7.4959481361426255, 0.2
617, 4628.0, 3, 7.488673139158576, 0.2
618, 4632.0, 4, 7.483037156704362, 0.2
619, 4638.0, 6, 7.480645161290322, 0.2
620, 4645.0, 7, 7.47987117552335, 0.2
621, 4653.0, 8, 7.480707395498392, 0.2
622, 4660.0, 7, 7.479935794542536, 0.2
623, 4666.0, 6, 7.477564102564102, 0.2
624, 4672.0, 6, 7.4752, 0.2
625, 4679.0, 7, 7.47444089456869, 0.2
626, 4687.0, 8, 7.475279106858054, 0.2
627, 4694.0, 7, 7.474522292993631, 0.2
628, 4700.0, 6, 7.472178060413355, 0.2
629, 4707.0, 7, 7.4714285714285715, 0.2
630, 4714.0, 7, 7.4706814580031695, 0.2
631, 4719.0, 5, 7.466772151898734, 0.2
632, 4724.0, 5, 7.4628751974723535, 0.2
633, 4731.0, 7, 7.462145110410095, 0.2
634, 4737.0, 6, 7.459842519685039, 0.2
635, 4743.0, 6, 7.4575471698113205, 0.2
636, 4751.0, 8, 7.45839874411303, 0.2
637, 4754.0, 3, 7.45141065830721, 0.2
638, 4758.0, 4, 7.446009389671362, 0.2
639, 4765.0, 7, 7.4453125, 0.2
640, 4773.0, 8, 7.446177847113884, 0.2
641, 4781.0, 8, 7.447040498442368, 0.2
642, 4785.0, 4, 7.441679626749611, 0.2
643, 4789.0, 4, 7.436335403726708, 0.2
644, 4796.0, 7, 7.435658914728682, 0.2
645, 4802.0, 6, 7.43343653250774, 0.2
646, 4809.0, 7, 7.432766615146831, 0.2
647, 4817.0, 8, 7.433641975308642, 0.2
648, 4825.0, 8, 7.434514637904468, 0.2
649, 4833.0, 8, 7.435384615384615, 0.2
650, 4841.0, 8, 7.436251920122888, 0.2
651, 4848.0, 7, 7.435582822085889, 0.2
652, 4849.0, 1, 7.4257274119448695, 0.2
653, 4855.0, 6, 7.42354740061162, 0.2
654, 4860.0, 5, 7.419847328244275, 0.2
655, 4866.0, 6, 7.4176829268292686, 0.2
656, 4873.0, 7, 7.417047184170472, 0.2
657, 4880.0, 7, 7.416413373860182, 0.2
658, 4888.0, 8, 7.417298937784522, 0.2
659, 4890.0, 2, 7.409090909090909, 0.2
660, 4898.0, 8, 7.409984871406959, 0.2
661, 4902.0, 4, 7.404833836858006, 0.2
662, 4908.0, 6, 7.402714932126697, 0.2
663, 4913.0, 5, 7.399096385542169, 0.2
664, 4914.0, 1, 7.389473684210526, 0.2
665, 4917.0, 3, 7.382882882882883, 0.2
666, 4920.0, 3, 7.376311844077961, 0.2
667, 4924.0, 4, 7.37125748502994, 0.2
668, 4929.0, 5, 7.367713004484305, 0.2
669, 4932.0, 3, 7.361194029850746, 0.2
670, 4940.0, 8, 7.362146050670641, 0.2
671, 4946.0, 6, 7.3601190476190474, 0.2
672, 4953.0, 7, 7.359583952451708, 0.2
673, 4960.0, 7, 7.359050445103858, 0.2
674, 4966.0, 6, 7.357037037037037, 0.2
675, 4973.0, 7, 7.356508875739645, 0.2
676, 4979.0, 6, 7.3545051698670605, 0.2
677, 4985.0, 6, 7.352507374631268, 0.2
678, 4990.0, 5, 7.349042709867452, 0.2
679, 4995.0, 5, 7.345588235294118, 0.2
680, 5002.0, 7, 7.345080763582966, 0.2
681, 5009.0, 7, 7.344574780058651, 0.2
682, 5015.0, 6, 7.342606149341142, 0.2
683, 5022.0, 7, 7.342105263157895, 0.2
684, 5023.0, 1, 7.3328467153284675, 0.2
685, 5031.0, 8, 7.333819241982507, 0.2
686, 5037.0, 6, 7.331877729257642, 0.2
687, 5045.0, 8, 7.332848837209302, 0.2
688, 5053.0, 8, 7.333817126269956, 0.2
689, 5057.0, 4, 7.328985507246377, 0.2
690, 5064.0, 7, 7.328509406657019, 0.2
691, 5071.0, 7, 7.328034682080925, 0.2
692, 5077.0, 6, 7.326118326118326, 0.2
693, 5083.0, 6, 7.324207492795389, 0.2
694, 5090.0, 7, 7.323741007194244, 0.2
695, 5097.0, 7, 7.323275862068965, 0.2
696, 5103.0, 6, 7.321377331420373, 0.2
697, 5108.0, 5, 7.318051575931232, 0.2
698, 5115.0, 7, 7.317596566523605, 0.2
699, 5122.0, 7, 7.317142857142857, 0.2
700, 5128.0, 6, 7.315263908701854, 0.2
701, 5136.0, 8, 7.316239316239316, 0.2
702, 5143.0, 7, 7.315789473684211, 0.2
703, 5149.0, 6, 7.313920454545454, 0.2
704, 5155.0, 6, 7.3120567375886525, 0.2
705, 5163.0, 8, 7.313031161473088, 0.2
706, 5168.0, 5, 7.30975954738331, 0.2
707, 5175.0, 7, 7.309322033898305, 0.2
708, 5179.0, 4, 7.304654442877292, 0.2
709, 5185.0, 6, 7.302816901408451, 0.2
710, 5190.0, 5, 7.29957805907173, 0.2
711, 5198.0, 8, 7.300561797752809, 0.2
712, 5204.0, 6, 7.298737727910239, 0.2
713, 5204.0, 0, 7.288515406162465, 0.2
714, 5211.0, 7, 7.288111888111888, 0.2
715, 5218.0, 7, 7.287709497206704, 0.2
716, 5225.0, 7, 7.287308228730823, 0.2
717, 5233.0, 8, 7.288300835654596, 0.2
718, 5240.0, 7, 7.287899860917942, 0.2
719, 5247.0, 7, 7.2875, 0.2
720, 5252.0, 5, 7.284327323162275, 0.2
721, 5258.0, 6, 7.282548476454294, 0.2
722, 5262.0, 4, 7.278008298755187, 0.2
723, 5268.0, 6, 7.276243093922652, 0.2
724, 5271.0, 3, 7.270344827586207, 0.2
725, 5278.0, 7, 7.2699724517906334, 0.2
726, 5282.0, 4, 7.265474552957359, 0.2
727, 5290.0, 8, 7.266483516483516, 0.2
728, 5292.0, 2, 7.2592592592592595, 0.2
729, 5299.0, 7, 7.258904109589041, 0.2
730, 5305.0, 6, 7.2571819425444595, 0.2
731, 5311.0, 6, 7.255464480874317, 0.2
732, 5318.0, 7, 7.2551159618008185, 0.2
733, 5324.0, 6, 7.253405994550409, 0.2
734, 5331.0, 7, 7.253061224489796, 0.2
735, 5333.0, 2, 7.2459239130434785, 0.2
736, 5340.0, 7, 7.245590230664858, 0.2
737, 5347.0, 7, 7.245257452574526, 0.2
738, 5348.0, 1, 7.23680649526387, 0.2
739, 5353.0, 5, 7.2337837837837835, 0.2
740, 5360.0, 7, 7.233468286099865, 0.2
741, 5367.0, 7, 7.2331536388140165, 0.2
742, 5370.0, 3, 7.227456258411844, 0.2
743, 5375.0, 5, 7.224462365591398, 0.2
744, 5375.0, 0, 7.214765100671141, 0.2
745, 5382.0, 7, 7.214477211796247, 0.2
746, 5388.0, 6, 7.21285140562249, 0.2
747, 5394.0, 6, 7.211229946524064, 0.2
748, 5402.0, 8, 7.212283044058745, 0.2
749, 5408.0, 6, 7.210666666666667, 0.2
750, 5414.0, 6, 7.209054593874834, 0.2
751, 5421.0, 7, 7.2087765957446805, 0.2
752, 5429.0, 8, 7.209827357237716, 0.2
753, 5430.0, 1, 7.201591511936339, 0.2
754, 5434.0, 4, 7.1973509933774835, 0.2
755, 5440.0, 6, 7.195767195767195, 0.2
756, 5444.0, 4, 7.191545574636724, 0.2
757, 5452.0, 8, 7.192612137203167, 0.2
758, 5452.0, 0, 7.183135704874835, 0.2
759, 5457.0, 5, 7.1802631578947365, 0.2
760, 5463.0, 6, 7.178712220762155, 0.2
761, 5466.0, 3, 7.173228346456693, 0.2
762, 5472.0, 6, 7.1716906946264745, 0.2
763, 5480.0, 8, 7.172774869109948, 0.2
764, 5485.0, 5, 7.169934640522876, 0.2
765, 5492.0, 7, 7.169712793733681, 0.2
766, 5498.0, 6, 7.168187744458931, 0.2
767, 5502.0, 4, 7.1640625, 0.2
768, 5507.0, 5, 7.161248374512354, 0.2
769, 5515.0, 8, 7.162337662337662, 0.2
770, 5521.0, 6, 7.160830090791181, 0.2
771, 5526.0, 5, 7.158031088082901, 0.2
772, 5528.0, 2, 7.151358344113842, 0.2
773, 5534.0, 6, 7.149870801033591, 0.2
774, 5539.0, 5, 7.147096774193549, 0.2
775, 5545.0, 6, 7.145618556701031, 0.2
776, 5549.0, 4, 7.141570141570141, 0.2
777, 5555.0, 6, 7.140102827763497, 0.2
778, 5561.0, 6, 7.138639281129653, 0.2
779, 5567.0, 6, 7.137179487179488, 0.2
780, 5572.0, 5, 7.134443021766965, 0.2
781, 5580.0, 8, 7.135549872122762, 0.2
782, 5586.0, 6, 7.134099616858237, 0.2
783, 5590.0, 4, 7.130102040816326, 0.2
784, 5596.0, 6, 7.128662420382166, 0.2
785, 5604.0, 8, 7.129770992366412, 0.2
786, 5609.0, 5, 7.127064803049556, 0.2
787, 5616.0, 7, 7.126903553299492, 0.2
788, 5622.0, 6, 7.1254752851711025, 0.2
789, 5628.0, 6, 7.124050632911392, 0.2
790, 5635.0, 7, 7.123893805309734, 0.2
791, 5642.0, 7, 7.123737373737374, 0.2
792, 5650.0, 8, 7.12484237074401, 0.2
793, 5658.0, 8, 7.1259445843828715, 0.2
794, 5660.0, 2, 7.119496855345912, 0.2
795, 5663.0, 3, 7.114321608040201, 0.2
796, 5670.0, 7, 7.114178168130489, 0.2
797, 5676.0, 6, 7.112781954887218, 0.2
798, 5683.0, 7, 7.112640801001252, 0.2
799, 5683.0, 0, 7.10375, 0.2
800, 5687.0, 4, 7.099875156054932, 0.2
801, 5694.0, 7, 7.0997506234413965, 0.2
802, 5699.0, 5, 7.097135740971358, 0.2
803, 5706.0, 7, 7.097014925373134, 0.2
804, 5707.0, 1, 7.08944099378882, 0.2
805, 5713.0, 6, 7.088089330024814, 0.2
806, 5717.0, 4, 7.084262701363073, 0.2
807, 5723.0, 6, 7.082920792079208, 0.2
808, 5727.0, 4, 7.07911001236094, 0.2
809, 5728.0, 1, 7.071604938271605, 0.2
810, 5735.0, 7, 7.0715166461159065, 0.2
811, 5743.0, 8, 7.072660098522167, 0.2
812, 5750.0, 7, 7.072570725707257, 0.2
813, 5757.0, 7, 7.072481572481572, 0.2
814, 5759.0, 2, 7.066257668711656, 0.2
815, 5765.0, 6, 7.064950980392157, 0.2
816, 5771.0, 6, 7.063647490820073, 0.2
817, 5778.0, 7, 7.06356968215159, 0.2
818, 5783.0, 5, 7.061050061050061, 0.2
819, 5788.0, 5, 7.058536585365854, 0.2
820, 5796.0, 8, 7.059683313032886, 0.2
821, 5798.0, 2, 7.0535279805352795, 0.2
822, 5802.0, 4, 7.0498177399756985, 0.2
823, 5809.0, 7, 7.049757281553398, 0.2
824, 5815.0, 6, 7.048484848484849, 0.2
825, 5821.0, 6, 7.047215496368039, 0.2
826, 5828.0, 7, 7.047158403869408, 0.2
827, 5835.0, 7, 7.047101449275362, 0.2
828, 5841.0, 6, 7.04583835946924, 0.2
829, 5847.0, 6, 7.044578313253012, 0.2
830, 5854.0, 7, 7.044524669073406, 0.2
831, 5860.0, 6, 7.043269230769231, 0.2
832, 5865.0, 5, 7.040816326530612, 0.2
833, 5872.0, 7, 7.040767386091127, 0.2
834, 5879.0, 7, 7.040718562874251, 0.2
835, 5886.0, 7, 7.04066985645933, 0.2
836, 5892.0, 6, 7.039426523297491, 0.2
837, 5898.0, 6, 7.0381861575179, 0.2
838, 5898.0, 0, 7.029797377830751, 0.2
839, 5904.0, 6, 7.0285714285714285, 0.2
840, 5911.0, 7, 7.028537455410226, 0.2
841, 5916.0, 5, 7.026128266033254, 0.2
842, 5922.0, 6, 7.02491103202847, 0.2
843, 5929.0, 7, 7.024881516587678, 0.2
844, 5936.0, 7, 7.024852071005917, 0.2
845, 5940.0, 4, 7.0212765957446805, 0.2
846, 5946.0, 6, 7.020070838252656, 0.2
847, 5951.0, 5, 7.017688679245283, 0.2
848, 5957.0, 6, 7.016489988221437, 0.2
849, 5963.0, 6, 7.015294117647059, 0.2
850, 5970.0, 7, 7.015276145710929, 0.2
851, 5977.0, 7, 7.015258215962441, 0.2
852, 5979.0, 2, 7.009378663540446, 0.2
853, 5980.0, 1, 7.0023419203747075, 0.2
854, 5986.0, 6, 7.001169590643275, 0.2
855, 5993.0, 7, 7.001168224299065, 0.2
856, 6000.0, 7, 7.001166861143524, 0.2
857, 6005.0, 5, 6.998834498834499, 0.2
858, 6011.0, 6, 6.997671711292201, 0.2
859, 6018.0, 7, 6.997674418604651, 0.2
860, 6024.0, 6, 6.996515679442509, 0.2
861, 6024.0, 0, 6.9883990719257545, 0.2
862, 6031.0, 7, 6.988412514484357, 0.2
863, 6035.0, 4, 6.984953703703703, 0.2
864, 6042.0, 7, 6.984971098265896, 0.2
865, 6048.0, 6, 6.983833718244804, 0.2
866, 6054.0, 6, 6.982698961937716, 0.2
867, 6059.0, 5, 6.9804147465437785, 0.2
868, 6066.0, 7, 6.980437284234752, 0.2
869, 6074.0, 8, 6.9816091954022985, 0.2
870, 6080.0, 6, 6.980482204362802, 0.2
871, 6086.0, 6, 6.979357798165138, 0.2
872, 6093.0, 7, 6.979381443298969, 0.2
873, 6100.0, 7, 6.979405034324943, 0.2
874, 6107.0, 7, 6.9794285714285715, 0.2
875, 6115.0, 8, 6.980593607305936, 0.2
876, 6118.0, 3, 6.976054732041049, 0.2
877, 6120.0, 2, 6.970387243735763, 0.2
878, 6126.0, 6, 6.969283276450512, 0.2
879, 6130.0, 4, 6.965909090909091, 0.2
880, 6137.0, 7, 6.9659477866061295, 0.2
881, 6144.0, 7, 6.965986394557823, 0.2
882, 6144.0, 0, 6.958097395243488, 0.2
883, 6150.0, 6, 6.957013574660634, 0.2
884, 6157.0, 7, 6.957062146892655, 0.2
885, 6165.0, 8, 6.95823927765237, 0.2
886, 6172.0, 7, 6.958286358511837, 0.2
887, 6178.0, 6, 6.957207207207207, 0.2
888, 6185.0, 7, 6.957255343082115, 0.2
889, 6187.0, 2, 6.951685393258427, 0.2
890, 6192.0, 5, 6.94949494949495, 0.2
891, 6196.0, 4, 6.946188340807175, 0.2
892, 6203.0, 7, 6.9462486002239645, 0.2
893, 6208.0, 5, 6.94407158836689, 0.2
894, 6216.0, 8, 6.945251396648045, 0.2
895, 6224.0, 8, 6.946428571428571, 0.2
896, 6230.0, 6, 6.9453734671125975, 0.2
897, 6238.0, 8, 6.9465478841870825, 0.2
898, 6245.0, 7, 6.946607341490545, 0.2
899, 6252.0, 7, 6.946666666666666, 0.2
900, 6260.0, 8, 6.947835738068813, 0.2
901, 6265.0, 5, 6.945676274944567, 0.2
902, 6270.0, 5, 6.943521594684386, 0.2
903, 6278.0, 8, 6.9446902654867255, 0.2
904, 6281.0, 3, 6.9403314917127075, 0.2
905, 6288.0, 7, 6.940397350993377, 0.2
906, 6295.0, 7, 6.940463065049614, 0.2
907, 6302.0, 7, 6.940528634361233, 0.2
908, 6310.0, 8, 6.941694169416942, 0.2
909, 6316.0, 6, 6.940659340659341, 0.2
910, 6321.0, 5, 6.938529088913282, 0.2
911, 6329.0, 8, 6.93969298245614, 0.2
912, 6337.0, 8, 6.9408543263964955, 0.2
913, 6345.0, 8, 6.942013129102845, 0.2
914, 6352.0, 7, 6.942076502732241, 0.2
915, 6359.0, 7, 6.942139737991266, 0.2
916, 6367.0, 8, 6.9432933478735, 0.2
917, 6375.0, 8, 6.944444444444445, 0.2
918, 6382.0, 7, 6.944504896626769, 0.2
919, 6389.0, 7, 6.944565217391304, 0.2
920, 6397.0, 8, 6.9457111834962, 0.2
921, 6404.0, 7, 6.945770065075922, 0.2
922, 6404.0, 0, 6.938244853737811, 0.2
923, 6412.0, 8, 6.9393939393939394, 0.2
924, 6413.0, 1, 6.932972972972973, 0.2
925, 6420.0, 7, 6.93304535637149, 0.2
926, 6426.0, 6, 6.932038834951456, 0.2
927, 6430.0, 4, 6.928879310344827, 0.2
928, 6433.0, 3, 6.92465016146394, 0.2
929, 6435.0, 2, 6.919354838709677, 0.2
930, 6435.0, 0, 6.911922663802363, 0.2
931, 6443.0, 8, 6.913090128755365, 0.2
932, 6448.0, 5, 6.911039657020364, 0.2
933, 6455.0, 7, 6.911134903640257, 0.2
934, 6462.0, 7, 6.911229946524064, 0.2
935, 6470.0, 8, 6.912393162393163, 0.2
936, 6478.0, 8, 6.913553895410886, 0.2
937, 6486.0, 8, 6.914712153518123, 0.2
938, 6492.0, 6, 6.913738019169329, 0.2
939, 6499.0, 7, 6.913829787234042, 0.2
940, 6505.0, 6, 6.912858660998937, 0.2
941, 6512.0, 7, 6.912951167728238, 0.2
942, 6518.0, 6, 6.911983032873807, 0.2
943, 6521.0, 3, 6.907838983050848, 0.2
944, 6526.0, 5, 6.905820105820106, 0.2
945, 6532.0, 6, 6.9048625792811835, 0.2
946, 6539.0, 7, 6.904963041182683, 0.2
947, 6545.0, 6, 6.904008438818566, 0.2
948, 6551.0, 6, 6.903055848261328, 0.2
949, 6551.0, 0, 6.895789473684211, 0.2
950, 6557.0, 6, 6.894847528916929, 0.2
951, 6565.0, 8, 6.8960084033613445, 0.2
952, 6569.0, 4, 6.892969569779643, 0.2
953, 6571.0, 2, 6.887840670859539, 0.2
954, 6573.0, 2, 6.882722513089005, 0.2
955, 6580.0, 7, 6.882845188284519, 0.2
956, 6583.0, 3, 6.878787878787879, 0.2
957, 6588.0, 5, 6.876826722338205, 0.2
958, 6594.0, 6, 6.875912408759124, 0.2
959, 6602.0, 8, 6.877083333333333, 0.2
960, 6608.0, 6, 6.876170655567117, 0.2
961, 6612.0, 4, 6.873180873180873, 0.2
962, 6616.0, 4, 6.870197300103842, 0.2
963, 6617.0, 1, 6.864107883817427, 0.2
964, 6623.0, 6, 6.8632124352331605, 0.2
965, 6629.0, 6, 6.86231884057971, 0.2
966, 6631.0, 2, 6.857290589451913, 0.2
967, 6638.0, 7, 6.857438016528926, 0.2
968, 6640.0, 2, 6.852425180598555, 0.2
969, 6645.0, 5, 6.850515463917525, 0.2
970, 6651.0, 6, 6.849639546858908, 0.2
971, 6658.0, 7, 6.849794238683128, 0.2
972, 6665.0, 7, 6.84994861253854, 0.2
973, 6670.0, 5, 6.848049281314168, 0.2
974, 6678.0, 8, 6.849230769230769, 0.2
975, 6684.0, 6, 6.848360655737705, 0.2
976, 6690.0, 6, 6.847492323439099, 0.2
977, 6692.0, 2, 6.842535787321063, 0.2
978, 6698.0, 6, 6.841675178753831, 0.2
979, 6706.0, 8, 6.8428571428571425, 0.2
980, 6712.0, 6, 6.841997961264016, 0.2
981, 6714.0, 2, 6.8370672097759675, 0.2
982, 6714.0, 0, 6.830111902339776, 0.2
983, 6715.0, 1, 6.824186991869919, 0.2
984, 6720.0, 5, 6.822335025380711, 0.2
985, 6726.0, 6, 6.821501014198783, 0.2
986, 6733.0, 7, 6.821681864235056, 0.2
987, 6738.0, 5, 6.819838056680162, 0.2
988, 6741.0, 3, 6.8159757330637, 0.2
989, 6748.0, 7, 6.816161616161616, 0.2
990, 6756.0, 8, 6.817356205852674, 0.2
991, 6757.0, 1, 6.811491935483871, 0.2
992, 6759.0, 2, 6.806646525679758, 0.2
993, 6767.0, 8, 6.80784708249497, 0.2
994, 6772.0, 5, 6.806030150753769, 0.2
995, 6773.0, 1, 6.800200803212851, 0.2
996, 6778.0, 5, 6.79839518555667, 0.2
997, 6786.0, 8, 6.799599198396794, 0.2
998, 6789.0, 3, 6.7957957957957955, 0.2
999, 6795.0, 6, 6.795, 0.2
1000, 6799.0, 4, 6.792207792207792, 0.2
1001, 6806.0, 7, 6.7924151696606785, 0.2
1002, 6813.0, 7, 6.7926221335992025, 0.2
1003, 6820.0, 7, 6.792828685258964, 0.2
1004, 6826.0, 6, 6.792039800995025, 0.2
1005, 6834.0, 8, 6.79324055666004, 0.2
1006, 6840.0, 6, 6.7924528301886795, 0.2
1007, 6846.0, 6, 6.791666666666667, 0.2
1008, 6852.0, 6, 6.790882061446977, 0.2
1009, 6857.0, 5, 6.789108910891089, 0.2
1010, 6863.0, 6, 6.788328387734916, 0.2
1011, 6870.0, 7, 6.788537549407114, 0.2
1012, 6874.0, 4, 6.785784797630799, 0.2
1013, 6881.0, 7, 6.785996055226825, 0.2
1014, 6885.0, 4, 6.783251231527093, 0.2
1015, 6890.0, 5, 6.781496062992126, 0.2
1016, 6896.0, 6, 6.780727630285153, 0.2
1017, 6900.0, 4, 6.777996070726916, 0.2
1018, 6908.0, 8, 6.779195289499509, 0.2
1019, 6908.0, 0, 6.772549019607843, 0.2
1020, 6915.0, 7, 6.772771792360431, 0.2
1021, 6919.0, 4, 6.770058708414873, 0.2
1022, 6924.0, 5, 6.768328445747801, 0.2
1023, 6932.0, 8, 6.76953125, 0.2
1024, 6939.0, 7, 6.769756097560975, 0.2
1025, 6943.0, 4, 6.7670565302144245, 0.2
1026, 6949.0, 6, 6.766309639727361, 0.2
1027, 6954.0, 5, 6.764591439688716, 0.2
1028, 6962.0, 8, 6.765792031098154, 0.2
1029, 6969.0, 7, 6.766019417475728, 0.2
1030, 6973.0, 4, 6.7633365664403495, 0.2
1031, 6974.0, 1, 6.757751937984496, 0.2
1032, 6981.0, 7, 6.757986447241046, 0.2
1033, 6986.0, 5, 6.7562862669245645, 0.2
1034, 6993.0, 7, 6.756521739130434, 0.2
1035, 7001.0, 8, 6.757722007722008, 0.2
1036, 7008.0, 7, 6.757955641272902, 0.2
1037, 7014.0, 6, 6.757225433526012, 0.2
1038, 7015.0, 1, 6.751684311838306, 0.2
1039, 7015.0, 0, 6.7451923076923075, 0.2
1040, 7022.0, 7, 6.745437079731028, 0.2
1041, 7029.0, 7, 6.745681381957773, 0.2
1042, 7035.0, 6, 6.74496644295302, 0.2
1043, 7043.0, 8, 6.746168582375479, 0.2
1044, 7049.0, 6, 6.745454545454545, 0.2
1045, 7051.0, 2, 6.740917782026768, 0.2
1046, 7056.0, 5, 6.739255014326647, 0.2
1047, 7062.0, 6, 6.738549618320611, 0.2
1048, 7063.0, 1, 6.733079122974261, 0.2
1049, 7068.0, 5, 6.731428571428571, 0.2
1050, 7075.0, 7, 6.731684110371075, 0.2
1051, 7083.0, 8, 6.732889733840304, 0.2
1052, 7089.0, 6, 6.732193732193732, 0.2
1053, 7097.0, 8, 6.733396584440228, 0.2
1054, 7098.0, 1, 6.727962085308057, 0.2
1055, 7105.0, 7, 6.728219696969697, 0.2
1056, 7111.0, 6, 6.727530747398297, 0.2
1057, 7117.0, 6, 6.726843100189036, 0.2
1058, 7124.0, 7, 6.7271010387157695, 0.2
1059, 7128.0, 4, 6.724528301886792, 0.2
1060, 7135.0, 7, 6.72478793590952, 0.2
1061, 7141.0, 6, 6.724105461393597, 0.2
1062, 7148.0, 7, 6.724365004703669, 0.2
1063, 7153.0, 5, 6.722744360902255, 0.2
1064, 7159.0, 6, 6.722065727699531, 0.2
1065, 7164.0, 5, 6.720450281425891, 0.2
1066, 7168.0, 4, 6.717900656044986, 0.2
1067, 7170.0, 2, 6.713483146067416, 0.2
1068, 7174.0, 4, 6.710944808231993, 0.2
1069, 7181.0, 7, 6.711214953271028, 0.2
1070, 7188.0, 7, 6.711484593837535, 0.2
1071, 7191.0, 3, 6.708022388059701, 0.2
1072, 7197.0, 6, 6.707362534948742, 0.2
1073, 7204.0, 7, 6.707635009310987, 0.2
1074, 7210.0, 6, 6.706976744186046, 0.2
1075, 7216.0, 6, 6.70631970260223, 0.2
1076, 7222.0, 6, 6.705663881151346, 0.2
1077, 7229.0, 7, 6.705936920222634, 0.2
1078, 7236.0, 7, 6.706209453197405, 0.2
1079, 7237.0, 1, 6.700925925925926, 0.2
1080, 7243.0, 6, 6.700277520814061, 0.2
1081, 7245.0, 2, 6.695933456561923, 0.2
1082, 7253.0, 8, 6.697137580794091, 0.2
1083, 7260.0, 7, 6.697416974169742, 0.2
1084, 7266.0, 6, 6.696774193548387, 0.2
1085, 7271.0, 5, 6.695211786372007, 0.2
1086, 7278.0, 7, 6.695492180312788, 0.2
1087, 7283.0, 5, 6.693933823529412, 0.2
1088, 7290.0, 7, 6.694214876033058, 0.2
1089, 7296.0, 6, 6.6935779816513765, 0.2
1090, 7303.0, 7, 6.693858845096242, 0.2
1091, 7309.0, 6, 6.693223443223443, 0.2
1092, 7316.0, 7, 6.6935041171088745, 0.2
1093, 7322.0, 6, 6.692870201096892, 0.2
1094, 7326.0, 4, 6.69041095890411, 0.2
1095, 7334.0, 8, 6.6916058394160585, 0.2
1096, 7339.0, 5, 6.690063810391978, 0.2
1097, 7346.0, 7, 6.6903460837887065, 0.2
1098, 7354.0, 8, 6.691537761601456, 0.2
1099, 7360.0, 6, 6.6909090909090905, 0.2
1100, 7367.0, 7, 6.69118982742961, 0.2
1101, 7368.0, 1, 6.686025408348457, 0.2
1102, 7375.0, 7, 6.686310063463282, 0.2
1103, 7382.0, 7, 6.686594202898551, 0.2
1104, 7384.0, 2, 6.682352941176471, 0.2
1105, 7387.0, 3, 6.6790235081374325, 0.2
1106, 7392.0, 5, 6.677506775067751, 0.2
1107, 7400.0, 8, 6.67870036101083, 0.2
1108, 7406.0, 6, 6.678088367899008, 0.2
1109, 7414.0, 8, 6.679279279279279, 0.2
1110, 7416.0, 2, 6.6750675067506755, 0.2
1111, 7422.0, 6, 6.674460431654676, 0.2
1112, 7428.0, 6, 6.6738544474393535, 0.2
1113, 7434.0, 6, 6.673249551166966, 0.2
1114, 7441.0, 7, 6.673542600896861, 0.2
1115, 7448.0, 7, 6.673835125448028, 0.2
1116, 7456.0, 8, 6.675022381378693, 0.2
1117, 7463.0, 7, 6.675313059033989, 0.2
1118, 7470.0, 7, 6.6756032171581765, 0.2
1119, 7476.0, 6, 6.675, 0.2
1120, 7481.0, 5, 6.673505798394291, 0.2
1121, 7488.0, 7, 6.67379679144385, 0.2
1122, 7494.0, 6, 6.67319679430098, 0.2
1123, 7501.0, 7, 6.673487544483986, 0.2
1124, 7503.0, 2, 6.669333333333333, 0.2
1125, 7510.0, 7, 6.6696269982238015, 0.2
1126, 7515.0, 5, 6.668145519077196, 0.2
1127, 7517.0, 2, 6.664007092198582, 0.2
1128, 7523.0, 6, 6.66341895482728, 0.2
1129, 7529.0, 6, 6.662831858407079, 0.2
1130, 7535.0, 6, 6.6622458001768345, 0.2
1131, 7542.0, 7, 6.662544169611308, 0.2
1132, 7549.0, 7, 6.662842012356576, 0.2
1133, 7557.0, 8, 6.664021164021164, 0.2
1134, 7564.0, 7, 6.66431718061674, 0.2
1135, 7570.0, 6, 6.663732394366197, 0.2
1136, 7575.0, 5, 6.662269129287599, 0.2
1137, 7583.0, 8, 6.663444639718805, 0.2
1138, 7590.0, 7, 6.663740122914837, 0.2
1139, 7598.0, 8, 6.6649122807017545, 0.2
1140, 7605.0, 7, 6.665205959684488, 0.2
1141, 7613.0, 8, 6.666374781085814, 0.2
1142, 7619.0, 6, 6.665791776027996, 0.2
1143, 7627.0, 8, 6.666958041958042, 0.2
1144, 7632.0, 5, 6.6655021834061134, 0.2
1145, 7638.0, 6, 6.664921465968586, 0.2
1146, 7645.0, 7, 6.665213600697472, 0.2
1147, 7653.0, 8, 6.666376306620209, 0.2
1148, 7656.0, 3, 6.663185378590079, 0.2
1149, 7663.0, 7, 6.6634782608695655, 0.2
1150, 7668.0, 5, 6.662033014769765, 0.2
1151, 7669.0, 1, 6.657118055555555, 0.2
1152, 7673.0, 4, 6.654813529921943, 0.2
1153, 7678.0, 5, 6.6533795493934145, 0.2
1154, 7686.0, 8, 6.654545454545454, 0.2
1155, 7694.0, 8, 6.655709342560554, 0.2
1156, 7700.0, 6, 6.65514261019879, 0.2
1157, 7704.0, 4, 6.652849740932642, 0.2
1158, 7711.0, 7, 6.653149266609145, 0.2
1159, 7717.0, 6, 6.652586206896552, 0.2
1160, 7724.0, 7, 6.652885443583118, 0.2
1161, 7731.0, 7, 6.653184165232358, 0.2
1162, 7737.0, 6, 6.6526225279449696, 0.2
1163, 7744.0, 7, 6.652920962199313, 0.2
1164, 7745.0, 1, 6.648068669527897, 0.2
1165, 7747.0, 2, 6.644082332761578, 0.2
1166, 7754.0, 7, 6.644387317909168, 0.2
1167, 7760.0, 6, 6.6438356164383565, 0.2
1168, 7768.0, 8, 6.644995722840034, 0.2
1169, 7774.0, 6, 6.644444444444445, 0.2
1170, 7779.0, 5, 6.643040136635355, 0.2
1171, 7784.0, 5, 6.6416382252559725, 0.2
1172, 7791.0, 7, 6.641943734015345, 0.2
1173, 7797.0, 6, 6.641396933560477, 0.2
1174, 7801.0, 4, 6.639148936170213, 0.2
1175, 7809.0, 8, 6.64030612244898, 0.2
1176, 7816.0, 7, 6.6406117247238745, 0.2
1177, 7822.0, 6, 6.6400679117147705, 0.2
1178, 7829.0, 7, 6.640373197625106, 0.2
1179, 7835.0, 6, 6.639830508474576, 0.2
1180, 7837.0, 2, 6.635901778154107, 0.2
1181, 7845.0, 8, 6.637055837563452, 0.2
1182, 7846.0, 1, 6.63229078613694, 0.2
1183, 7849.0, 3, 6.629222972972973, 0.2
1184, 7856.0, 7, 6.629535864978903, 0.2
1185, 7860.0, 4, 6.627318718381113, 0.2
1186, 7867.0, 7, 6.627632687447346, 0.2
1187, 7872.0, 5, 6.626262626262626, 0.2
1188, 7872.0, 0, 6.620689655172414, 0.2
1189, 7877.0, 5, 6.6193277310924366, 0.2
1190, 7882.0, 5, 6.617968094038623, 0.2
1191, 7888.0, 6, 6.617449664429531, 0.2
1192, 7894.0, 6, 6.616932103939648, 0.2
1193, 7901.0, 7, 6.617252931323283, 0.2
1194, 7901.0, 0, 6.611715481171548, 0.2
1195, 7908.0, 7, 6.6120401337792645, 0.2
1196, 7910.0, 2, 6.608187134502924, 0.2
1197, 7911.0, 1, 6.603505843071786, 0.2
1198, 7915.0, 4, 6.601334445371142, 0.2
1199, 7917.0, 2, 6.5975, 0.2
1200, 7923.0, 6, 6.597002497918401, 0.2
1201, 7931.0, 8, 6.598169717138103, 0.2
1202, 7939.0, 8, 6.599334995843724, 0.2
1203, 7945.0, 6, 6.598837209302325, 0.2
1204, 7950.0, 5, 6.597510373443983, 0.2
1205, 7957.0, 7, 6.597844112769486, 0.2
1206, 7963.0, 6, 6.5973487986744, 0.2
1207, 7969.0, 6, 6.5968543046357615, 0.2
1208, 7977.0, 8, 6.598014888337469, 0.2
1209, 7985.0, 8, 6.599173553719008, 0.2
1210, 7993.0, 8, 6.6003303055326175, 0.2
1211, 7997.0, 4, 6.598184818481848, 0.2
1212, 8005.0, 8, 6.599340478153339, 0.2
1213, 8009.0, 4, 6.597199341021417, 0.2
1214, 8016.0, 7, 6.597530864197531, 0.2
1215, 8023.0, 7, 6.597861842105263, 0.2
1216, 8029.0, 6, 6.5973705834018075, 0.2
1217, 8037.0, 8, 6.598522167487685, 0.2
1218, 8043.0, 6, 6.598031173092699, 0.2
1219, 8045.0, 2, 6.594262295081967, 0.2
1220, 8052.0, 7, 6.594594594594595, 0.2
1221, 8060.0, 8, 6.595744680851064, 0.2
1222, 8067.0, 7, 6.596075224856909, 0.2
1223, 8072.0, 5, 6.594771241830065, 0.2
1224, 8080.0, 8, 6.595918367346939, 0.2
1225, 8087.0, 7, 6.596247960848287, 0.2
1226, 8093.0, 6, 6.595762021189894, 0.2
1227, 8097.0, 4, 6.593648208469055, 0.2
1228, 8102.0, 5, 6.592351505288852, 0.2
1229, 8105.0, 3, 6.5894308943089435, 0.2
1230, 8111.0, 6, 6.588952071486596, 0.2
1231, 8118.0, 7, 6.589285714285714, 0.2
1232, 8124.0, 6, 6.588807785888078, 0.2
1233, 8131.0, 7, 6.5891410048622365, 0.2
1234, 8139.0, 8, 6.590283400809716, 0.2
1235, 8143.0, 4, 6.5881877022653725, 0.2
1236, 8149.0, 6, 6.587712206952304, 0.2
1237, 8156.0, 7, 6.5880452342487885, 0.2
1238, 8162.0, 6, 6.5875706214689265, 0.2
1239, 8170.0, 8, 6.588709677419355, 0.2
1240, 8172.0, 2, 6.585012087026591, 0.2
1241, 8178.0, 6, 6.584541062801932, 0.2
1242, 8185.0, 7, 6.584875301689461, 0.2
1243, 8188.0, 3, 6.581993569131833, 0.2
1244, 8193.0, 5, 6.580722891566265, 0.2
1245, 8194.0, 1, 6.576243980738362, 0.2
1246, 8195.0, 1, 6.57177225340818, 0.2
1247, 8199.0, 4, 6.569711538461538, 0.2
1248, 8206.0, 7, 6.5700560448358685, 0.2
1249, 8213.0, 7, 6.5704, 0.2
1250, 8220.0, 7, 6.570743405275779, 0.2
1251, 8227.0, 7, 6.571086261980831, 0.2
1252, 8233.0, 6, 6.570630486831604, 0.2
1253, 8235.0, 2, 6.5669856459330145, 0.2
1254, 8241.0, 6, 6.5665338645418325, 0.2
1255, 8246.0, 5, 6.5652866242038215, 0.2
1256, 8253.0, 7, 6.56563245823389, 0.2
1257, 8260.0, 7, 6.5659777424483305, 0.2
1258, 8261.0, 1, 6.561556791104051, 0.2
1259, 8268.0, 7, 6.561904761904762, 0.2
1260, 8275.0, 7, 6.562252180808882, 0.2
1261, 8275.0, 0, 6.557052297939778, 0.2
1262, 8278.0, 3, 6.554235946159936, 0.2
1263, 8284.0, 6, 6.55379746835443, 0.2
1264, 8290.0, 6, 6.553359683794467, 0.2
1265, 8295.0, 5, 6.552132701421801, 0.2
1266, 8299.0, 4, 6.550118389897396, 0.2
1267, 8300.0, 1, 6.545741324921136, 0.2
1268, 8307.0, 7, 6.546099290780142, 0.2
1269, 8314.0, 7, 6.546456692913385, 0.2
1270, 8317.0, 3, 6.54366640440598, 0.2
1271, 8324.0, 7, 6.544025157232705, 0.2
1272, 8331.0, 7, 6.544383346425766, 0.2
1273, 8335.0, 4, 6.542386185243328, 0.2
1274, 8342.0, 7, 6.542745098039216, 0.2
1275, 8349.0, 7, 6.543103448275862, 0.2
1276, 8356.0, 7, 6.543461237274863, 0.2
1277, 8364.0, 8, 6.544600938967136, 0.2
1278, 8369.0, 5, 6.5433932759968725, 0.2
1279, 8376.0, 7, 6.54375, 0.2
1280, 8384.0, 8, 6.544886807181889, 0.2
1281, 8385.0, 1, 6.540561622464899, 0.2
1282, 8391.0, 6, 6.540140296180827, 0.2
1283, 8399.0, 8, 6.5412772585669785, 0.2
1284, 8405.0, 6, 6.5408560311284045, 0.2
1285, 8413.0, 8, 6.54199066874028, 0.2
1286, 8419.0, 6, 6.541569541569541, 0.2
1287, 8425.0, 6, 6.541149068322981, 0.2
1288, 8431.0, 6, 6.540729247478666, 0.2
1289, 8436.0, 5, 6.53953488372093, 0.2
1290, 8442.0, 6, 6.539116963594113, 0.2
1291, 8445.0, 3, 6.536377708978328, 0.2
1292, 8449.0, 4, 6.534416086620263, 0.2
1293, 8455.0, 6, 6.534003091190108, 0.2
1294, 8461.0, 6, 6.533590733590733, 0.2
1295, 8468.0, 7, 6.533950617283951, 0.2
1296, 8475.0, 7, 6.534309946029299, 0.2
1297, 8482.0, 7, 6.534668721109399, 0.2
1298, 8489.0, 7, 6.535026943802925, 0.2
1299, 8495.0, 6, 6.5346153846153845, 0.2
1300, 8495.0, 0, 6.529592621060723, 0.2
1301, 8495.0, 0, 6.524577572964669, 0.2
1302, 8501.0, 6, 6.524174980813507, 0.2
1303, 8507.0, 6, 6.523773006134969, 0.2
1304, 8514.0, 7, 6.524137931034483, 0.2
1305, 8520.0, 6, 6.523736600306279, 0.2
1306, 8525.0, 5, 6.522570772762051, 0.2
1307, 8529.0, 4, 6.520642201834862, 0.2
1308, 8534.0, 5, 6.51948051948052, 0.2
1309, 8540.0, 6, 6.519083969465649, 0.2
1310, 8545.0, 5, 6.517925247902364, 0.2
1311, 8550.0, 5, 6.516768292682927, 0.2
1312, 8556.0, 6, 6.516374714394517, 0.2
1313, 8561.0, 5, 6.515220700152207, 0.2
1314, 8567.0, 6, 6.514828897338403, 0.2
1315, 8572.0, 5, 6.513677811550152, 0.2
1316, 8578.0, 6, 6.513287775246773, 0.2
1317, 8579.0, 1, 6.509104704097117, 0.2
1318, 8585.0, 6, 6.508718726307809, 0.2
1319, 8591.0, 6, 6.508333333333334, 0.2
1320, 8598.0, 7, 6.508705526116579, 0.2
1321, 8602.0, 4, 6.506807866868381, 0.2
1322, 8609.0, 7, 6.507180650037793, 0.2
1323, 8615.0, 6, 6.506797583081571, 0.2
1324, 8621.0, 6, 6.506415094339623, 0.2
1325, 8626.0, 5, 6.505279034690799, 0.2
1326, 8633.0, 7, 6.505651846269782, 0.2
1327, 8639.0, 6, 6.505271084337349, 0.2
1328, 8647.0, 8, 6.506395786305493, 0.2
1329, 8652.0, 5, 6.505263157894737, 0.2
1330, 8657.0, 5, 6.5041322314049586, 0.2
1331, 8662.0, 5, 6.503003003003003, 0.2
1332, 8668.0, 6, 6.502625656414104, 0.2
1333, 8671.0, 3, 6.5, 0.2
1334, 8672.0, 1, 6.495880149812734, 0.2
1335, 8679.0, 7, 6.49625748502994, 0.2
1336, 8686.0, 7, 6.496634255796559, 0.2
1337, 8692.0, 6, 6.496263079222721, 0.2
1338, 8699.0, 7, 6.49663928304705, 0.2
1339, 8704.0, 5, 6.495522388059701, 0.2
1340, 8711.0, 7, 6.495898583146905, 0.2
1341, 8716.0, 5, 6.49478390461997, 0.2
1342, 8721.0, 5, 6.493670886075949, 0.2
1343, 8725.0, 4, 6.491815476190476, 0.2
1344, 8728.0, 3, 6.489219330855018, 0.2
1345, 8732.0, 4, 6.487369985141159, 0.2
1346, 8736.0, 4, 6.485523385300668, 0.2
1347, 8742.0, 6, 6.485163204747774, 0.2
1348, 8749.0, 7, 6.485544848035582, 0.2
1349, 8756.0, 7, 6.485925925925926, 0.2
1350, 8763.0, 7, 6.4863064396743155, 0.2
1351, 8768.0, 5, 6.485207100591716, 0.2
1352, 8772.0, 4, 6.483370288248337, 0.2
1353, 8780.0, 8, 6.484490398818316, 0.2
1354, 8788.0, 8, 6.485608856088561, 0.2
1355, 8793.0, 5, 6.484513274336283, 0.2
1356, 8798.0, 5, 6.483419307295505, 0.2
1357, 8805.0, 7, 6.48379970544919, 0.2
1358, 8805.0, 0, 6.479028697571744, 0.2
1359, 8812.0, 7, 6.479411764705882, 0.2
1360, 8817.0, 5, 6.478324761204997, 0.2
1361, 8822.0, 5, 6.477239353891337, 0.2
1362, 8827.0, 5, 6.476155539251651, 0.2
1363, 8829.0, 2, 6.472873900293255, 0.2
1364, 8834.0, 5, 6.471794871794872, 0.2
1365, 8841.0, 7, 6.472181551976574, 0.2
1366, 8848.0, 7, 6.472567666422823, 0.2
1367, 8855.0, 7, 6.472953216374269, 0.2
1368, 8863.0, 8, 6.474068663257852, 0.2
1369, 8871.0, 8, 6.475182481751824, 0.2
1370, 8875.0, 4, 6.473377097009482, 0.2
1371, 8882.0, 7, 6.473760932944606, 0.2
1372, 8886.0, 4, 6.471959213401311, 0.2
1373, 8893.0, 7, 6.4723435225618635, 0.2
1374, 8898.0, 5, 6.471272727272727, 0.2
1375, 8902.0, 4, 6.469476744186046, 0.2
1376, 8908.0, 6, 6.469135802469136, 0.2
1377, 8915.0, 7, 6.469521044992743, 0.2
1378, 8922.0, 7, 6.469905728788977, 0.2
1379, 8922.0, 0, 6.465217391304348, 0.2
1380, 8927.0, 5, 6.4641564083997105, 0.2
1381, 8934.0, 7, 6.464544138929088, 0.2
1382, 8941.0, 7, 6.4649313087490965, 0.2
1383, 8944.0, 3, 6.46242774566474, 0.2
1384, 8951.0, 7, 6.462815884476535, 0.2
1385, 8957.0, 6, 6.462481962481962, 0.2
1386, 8964.0, 7, 6.462869502523432, 0.2
1387, 8971.0, 7, 6.463256484149856, 0.2
1388, 8976.0, 5, 6.462203023758099, 0.2
1389, 8982.0, 6, 6.4618705035971225, 0.2
1390, 8989.0, 7, 6.462257368799425, 0.2
1391, 8995.0, 6, 6.461925287356322, 0.2
1392, 9002.0, 7, 6.4623115577889445, 0.2
1393, 9009.0, 7, 6.462697274031564, 0.2
1394, 9015.0, 6, 6.462365591397849, 0.2
1395, 9020.0, 5, 6.461318051575931, 0.2
1396, 9027.0, 7, 6.461703650680029, 0.2
1397, 9033.0, 6, 6.46137339055794, 0.2
1398, 9039.0, 6, 6.461043602573267, 0.2
1399, 9042.0, 3, 6.458571428571428, 0.2
1400, 9050.0, 8, 6.4596716630977875, 0.2
1401, 9056.0, 6, 6.459343794579173, 0.2
1402, 9060.0, 4, 6.457590876692801, 0.2
1403, 9065.0, 5, 6.456552706552706, 0.2
1404, 9068.0, 3, 6.454092526690391, 0.2
1405, 9075.0, 7, 6.4544807965860596, 0.2
1406, 9081.0, 6, 6.454157782515991, 0.2
1407, 9086.0, 5, 6.453125, 0.2
1408, 9088.0, 2, 6.4499645138396025, 0.2
1409, 9095.0, 7, 6.450354609929078, 0.2
1410, 9101.0, 6, 6.450035435861092, 0.2
1411, 9107.0, 6, 6.44971671388102, 0.2
1412, 9113.0, 6, 6.4493984430290165, 0.2
1413, 9120.0, 7, 6.4497878359264496, 0.2
1414, 9126.0, 6, 6.449469964664311, 0.2
1415, 9131.0, 5, 6.448446327683616, 0.2
1416, 9135.0, 4, 6.446718419195483, 0.2
1417, 9139.0, 4, 6.444992947813822, 0.2
1418, 9145.0, 6, 6.444679351656096, 0.2
1419, 9148.0, 3, 6.44225352112676, 0.2
1420, 9154.0, 6, 6.441942294159043, 0.2
1421, 9158.0, 4, 6.440225035161744, 0.2
1422, 9161.0, 3, 6.4378074490513, 0.2
1423, 9169.0, 8, 6.438904494382022, 0.2
1424, 9175.0, 6, 6.43859649122807, 0.2
1425, 9182.0, 7, 6.43899018232819, 0.2
1426, 9189.0, 7, 6.439383321653819, 0.2
1427, 9195.0, 6, 6.439075630252101, 0.2
1428, 9197.0, 2, 6.4359692092372285, 0.2
1429, 9200.0, 3, 6.433566433566433, 0.2
1430, 9205.0, 5, 6.43256464011181, 0.2
1431, 9212.0, 7, 6.432960893854749, 0.2
1432, 9215.0, 3, 6.430565247732031, 0.2
1433, 9215.0, 0, 6.4260808926080895, 0.2
1434, 9222.0, 7, 6.426480836236934, 0.2
1435, 9229.0, 7, 6.426880222841226, 0.2
1436, 9235.0, 6, 6.426583159359778, 0.2
1437, 9241.0, 6, 6.426286509040334, 0.2
1438, 9244.0, 3, 6.423905489923558, 0.2
1439, 9250.0, 6, 6.423611111111111, 0.2
1440, 9258.0, 8, 6.42470506592644, 0.2
1441, 9262.0, 4, 6.4230235783633844, 0.2
1442, 9263.0, 1, 6.419265419265419, 0.2
1443, 9267.0, 4, 6.417590027700831, 0.2
1444, 9271.0, 4, 6.415916955017301, 0.2
1445, 9276.0, 5, 6.4149377593361, 0.2
1446, 9283.0, 7, 6.41534208707671, 0.2
1447, 9290.0, 7, 6.415745856353591, 0.2
1448, 9297.0, 7, 6.416149068322981, 0.2
1449, 9302.0, 5, 6.415172413793104, 0.2
1450, 9308.0, 6, 6.414886285320469, 0.2
1451, 9311.0, 3, 6.412534435261708, 0.2
1452, 9312.0, 1, 6.408809359944941, 0.2
1453, 9317.0, 5, 6.407840440165062, 0.2
1454, 9320.0, 3, 6.405498281786942, 0.2
1455, 9323.0, 3, 6.40315934065934, 0.2
1456, 9328.0, 5, 6.402196293754289, 0.2
1457, 9334.0, 6, 6.401920438957476, 0.2
1458, 9337.0, 3, 6.3995887594242635, 0.2
1459, 9342.0, 5, 6.398630136986301, 0.2
1460, 9347.0, 5, 6.397672826830938, 0.2
1461, 9352.0, 5, 6.39671682626539, 0.2
1462, 9352.0, 0, 6.392344497607655, 0.2
1463, 9358.0, 6, 6.39207650273224, 0.2
1464, 9364.0, 6, 6.391808873720136, 0.2
1465, 9365.0, 1, 6.388130968622101, 0.2
1466, 9372.0, 7, 6.3885480572597135, 0.2
1467, 9380.0, 8, 6.389645776566757, 0.2
1468, 9382.0, 2, 6.386657590197413, 0.2
1469, 9389.0, 7, 6.387074829931973, 0.2
1470, 9396.0, 7, 6.3874915023793335, 0.2
1471, 9402.0, 6, 6.387228260869565, 0.2
1472, 9409.0, 7, 6.387644263408011, 0.2
1473, 9416.0, 7, 6.388059701492537, 0.2
1474, 9423.0, 7, 6.388474576271187, 0.2
1475, 9430.0, 7, 6.388888888888889, 0.2
1476, 9436.0, 6, 6.388625592417061, 0.2
1477, 9443.0, 7, 6.389039242219215, 0.2
1478, 9448.0, 5, 6.388100067613252, 0.2
1479, 9455.0, 7, 6.388513513513513, 0.2
1480, 9460.0, 5, 6.387575962187711, 0.2
1481, 9466.0, 6, 6.387314439946019, 0.2
1482, 9471.0, 5, 6.386378961564397, 0.2
1483, 9476.0, 5, 6.38544474393531, 0.2
1484, 9480.0, 4, 6.383838383838384, 0.2
1485, 9487.0, 7, 6.384253028263795, 0.2
1486, 9491.0, 4, 6.382649630127774, 0.2
1487, 9496.0, 5, 6.381720430107527, 0.2
1488, 9501.0, 5, 6.38079247817327, 0.2
1489, 9507.0, 6, 6.380536912751678, 0.2
1490, 9513.0, 6, 6.380281690140845, 0.2
1491, 9518.0, 5, 6.379356568364611, 0.2
1492, 9523.0, 5, 6.378432685867381, 0.2
1493, 9527.0, 4, 6.376840696117805, 0.2
1494, 9530.0, 3, 6.374581939799331, 0.2
1495, 9535.0, 5, 6.373663101604278, 0.2
1496, 9542.0, 7, 6.374081496325985, 0.2
1497, 9546.0, 4, 6.372496662216288, 0.2
1498, 9554.0, 8, 6.373582388258839, 0.2
1499, 9560.0, 6, 6.373333333333333, 0.2
1500, 9564.0, 4, 6.371752165223184, 0.2
1501, 9571.0, 7, 6.3721704394141145, 0.2
1502, 9572.0, 1, 6.368596141051231, 0.2
1503, 9578.0, 6, 6.368351063829787, 0.2
1504, 9580.0, 2, 6.365448504983389, 0.2
1505, 9587.0, 7, 6.365869853917663, 0.2
1506, 9590.0, 3, 6.363636363636363, 0.2
1507, 9597.0, 7, 6.364058355437666, 0.2
1508, 9602.0, 5, 6.363154406891981, 0.2
1509, 9607.0, 5, 6.362251655629139, 0.2
1510, 9614.0, 7, 6.362673726009265, 0.2
1511, 9620.0, 6, 6.362433862433862, 0.2
1512, 9626.0, 6, 6.362194315928619, 0.2
1513, 9631.0, 5, 6.361294583883752, 0.2
1514, 9634.0, 3, 6.359075907590759, 0.2
1515, 9640.0, 6, 6.358839050131926, 0.2
1516, 9647.0, 7, 6.359261700725115, 0.2
1517, 9653.0, 6, 6.359025032938076, 0.2
1518, 9659.0, 6, 6.358788676761027, 0.2
1519, 9665.0, 6, 6.358552631578948, 0.2
1520, 9671.0, 6, 6.358316896778435, 0.2
1521, 9678.0, 7, 6.35873850197109, 0.2
1522, 9680.0, 2, 6.355876559422193, 0.2
1523, 9680.0, 0, 6.351706036745407, 0.2
1524, 9688.0, 8, 6.3527868852459015, 0.2
1525, 9696.0, 8, 6.35386631716907, 0.2
1526, 9703.0, 7, 6.354289456450557, 0.2
1527, 9709.0, 6, 6.354057591623037, 0.2
1528, 9711.0, 2, 6.3512099411379985, 0.2
1529, 9718.0, 7, 6.351633986928104, 0.2
1530, 9725.0, 7, 6.3520574787720445, 0.2
1531, 9733.0, 8, 6.353133159268929, 0.2
1532, 9736.0, 3, 6.350945857795173, 0.2
1533, 9739.0, 3, 6.348761408083442, 0.2
1534, 9744.0, 5, 6.347882736156352, 0.2
1535, 9751.0, 7, 6.348307291666667, 0.2
1536, 9755.0, 4, 6.346779440468445, 0.2
1537, 9762.0, 7, 6.347204161248374, 0.2
1538, 9770.0, 8, 6.348278102664068, 0.2
1539, 9777.0, 7, 6.3487012987012985, 0.2
1540, 9783.0, 6, 6.348475016223231, 0.2
1541, 9785.0, 2, 6.345654993514915, 0.2
1542, 9788.0, 3, 6.34348671419313, 0.2
1543, 9793.0, 5, 6.342616580310881, 0.2
1544, 9800.0, 7, 6.343042071197411, 0.2
1545, 9808.0, 8, 6.344113842173351, 0.2
1546, 9810.0, 2, 6.341305753070459, 0.2
1547, 9816.0, 6, 6.341085271317829, 0.2
1548, 9818.0, 2, 6.33828276307295, 0.2
1549, 9825.0, 7, 6.338709677419355, 0.2
1550, 9832.0, 7, 6.339136041263701, 0.2
1551, 9838.0, 6, 6.338917525773196, 0.2
1552, 9845.0, 7, 6.339343206696716, 0.2
1553, 9849.0, 4, 6.337837837837838, 0.2
1554, 9856.0, 7, 6.338263665594855, 0.2
1555, 9859.0, 3, 6.336118251928021, 0.2
1556, 9866.0, 7, 6.336544637122672, 0.2
1557, 9870.0, 4, 6.335044929396663, 0.2
1558, 9877.0, 7, 6.335471456061578, 0.2
1559, 9880.0, 3, 6.333333333333333, 0.2
1560, 9886.0, 6, 6.333119795003203, 0.2
1561, 9894.0, 8, 6.334186939820743, 0.2
1562, 9902.0, 8, 6.335252719129879, 0.2
1563, 9908.0, 6, 6.335038363171355, 0.2
1564, 9914.0, 6, 6.334824281150159, 0.2
1565, 9922.0, 8, 6.335887611749681, 0.2
1566, 9928.0, 6, 6.335673261008296, 0.2
1567, 9932.0, 4, 6.334183673469388, 0.2
1568, 9936.0, 4, 6.332695984703633, 0.2
1569, 9943.0, 7, 6.3331210191082805, 0.2
1570, 9950.0, 7, 6.333545512412476, 0.2
1571, 9958.0, 8, 6.3346055979643765, 0.2
1572, 9959.0, 1, 6.331214240305149, 0.2
1573, 9966.0, 7, 6.331639135959339, 0.2
1574, 9972.0, 6, 6.331428571428572, 0.2
1575, 9980.0, 8, 6.33248730964467, 0.2
1576, 9988.0, 8, 6.333544705136335, 0.2
1577, 9996.0, 8, 6.334600760456274, 0.2
1578, 10002.0, 6, 6.334388853704876, 0.2
1579, 10010.0, 8, 6.3354430379746836, 0.2
1580, 10017.0, 7, 6.335863377609108, 0.2
1581, 10021.0, 4, 6.334386852085967, 0.2
1582, 10025.0, 4, 6.332912192040429, 0.2
1583, 10029.0, 4, 6.331439393939394, 0.2
1584, 10029.0, 0, 6.327444794952681, 0.2
1585, 10035.0, 6, 6.327238335435057, 0.2
1586, 10043.0, 8, 6.328292375551355, 0.2
1587, 10043.0, 0, 6.324307304785894, 0.2
1588, 10049.0, 6, 6.324103209565765, 0.2
1589, 10050.0, 1, 6.320754716981132, 0.2
1590, 10056.0, 6, 6.320553111250786, 0.2
1591, 10062.0, 6, 6.3203517587939695, 0.2
1592, 10068.0, 6, 6.32015065913371, 0.2
1593, 10075.0, 7, 6.320577164366374, 0.2
1594, 10078.0, 3, 6.318495297805643, 0.2
1595, 10084.0, 6, 6.318295739348371, 0.2
1596, 10090.0, 6, 6.318096430807764, 0.2
1597, 10096.0, 6, 6.317897371714643, 0.2
1598, 10103.0, 7, 6.318323952470294, 0.2
1599, 10108.0, 5, 6.3175, 0.2
1600, 10109.0, 1, 6.314178638351031, 0.2
1601, 10116.0, 7, 6.314606741573034, 0.2
1602, 10123.0, 7, 6.315034310667499, 0.2
1603, 10131.0, 8, 6.316084788029925, 0.2
1604, 10132.0, 1, 6.312772585669782, 0.2
1605, 10137.0, 5, 6.311955168119551, 0.2
1606, 10138.0, 1, 6.308649657747355, 0.2
1607, 10140.0, 2, 6.3059701492537314, 0.2
1608, 10147.0, 7, 6.306401491609695, 0.2
1609, 10154.0, 7, 6.306832298136646, 0.2
1610, 10160.0, 6, 6.306641837368094, 0.2
1611, 10166.0, 6, 6.306451612903226, 0.2
1612, 10167.0, 1, 6.303161810291383, 0.2
1613, 10173.0, 6, 6.302973977695167, 0.2
1614, 10180.0, 7, 6.303405572755418, 0.2
1615, 10180.0, 0, 6.2995049504950495, 0.2
1616, 10184.0, 4, 6.298082869511441, 0.2
1617, 10189.0, 5, 6.297280593325093, 0.2
1618, 10194.0, 5, 6.2964793082149475, 0.2
1619, 10201.0, 7, 6.296913580246914, 0.2
1620, 10203.0, 2, 6.294262800740284, 0.2
1621, 10209.0, 6, 6.294081381011098, 0.2
1622, 10216.0, 7, 6.294516327788047, 0.2
1623, 10221.0, 5, 6.29371921182266, 0.2
1624, 10226.0, 5, 6.292923076923077, 0.2
1625, 10228.0, 2, 6.290282902829028, 0.2
1626, 10234.0, 6, 6.290104486785495, 0.2
1627, 10238.0, 4, 6.288697788697789, 0.2
1628, 10244.0, 6, 6.288520564763659, 0.2
1629, 10249.0, 5, 6.287730061349693, 0.2
1630, 10255.0, 6, 6.28755364806867, 0.2
1631, 10260.0, 5, 6.286764705882353, 0.2
1632, 10267.0, 7, 6.287201469687691, 0.2
1633, 10273.0, 6, 6.287025703794369, 0.2
1634, 10275.0, 2, 6.284403669724771, 0.2
1635, 10279.0, 4, 6.283007334963325, 0.2
1636, 10284.0, 5, 6.282223579718998, 0.2
1637, 10289.0, 5, 6.281440781440781, 0.2
1638, 10295.0, 6, 6.281269066503966, 0.2
1639, 10301.0, 6, 6.28109756097561, 0.2
1640, 10305.0, 4, 6.279707495429616, 0.2
1641, 10311.0, 6, 6.279537149817296, 0.2
1642, 10315.0, 4, 6.278149726110773, 0.2
1643, 10322.0, 7, 6.278588807785888, 0.2
1644, 10328.0, 6, 6.278419452887538, 0.2
1645, 10332.0, 4, 6.277035236938032, 0.2
1646, 10337.0, 5, 6.276259866423801, 0.2
1647, 10344.0, 7, 6.276699029126213, 0.2
1648, 10350.0, 6, 6.276531231049121, 0.2
1649, 10356.0, 6, 6.276363636363636, 0.2
1650, 10361.0, 5, 6.275590551181103, 0.2
1651, 10365.0, 4, 6.2742130750605325, 0.2
1652, 10371.0, 6, 6.274047186932849, 0.2
1653, 10373.0, 2, 6.271463119709795, 0.2
1654, 10380.0, 7, 6.27190332326284, 0.2
1655, 10384.0, 4, 6.270531400966184, 0.2
1656, 10388.0, 4, 6.269161134580568, 0.2
1657, 10390.0, 2, 6.2665862484921595, 0.2
1658, 10398.0, 8, 6.267631103074141, 0.2
1659, 10403.0, 5, 6.266867469879518, 0.2
1660, 10410.0, 7, 6.267308850090307, 0.2
1661, 10418.0, 8, 6.268351383874849, 0.2
1662, 10425.0, 7, 6.268791340950091, 0.2
1663, 10430.0, 5, 6.268028846153846, 0.2
1664, 10436.0, 6, 6.267867867867868, 0.2
1665, 10441.0, 5, 6.267106842737094, 0.2
1666, 10448.0, 7, 6.26754649070186, 0.2
1667, 10454.0, 6, 6.267386091127098, 0.2
1668, 10461.0, 7, 6.267825044937088, 0.2
1669, 10468.0, 7, 6.268263473053892, 0.2
1670, 10474.0, 6, 6.268102932375823, 0.2
1671, 10479.0, 5, 6.267344497607655, 0.2
1672, 10484.0, 5, 6.266586969515839, 0.2
1673, 10488.0, 4, 6.265232974910394, 0.2
1674, 10491.0, 3, 6.263283582089552, 0.2
1675, 10493.0, 2, 6.2607398568019095, 0.2
1676, 10500.0, 7, 6.261180679785331, 0.2
1677, 10508.0, 8, 6.262216924910608, 0.2
1678, 10513.0, 5, 6.261465157832043, 0.2
1679, 10517.0, 4, 6.260119047619048, 0.2
1680, 10522.0, 5, 6.259369422962522, 0.2
1681, 10527.0, 5, 6.258620689655173, 0.2
1682, 10533.0, 6, 6.258467023172906, 0.2
1683, 10539.0, 6, 6.258313539192399, 0.2
1684, 10545.0, 6, 6.258160237388724, 0.2
1685, 10553.0, 8, 6.259193357058126, 0.2
1686, 10561.0, 8, 6.260225251926497, 0.2
1687, 10562.0, 1, 6.257109004739337, 0.2
1688, 10570.0, 8, 6.258140911782119, 0.2
1689, 10574.0, 4, 6.256804733727811, 0.2
1690, 10579.0, 5, 6.256061502069781, 0.2
1691, 10585.0, 6, 6.255910165484633, 0.2
1692, 10592.0, 7, 6.2563496751329, 0.2
1693, 10599.0, 7, 6.256788665879575, 0.2
1694, 10607.0, 8, 6.2578171091445425, 0.2
1695, 10610.0, 3, 6.255896226415095, 0.2
1696, 10617.0, 7, 6.25633470830878, 0.2
1697, 10623.0, 6, 6.256183745583039, 0.2
1698, 10627.0, 4, 6.2548557975279575, 0.2
1699, 10634.0, 7, 6.2552941176470584, 0.2
1700, 10638.0, 4, 6.253968253968254, 0.2
1701, 10646.0, 8, 6.254994124559342, 0.2
1702, 10650.0, 4, 6.25366999412801, 0.2
1703, 10657.0, 7, 6.254107981220657, 0.2
1704, 10659.0, 2, 6.251612903225807, 0.2
1705, 10665.0, 6, 6.251465416178195, 0.2
1706, 10671.0, 6, 6.251318101933216, 0.2
1707, 10678.0, 7, 6.251756440281031, 0.2
1708, 10686.0, 8, 6.252779403159742, 0.2
1709, 10693.0, 7, 6.253216374269006, 0.2
1710, 10701.0, 8, 6.254237288135593, 0.2
1711, 10708.0, 7, 6.2546728971962615, 0.2
1712, 10713.0, 5, 6.253940455341506, 0.2
1713, 10720.0, 7, 6.254375729288214, 0.2
1714, 10724.0, 4, 6.253061224489796, 0.2
1715, 10729.0, 5, 6.252331002331002, 0.2
1716, 10737.0, 8, 6.253348864298195, 0.2
1717, 10742.0, 5, 6.2526193247962745, 0.2
1718, 10748.0, 6, 6.2524723676556135, 0.2
1719, 10752.0, 4, 6.251162790697674, 0.2
1720, 10758.0, 6, 6.251016850668216, 0.2
1721, 10766.0, 8, 6.252032520325203, 0.2
1722, 10772.0, 6, 6.251886244921648, 0.2
1723, 10776.0, 4, 6.250580046403712, 0.2
1724, 10784.0, 8, 6.251594202898551, 0.2
1725, 10790.0, 6, 6.251448435689455, 0.2
1726, 10792.0, 2, 6.248986682107701, 0.2
1727, 10797.0, 5, 6.248263888888889, 0.2
1728, 10804.0, 7, 6.248698669751302, 0.2
1729, 10809.0, 5, 6.247976878612716, 0.2
1730, 10817.0, 8, 6.248989023685731, 0.2
1731, 10823.0, 6, 6.248845265588915, 0.2
1732, 10830.0, 7, 6.2492787074437395, 0.2
1733, 10836.0, 6, 6.249134948096886, 0.2
1734, 10844.0, 8, 6.250144092219021, 0.2
1735, 10851.0, 7, 6.250576036866359, 0.2
1736, 10857.0, 6, 6.2504317789291886, 0.2
1737, 10865.0, 8, 6.251438434982739, 0.2
1738, 10870.0, 5, 6.250718803910293, 0.2
1739, 10870.0, 0, 6.247126436781609, 0.2
1740, 10877.0, 7, 6.247558874210224, 0.2
1741, 10882.0, 5, 6.246842709529277, 0.2
1742, 10889.0, 7, 6.247274813539874, 0.2
1743, 10895.0, 6, 6.247133027522936, 0.2
1744, 10899.0, 4, 6.245845272206304, 0.2
1745, 10906.0, 7, 6.246277205040092, 0.2
1746, 10914.0, 8, 6.247281053234116, 0.2
1747, 10919.0, 5, 6.246567505720824, 0.2
1748, 10923.0, 4, 6.245283018867925, 0.2
1749, 10930.0, 7, 6.2457142857142856, 0.2
1750, 10936.0, 6, 6.2455739577384355, 0.2
1751, 10941.0, 5, 6.24486301369863, 0.2
1752, 10948.0, 7, 6.24529378208785, 0.2
1753, 10955.0, 7, 6.245724059293044, 0.2
1754, 10958.0, 3, 6.243874643874644, 0.2
1755, 10965.0, 7, 6.244305239179955, 0.2
1756, 10972.0, 7, 6.244735344336938, 0.2
1757, 10973.0, 1, 6.241751990898749, 0.2
1758, 10977.0, 4, 6.240477544059124, 0.2
1759, 10980.0, 3, 6.238636363636363, 0.2
1760, 10982.0, 2, 6.236229415105054, 0.2
1761, 10988.0, 6, 6.236095346197503, 0.2
1762, 10991.0, 3, 6.23425978445831, 0.2
1763, 10996.0, 5, 6.233560090702948, 0.2
1764, 11000.0, 4, 6.232294617563739, 0.2
1765, 11005.0, 5, 6.231596828992073, 0.2
1766, 11009.0, 4, 6.23033389926429, 0.2
1767, 11015.0, 6, 6.230203619909502, 0.2
1768, 11015.0, 0, 6.226681741096665, 0.2
1769, 11021.0, 6, 6.226553672316384, 0.2
1770, 11028.0, 7, 6.2269904009034445, 0.2
1771, 11035.0, 7, 6.227426636568849, 0.2
1772, 11041.0, 6, 6.227298364354202, 0.2
1773, 11047.0, 6, 6.227170236753101, 0.2
1774, 11054.0, 7, 6.227605633802817, 0.2
1775, 11060.0, 6, 6.2274774774774775, 0.2
1776, 11066.0, 6, 6.227349465391109, 0.2
1777, 11072.0, 6, 6.227221597300337, 0.2
1778, 11077.0, 5, 6.226531759415402, 0.2
1779, 11084.0, 7, 6.226966292134832, 0.2
1780, 11089.0, 5, 6.226277372262774, 0.2
1781, 11097.0, 8, 6.2272727272727275, 0.2
1782, 11101.0, 4, 6.226023555804823, 0.2
1783, 11101.0, 0, 6.2225336322869955, 0.2
1784, 11101.0, 0, 6.219047619047619, 0.2
1785, 11109.0, 8, 6.220044792833146, 0.2
1786, 11114.0, 5, 6.219362059317292, 0.2
1787, 11122.0, 8, 6.220357941834452, 0.2
1788, 11126.0, 4, 6.219116825041922, 0.2
1789, 11134.0, 8, 6.220111731843575, 0.2
1790, 11134.0, 0, 6.216638749302066, 0.2
1791, 11141.0, 7, 6.217075892857143, 0.2
1792, 11145.0, 4, 6.215839375348578, 0.2
1793, 11148.0, 3, 6.214046822742475, 0.2
1794, 11150.0, 2, 6.211699164345404, 0.2
1795, 11156.0, 6, 6.211581291759465, 0.2
1796, 11157.0, 1, 6.208681135225375, 0.2
1797, 11164.0, 7, 6.209121245828698, 0.2
1798, 11170.0, 6, 6.209005002779322, 0.2
1799, 11176.0, 6, 6.208888888888889, 0.2
1800, 11184.0, 8, 6.20988339811216, 0.2
1801, 11191.0, 7, 6.210321864594895, 0.2
1802, 11199.0, 8, 6.211314475873544, 0.2
1803, 11205.0, 6, 6.2111973392461195, 0.2
1804, 11208.0, 3, 6.2094182825484765, 0.2
1805, 11215.0, 7, 6.209856035437431, 0.2
1806, 11220.0, 5, 6.209186496956281, 0.2
1807, 11226.0, 6, 6.209070796460177, 0.2
1808, 11232.0, 6, 6.208955223880597, 0.2
1809, 11234.0, 2, 6.2066298342541435, 0.2
1810, 11235.0, 1, 6.20375483158476, 0.2
1811, 11241.0, 6, 6.203642384105961, 0.2
1812, 11247.0, 6, 6.203530060672918, 0.2
1813, 11253.0, 6, 6.203417861080485, 0.2
1814, 11260.0, 7, 6.203856749311295, 0.2
1815, 11261.0, 1, 6.200991189427313, 0.2
1816, 11267.0, 6, 6.200880572372042, 0.2
1817, 11273.0, 6, 6.200770077007701, 0.2
1818, 11280.0, 7, 6.201209455744915, 0.2
1819, 11285.0, 5, 6.200549450549451, 0.2
1820, 11285.0, 0, 6.1971444261394835, 0.2
1821, 11293.0, 8, 6.198133918770582, 0.2
1822, 11299.0, 6, 6.1980252331322, 0.2
1823, 11302.0, 3, 6.196271929824562, 0.2
1824, 11304.0, 2, 6.193972602739726, 0.2
1825, 11311.0, 7, 6.194414019715224, 0.2
1826, 11318.0, 7, 6.194854953475643, 0.2
1827, 11324.0, 6, 6.194748358862144, 0.2
1828, 11331.0, 7, 6.195188627665391, 0.2
1829, 11334.0, 3, 6.19344262295082, 0.2
1830, 11337.0, 3, 6.191698525395958, 0.2
1831, 11344.0, 7, 6.192139737991266, 0.2
1832, 11350.0, 6, 6.192034915439171, 0.2
1833, 11354.0, 4, 6.190839694656488, 0.2
1834, 11360.0, 6, 6.190735694822888, 0.2
1835, 11368.0, 8, 6.191721132897603, 0.2
1836, 11374.0, 6, 6.191616766467066, 0.2
1837, 11374.0, 0, 6.188248095756257, 0.2
1838, 11379.0, 5, 6.1876019575856445, 0.2
1839, 11382.0, 3, 6.185869565217391, 0.2
1840, 11388.0, 6, 6.185768604019555, 0.2
1841, 11390.0, 2, 6.183496199782844, 0.2
1842, 11395.0, 5, 6.1828540423223, 0.2
1843, 11402.0, 7, 6.183297180043384, 0.2
1844, 11409.0, 7, 6.183739837398374, 0.2
1845, 11416.0, 7, 6.184182015167931, 0.2
1846, 11423.0, 7, 6.184623714131023, 0.2
1847, 11430.0, 7, 6.185064935064935, 0.2
1848, 11434.0, 4, 6.18388318009735, 0.2
1849, 11440.0, 6, 6.183783783783784, 0.2
1850, 11446.0, 6, 6.183684494867639, 0.2
1851, 11452.0, 6, 6.183585313174946, 0.2
1852, 11460.0, 8, 6.184565569347005, 0.2
1853, 11464.0, 4, 6.183387270765912, 0.2
1854, 11471.0, 7, 6.183827493261456, 0.2
1855, 11478.0, 7, 6.1842672413793105, 0.2
1856, 11481.0, 3, 6.182552504038772, 0.2
1857, 11487.0, 6, 6.182454251883746, 0.2
1858, 11490.0, 3, 6.180742334588489, 0.2
1859, 11496.0, 6, 6.180645161290323, 0.2
1860, 11501.0, 5, 6.180010746910264, 0.2
1861, 11508.0, 7, 6.180451127819549, 0.2
1862, 11513.0, 5, 6.179817498658078, 0.2
1863, 11514.0, 1, 6.177038626609442, 0.2
1864, 11517.0, 3, 6.175335120643432, 0.2
1865, 11522.0, 5, 6.17470525187567, 0.2
1866, 11530.0, 8, 6.1756829137653995, 0.2
1867, 11536.0, 6, 6.17558886509636, 0.2
1868, 11540.0, 4, 6.1744248261102195, 0.2
1869, 11548.0, 8, 6.175401069518717, 0.2
1870, 11555.0, 7, 6.175841795831106, 0.2
1871, 11562.0, 7, 6.176282051282051, 0.2
1872, 11566.0, 4, 6.175120128136679, 0.2
1873, 11573.0, 7, 6.17556029882604, 0.2
1874, 11581.0, 8, 6.176533333333333, 0.2
1875, 11585.0, 4, 6.175373134328358, 0.2
1876, 11591.0, 6, 6.175279701651571, 0.2
1877, 11591.0, 0, 6.17199148029819, 0.2
1878, 11597.0, 6, 6.1718999467802025, 0.2
1879, 11603.0, 6, 6.171808510638298, 0.2
1880, 11610.0, 7, 6.172248803827751, 0.2
1881, 11614.0, 4, 6.1710945802337935, 0.2
1882, 11616.0, 2, 6.168879447689856, 0.2
1883, 11624.0, 8, 6.169851380042463, 0.2
1884, 11625.0, 1, 6.16710875331565, 0.2
1885, 11631.0, 6, 6.167020148462354, 0.2
1886, 11634.0, 3, 6.165341812400636, 0.2
1887, 11636.0, 2, 6.163135593220339, 0.2
1888, 11638.0, 2, 6.160931709899418, 0.2
1889, 11644.0, 6, 6.160846560846561, 0.2
1890, 11649.0, 5, 6.1602326811211, 0.2
1891, 11657.0, 8, 6.161205073995772, 0.2
1892, 11662.0, 5, 6.160591653460116, 0.2
1893, 11668.0, 6, 6.160506863780359, 0.2
1894, 11676.0, 8, 6.161477572559367, 0.2
1895, 11684.0, 8, 6.162447257383966, 0.2
1896, 11690.0, 6, 6.162361623616236, 0.2
1897, 11695.0, 5, 6.161749209694415, 0.2
1898, 11698.0, 3, 6.160084254870985, 0.2
1899, 11701.0, 3, 6.158421052631579, 0.2
1900, 11708.0, 7, 6.158863755917938, 0.2
1901, 11713.0, 5, 6.158254468980021, 0.2
1902, 11719.0, 6, 6.158171308460326, 0.2
1903, 11727.0, 8, 6.1591386554621845, 0.2
1904, 11730.0, 3, 6.15748031496063, 0.2
1905, 11732.0, 2, 6.155299055613851, 0.2
1906, 11738.0, 6, 6.155217619297326, 0.2
1907, 11742.0, 4, 6.154088050314465, 0.2
1908, 11748.0, 6, 6.154007333682556, 0.2
1909, 11750.0, 2, 6.151832460732984, 0.2
1910, 11751.0, 1, 6.149136577708006, 0.2
1911, 11757.0, 6, 6.1490585774058575, 0.2
1912, 11760.0, 3, 6.147412441191845, 0.2
1913, 11766.0, 6, 6.147335423197492, 0.2
1914, 11772.0, 6, 6.147258485639687, 0.2
1915, 11778.0, 6, 6.1471816283924845, 0.2
1916, 11781.0, 3, 6.145539906103286, 0.2
1917, 11789.0, 8, 6.146506777893639, 0.2
1918, 11793.0, 4, 6.145388223032829, 0.2
1919, 11799.0, 6, 6.1453125, 0.2
1920, 11803.0, 4, 6.144195731389901, 0.2
1921, 11808.0, 5, 6.143600416233091, 0.2
1922, 11814.0, 6, 6.1435257410296416, 0.2
1923, 11816.0, 2, 6.141372141372141, 0.2
1924, 11822.0, 6, 6.141298701298702, 0.2
1925, 11822.0, 0, 6.138110072689512, 0.2
1926, 11828.0, 6, 6.138038401660612, 0.2
1927, 11835.0, 7, 6.138485477178423, 0.2
1928, 11842.0, 7, 6.138932089165371, 0.2
1929, 11848.0, 6, 6.138860103626943, 0.2
1930, 11855.0, 7, 6.139306059036769, 0.2
1931, 11861.0, 6, 6.1392339544513455, 0.2
1932, 11867.0, 6, 6.139161924469736, 0.2
1933, 11875.0, 8, 6.140124095139607, 0.2
1934, 11882.0, 7, 6.140568475452197, 0.2
1935, 11883.0, 1, 6.137913223140496, 0.2
1936, 11889.0, 6, 6.137842023748064, 0.2
1937, 11891.0, 2, 6.135706914344685, 0.2
1938, 11899.0, 8, 6.136668385765859, 0.2
1939, 11904.0, 5, 6.1360824742268045, 0.2
1940, 11904.0, 0, 6.132921174652241, 0.2
1941, 11911.0, 7, 6.133367662203914, 0.2
1942, 11918.0, 7, 6.13381369016984, 0.2
1943, 11923.0, 5, 6.133230452674897, 0.2
1944, 11930.0, 7, 6.133676092544987, 0.2
1945, 11937.0, 7, 6.134121274409044, 0.2
1946, 11940.0, 3, 6.132511556240369, 0.2
1947, 11947.0, 7, 6.132956878850103, 0.2
1948, 11947.0, 0, 6.129810159055926, 0.2
1949, 11955.0, 8, 6.130769230769231, 0.2
1950, 11961.0, 6, 6.1307022039979495, 0.2
1951, 11961.0, 0, 6.127561475409836, 0.2
1952, 11962.0, 1, 6.124935995903738, 0.2
1953, 11962.0, 0, 6.121801432958034, 0.2
1954, 11969.0, 7, 6.1222506393861895, 0.2
1955, 11976.0, 7, 6.122699386503068, 0.2
1956, 11984.0, 8, 6.123658661216147, 0.2
1957, 11990.0, 6, 6.123595505617978, 0.2
1958, 11991.0, 1, 6.120980091883614, 0.2
1959, 11993.0, 2, 6.118877551020408, 0.2
1960, 12000.0, 7, 6.119326874043855, 0.2
1961, 12002.0, 2, 6.117227319062182, 0.2
1962, 12009.0, 7, 6.117677024961793, 0.2
1963, 12010.0, 1, 6.115071283095723, 0.2
1964, 12017.0, 7, 6.115521628498728, 0.2
1965, 12025.0, 8, 6.11648016276704, 0.2
1966, 12032.0, 7, 6.116929334011185, 0.2
1967, 12037.0, 5, 6.116361788617886, 0.2
1968, 12042.0, 5, 6.115794819705434, 0.2
1969, 12048.0, 6, 6.1157360406091374, 0.2
1970, 12056.0, 8, 6.116692034500254, 0.2
1971, 12059.0, 3, 6.115111561866126, 0.2
1972, 12066.0, 7, 6.1155600608210845, 0.2
1973, 12071.0, 5, 6.11499493414387, 0.2
1974, 12072.0, 1, 6.112405063291139, 0.2
1975, 12080.0, 8, 6.113360323886639, 0.2
1976, 12086.0, 6, 6.1133029843196764, 0.2
1977, 12093.0, 7, 6.113751263902932, 0.2
1978, 12098.0, 5, 6.113188479029813, 0.2
1979, 12099.0, 1, 6.11060606060606, 0.2
1980, 12107.0, 8, 6.111559818273599, 0.2
1981, 12112.0, 5, 6.110998990918264, 0.2
1982, 12119.0, 7, 6.111447302067575, 0.2
1983, 12126.0, 7, 6.111895161290323, 0.2
1984, 12133.0, 7, 6.112342569269521, 0.2
1985, 12136.0, 3, 6.110775427995971, 0.2
1986, 12141.0, 5, 6.110216406643181, 0.2
1987, 12142.0, 1, 6.107645875251509, 0.2
1988, 12148.0, 6, 6.107591754650578, 0.2
1989, 12152.0, 4, 6.106532663316583, 0.2
1990, 12153.0, 1, 6.103967855349071, 0.2
1991, 12158.0, 5, 6.103413654618474, 0.2
1992, 12166.0, 8, 6.104365278474662, 0.2
1993, 12172.0, 6, 6.10431293881645, 0.2
1994, 12178.0, 6, 6.1042606516290725, 0.2
1995, 12181.0, 3, 6.102705410821644, 0.2
1996, 12187.0, 6, 6.102653980971457, 0.2
1997, 12193.0, 6, 6.102602602602603, 0.2
1998, 12199.0, 6, 6.102551275637819, 0.2
1999, 12204.0, 5, 6.102, 0.2
