0, 8.0, 8, 8.0, 0
1, 16.0, 8, 8.0, 0
2, 24.0, 8, 8.0, 0
3, 32.0, 8, 8.0, 0
4, 40.0, 8, 8.0, 0
5, 48.0, 8, 8.0, 0
6, 56.0, 8, 8.0, 0
7, 64.0, 8, 8.0, 0
8, 72.0, 8, 8.0, 0
9, 80.0, 8, 8.0, 0
10, 88.0, 8, 8.0, 0
11, 96.0, 8, 8.0, 0
12, 104.0, 8, 8.0, 0
13, 112.0, 8, 8.0, 0
14, 120.0, 8, 8.0, 0
15, 128.0, 8, 8.0, 0
16, 136.0, 8, 8.0, 0
17, 144.0, 8, 8.0, 0
18, 152.0, 8, 8.0, 0
19, 160.0, 8, 8.0, 0
20, 168.0, 8, 8.0, 0
21, 176.0, 8, 8.0, 0
22, 184.0, 8, 8.0, 0
23, 192.0, 8, 8.0, 0
24, 200.0, 8, 8.0, 0
25, 208.0, 8, 8.0, 0
26, 216.0, 8, 8.0, 0
27, 224.0, 8, 8.0, 0
28, 232.0, 8, 8.0, 0
29, 240.0, 8, 8.0, 0
30, 248.0, 8, 8.0, 0
31, 256.0, 8, 8.0, 0
32, 264.0, 8, 8.0, 0
33, 272.0, 8, 8.0, 0
34, 280.0, 8, 8.0, 0
35, 288.0, 8, 8.0, 0
36, 296.0, 8, 8.0, 0
37, 304.0, 8, 8.0, 0
38, 312.0, 8, 8.0, 0
39, 320.0, 8, 8.0, 0
40, 328.0, 8, 8.0, 0
41, 336.0, 8, 8.0, 0
42, 344.0, 8, 8.0, 0
43, 352.0, 8, 8.0, 0
44, 360.0, 8, 8.0, 0
45, 368.0, 8, 8.0, 0
46, 376.0, 8, 8.0, 0
47, 384.0, 8, 8.0, 0
48, 392.0, 8, 8.0, 0
49, 400.0, 8, 8.0, 0
50, 408.0, 8, 8.0, 0
51, 416.0, 8, 8.0, 0
52, 424.0, 8, 8.0, 0
53, 432.0, 8, 8.0, 0
54, 440.0, 8, 8.0, 0
55, 448.0, 8, 8.0, 0
56, 456.0, 8, 8.0, 0
57, 464.0, 8, 8.0, 0
58, 472.0, 8, 8.0, 0
59, 480.0, 8, 8.0, 0
60, 488.0, 8, 8.0, 0
61, 496.0, 8, 8.0, 0
62, 504.0, 8, 8.0, 0
63, 512.0, 8, 8.0, 0
64, 520.0, 8, 8.0, 0
65, 528.0, 8, 8.0, 0
66, 536.0, 8, 8.0, 0
67, 544.0, 8, 8.0, 0
68, 552.0, 8, 8.0, 0
69, 560.0, 8, 8.0, 0
70, 568.0, 8, 8.0, 0
71, 576.0, 8, 8.0, 0
72, 584.0, 8, 8.0, 0
73, 592.0, 8, 8.0, 0
74, 600.0, 8, 8.0, 0
75, 608.0, 8, 8.0, 0
76, 616.0, 8, 8.0, 0
77, 624.0, 8, 8.0, 0
78, 632.0, 8, 8.0, 0
79, 640.0, 8, 8.0, 0
80, 648.0, 8, 8.0, 0
81, 656.0, 8, 8.0, 0
82, 664.0, 8, 8.0, 0
83, 672.0, 8, 8.0, 0
84, 680.0, 8, 8.0, 0
85, 688.0, 8, 8.0, 0
86, 696.0, 8, 8.0, 0
87, 704.0, 8, 8.0, 0
88, 712.0, 8, 8.0, 0
89, 720.0, 8, 8.0, 0
90, 728.0, 8, 8.0, 0
91, 736.0, 8, 8.0, 0
92, 744.0, 8, 8.0, 0
93, 752.0, 8, 8.0, 0
94, 760.0, 8, 8.0, 0
95, 768.0, 8, 8.0, 0
96, 776.0, 8, 8.0, 0
97, 784.0, 8, 8.0, 0
98, 792.0, 8, 8.0, 0
99, 800.0, 8, 8.0, 0
100, 808.0, 8, 8.0, 0
101, 816.0, 8, 8.0, 0
102, 824.0, 8, 8.0, 0
103, 832.0, 8, 8.0, 0
104, 840.0, 8, 8.0, 0
105, 848.0, 8, 8.0, 0
106, 856.0, 8, 8.0, 0
107, 864.0, 8, 8.0, 0
108, 872.0, 8, 8.0, 0
109, 880.0, 8, 8.0, 0
110, 888.0, 8, 8.0, 0
111, 896.0, 8, 8.0, 0
112, 904.0, 8, 8.0, 0
113, 912.0, 8, 8.0, 0
114, 920.0, 8, 8.0, 0
115, 928.0, 8, 8.0, 0
116, 936.0, 8, 8.0, 0
117, 944.0, 8, 8.0, 0
118, 952.0, 8, 8.0, 0
119, 960.0, 8, 8.0, 0
120, 968.0, 8, 8.0, 0
121, 976.0, 8, 8.0, 0
122, 984.0, 8, 8.0, 0
123, 992.0, 8, 8.0, 0
124, 1000.0, 8, 8.0, 0
125, 1008.0, 8, 8.0, 0
126, 1016.0, 8, 8.0, 0
127, 1024.0, 8, 8.0, 0
128, 1032.0, 8, 8.0, 0
129, 1040.0, 8, 8.0, 0
130, 1048.0, 8, 8.0, 0
131, 1056.0, 8, 8.0, 0
132, 1064.0, 8, 8.0, 0
133, 1072.0, 8, 8.0, 0
134, 1080.0, 8, 8.0, 0
135, 1088.0, 8, 8.0, 0
136, 1096.0, 8, 8.0, 0
137, 1104.0, 8, 8.0, 0
138, 1112.0, 8, 8.0, 0
139, 1120.0, 8, 8.0, 0
140, 1128.0, 8, 8.0, 0
141, 1136.0, 8, 8.0, 0
142, 1144.0, 8, 8.0, 0
143, 1152.0, 8, 8.0, 0
144, 1160.0, 8, 8.0, 0
145, 1168.0, 8, 8.0, 0
146, 1176.0, 8, 8.0, 0
147, 1184.0, 8, 8.0, 0
148, 1192.0, 8, 8.0, 0
149, 1200.0, 8, 8.0, 0
150, 1208.0, 8, 8.0, 0
151, 1216.0, 8, 8.0, 0
152, 1224.0, 8, 8.0, 0
153, 1232.0, 8, 8.0, 0
154, 1240.0, 8, 8.0, 0
155, 1248.0, 8, 8.0, 0
156, 1256.0, 8, 8.0, 0
157, 1264.0, 8, 8.0, 0
158, 1272.0, 8, 8.0, 0
159, 1280.0, 8, 8.0, 0
160, 1288.0, 8, 8.0, 0
161, 1296.0, 8, 8.0, 0
162, 1304.0, 8, 8.0, 0
163, 1312.0, 8, 8.0, 0
164, 1320.0, 8, 8.0, 0
165, 1328.0, 8, 8.0, 0
166, 1336.0, 8, 8.0, 0
167, 1344.0, 8, 8.0, 0
168, 1352.0, 8, 8.0, 0
169, 1360.0, 8, 8.0, 0
170, 1368.0, 8, 8.0, 0
171, 1376.0, 8, 8.0, 0
172, 1384.0, 8, 8.0, 0
173, 1392.0, 8, 8.0, 0
174, 1400.0, 8, 8.0, 0
175, 1408.0, 8, 8.0, 0
176, 1416.0, 8, 8.0, 0
177, 1424.0, 8, 8.0, 0
178, 1432.0, 8, 8.0, 0
179, 1440.0, 8, 8.0, 0
180, 1448.0, 8, 8.0, 0
181, 1456.0, 8, 8.0, 0
182, 1464.0, 8, 8.0, 0
183, 1472.0, 8, 8.0, 0
184, 1480.0, 8, 8.0, 0
185, 1488.0, 8, 8.0, 0
186, 1496.0, 8, 8.0, 0
187, 1504.0, 8, 8.0, 0
188, 1512.0, 8, 8.0, 0
189, 1520.0, 8, 8.0, 0
190, 1528.0, 8, 8.0, 0
191, 1536.0, 8, 8.0, 0
192, 1544.0, 8, 8.0, 0
193, 1552.0, 8, 8.0, 0
194, 1560.0, 8, 8.0, 0
195, 1568.0, 8, 8.0, 0
196, 1576.0, 8, 8.0, 0
197, 1584.0, 8, 8.0, 0
198, 1592.0, 8, 8.0, 0
199, 1600.0, 8, 8.0, 0
200, 1608.0, 8, 8.0, 0
201, 1616.0, 8, 8.0, 0
202, 1624.0, 8, 8.0, 0
203, 1632.0, 8, 8.0, 0
204, 1640.0, 8, 8.0, 0
205, 1648.0, 8, 8.0, 0
206, 1656.0, 8, 8.0, 0
207, 1664.0, 8, 8.0, 0
208, 1672.0, 8, 8.0, 0
209, 1680.0, 8, 8.0, 0
210, 1688.0, 8, 8.0, 0
211, 1696.0, 8, 8.0, 0
212, 1704.0, 8, 8.0, 0
213, 1712.0, 8, 8.0, 0
214, 1720.0, 8, 8.0, 0
215, 1728.0, 8, 8.0, 0
216, 1736.0, 8, 8.0, 0
217, 1744.0, 8, 8.0, 0
218, 1752.0, 8, 8.0, 0
219, 1760.0, 8, 8.0, 0
220, 1768.0, 8, 8.0, 0
221, 1776.0, 8, 8.0, 0
222, 1784.0, 8, 8.0, 0
223, 1792.0, 8, 8.0, 0
224, 1800.0, 8, 8.0, 0
225, 1808.0, 8, 8.0, 0
226, 1816.0, 8, 8.0, 0
227, 1824.0, 8, 8.0, 0
228, 1832.0, 8, 8.0, 0
229, 1840.0, 8, 8.0, 0
230, 1848.0, 8, 8.0, 0
231, 1856.0, 8, 8.0, 0
232, 1864.0, 8, 8.0, 0
233, 1872.0, 8, 8.0, 0
234, 1880.0, 8, 8.0, 0
235, 1888.0, 8, 8.0, 0
236, 1896.0, 8, 8.0, 0
237, 1904.0, 8, 8.0, 0
238, 1912.0, 8, 8.0, 0
239, 1920.0, 8, 8.0, 0
240, 1928.0, 8, 8.0, 0
241, 1936.0, 8, 8.0, 0
242, 1944.0, 8, 8.0, 0
243, 1952.0, 8, 8.0, 0
244, 1960.0, 8, 8.0, 0
245, 1968.0, 8, 8.0, 0
246, 1976.0, 8, 8.0, 0
247, 1984.0, 8, 8.0, 0
248, 1992.0, 8, 8.0, 0
249, 2000.0, 8, 8.0, 0
250, 2008.0, 8, 8.0, 0
251, 2016.0, 8, 8.0, 0
252, 2024.0, 8, 8.0, 0
0, 8.0, 8, 8.0, 0
1, 16.0, 8, 8.0, 0
2, 24.0, 8, 8.0, 0
3, 32.0, 8, 8.0, 0
4, 40.0, 8, 8.0, 0
5, 48.0, 8, 8.0, 0
6, 56.0, 8, 8.0, 0
7, 64.0, 8, 8.0, 0
8, 72.0, 8, 8.0, 0
9, 80.0, 8, 8.0, 0
10, 88.0, 8, 8.0, 0
11, 96.0, 8, 8.0, 0
12, 104.0, 8, 8.0, 0
13, 112.0, 8, 8.0, 0
14, 120.0, 8, 8.0, 0
15, 128.0, 8, 8.0, 0
16, 136.0, 8, 8.0, 0
17, 144.0, 8, 8.0, 0
18, 152.0, 8, 8.0, 0
19, 160.0, 8, 8.0, 0
20, 168.0, 8, 8.0, 0
21, 176.0, 8, 8.0, 0
22, 184.0, 8, 8.0, 0
23, 192.0, 8, 8.0, 0
24, 200.0, 8, 8.0, 0
25, 208.0, 8, 8.0, 0
26, 216.0, 8, 8.0, 0
27, 224.0, 8, 8.0, 0
28, 232.0, 8, 8.0, 0
29, 240.0, 8, 8.0, 0
30, 248.0, 8, 8.0, 0
31, 256.0, 8, 8.0, 0
32, 264.0, 8, 8.0, 0
33, 272.0, 8, 8.0, 0
34, 280.0, 8, 8.0, 0
35, 288.0, 8, 8.0, 0
36, 296.0, 8, 8.0, 0
37, 304.0, 8, 8.0, 0
38, 312.0, 8, 8.0, 0
39, 320.0, 8, 8.0, 0
40, 328.0, 8, 8.0, 0
41, 336.0, 8, 8.0, 0
42, 344.0, 8, 8.0, 0
43, 352.0, 8, 8.0, 0
44, 360.0, 8, 8.0, 0
45, 368.0, 8, 8.0, 0
46, 376.0, 8, 8.0, 0
47, 384.0, 8, 8.0, 0
48, 392.0, 8, 8.0, 0
49, 400.0, 8, 8.0, 0
50, 408.0, 8, 8.0, 0
51, 416.0, 8, 8.0, 0
52, 424.0, 8, 8.0, 0
53, 432.0, 8, 8.0, 0
54, 440.0, 8, 8.0, 0
55, 448.0, 8, 8.0, 0
56, 456.0, 8, 8.0, 0
57, 464.0, 8, 8.0, 0
58, 472.0, 8, 8.0, 0
59, 480.0, 8, 8.0, 0
60, 488.0, 8, 8.0, 0
61, 496.0, 8, 8.0, 0
62, 504.0, 8, 8.0, 0
63, 512.0, 8, 8.0, 0
64, 520.0, 8, 8.0, 0
65, 528.0, 8, 8.0, 0
66, 536.0, 8, 8.0, 0
67, 544.0, 8, 8.0, 0
68, 552.0, 8, 8.0, 0
69, 560.0, 8, 8.0, 0
70, 568.0, 8, 8.0, 0
71, 576.0, 8, 8.0, 0
72, 584.0, 8, 8.0, 0
73, 592.0, 8, 8.0, 0
74, 600.0, 8, 8.0, 0
75, 608.0, 8, 8.0, 0
76, 616.0, 8, 8.0, 0
77, 624.0, 8, 8.0, 0
78, 632.0, 8, 8.0, 0
79, 640.0, 8, 8.0, 0
80, 648.0, 8, 8.0, 0
81, 656.0, 8, 8.0, 0
82, 664.0, 8, 8.0, 0
83, 672.0, 8, 8.0, 0
84, 680.0, 8, 8.0, 0
85, 688.0, 8, 8.0, 0
86, 696.0, 8, 8.0, 0
87, 704.0, 8, 8.0, 0
88, 712.0, 8, 8.0, 0
89, 720.0, 8, 8.0, 0
90, 728.0, 8, 8.0, 0
91, 736.0, 8, 8.0, 0
92, 744.0, 8, 8.0, 0
93, 752.0, 8, 8.0, 0
94, 760.0, 8, 8.0, 0
95, 768.0, 8, 8.0, 0
96, 776.0, 8, 8.0, 0
97, 784.0, 8, 8.0, 0
98, 792.0, 8, 8.0, 0
99, 800.0, 8, 8.0, 0
100, 808.0, 8, 8.0, 0
101, 816.0, 8, 8.0, 0
102, 824.0, 8, 8.0, 0
103, 832.0, 8, 8.0, 0
104, 840.0, 8, 8.0, 0
105, 848.0, 8, 8.0, 0
106, 856.0, 8, 8.0, 0
107, 864.0, 8, 8.0, 0
108, 872.0, 8, 8.0, 0
109, 880.0, 8, 8.0, 0
110, 888.0, 8, 8.0, 0
111, 896.0, 8, 8.0, 0
112, 904.0, 8, 8.0, 0
113, 912.0, 8, 8.0, 0
114, 920.0, 8, 8.0, 0
115, 928.0, 8, 8.0, 0
116, 936.0, 8, 8.0, 0
117, 944.0, 8, 8.0, 0
118, 952.0, 8, 8.0, 0
119, 960.0, 8, 8.0, 0
120, 968.0, 8, 8.0, 0
121, 976.0, 8, 8.0, 0
122, 984.0, 8, 8.0, 0
123, 992.0, 8, 8.0, 0
124, 1000.0, 8, 8.0, 0
125, 1008.0, 8, 8.0, 0
126, 1016.0, 8, 8.0, 0
127, 1024.0, 8, 8.0, 0
128, 1032.0, 8, 8.0, 0
129, 1040.0, 8, 8.0, 0
130, 1048.0, 8, 8.0, 0
131, 1056.0, 8, 8.0, 0
132, 1064.0, 8, 8.0, 0
133, 1072.0, 8, 8.0, 0
134, 1080.0, 8, 8.0, 0
135, 1088.0, 8, 8.0, 0
136, 1096.0, 8, 8.0, 0
137, 1104.0, 8, 8.0, 0
138, 1112.0, 8, 8.0, 0
139, 1120.0, 8, 8.0, 0
140, 1128.0, 8, 8.0, 0
141, 1136.0, 8, 8.0, 0
142, 1144.0, 8, 8.0, 0
143, 1152.0, 8, 8.0, 0
144, 1160.0, 8, 8.0, 0
145, 1168.0, 8, 8.0, 0
146, 1176.0, 8, 8.0, 0
147, 1184.0, 8, 8.0, 0
148, 1192.0, 8, 8.0, 0
149, 1200.0, 8, 8.0, 0
150, 1208.0, 8, 8.0, 0
151, 1216.0, 8, 8.0, 0
152, 1224.0, 8, 8.0, 0
153, 1232.0, 8, 8.0, 0
154, 1240.0, 8, 8.0, 0
155, 1248.0, 8, 8.0, 0
156, 1256.0, 8, 8.0, 0
157, 1264.0, 8, 8.0, 0
158, 1272.0, 8, 8.0, 0
159, 1280.0, 8, 8.0, 0
160, 1288.0, 8, 8.0, 0
161, 1296.0, 8, 8.0, 0
162, 1304.0, 8, 8.0, 0
163, 1312.0, 8, 8.0, 0
164, 1320.0, 8, 8.0, 0
165, 1328.0, 8, 8.0, 0
166, 1336.0, 8, 8.0, 0
167, 1344.0, 8, 8.0, 0
168, 1352.0, 8, 8.0, 0
169, 1360.0, 8, 8.0, 0
170, 1368.0, 8, 8.0, 0
171, 1376.0, 8, 8.0, 0
172, 1384.0, 8, 8.0, 0
173, 1392.0, 8, 8.0, 0
174, 1400.0, 8, 8.0, 0
175, 1408.0, 8, 8.0, 0
176, 1416.0, 8, 8.0, 0
177, 1424.0, 8, 8.0, 0
178, 1432.0, 8, 8.0, 0
179, 1440.0, 8, 8.0, 0
180, 1448.0, 8, 8.0, 0
181, 1456.0, 8, 8.0, 0
182, 1464.0, 8, 8.0, 0
183, 1472.0, 8, 8.0, 0
184, 1480.0, 8, 8.0, 0
185, 1488.0, 8, 8.0, 0
186, 1496.0, 8, 8.0, 0
187, 1504.0, 8, 8.0, 0
188, 1512.0, 8, 8.0, 0
189, 1520.0, 8, 8.0, 0
190, 1528.0, 8, 8.0, 0
191, 1536.0, 8, 8.0, 0
192, 1544.0, 8, 8.0, 0
193, 1552.0, 8, 8.0, 0
194, 1560.0, 8, 8.0, 0
195, 1568.0, 8, 8.0, 0
196, 1576.0, 8, 8.0, 0
197, 1584.0, 8, 8.0, 0
198, 1592.0, 8, 8.0, 0
199, 1600.0, 8, 8.0, 0
200, 1608.0, 8, 8.0, 0
201, 1616.0, 8, 8.0, 0
202, 1624.0, 8, 8.0, 0
203, 1632.0, 8, 8.0, 0
204, 1640.0, 8, 8.0, 0
205, 1648.0, 8, 8.0, 0
206, 1656.0, 8, 8.0, 0
207, 1664.0, 8, 8.0, 0
208, 1672.0, 8, 8.0, 0
209, 1680.0, 8, 8.0, 0
210, 1688.0, 8, 8.0, 0
211, 1696.0, 8, 8.0, 0
212, 1704.0, 8, 8.0, 0
213, 1712.0, 8, 8.0, 0
214, 1720.0, 8, 8.0, 0
215, 1728.0, 8, 8.0, 0
216, 1736.0, 8, 8.0, 0
217, 1744.0, 8, 8.0, 0
218, 1752.0, 8, 8.0, 0
219, 1760.0, 8, 8.0, 0
220, 1768.0, 8, 8.0, 0
221, 1776.0, 8, 8.0, 0
222, 1784.0, 8, 8.0, 0
223, 1792.0, 8, 8.0, 0
224, 1800.0, 8, 8.0, 0
225, 1808.0, 8, 8.0, 0
226, 1816.0, 8, 8.0, 0
227, 1824.0, 8, 8.0, 0
228, 1832.0, 8, 8.0, 0
229, 1840.0, 8, 8.0, 0
230, 1848.0, 8, 8.0, 0
231, 1856.0, 8, 8.0, 0
232, 1864.0, 8, 8.0, 0
233, 1872.0, 8, 8.0, 0
234, 1880.0, 8, 8.0, 0
235, 1888.0, 8, 8.0, 0
236, 1896.0, 8, 8.0, 0
237, 1904.0, 8, 8.0, 0
238, 1912.0, 8, 8.0, 0
239, 1920.0, 8, 8.0, 0
240, 1928.0, 8, 8.0, 0
241, 1936.0, 8, 8.0, 0
242, 1944.0, 8, 8.0, 0
243, 1952.0, 8, 8.0, 0
244, 1960.0, 8, 8.0, 0
245, 1968.0, 8, 8.0, 0
246, 1976.0, 8, 8.0, 0
247, 1984.0, 8, 8.0, 0
248, 1992.0, 8, 8.0, 0
249, 2000.0, 8, 8.0, 0
250, 2008.0, 8, 8.0, 0
251, 2016.0, 8, 8.0, 0
252, 2024.0, 8, 8.0, 0
253, 2032.0, 8, 8.0, 0
254, 2040.0, 8, 8.0, 0
255, 2048.0, 8, 8.0, 0
256, 2056.0, 8, 8.0, 0
257, 2064.0, 8, 8.0, 0
258, 2072.0, 8, 8.0, 0
259, 2080.0, 8, 8.0, 0
260, 2088.0, 8, 8.0, 0
261, 2096.0, 8, 8.0, 0
262, 2104.0, 8, 8.0, 0
263, 2112.0, 8, 8.0, 0
264, 2120.0, 8, 8.0, 0
265, 2128.0, 8, 8.0, 0
266, 2136.0, 8, 8.0, 0
267, 2144.0, 8, 8.0, 0
268, 2152.0, 8, 8.0, 0
269, 2160.0, 8, 8.0, 0
270, 2168.0, 8, 8.0, 0
271, 2176.0, 8, 8.0, 0
272, 2184.0, 8, 8.0, 0
273, 2192.0, 8, 8.0, 0
274, 2200.0, 8, 8.0, 0
275, 2208.0, 8, 8.0, 0
276, 2216.0, 8, 8.0, 0
277, 2224.0, 8, 8.0, 0
278, 2232.0, 8, 8.0, 0
279, 2240.0, 8, 8.0, 0
280, 2248.0, 8, 8.0, 0
281, 2256.0, 8, 8.0, 0
282, 2264.0, 8, 8.0, 0
283, 2272.0, 8, 8.0, 0
284, 2280.0, 8, 8.0, 0
285, 2288.0, 8, 8.0, 0
286, 2296.0, 8, 8.0, 0
287, 2304.0, 8, 8.0, 0
288, 2312.0, 8, 8.0, 0
289, 2320.0, 8, 8.0, 0
290, 2328.0, 8, 8.0, 0
291, 2336.0, 8, 8.0, 0
292, 2344.0, 8, 8.0, 0
293, 2352.0, 8, 8.0, 0
294, 2360.0, 8, 8.0, 0
295, 2368.0, 8, 8.0, 0
296, 2376.0, 8, 8.0, 0
297, 2384.0, 8, 8.0, 0
298, 2392.0, 8, 8.0, 0
299, 2400.0, 8, 8.0, 0
300, 2408.0, 8, 8.0, 0
301, 2416.0, 8, 8.0, 0
302, 2424.0, 8, 8.0, 0
303, 2432.0, 8, 8.0, 0
304, 2440.0, 8, 8.0, 0
305, 2448.0, 8, 8.0, 0
306, 2456.0, 8, 8.0, 0
307, 2464.0, 8, 8.0, 0
308, 2472.0, 8, 8.0, 0
309, 2480.0, 8, 8.0, 0
310, 2488.0, 8, 8.0, 0
311, 2496.0, 8, 8.0, 0
312, 2504.0, 8, 8.0, 0
313, 2512.0, 8, 8.0, 0
314, 2520.0, 8, 8.0, 0
315, 2528.0, 8, 8.0, 0
316, 2536.0, 8, 8.0, 0
317, 2544.0, 8, 8.0, 0
318, 2552.0, 8, 8.0, 0
319, 2560.0, 8, 8.0, 0
320, 2568.0, 8, 8.0, 0
321, 2576.0, 8, 8.0, 0
322, 2584.0, 8, 8.0, 0
323, 2592.0, 8, 8.0, 0
324, 2600.0, 8, 8.0, 0
325, 2608.0, 8, 8.0, 0
326, 2616.0, 8, 8.0, 0
327, 2624.0, 8, 8.0, 0
328, 2632.0, 8, 8.0, 0
329, 2640.0, 8, 8.0, 0
330, 2648.0, 8, 8.0, 0
331, 2656.0, 8, 8.0, 0
332, 2664.0, 8, 8.0, 0
333, 2672.0, 8, 8.0, 0
334, 2680.0, 8, 8.0, 0
335, 2688.0, 8, 8.0, 0
336, 2696.0, 8, 8.0, 0
337, 2704.0, 8, 8.0, 0
338, 2712.0, 8, 8.0, 0
339, 2720.0, 8, 8.0, 0
340, 2728.0, 8, 8.0, 0
341, 2736.0, 8, 8.0, 0
342, 2744.0, 8, 8.0, 0
343, 2752.0, 8, 8.0, 0
344, 2760.0, 8, 8.0, 0
345, 2768.0, 8, 8.0, 0
346, 2776.0, 8, 8.0, 0
347, 2784.0, 8, 8.0, 0
348, 2792.0, 8, 8.0, 0
349, 2800.0, 8, 8.0, 0
350, 2808.0, 8, 8.0, 0
351, 2816.0, 8, 8.0, 0
352, 2824.0, 8, 8.0, 0
353, 2832.0, 8, 8.0, 0
354, 2840.0, 8, 8.0, 0
355, 2848.0, 8, 8.0, 0
356, 2856.0, 8, 8.0, 0
357, 2864.0, 8, 8.0, 0
358, 2872.0, 8, 8.0, 0
359, 2880.0, 8, 8.0, 0
360, 2888.0, 8, 8.0, 0
361, 2896.0, 8, 8.0, 0
362, 2904.0, 8, 8.0, 0
363, 2912.0, 8, 8.0, 0
364, 2920.0, 8, 8.0, 0
365, 2928.0, 8, 8.0, 0
366, 2936.0, 8, 8.0, 0
367, 2944.0, 8, 8.0, 0
368, 2952.0, 8, 8.0, 0
369, 2960.0, 8, 8.0, 0
370, 2968.0, 8, 8.0, 0
371, 2976.0, 8, 8.0, 0
372, 2984.0, 8, 8.0, 0
373, 2992.0, 8, 8.0, 0
374, 3000.0, 8, 8.0, 0
375, 3008.0, 8, 8.0, 0
376, 3016.0, 8, 8.0, 0
377, 3024.0, 8, 8.0, 0
378, 3032.0, 8, 8.0, 0
379, 3040.0, 8, 8.0, 0
380, 3048.0, 8, 8.0, 0
381, 3056.0, 8, 8.0, 0
382, 3064.0, 8, 8.0, 0
383, 3072.0, 8, 8.0, 0
384, 3080.0, 8, 8.0, 0
385, 3088.0, 8, 8.0, 0
386, 3096.0, 8, 8.0, 0
387, 3104.0, 8, 8.0, 0
388, 3112.0, 8, 8.0, 0
389, 3120.0, 8, 8.0, 0
390, 3128.0, 8, 8.0, 0
391, 3136.0, 8, 8.0, 0
392, 3144.0, 8, 8.0, 0
393, 3152.0, 8, 8.0, 0
394, 3160.0, 8, 8.0, 0
395, 3168.0, 8, 8.0, 0
396, 3176.0, 8, 8.0, 0
397, 3184.0, 8, 8.0, 0
398, 3192.0, 8, 8.0, 0
399, 3200.0, 8, 8.0, 0
400, 3208.0, 8, 8.0, 0
401, 3216.0, 8, 8.0, 0
402, 3224.0, 8, 8.0, 0
403, 3232.0, 8, 8.0, 0
404, 3240.0, 8, 8.0, 0
405, 3248.0, 8, 8.0, 0
406, 3256.0, 8, 8.0, 0
407, 3264.0, 8, 8.0, 0
408, 3272.0, 8, 8.0, 0
409, 3280.0, 8, 8.0, 0
410, 3288.0, 8, 8.0, 0
411, 3296.0, 8, 8.0, 0
412, 3304.0, 8, 8.0, 0
413, 3312.0, 8, 8.0, 0
414, 3320.0, 8, 8.0, 0
415, 3328.0, 8, 8.0, 0
416, 3336.0, 8, 8.0, 0
417, 3344.0, 8, 8.0, 0
418, 3352.0, 8, 8.0, 0
419, 3360.0, 8, 8.0, 0
420, 3368.0, 8, 8.0, 0
421, 3376.0, 8, 8.0, 0
422, 3384.0, 8, 8.0, 0
423, 3392.0, 8, 8.0, 0
424, 3400.0, 8, 8.0, 0
425, 3408.0, 8, 8.0, 0
426, 3416.0, 8, 8.0, 0
427, 3424.0, 8, 8.0, 0
428, 3432.0, 8, 8.0, 0
429, 3440.0, 8, 8.0, 0
430, 3448.0, 8, 8.0, 0
431, 3456.0, 8, 8.0, 0
432, 3464.0, 8, 8.0, 0
433, 3472.0, 8, 8.0, 0
434, 3480.0, 8, 8.0, 0
435, 3488.0, 8, 8.0, 0
436, 3496.0, 8, 8.0, 0
437, 3504.0, 8, 8.0, 0
438, 3512.0, 8, 8.0, 0
439, 3520.0, 8, 8.0, 0
440, 3528.0, 8, 8.0, 0
441, 3536.0, 8, 8.0, 0
442, 3544.0, 8, 8.0, 0
443, 3552.0, 8, 8.0, 0
444, 3560.0, 8, 8.0, 0
445, 3568.0, 8, 8.0, 0
446, 3576.0, 8, 8.0, 0
447, 3584.0, 8, 8.0, 0
448, 3592.0, 8, 8.0, 0
449, 3600.0, 8, 8.0, 0
450, 3608.0, 8, 8.0, 0
451, 3616.0, 8, 8.0, 0
452, 3624.0, 8, 8.0, 0
453, 3632.0, 8, 8.0, 0
454, 3640.0, 8, 8.0, 0
455, 3648.0, 8, 8.0, 0
456, 3656.0, 8, 8.0, 0
457, 3664.0, 8, 8.0, 0
458, 3672.0, 8, 8.0, 0
459, 3680.0, 8, 8.0, 0
460, 3688.0, 8, 8.0, 0
461, 3696.0, 8, 8.0, 0
462, 3704.0, 8, 8.0, 0
463, 3712.0, 8, 8.0, 0
464, 3720.0, 8, 8.0, 0
465, 3728.0, 8, 8.0, 0
466, 3736.0, 8, 8.0, 0
467, 3744.0, 8, 8.0, 0
468, 3752.0, 8, 8.0, 0
469, 3760.0, 8, 8.0, 0
470, 3768.0, 8, 8.0, 0
471, 3776.0, 8, 8.0, 0
472, 3784.0, 8, 8.0, 0
473, 3792.0, 8, 8.0, 0
474, 3800.0, 8, 8.0, 0
475, 3808.0, 8, 8.0, 0
476, 3816.0, 8, 8.0, 0
477, 3824.0, 8, 8.0, 0
478, 3832.0, 8, 8.0, 0
479, 3840.0, 8, 8.0, 0
480, 3848.0, 8, 8.0, 0
481, 3856.0, 8, 8.0, 0
482, 3864.0, 8, 8.0, 0
483, 3872.0, 8, 8.0, 0
484, 3880.0, 8, 8.0, 0
485, 3888.0, 8, 8.0, 0
486, 3896.0, 8, 8.0, 0
487, 3904.0, 8, 8.0, 0
488, 3912.0, 8, 8.0, 0
489, 3920.0, 8, 8.0, 0
490, 3928.0, 8, 8.0, 0
491, 3936.0, 8, 8.0, 0
492, 3944.0, 8, 8.0, 0
493, 3952.0, 8, 8.0, 0
494, 3960.0, 8, 8.0, 0
495, 3968.0, 8, 8.0, 0
496, 3976.0, 8, 8.0, 0
497, 3984.0, 8, 8.0, 0
498, 3992.0, 8, 8.0, 0
499, 4000.0, 8, 8.0, 0
500, 4008.0, 8, 8.0, 0
501, 4016.0, 8, 8.0, 0
502, 4024.0, 8, 8.0, 0
503, 4032.0, 8, 8.0, 0
504, 4040.0, 8, 8.0, 0
505, 4048.0, 8, 8.0, 0
506, 4056.0, 8, 8.0, 0
507, 4064.0, 8, 8.0, 0
508, 4072.0, 8, 8.0, 0
509, 4080.0, 8, 8.0, 0
510, 4088.0, 8, 8.0, 0
511, 4096.0, 8, 8.0, 0
512, 4104.0, 8, 8.0, 0
513, 4112.0, 8, 8.0, 0
514, 4120.0, 8, 8.0, 0
515, 4128.0, 8, 8.0, 0
516, 4136.0, 8, 8.0, 0
517, 4144.0, 8, 8.0, 0
518, 4152.0, 8, 8.0, 0
519, 4160.0, 8, 8.0, 0
520, 4168.0, 8, 8.0, 0
521, 4176.0, 8, 8.0, 0
522, 4184.0, 8, 8.0, 0
523, 4192.0, 8, 8.0, 0
524, 4200.0, 8, 8.0, 0
525, 4208.0, 8, 8.0, 0
526, 4216.0, 8, 8.0, 0
527, 4224.0, 8, 8.0, 0
528, 4232.0, 8, 8.0, 0
529, 4240.0, 8, 8.0, 0
530, 4248.0, 8, 8.0, 0
531, 4256.0, 8, 8.0, 0
532, 4264.0, 8, 8.0, 0
533, 4272.0, 8, 8.0, 0
534, 4280.0, 8, 8.0, 0
535, 4288.0, 8, 8.0, 0
536, 4296.0, 8, 8.0, 0
537, 4304.0, 8, 8.0, 0
538, 4312.0, 8, 8.0, 0
539, 4320.0, 8, 8.0, 0
540, 4328.0, 8, 8.0, 0
541, 4336.0, 8, 8.0, 0
542, 4344.0, 8, 8.0, 0
543, 4352.0, 8, 8.0, 0
544, 4360.0, 8, 8.0, 0
545, 4368.0, 8, 8.0, 0
546, 4376.0, 8, 8.0, 0
547, 4384.0, 8, 8.0, 0
548, 4392.0, 8, 8.0, 0
549, 4400.0, 8, 8.0, 0
550, 4408.0, 8, 8.0, 0
551, 4416.0, 8, 8.0, 0
552, 4424.0, 8, 8.0, 0
553, 4432.0, 8, 8.0, 0
554, 4440.0, 8, 8.0, 0
555, 4448.0, 8, 8.0, 0
556, 4456.0, 8, 8.0, 0
557, 4464.0, 8, 8.0, 0
558, 4472.0, 8, 8.0, 0
559, 4480.0, 8, 8.0, 0
560, 4488.0, 8, 8.0, 0
561, 4496.0, 8, 8.0, 0
562, 4504.0, 8, 8.0, 0
563, 4512.0, 8, 8.0, 0
564, 4520.0, 8, 8.0, 0
565, 4528.0, 8, 8.0, 0
566, 4536.0, 8, 8.0, 0
567, 4544.0, 8, 8.0, 0
568, 4552.0, 8, 8.0, 0
569, 4560.0, 8, 8.0, 0
570, 4568.0, 8, 8.0, 0
571, 4576.0, 8, 8.0, 0
572, 4584.0, 8, 8.0, 0
573, 4592.0, 8, 8.0, 0
574, 4600.0, 8, 8.0, 0
575, 4608.0, 8, 8.0, 0
576, 4616.0, 8, 8.0, 0
577, 4624.0, 8, 8.0, 0
578, 4632.0, 8, 8.0, 0
579, 4640.0, 8, 8.0, 0
580, 4648.0, 8, 8.0, 0
581, 4656.0, 8, 8.0, 0
582, 4664.0, 8, 8.0, 0
583, 4672.0, 8, 8.0, 0
584, 4680.0, 8, 8.0, 0
585, 4688.0, 8, 8.0, 0
586, 4696.0, 8, 8.0, 0
587, 4704.0, 8, 8.0, 0
588, 4712.0, 8, 8.0, 0
589, 4720.0, 8, 8.0, 0
590, 4728.0, 8, 8.0, 0
591, 4736.0, 8, 8.0, 0
592, 4744.0, 8, 8.0, 0
593, 4752.0, 8, 8.0, 0
594, 4760.0, 8, 8.0, 0
595, 4768.0, 8, 8.0, 0
596, 4776.0, 8, 8.0, 0
597, 4784.0, 8, 8.0, 0
598, 4792.0, 8, 8.0, 0
599, 4800.0, 8, 8.0, 0
600, 4808.0, 8, 8.0, 0
601, 4816.0, 8, 8.0, 0
602, 4824.0, 8, 8.0, 0
603, 4832.0, 8, 8.0, 0
604, 4840.0, 8, 8.0, 0
605, 4848.0, 8, 8.0, 0
606, 4856.0, 8, 8.0, 0
607, 4864.0, 8, 8.0, 0
608, 4872.0, 8, 8.0, 0
609, 4880.0, 8, 8.0, 0
610, 4888.0, 8, 8.0, 0
611, 4896.0, 8, 8.0, 0
612, 4904.0, 8, 8.0, 0
613, 4912.0, 8, 8.0, 0
614, 4920.0, 8, 8.0, 0
615, 4928.0, 8, 8.0, 0
616, 4936.0, 8, 8.0, 0
617, 4944.0, 8, 8.0, 0
618, 4952.0, 8, 8.0, 0
619, 4960.0, 8, 8.0, 0
620, 4968.0, 8, 8.0, 0
621, 4976.0, 8, 8.0, 0
622, 4984.0, 8, 8.0, 0
623, 4992.0, 8, 8.0, 0
624, 5000.0, 8, 8.0, 0
625, 5008.0, 8, 8.0, 0
626, 5016.0, 8, 8.0, 0
627, 5024.0, 8, 8.0, 0
628, 5032.0, 8, 8.0, 0
629, 5040.0, 8, 8.0, 0
630, 5048.0, 8, 8.0, 0
631, 5056.0, 8, 8.0, 0
632, 5064.0, 8, 8.0, 0
633, 5072.0, 8, 8.0, 0
634, 5080.0, 8, 8.0, 0
635, 5088.0, 8, 8.0, 0
636, 5096.0, 8, 8.0, 0
637, 5104.0, 8, 8.0, 0
638, 5112.0, 8, 8.0, 0
639, 5120.0, 8, 8.0, 0
640, 5128.0, 8, 8.0, 0
641, 5133.0, 5, 7.9953271028037385, 0
642, 5141.0, 8, 7.995334370139969, 0
643, 5149.0, 8, 7.995341614906832, 0
644, 5157.0, 8, 7.995348837209303, 0
645, 5165.0, 8, 7.995356037151703, 0
646, 5168.0, 3, 7.987635239567234, 0
647, 5176.0, 8, 7.987654320987654, 0
648, 5184.0, 8, 7.987673343605547, 0
649, 5192.0, 8, 7.987692307692308, 0
650, 5200.0, 8, 7.987711213517665, 0
651, 5208.0, 8, 7.987730061349693, 0
652, 5216.0, 8, 7.987748851454824, 0
653, 5224.0, 8, 7.98776758409786, 0
654, 5232.0, 8, 7.987786259541985, 0
655, 5240.0, 8, 7.987804878048781, 0
656, 5248.0, 8, 7.987823439878234, 0
657, 5256.0, 8, 7.9878419452887535, 0
658, 5264.0, 8, 7.9878603945371776, 0
659, 5272.0, 8, 7.987878787878788, 0
660, 5280.0, 8, 7.987897125567322, 0
661, 5288.0, 8, 7.9879154078549846, 0
662, 5296.0, 8, 7.987933634992459, 0
663, 5304.0, 8, 7.9879518072289155, 0
664, 5312.0, 8, 7.98796992481203, 0
665, 5320.0, 8, 7.987987987987988, 0
666, 5328.0, 8, 7.988005997001499, 0
667, 5336.0, 8, 7.9880239520958085, 0
668, 5344.0, 8, 7.988041853512706, 0
669, 5352.0, 8, 7.988059701492538, 0
670, 5360.0, 8, 7.988077496274218, 0
671, 5368.0, 8, 7.988095238095238, 0
672, 5376.0, 8, 7.988112927191679, 0
673, 5384.0, 8, 7.98813056379822, 0
674, 5392.0, 8, 7.988148148148148, 0
675, 5400.0, 8, 7.988165680473373, 0
676, 5408.0, 8, 7.988183161004431, 0
677, 5416.0, 8, 7.988200589970502, 0
678, 5424.0, 8, 7.988217967599411, 0
679, 5432.0, 8, 7.988235294117647, 0
680, 5440.0, 8, 7.988252569750367, 0
681, 5448.0, 8, 7.988269794721408, 0
682, 5456.0, 8, 7.988286969253294, 0
683, 5464.0, 8, 7.988304093567251, 0
684, 5472.0, 8, 7.988321167883211, 0
685, 5480.0, 8, 7.988338192419825, 0
686, 5488.0, 8, 7.988355167394468, 0
687, 5496.0, 8, 7.988372093023256, 0
688, 5504.0, 8, 7.988388969521045, 0
689, 5512.0, 8, 7.988405797101449, 0
690, 5520.0, 8, 7.988422575976845, 0
691, 5528.0, 8, 7.988439306358382, 0
692, 5536.0, 8, 7.988455988455988, 0
693, 5544.0, 8, 7.988472622478386, 0
694, 5552.0, 8, 7.988489208633093, 0
695, 5560.0, 8, 7.988505747126437, 0
696, 5568.0, 8, 7.988522238163558, 0
697, 5576.0, 8, 7.988538681948424, 0
698, 5584.0, 8, 7.988555078683834, 0
699, 5592.0, 8, 7.988571428571428, 0
700, 5600.0, 8, 7.988587731811697, 0
701, 5608.0, 8, 7.988603988603988, 0
702, 5616.0, 8, 7.988620199146515, 0
703, 5624.0, 8, 7.988636363636363, 0
704, 5632.0, 8, 7.9886524822695035, 0
705, 5640.0, 8, 7.9886685552407934, 0
706, 5648.0, 8, 7.988684582743988, 0
707, 5656.0, 8, 7.988700564971752, 0
708, 5664.0, 8, 7.988716502115656, 0
709, 5672.0, 8, 7.988732394366197, 0
710, 5680.0, 8, 7.988748241912799, 0
711, 5688.0, 8, 7.98876404494382, 0
712, 5696.0, 8, 7.988779803646564, 0
713, 5704.0, 8, 7.988795518207283, 0
714, 5712.0, 8, 7.988811188811189, 0
715, 5720.0, 8, 7.988826815642458, 0
716, 5728.0, 8, 7.98884239888424, 0
717, 5736.0, 8, 7.988857938718663, 0
718, 5744.0, 8, 7.988873435326843, 0
719, 5752.0, 8, 7.988888888888889, 0
720, 5760.0, 8, 7.988904299583911, 0
721, 5768.0, 8, 7.988919667590028, 0
722, 5776.0, 8, 7.988934993084371, 0
723, 5784.0, 8, 7.988950276243094, 0
724, 5792.0, 8, 7.988965517241379, 0
725, 5800.0, 8, 7.988980716253444, 0
726, 5808.0, 8, 7.988995873452545, 0
727, 5816.0, 8, 7.989010989010989, 0
728, 5824.0, 8, 7.9890260631001375, 0
729, 5832.0, 8, 7.989041095890411, 0
730, 5840.0, 8, 7.989056087551299, 0
731, 5848.0, 8, 7.9890710382513666, 0
732, 5856.0, 8, 7.9890859481582535, 0
733, 5864.0, 8, 7.989100817438692, 0
734, 5872.0, 8, 7.989115646258504, 0
735, 5880.0, 8, 7.989130434782608, 0
736, 5888.0, 8, 7.989145183175034, 0
737, 5896.0, 8, 7.989159891598916, 0
738, 5904.0, 8, 7.989174560216509, 0
739, 5912.0, 8, 7.989189189189189, 0
740, 5920.0, 8, 7.989203778677463, 0
741, 5928.0, 8, 7.989218328840971, 0
742, 5936.0, 8, 7.989232839838492, 0
743, 5944.0, 8, 7.989247311827957, 0
744, 5952.0, 8, 7.989261744966443, 0
745, 5960.0, 8, 7.989276139410188, 0
746, 5968.0, 8, 7.989290495314592, 0
747, 5976.0, 8, 7.989304812834225, 0
748, 5984.0, 8, 7.98931909212283, 0
749, 5992.0, 8, 7.989333333333334, 0
750, 6000.0, 8, 7.989347536617843, 0
751, 6008.0, 8, 7.98936170212766, 0
752, 6016.0, 8, 7.98937583001328, 0
753, 6024.0, 8, 7.989389920424403, 0
754, 6032.0, 8, 7.989403973509933, 0
755, 6040.0, 8, 7.98941798941799, 0
756, 6048.0, 8, 7.9894319682959045, 0
757, 6056.0, 8, 7.989445910290238, 0
758, 6064.0, 8, 7.989459815546772, 0
759, 6072.0, 8, 7.989473684210527, 0
760, 6080.0, 8, 7.989487516425756, 0
761, 6088.0, 8, 7.989501312335958, 0
762, 6096.0, 8, 7.989515072083879, 0
763, 6104.0, 8, 7.989528795811518, 0
764, 6112.0, 8, 7.989542483660131, 0
765, 6120.0, 8, 7.989556135770235, 0
766, 6128.0, 8, 7.989569752281617, 0
767, 6136.0, 8, 7.989583333333333, 0
768, 6144.0, 8, 7.989596879063719, 0
769, 6152.0, 8, 7.98961038961039, 0
770, 6160.0, 8, 7.9896238651102465, 0
771, 6168.0, 8, 7.989637305699482, 0
772, 6176.0, 8, 7.989650711513583, 0
773, 6184.0, 8, 7.989664082687338, 0
774, 6192.0, 8, 7.989677419354838, 0
775, 6200.0, 8, 7.989690721649485, 0
776, 6208.0, 8, 7.989703989703989, 0
777, 6216.0, 8, 7.989717223650386, 0
778, 6224.0, 8, 7.989730423620026, 0
779, 6232.0, 8, 7.98974358974359, 0
780, 6240.0, 8, 7.989756722151088, 0
781, 6248.0, 8, 7.989769820971867, 0
782, 6256.0, 8, 7.98978288633461, 0
783, 6264.0, 8, 7.989795918367347, 0
784, 6272.0, 8, 7.989808917197452, 0
785, 6280.0, 8, 7.989821882951654, 0
786, 6288.0, 8, 7.989834815756035, 0
787, 6296.0, 8, 7.98984771573604, 0
788, 6304.0, 8, 7.989860583016476, 0
789, 6312.0, 8, 7.989873417721519, 0
790, 6320.0, 8, 7.989886219974715, 0
791, 6328.0, 8, 7.98989898989899, 0
792, 6336.0, 8, 7.989911727616645, 0
793, 6344.0, 8, 7.98992443324937, 0
794, 6352.0, 8, 7.989937106918239, 0
795, 6360.0, 8, 7.989949748743719, 0
796, 6368.0, 8, 7.989962358845672, 0
797, 6376.0, 8, 7.989974937343359, 0
798, 6384.0, 8, 7.989987484355444, 0
799, 6392.0, 8, 7.99, 0
800, 6400.0, 8, 7.990012484394507, 0
801, 6408.0, 8, 7.9900249376558605, 0
802, 6416.0, 8, 7.990037359900374, 0
803, 6424.0, 8, 7.990049751243781, 0
804, 6432.0, 8, 7.990062111801242, 0
805, 6440.0, 8, 7.990074441687345, 0
806, 6448.0, 8, 7.990086741016109, 0
807, 6456.0, 8, 7.99009900990099, 0
808, 6464.0, 8, 7.990111248454882, 0
809, 6472.0, 8, 7.990123456790124, 0
810, 6480.0, 8, 7.990135635018496, 0
811, 6488.0, 8, 7.990147783251231, 0
812, 6496.0, 8, 7.990159901599016, 0
813, 6504.0, 8, 7.99017199017199, 0
814, 6512.0, 8, 7.990184049079755, 0
815, 6520.0, 8, 7.990196078431373, 0
816, 6528.0, 8, 7.990208078335374, 0
817, 6536.0, 8, 7.990220048899755, 0
818, 6544.0, 8, 7.99023199023199, 0
819, 6552.0, 8, 7.990243902439024, 0
820, 6560.0, 8, 7.990255785627284, 0
821, 6568.0, 8, 7.990267639902676, 0
822, 6576.0, 8, 7.9902794653705955, 0
823, 6584.0, 8, 7.990291262135922, 0
824, 6592.0, 8, 7.99030303030303, 0
825, 6600.0, 8, 7.990314769975787, 0
826, 6608.0, 8, 7.990326481257558, 0
827, 6616.0, 8, 7.990338164251208, 0
828, 6624.0, 8, 7.990349819059108, 0
829, 6632.0, 8, 7.990361445783132, 0
830, 6638.0, 6, 7.987966305655837, 0
831, 6646.0, 8, 7.987980769230769, 0
832, 6654.0, 8, 7.987995198079232, 0
833, 6662.0, 8, 7.988009592326139, 0
834, 6670.0, 8, 7.9880239520958085, 0
835, 6678.0, 8, 7.988038277511961, 0
836, 6686.0, 8, 7.98805256869773, 0
837, 6694.0, 8, 7.988066825775657, 0
838, 6702.0, 8, 7.988081048867699, 0
839, 6710.0, 8, 7.988095238095238, 0
840, 6718.0, 8, 7.988109393579072, 0
841, 6726.0, 8, 7.98812351543943, 0
842, 6734.0, 8, 7.988137603795967, 0
843, 6742.0, 8, 7.988151658767772, 0
844, 6750.0, 8, 7.988165680473373, 0
845, 6758.0, 8, 7.988179669030733, 0
846, 6766.0, 8, 7.988193624557261, 0
847, 6771.0, 5, 7.984669811320755, 0
848, 6779.0, 8, 7.984687868080094, 0
849, 6787.0, 8, 7.984705882352941, 0
850, 6795.0, 8, 7.984723854289071, 0
851, 6803.0, 8, 7.984741784037559, 0
852, 6811.0, 8, 7.984759671746776, 0
853, 6819.0, 8, 7.984777517564403, 0
854, 6827.0, 8, 7.984795321637427, 0
855, 6835.0, 8, 7.984813084112149, 0
856, 6843.0, 8, 7.984830805134189, 0
857, 6851.0, 8, 7.984848484848484, 0
858, 6859.0, 8, 7.984866123399302, 0
859, 6867.0, 8, 7.984883720930233, 0
860, 6875.0, 8, 7.984901277584204, 0
861, 6879.0, 4, 7.9802784222737815, 0
862, 6887.0, 8, 7.9803012746234065, 0
863, 6895.0, 8, 7.980324074074074, 0
864, 6903.0, 8, 7.980346820809249, 0
865, 6911.0, 8, 7.980369515011548, 0
866, 6919.0, 8, 7.980392156862745, 0
867, 6927.0, 8, 7.9804147465437785, 0
868, 6935.0, 8, 7.980437284234752, 0
869, 6943.0, 8, 7.980459770114942, 0
870, 6951.0, 8, 7.980482204362802, 0
871, 6959.0, 8, 7.980504587155964, 0
872, 6967.0, 8, 7.980526918671249, 0
873, 6975.0, 8, 7.980549199084668, 0
874, 6983.0, 8, 7.980571428571428, 0
875, 6991.0, 8, 7.980593607305936, 0
876, 6999.0, 8, 7.980615735461802, 0
877, 7007.0, 8, 7.980637813211845, 0
878, 7015.0, 8, 7.9806598407281, 0
879, 7023.0, 8, 7.980681818181818, 0
880, 7031.0, 8, 7.980703745743473, 0
881, 7039.0, 8, 7.980725623582766, 0
882, 7047.0, 8, 7.98074745186863, 0
883, 7055.0, 8, 7.980769230769231, 0
884, 7063.0, 8, 7.980790960451977, 0
885, 7071.0, 8, 7.980812641083522, 0
886, 7079.0, 8, 7.980834272829763, 0
887, 7087.0, 8, 7.9808558558558556, 0
888, 7095.0, 8, 7.980877390326209, 0
889, 7103.0, 8, 7.980898876404495, 0
890, 7111.0, 8, 7.980920314253647, 0
891, 7119.0, 8, 7.9809417040358746, 0
892, 7127.0, 8, 7.980963045912654, 0
893, 7135.0, 8, 7.980984340044743, 0
894, 7143.0, 8, 7.981005586592179, 0
895, 7151.0, 8, 7.981026785714286, 0
896, 7159.0, 8, 7.981047937569676, 0
897, 7167.0, 8, 7.981069042316259, 0
898, 7175.0, 8, 7.981090100111235, 0
899, 7183.0, 8, 7.981111111111111, 0
900, 7191.0, 8, 7.981132075471698, 0
901, 7199.0, 8, 7.981152993348116, 0
902, 7207.0, 8, 7.981173864894795, 0
903, 7215.0, 8, 7.981194690265487, 0
904, 7223.0, 8, 7.98121546961326, 0
905, 7231.0, 8, 7.981236203090508, 0
906, 7239.0, 8, 7.981256890848953, 0
907, 7247.0, 8, 7.9812775330396475, 0
908, 7255.0, 8, 7.9812981298129815, 0
909, 7263.0, 8, 7.981318681318681, 0
910, 7271.0, 8, 7.981339187705818, 0
911, 7279.0, 8, 7.981359649122807, 0
912, 7287.0, 8, 7.981380065717415, 0
913, 7295.0, 8, 7.981400437636761, 0
914, 7303.0, 8, 7.981420765027322, 0
915, 7311.0, 8, 7.9814410480349345, 0
916, 7319.0, 8, 7.981461286804798, 0
917, 7327.0, 8, 7.981481481481482, 0
918, 7335.0, 8, 7.981501632208923, 0
919, 7343.0, 8, 7.981521739130435, 0
920, 7351.0, 8, 7.981541802388708, 0
921, 7359.0, 8, 7.981561822125814, 0
922, 7367.0, 8, 7.981581798483207, 0
923, 7375.0, 8, 7.981601731601732, 0
924, 7378.0, 3, 7.9762162162162165, 0
925, 7386.0, 8, 7.976241900647948, 0
926, 7393.0, 7, 7.975188781014023, 0
927, 7401.0, 8, 7.975215517241379, 0
928, 7409.0, 8, 7.97524219590958, 0
929, 7417.0, 8, 7.975268817204301, 0
930, 7425.0, 8, 7.975295381310419, 0
931, 7433.0, 8, 7.975321888412017, 0
932, 7441.0, 8, 7.97534833869239, 0
933, 7449.0, 8, 7.975374732334047, 0
934, 7457.0, 8, 7.975401069518717, 0
935, 7465.0, 8, 7.97542735042735, 0
936, 7473.0, 8, 7.975453575240128, 0
937, 7481.0, 8, 7.975479744136461, 0
938, 7489.0, 8, 7.975505857294995, 0
939, 7497.0, 8, 7.975531914893617, 0
940, 7505.0, 8, 7.975557917109458, 0
941, 7513.0, 8, 7.975583864118896, 0
942, 7521.0, 8, 7.975609756097561, 0
943, 7529.0, 8, 7.975635593220339, 0
944, 7537.0, 8, 7.9756613756613755, 0
945, 7545.0, 8, 7.975687103594081, 0
946, 7553.0, 8, 7.97571277719113, 0
947, 7561.0, 8, 7.975738396624473, 0
948, 7569.0, 8, 7.975763962065332, 0
949, 7577.0, 8, 7.975789473684211, 0
950, 7585.0, 8, 7.975814931650894, 0
951, 7593.0, 8, 7.975840336134453, 0
952, 7601.0, 8, 7.975865687303253, 0
953, 7609.0, 8, 7.975890985324948, 0
954, 7617.0, 8, 7.975916230366492, 0
955, 7625.0, 8, 7.9759414225941425, 0
956, 7633.0, 8, 7.975966562173459, 0
957, 7641.0, 8, 7.975991649269311, 0
958, 7649.0, 8, 7.976016684045881, 0
959, 7657.0, 8, 7.976041666666666, 0
960, 7665.0, 8, 7.976066597294485, 0
961, 7673.0, 8, 7.976091476091476, 0
962, 7681.0, 8, 7.976116303219107, 0
963, 7689.0, 8, 7.976141078838174, 0
964, 7697.0, 8, 7.976165803108808, 0
965, 7705.0, 8, 7.976190476190476, 0
966, 7713.0, 8, 7.976215098241986, 0
967, 7721.0, 8, 7.976239669421488, 0
968, 7729.0, 8, 7.976264189886481, 0
969, 7737.0, 8, 7.9762886597938145, 0
970, 7745.0, 8, 7.9763130792996915, 0
971, 7753.0, 8, 7.976337448559671, 0
972, 7761.0, 8, 7.976361767728674, 0
973, 7769.0, 8, 7.976386036960986, 0
974, 7777.0, 8, 7.976410256410256, 0
975, 7785.0, 8, 7.976434426229508, 0
976, 7793.0, 8, 7.976458546571136, 0
977, 7801.0, 8, 7.976482617586912, 0
978, 7809.0, 8, 7.9765066394279875, 0
979, 7817.0, 8, 7.976530612244898, 0
980, 7825.0, 8, 7.976554536187564, 0
981, 7833.0, 8, 7.9765784114052956, 0
982, 7841.0, 8, 7.976602238046795, 0
983, 7849.0, 8, 7.9766260162601625, 0
984, 7857.0, 8, 7.976649746192893, 0
985, 7865.0, 8, 7.976673427991886, 0
986, 7873.0, 8, 7.976697061803445, 0
987, 7881.0, 8, 7.97672064777328, 0
988, 7889.0, 8, 7.976744186046512, 0
989, 7897.0, 8, 7.976767676767677, 0
990, 7905.0, 8, 7.976791120080726, 0
991, 7913.0, 8, 7.976814516129032, 0
992, 7921.0, 8, 7.976837865055388, 0
993, 7929.0, 8, 7.976861167002012, 0
994, 7937.0, 8, 7.976884422110553, 0
995, 7945.0, 8, 7.9769076305220885, 0
996, 7953.0, 8, 7.976930792377131, 0
997, 7961.0, 8, 7.9769539078156315, 0
998, 7969.0, 8, 7.976976976976977, 0
999, 7977.0, 8, 7.977, 0
1000, 7985.0, 8, 7.977022977022977, 0
1001, 7993.0, 8, 7.977045908183633, 0
1002, 8001.0, 8, 7.977068793619143, 0
1003, 8009.0, 8, 7.977091633466135, 0
1004, 8017.0, 8, 7.9771144278606965, 0
1005, 8021.0, 4, 7.973161033797217, 0
1006, 8029.0, 8, 7.973187686196623, 0
1007, 8037.0, 8, 7.973214285714286, 0
1008, 8045.0, 8, 7.973240832507433, 0
1009, 8053.0, 8, 7.973267326732674, 0
1010, 8061.0, 8, 7.973293768545994, 0
1011, 8069.0, 8, 7.973320158102767, 0
1012, 8077.0, 8, 7.973346495557749, 0
1013, 8085.0, 8, 7.9733727810650885, 0
1014, 8093.0, 8, 7.973399014778325, 0
1015, 8101.0, 8, 7.9734251968503935, 0
1016, 8109.0, 8, 7.9734513274336285, 0
1017, 8117.0, 8, 7.9734774066797645, 0
1018, 8125.0, 8, 7.973503434739941, 0
1019, 8133.0, 8, 7.973529411764706, 0
1020, 8141.0, 8, 7.973555337904016, 0
1021, 8149.0, 8, 7.973581213307241, 0
1022, 8157.0, 8, 7.973607038123167, 0
1023, 8165.0, 8, 7.9736328125, 0
1024, 8173.0, 8, 7.973658536585366, 0
1025, 8181.0, 8, 7.973684210526316, 0
1026, 8189.0, 8, 7.973709834469328, 0
1027, 8197.0, 8, 7.973735408560311, 0
1028, 8205.0, 8, 7.973760932944606, 0
1029, 8213.0, 8, 7.97378640776699, 0
1030, 8221.0, 8, 7.973811833171678, 0
1031, 8229.0, 8, 7.973837209302325, 0
1032, 8237.0, 8, 7.973862536302033, 0
1033, 8245.0, 8, 7.973887814313346, 0
1034, 8253.0, 8, 7.973913043478261, 0
1035, 8261.0, 8, 7.973938223938224, 0
1036, 8269.0, 8, 7.973963355834137, 0
1037, 8277.0, 8, 7.973988439306359, 0
1038, 8285.0, 8, 7.974013474494707, 0
1039, 8293.0, 8, 7.974038461538462, 0
1040, 8301.0, 8, 7.974063400576369, 0
1041, 8309.0, 8, 7.974088291746641, 0
1042, 8317.0, 8, 7.97411313518696, 0
1043, 8325.0, 8, 7.974137931034483, 0
1044, 8328.0, 3, 7.969377990430622, 0
1045, 8336.0, 8, 7.969407265774379, 0
1046, 8344.0, 8, 7.969436485195797, 0
1047, 8352.0, 8, 7.969465648854962, 0
1048, 8360.0, 8, 7.969494756911344, 0
1049, 8368.0, 8, 7.9695238095238095, 0
1050, 8376.0, 8, 7.9695528068506185, 0
1051, 8384.0, 8, 7.969581749049429, 0
1052, 8392.0, 8, 7.969610636277303, 0
1053, 8400.0, 8, 7.969639468690702, 0
1054, 8408.0, 8, 7.969668246445497, 0
1055, 8416.0, 8, 7.96969696969697, 0
1056, 8424.0, 8, 7.969725638599811, 0
1057, 8432.0, 8, 7.969754253308128, 0
1058, 8440.0, 8, 7.969782813975448, 0
1059, 8448.0, 8, 7.969811320754717, 0
1060, 8456.0, 8, 7.969839773798303, 0
1061, 8464.0, 8, 7.9698681732580035, 0
1062, 8472.0, 8, 7.969896519285042, 0
1063, 8480.0, 8, 7.969924812030075, 0
1064, 8488.0, 8, 7.969953051643192, 0
1065, 8496.0, 8, 7.969981238273921, 0
1066, 8504.0, 8, 7.970009372071228, 0
1067, 8512.0, 8, 7.9700374531835205, 0
1068, 8520.0, 8, 7.970065481758653, 0
1069, 8528.0, 8, 7.970093457943925, 0
1070, 8536.0, 8, 7.970121381886088, 0
1071, 8544.0, 8, 7.970149253731344, 0
1072, 8552.0, 8, 7.97017707362535, 0
1073, 8560.0, 8, 7.970204841713222, 0
1074, 8568.0, 8, 7.970232558139535, 0
1075, 8576.0, 8, 7.970260223048327, 0
1076, 8584.0, 8, 7.970287836583101, 0
1077, 8592.0, 8, 7.970315398886828, 0
1078, 8600.0, 8, 7.970342910101946, 0
1079, 8608.0, 8, 7.970370370370371, 0
1080, 8616.0, 8, 7.970397779833488, 0
1081, 8624.0, 8, 7.970425138632162, 0
1082, 8632.0, 8, 7.970452446906741, 0
1083, 8640.0, 8, 7.970479704797048, 0
1084, 8648.0, 8, 7.970506912442397, 0
1085, 8656.0, 8, 7.970534069981584, 0
1086, 8664.0, 8, 7.970561177552898, 0
1087, 8672.0, 8, 7.970588235294118, 0
1088, 8680.0, 8, 7.970615243342516, 0
1089, 8688.0, 8, 7.970642201834862, 0
1090, 8696.0, 8, 7.970669110907425, 0
1091, 8704.0, 8, 7.970695970695971, 0
1092, 8712.0, 8, 7.970722781335773, 0
1093, 8720.0, 8, 7.970749542961609, 0
1094, 8728.0, 8, 7.970776255707762, 0
1095, 8736.0, 8, 7.970802919708029, 0
1096, 8744.0, 8, 7.9708295350957155, 0
1097, 8752.0, 8, 7.970856102003643, 0
1098, 8760.0, 8, 7.970882620564149, 0
1099, 8768.0, 8, 7.970909090909091, 0
1100, 8776.0, 8, 7.970935513169845, 0
1101, 8784.0, 8, 7.970961887477314, 0
1102, 8792.0, 8, 7.970988213961922, 0
1103, 8800.0, 8, 7.971014492753623, 0
1104, 8808.0, 8, 7.9710407239819006, 0
1105, 8816.0, 8, 7.971066907775769, 0
1106, 8824.0, 8, 7.971093044263776, 0
1107, 8832.0, 8, 7.971119133574007, 0
1108, 8840.0, 8, 7.971145175834085, 0
1109, 8848.0, 8, 7.9711711711711715, 0
1110, 8856.0, 8, 7.971197119711971, 0
1111, 8864.0, 8, 7.971223021582734, 0
1112, 8872.0, 8, 7.971248876909255, 0
1113, 8880.0, 8, 7.971274685816876, 0
1114, 8888.0, 8, 7.971300448430493, 0
1115, 8896.0, 8, 7.971326164874552, 0
1116, 8904.0, 8, 7.971351835273053, 0
1117, 8912.0, 8, 7.971377459749553, 0
1118, 8920.0, 8, 7.971403038427167, 0
1119, 8928.0, 8, 7.9714285714285715, 0
1120, 8936.0, 8, 7.971454058876003, 0
1121, 8937.0, 1, 7.96524064171123, 0
1122, 8945.0, 8, 7.965271593944791, 0
1123, 8953.0, 8, 7.965302491103203, 0
1124, 8961.0, 8, 7.965333333333334, 0
1125, 8969.0, 8, 7.965364120781527, 0
1126, 8977.0, 8, 7.965394853593612, 0
1127, 8985.0, 8, 7.965425531914893, 0
1128, 8993.0, 8, 7.965456155890168, 0
1129, 9001.0, 8, 7.965486725663717, 0
1130, 9009.0, 8, 7.9655172413793105, 0
1131, 9017.0, 8, 7.965547703180212, 0
1132, 9025.0, 8, 7.9655781112091795, 0
1133, 9033.0, 8, 7.965608465608466, 0
1134, 9041.0, 8, 7.965638766519824, 0
1135, 9049.0, 8, 7.965669014084507, 0
1136, 9057.0, 8, 7.965699208443271, 0
1137, 9065.0, 8, 7.96572934973638, 0
1138, 9073.0, 8, 7.9657594381036, 0
1139, 9081.0, 8, 7.96578947368421, 0
1140, 9089.0, 8, 7.965819456617003, 0
1141, 9097.0, 8, 7.96584938704028, 0
1142, 9105.0, 8, 7.965879265091863, 0
1143, 9113.0, 8, 7.965909090909091, 0
1144, 9121.0, 8, 7.965938864628821, 0
1145, 9129.0, 8, 7.965968586387435, 0
1146, 9137.0, 8, 7.965998256320837, 0
1147, 9145.0, 8, 7.9660278745644595, 0
1148, 9153.0, 8, 7.966057441253263, 0
1149, 9161.0, 8, 7.966086956521739, 0
1150, 9169.0, 8, 7.9661164205039094, 0
1151, 9177.0, 8, 7.966145833333333, 0
1152, 9185.0, 8, 7.966175195143105, 0
1153, 9193.0, 8, 7.966204506065858, 0
1154, 9201.0, 8, 7.966233766233766, 0
1155, 9209.0, 8, 7.966262975778546, 0
1156, 9217.0, 8, 7.966292134831461, 0
1157, 9225.0, 8, 7.966321243523316, 0
1158, 9233.0, 8, 7.96635030198447, 0
1159, 9241.0, 8, 7.966379310344828, 0
1160, 9249.0, 8, 7.96640826873385, 0
1161, 9257.0, 8, 7.966437177280551, 0
1162, 9265.0, 8, 7.966466036113499, 0
1163, 9273.0, 8, 7.966494845360825, 0
1164, 9281.0, 8, 7.966523605150215, 0
1165, 9289.0, 8, 7.9665523156089195, 0
1166, 9297.0, 8, 7.966580976863753, 0
1167, 9305.0, 8, 7.966609589041096, 0
1168, 9313.0, 8, 7.966638152266895, 0
1169, 9321.0, 8, 7.966666666666667, 0
1170, 9329.0, 8, 7.9666951323654995, 0
1171, 9337.0, 8, 7.966723549488054, 0
1172, 9345.0, 8, 7.966751918158568, 0
1173, 9353.0, 8, 7.966780238500852, 0
1174, 9361.0, 8, 7.966808510638298, 0
1175, 9369.0, 8, 7.966836734693878, 0
1176, 9377.0, 8, 7.966864910790145, 0
1177, 9385.0, 8, 7.966893039049236, 0
1178, 9393.0, 8, 7.966921119592875, 0
1179, 9401.0, 8, 7.966949152542373, 0
1180, 9409.0, 8, 7.9669771380186285, 0
1181, 9417.0, 8, 7.967005076142132, 0
1182, 9425.0, 8, 7.967032967032967, 0
1183, 9433.0, 8, 7.9670608108108105, 0
1184, 9441.0, 8, 7.9670886075949365, 0
1185, 9449.0, 8, 7.967116357504215, 0
1186, 9457.0, 8, 7.967144060657119, 0
1187, 9465.0, 8, 7.967171717171717, 0
1188, 9473.0, 8, 7.967199327165686, 0
1189, 9481.0, 8, 7.967226890756303, 0
1190, 9489.0, 8, 7.9672544080604535, 0
1191, 9497.0, 8, 7.967281879194631, 0
1192, 9505.0, 8, 7.967309304274937, 0
1193, 9513.0, 8, 7.967336683417085, 0
1194, 9521.0, 8, 7.9673640167364015, 0
1195, 9529.0, 8, 7.967391304347826, 0
1196, 9537.0, 8, 7.967418546365915, 0
1197, 9545.0, 8, 7.967445742904841, 0
1198, 9553.0, 8, 7.967472894078399, 0
1199, 9561.0, 8, 7.9675, 0
1200, 9569.0, 8, 7.967527060782681, 0
1201, 9577.0, 8, 7.967554076539101, 0
1202, 9585.0, 8, 7.967581047381546, 0
1203, 9593.0, 8, 7.967607973421927, 0
1204, 9593.0, 0, 7.960995850622407, 0
1205, 9601.0, 8, 7.961028192371476, 0
1206, 9609.0, 8, 7.96106048053024, 0
1207, 9617.0, 8, 7.961092715231788, 0
1208, 9625.0, 8, 7.9611248966087675, 0
1209, 9633.0, 8, 7.961157024793389, 0
1210, 9641.0, 8, 7.961189099917424, 0
1211, 9649.0, 8, 7.961221122112211, 0
1212, 9657.0, 8, 7.961253091508656, 0
1213, 9665.0, 8, 7.961285008237232, 0
1214, 9673.0, 8, 7.961316872427983, 0
1215, 9680.0, 7, 7.9605263157894735, 0
1216, 9688.0, 8, 7.960558751027116, 0
1217, 9696.0, 8, 7.960591133004926, 0
1218, 9704.0, 8, 7.960623461853979, 0
1219, 9712.0, 8, 7.960655737704918, 0
1220, 9712.0, 0, 7.954135954135954, 0
1221, 9720.0, 8, 7.954173486088379, 0
1222, 9728.0, 8, 7.954210956663941, 0
1223, 9736.0, 8, 7.954248366013072, 0
1224, 9744.0, 8, 7.954285714285715, 0
1225, 9752.0, 8, 7.954323001631321, 0
1226, 9760.0, 8, 7.954360228198859, 0
1227, 9768.0, 8, 7.954397394136808, 0
1228, 9776.0, 8, 7.954434499593165, 0
1229, 9784.0, 8, 7.954471544715447, 0
1230, 9792.0, 8, 7.95450852965069, 0
1231, 9800.0, 8, 7.954545454545454, 0
1232, 9808.0, 8, 7.954582319545823, 0
1233, 9816.0, 8, 7.954619124797407, 0
1234, 9824.0, 8, 7.954655870445344, 0
1235, 9832.0, 8, 7.9546925566343045, 0
1236, 9840.0, 8, 7.954729183508488, 0
1237, 9848.0, 8, 7.954765751211632, 0
1238, 9856.0, 8, 7.954802259887006, 0
1239, 9864.0, 8, 7.95483870967742, 0
1240, 9872.0, 8, 7.954875100725221, 0
1241, 9880.0, 8, 7.9549114331723025, 0
1242, 9888.0, 8, 7.9549477071600965, 0
1243, 9896.0, 8, 7.954983922829582, 0
1244, 9904.0, 8, 7.955020080321285, 0
1245, 9912.0, 8, 7.955056179775281, 0
1246, 9920.0, 8, 7.955092221331195, 0
1247, 9928.0, 8, 7.955128205128205, 0
1248, 9936.0, 8, 7.955164131305044, 0
1249, 9944.0, 8, 7.9552, 0
1250, 9952.0, 8, 7.955235811350919, 0
1251, 9960.0, 8, 7.955271565495208, 0
1252, 9968.0, 8, 7.955307262569832, 0
1253, 9976.0, 8, 7.955342902711323, 0
1254, 9984.0, 8, 7.955378486055777, 0
1255, 9992.0, 8, 7.955414012738854, 0
1256, 10000.0, 8, 7.955449482895784, 0
1257, 10008.0, 8, 7.955484896661368, 0
1258, 10016.0, 8, 7.9555202541699765, 0
1259, 10024.0, 8, 7.955555555555556, 0
1260, 10032.0, 8, 7.955590800951626, 0
1261, 10040.0, 8, 7.955625990491284, 0
1262, 10048.0, 8, 7.955661124307205, 0
1263, 10056.0, 8, 7.955696202531645, 0
1264, 10064.0, 8, 7.955731225296443, 0
1265, 10072.0, 8, 7.955766192733018, 0
1266, 10080.0, 8, 7.955801104972376, 0
1267, 10088.0, 8, 7.955835962145111, 0
1268, 10096.0, 8, 7.955870764381403, 0
1269, 10104.0, 8, 7.955905511811023, 0
1270, 10112.0, 8, 7.955940204563336, 0
1271, 10120.0, 8, 7.955974842767295, 0
1272, 10128.0, 8, 7.956009426551454, 0
1273, 10136.0, 8, 7.956043956043956, 0
1274, 10144.0, 8, 7.956078431372549, 0
1275, 10152.0, 8, 7.956112852664577, 0
1276, 10160.0, 8, 7.956147220046985, 0
1277, 10168.0, 8, 7.956181533646323, 0
1278, 10176.0, 8, 7.956215793588742, 0
1279, 10184.0, 8, 7.95625, 0
1280, 10192.0, 8, 7.956284153005464, 0
1281, 10200.0, 8, 7.956318252730109, 0
1282, 10208.0, 8, 7.956352299298519, 0
1283, 10216.0, 8, 7.956386292834891, 0
1284, 10224.0, 8, 7.956420233463035, 0
1285, 10232.0, 8, 7.956454121306376, 0
1286, 10240.0, 8, 7.9564879564879565, 0
1287, 10248.0, 8, 7.956521739130435, 0
1288, 10256.0, 8, 7.95655546935609, 0
1289, 10264.0, 8, 7.956589147286822, 0
1290, 10272.0, 8, 7.956622773044152, 0
1291, 10280.0, 8, 7.956656346749226, 0
1292, 10288.0, 8, 7.956689868522815, 0
1293, 10296.0, 8, 7.956723338485316, 0
1294, 10304.0, 8, 7.956756756756757, 0
1295, 10312.0, 8, 7.95679012345679, 0
1296, 10320.0, 8, 7.956823438704703, 0
1297, 10328.0, 8, 7.956856702619414, 0
1298, 10336.0, 8, 7.9568899153194765, 0
1299, 10344.0, 8, 7.9569230769230765, 0
1300, 10352.0, 8, 7.95695618754804, 0
1301, 10360.0, 8, 7.956989247311828, 0
1302, 10368.0, 8, 7.957022256331543, 0
1303, 10376.0, 8, 7.957055214723926, 0
1304, 10384.0, 8, 7.957088122605364, 0
1305, 10392.0, 8, 7.957120980091884, 0
1306, 10400.0, 8, 7.957153787299158, 0
1307, 10408.0, 8, 7.957186544342508, 0
1308, 10416.0, 8, 7.957219251336898, 0
1309, 10424.0, 8, 7.957251908396946, 0
1310, 10432.0, 8, 7.9572845156369185, 0
1311, 10440.0, 8, 7.9573170731707314, 0
1312, 10448.0, 8, 7.9573495811119574, 0
1313, 10451.0, 3, 7.953576864535768, 0
1314, 10459.0, 8, 7.95361216730038, 0
1315, 10467.0, 8, 7.953647416413374, 0
1316, 10475.0, 8, 7.953682611996963, 0
1317, 10483.0, 8, 7.953717754172989, 0
1318, 10491.0, 8, 7.953752843062927, 0
1319, 10499.0, 8, 7.953787878787879, 0
1320, 10507.0, 8, 7.953822861468584, 0
1321, 10515.0, 8, 7.953857791225416, 0
1322, 10523.0, 8, 7.953892668178383, 0
1323, 10531.0, 8, 7.9539274924471295, 0
1324, 10539.0, 8, 7.9539622641509435, 0
1325, 10547.0, 8, 7.953996983408748, 0
1326, 10555.0, 8, 7.954031650339111, 0
1327, 10562.0, 7, 7.953313253012048, 0
1328, 10570.0, 8, 7.953348382242288, 0
1329, 10578.0, 8, 7.953383458646616, 0
1330, 10586.0, 8, 7.9534184823441025, 0
1331, 10594.0, 8, 7.953453453453453, 0
1332, 10602.0, 8, 7.953488372093023, 0
1333, 10610.0, 8, 7.95352323838081, 0
1334, 10618.0, 8, 7.953558052434457, 0
1335, 10626.0, 8, 7.953592814371257, 0
1336, 10634.0, 8, 7.9536275243081525, 0
1337, 10642.0, 8, 7.953662182361734, 0
1338, 10650.0, 8, 7.953696788648245, 0
1339, 10658.0, 8, 7.953731343283582, 0
1340, 10666.0, 8, 7.953765846383296, 0
1341, 10674.0, 8, 7.9538002980625935, 0
1342, 10682.0, 8, 7.953834698436337, 0
1343, 10690.0, 8, 7.9538690476190474, 0
1344, 10698.0, 8, 7.953903345724907, 0
1345, 10706.0, 8, 7.9539375928677565, 0
1346, 10714.0, 8, 7.953971789161098, 0
1347, 10722.0, 8, 7.954005934718101, 0
1348, 10730.0, 8, 7.954040029651594, 0
1349, 10738.0, 8, 7.954074074074074, 0
1350, 10746.0, 8, 7.954108068097705, 0
1351, 10754.0, 8, 7.954142011834319, 0
1352, 10762.0, 8, 7.9541759053954175, 0
1353, 10770.0, 8, 7.954209748892171, 0
1354, 10778.0, 8, 7.9542435424354245, 0
1355, 10786.0, 8, 7.954277286135693, 0
1356, 10794.0, 8, 7.954310980103169, 0
1357, 10802.0, 8, 7.954344624447717, 0
1358, 10810.0, 8, 7.9543782192788814, 0
1359, 10818.0, 8, 7.954411764705882, 0
1360, 10826.0, 8, 7.95444526083762, 0
1361, 10834.0, 8, 7.954478707782672, 0
1362, 10842.0, 8, 7.954512105649303, 0
1363, 10850.0, 8, 7.954545454545454, 0
1364, 10858.0, 8, 7.954578754578755, 0
1365, 10858.0, 0, 7.948755490483163, 0
1366, 10866.0, 8, 7.948792977322604, 0
1367, 10874.0, 8, 7.9488304093567255, 0
1368, 10882.0, 8, 7.948867786705624, 0
1369, 10890.0, 8, 7.9489051094890515, 0
1370, 10898.0, 8, 7.948942377826404, 0
1371, 10906.0, 8, 7.948979591836735, 0
1372, 10914.0, 8, 7.949016751638747, 0
1373, 10922.0, 8, 7.9490538573508, 0
1374, 10930.0, 8, 7.949090909090909, 0
1375, 10938.0, 8, 7.949127906976744, 0
1376, 10946.0, 8, 7.949164851125635, 0
1377, 10954.0, 8, 7.949201741654572, 0
1378, 10962.0, 8, 7.949238578680203, 0
1379, 10970.0, 8, 7.949275362318841, 0
1380, 10978.0, 8, 7.949312092686459, 0
1381, 10986.0, 8, 7.949348769898697, 0
1382, 10994.0, 8, 7.949385394070861, 0
1383, 11002.0, 8, 7.949421965317919, 0
1384, 11010.0, 8, 7.949458483754513, 0
1385, 11018.0, 8, 7.94949494949495, 0
1386, 11026.0, 8, 7.949531362653208, 0
1387, 11034.0, 8, 7.949567723342939, 0
1388, 11042.0, 8, 7.949604031677466, 0
1389, 11050.0, 8, 7.9496402877697845, 0
1390, 11058.0, 8, 7.949676491732567, 0
1391, 11066.0, 8, 7.949712643678161, 0
1392, 11074.0, 8, 7.949748743718593, 0
1393, 11082.0, 8, 7.949784791965567, 0
1394, 11090.0, 8, 7.949820788530466, 0
1395, 11098.0, 8, 7.9498567335243555, 0
1396, 11106.0, 8, 7.949892627057982, 0
1397, 11114.0, 8, 7.949928469241774, 0
1398, 11122.0, 8, 7.949964260185847, 0
1399, 11130.0, 8, 7.95, 0
1400, 11138.0, 8, 7.950035688793719, 0
1401, 11138.0, 0, 7.944365192582025, 0
1402, 11146.0, 8, 7.9444048467569495, 0
1403, 11154.0, 8, 7.944444444444445, 0
1404, 11162.0, 8, 7.944483985765125, 0
1405, 11170.0, 8, 7.94452347083926, 0
1406, 11178.0, 8, 7.9445628997867805, 0
1407, 11186.0, 8, 7.9446022727272725, 0
1408, 11194.0, 8, 7.944641589779986, 0
1409, 11202.0, 8, 7.94468085106383, 0
1410, 11210.0, 8, 7.944720056697378, 0
1411, 11218.0, 8, 7.944759206798867, 0
1412, 11226.0, 8, 7.944798301486199, 0
1413, 11234.0, 8, 7.944837340876945, 0
1414, 11242.0, 8, 7.944876325088339, 0
1415, 11250.0, 8, 7.944915254237288, 0
1416, 11258.0, 8, 7.944954128440367, 0
1417, 11266.0, 8, 7.944992947813822, 0
1418, 11274.0, 8, 7.945031712473573, 0
1419, 11282.0, 8, 7.945070422535212, 0
1420, 11290.0, 8, 7.945109078114005, 0
1421, 11298.0, 8, 7.9451476793248945, 0
1422, 11306.0, 8, 7.945186226282502, 0
1423, 11314.0, 8, 7.945224719101123, 0
1424, 11322.0, 8, 7.945263157894737, 0
1425, 11330.0, 8, 7.945301542776998, 0
1426, 11338.0, 8, 7.945339873861247, 0
1427, 11346.0, 8, 7.945378151260504, 0
1428, 11354.0, 8, 7.945416375087474, 0
1429, 11362.0, 8, 7.945454545454545, 0
1430, 11370.0, 8, 7.945492662473795, 0
1431, 11378.0, 8, 7.945530726256983, 0
1432, 11386.0, 8, 7.945568736915562, 0
1433, 11394.0, 8, 7.945606694560669, 0
1434, 11402.0, 8, 7.945644599303136, 0
1435, 11410.0, 8, 7.945682451253482, 0
1436, 11418.0, 8, 7.945720250521921, 0
1437, 11426.0, 8, 7.945757997218359, 0
1438, 11434.0, 8, 7.945795691452397, 0
1439, 11442.0, 8, 7.945833333333334, 0
1440, 11450.0, 8, 7.945870922970159, 0
1441, 11458.0, 8, 7.945908460471567, 0
1442, 11466.0, 8, 7.945945945945946, 0
1443, 11474.0, 8, 7.945983379501385, 0
1444, 11482.0, 8, 7.946020761245674, 0
1445, 11490.0, 8, 7.946058091286307, 0
1446, 11498.0, 8, 7.946095369730477, 0
1447, 11506.0, 8, 7.946132596685083, 0
1448, 11514.0, 8, 7.946169772256729, 0
1449, 11522.0, 8, 7.9462068965517245, 0
1450, 11530.0, 8, 7.946243969676085, 0
1451, 11538.0, 8, 7.946280991735537, 0
1452, 11546.0, 8, 7.946317962835513, 0
1453, 11554.0, 8, 7.946354883081155, 0
1454, 11562.0, 8, 7.94639175257732, 0
1455, 11570.0, 8, 7.946428571428571, 0
1456, 11578.0, 8, 7.9464653397391904, 0
1457, 11586.0, 8, 7.946502057613169, 0
1458, 11594.0, 8, 7.946538725154215, 0
1459, 11602.0, 8, 7.946575342465754, 0
1460, 11610.0, 8, 7.946611909650924, 0
1461, 11618.0, 8, 7.946648426812586, 0
1462, 11626.0, 8, 7.946684894053315, 0
1463, 11634.0, 8, 7.94672131147541, 0
1464, 11642.0, 8, 7.946757679180887, 0
1465, 11650.0, 8, 7.946793997271487, 0
1466, 11658.0, 8, 7.9468302658486705, 0
1467, 11666.0, 8, 7.946866485013624, 0
1468, 11674.0, 8, 7.946902654867257, 0
1469, 11682.0, 8, 7.946938775510204, 0
1470, 11690.0, 8, 7.946974847042828, 0
1471, 11698.0, 8, 7.947010869565218, 0
1472, 11706.0, 8, 7.94704684317719, 0
1473, 11714.0, 8, 7.947082767978291, 0
1474, 11722.0, 8, 7.947118644067797, 0
1475, 11730.0, 8, 7.9471544715447155, 0
1476, 11738.0, 8, 7.947190250507786, 0
1477, 11746.0, 8, 7.94722598105548, 0
1478, 11754.0, 8, 7.947261663286004, 0
1479, 11762.0, 8, 7.947297297297298, 0
1480, 11770.0, 8, 7.947332883187036, 0
1481, 11778.0, 8, 7.947368421052632, 0
1482, 11785.0, 7, 7.946729602157788, 0
1483, 11793.0, 8, 7.946765498652291, 0
1484, 11801.0, 8, 7.9468013468013465, 0
1485, 11809.0, 8, 7.946837146702557, 0
1486, 11817.0, 8, 7.946872898453262, 0
1487, 11825.0, 8, 7.946908602150538, 0
1488, 11833.0, 8, 7.946944257891202, 0
1489, 11838.0, 5, 7.94496644295302, 0
1490, 11846.0, 8, 7.945003353454058, 0
1491, 11854.0, 8, 7.945040214477212, 0
1492, 11862.0, 8, 7.945077026121902, 0
1493, 11870.0, 8, 7.945113788487283, 0
1494, 11878.0, 8, 7.945150501672241, 0
1495, 11886.0, 8, 7.945187165775401, 0
1496, 11894.0, 8, 7.945223780895123, 0
1497, 11902.0, 8, 7.945260347129506, 0
1498, 11910.0, 8, 7.945296864576385, 0
1499, 11918.0, 8, 7.945333333333333, 0
1500, 11922.0, 4, 7.9427048634243835, 0
1501, 11930.0, 8, 7.942743009320905, 0
1502, 11938.0, 8, 7.942781104457751, 0
1503, 11946.0, 8, 7.94281914893617, 0
1504, 11947.0, 1, 7.938205980066445, 0
1505, 11955.0, 8, 7.938247011952191, 0
1506, 11963.0, 8, 7.9382879893828795, 0
1507, 11971.0, 8, 7.938328912466844, 0
1508, 11979.0, 8, 7.938369781312128, 0
1509, 11987.0, 8, 7.93841059602649, 0
1510, 11995.0, 8, 7.9384513567174055, 0
1511, 12003.0, 8, 7.938492063492063, 0
1512, 12008.0, 5, 7.93654990085922, 0
1513, 12016.0, 8, 7.936591809775429, 0
1514, 12024.0, 8, 7.936633663366337, 0
1515, 12032.0, 8, 7.936675461741425, 0
1516, 12040.0, 8, 7.936717205009888, 0
1517, 12048.0, 8, 7.936758893280633, 0
1518, 12056.0, 8, 7.936800526662278, 0
1519, 12064.0, 8, 7.936842105263158, 0
1520, 12072.0, 8, 7.936883629191321, 0
1521, 12080.0, 8, 7.936925098554534, 0
1522, 12088.0, 8, 7.936966513460276, 0
1523, 12096.0, 8, 7.937007874015748, 0
1524, 12104.0, 8, 7.937049180327869, 0
1525, 12112.0, 8, 7.937090432503276, 0
1526, 12120.0, 8, 7.93713163064833, 0
1527, 12128.0, 8, 7.93717277486911, 0
1528, 12136.0, 8, 7.937213865271419, 0
1529, 12144.0, 8, 7.9372549019607845, 0
1530, 12152.0, 8, 7.937295885042456, 0
1531, 12160.0, 8, 7.93733681462141, 0
1532, 12168.0, 8, 7.937377690802348, 0
1533, 12176.0, 8, 7.9374185136897, 0
1534, 12184.0, 8, 7.937459283387622, 0
1535, 12192.0, 8, 7.9375, 0
1536, 12200.0, 8, 7.937540663630449, 0
1537, 12208.0, 8, 7.937581274382315, 0
1538, 12216.0, 8, 7.9376218323586745, 0
1539, 12224.0, 8, 7.937662337662338, 0
1540, 12232.0, 8, 7.937702790395847, 0
1541, 12240.0, 8, 7.937743190661479, 0
1542, 12248.0, 8, 7.937783538561244, 0
1543, 12256.0, 8, 7.937823834196891, 0
1544, 12264.0, 8, 7.937864077669903, 0
1545, 12272.0, 8, 7.937904269081501, 0
1546, 12280.0, 8, 7.937944408532644, 0
1547, 12288.0, 8, 7.937984496124031, 0
1548, 12296.0, 8, 7.938024531956101, 0
1549, 12304.0, 8, 7.938064516129033, 0
1550, 12312.0, 8, 7.938104448742747, 0
1551, 12320.0, 8, 7.938144329896907, 0
1552, 12328.0, 8, 7.938184159690921, 0
1553, 12336.0, 8, 7.938223938223938, 0
1554, 12344.0, 8, 7.938263665594856, 0
1555, 12352.0, 8, 7.938303341902314, 0
1556, 12360.0, 8, 7.938342967244702, 0
1557, 12368.0, 8, 7.938382541720154, 0
1558, 12376.0, 8, 7.938422065426556, 0
1559, 12384.0, 8, 7.938461538461539, 0
1560, 12392.0, 8, 7.938500960922486, 0
1561, 12400.0, 8, 7.9385403329065305, 0
1562, 12408.0, 8, 7.938579654510557, 0
1563, 12416.0, 8, 7.938618925831202, 0
1564, 12416.0, 0, 7.933546325878594, 0
1565, 12424.0, 8, 7.933588761174968, 0
1566, 12432.0, 8, 7.933631142310147, 0
1567, 12440.0, 8, 7.933673469387755, 0
1568, 12448.0, 8, 7.933715742511153, 0
1569, 12456.0, 8, 7.9337579617834395, 0
1570, 12464.0, 8, 7.933800127307448, 0
1571, 12472.0, 8, 7.933842239185751, 0
1572, 12480.0, 8, 7.933884297520661, 0
1573, 12488.0, 8, 7.933926302414231, 0
1574, 12496.0, 8, 7.933968253968254, 0
1575, 12504.0, 8, 7.934010152284264, 0
1576, 12512.0, 8, 7.934051997463539, 0
1577, 12520.0, 8, 7.934093789607098, 0
1578, 12528.0, 8, 7.934135528815706, 0
1579, 12536.0, 8, 7.934177215189873, 0
1580, 12544.0, 8, 7.934218848829855, 0
1581, 12552.0, 8, 7.934260429835651, 0
1582, 12560.0, 8, 7.934301958307012, 0
1583, 12568.0, 8, 7.934343434343434, 0
1584, 12576.0, 8, 7.934384858044164, 0
1585, 12584.0, 8, 7.934426229508197, 0
1586, 12592.0, 8, 7.934467548834278, 0
1587, 12600.0, 8, 7.934508816120907, 0
1588, 12608.0, 8, 7.934550031466331, 0
1589, 12616.0, 8, 7.9345911949685535, 0
1590, 12624.0, 8, 7.93463230672533, 0
1591, 12632.0, 8, 7.934673366834171, 0
1592, 12640.0, 8, 7.934714375392342, 0
1593, 12648.0, 8, 7.934755332496863, 0
1594, 12656.0, 8, 7.934796238244514, 0
1595, 12664.0, 8, 7.934837092731829, 0
1596, 12672.0, 8, 7.934877896055103, 0
1597, 12680.0, 8, 7.934918648310388, 0
1598, 12688.0, 8, 7.934959349593496, 0
1599, 12696.0, 8, 7.935, 0
1600, 12704.0, 8, 7.935040599625235, 0
1601, 12712.0, 8, 7.9350811485642945, 0
1602, 12720.0, 8, 7.93512164691204, 0
1603, 12728.0, 8, 7.9351620947630925, 0
1604, 12736.0, 8, 7.935202492211838, 0
1605, 12744.0, 8, 7.935242839352428, 0
1606, 12752.0, 8, 7.93528313627878, 0
1607, 12760.0, 8, 7.935323383084577, 0
1608, 12768.0, 8, 7.935363579863269, 0
1609, 12776.0, 8, 7.935403726708074, 0
1610, 12784.0, 8, 7.93544382371198, 0
1611, 12785.0, 1, 7.931141439205955, 0
1612, 12793.0, 8, 7.931184128952263, 0
1613, 12801.0, 8, 7.931226765799257, 0
1614, 12809.0, 8, 7.931269349845201, 0
1615, 12817.0, 8, 7.931311881188119, 0
1616, 12825.0, 8, 7.9313543599257885, 0
1617, 12833.0, 8, 7.931396786155748, 0
1618, 12841.0, 8, 7.931439159975294, 0
1619, 12849.0, 8, 7.931481481481481, 0
1620, 12857.0, 8, 7.931523750771129, 0
1621, 12865.0, 8, 7.931565967940814, 0
1622, 12873.0, 8, 7.931608133086876, 0
1623, 12881.0, 8, 7.931650246305419, 0
1624, 12889.0, 8, 7.931692307692308, 0
1625, 12897.0, 8, 7.931734317343174, 0
1626, 12905.0, 8, 7.931776275353411, 0
1627, 12913.0, 8, 7.931818181818182, 0
1628, 12921.0, 8, 7.931860036832412, 0
1629, 12929.0, 8, 7.931901840490798, 0
1630, 12937.0, 8, 7.931943592887799, 0
1631, 12945.0, 8, 7.931985294117647, 0
1632, 12953.0, 8, 7.932026944274342, 0
1633, 12961.0, 8, 7.932068543451653, 0
1634, 12969.0, 8, 7.9321100917431195, 0
1635, 12977.0, 8, 7.9321515892420535, 0
1636, 12985.0, 8, 7.932193036041539, 0
1637, 12993.0, 8, 7.9322344322344325, 0
1638, 13001.0, 8, 7.932275777913362, 0
1639, 13009.0, 8, 7.932317073170732, 0
1640, 13017.0, 8, 7.9323583180987205, 0
1641, 13025.0, 8, 7.9323995127892815, 0
1642, 13033.0, 8, 7.932440657334145, 0
1643, 13041.0, 8, 7.932481751824818, 0
1644, 13049.0, 8, 7.9325227963525835, 0
1645, 13057.0, 8, 7.932563791008506, 0
1646, 13065.0, 8, 7.932604735883425, 0
1647, 13073.0, 8, 7.932645631067961, 0
1648, 13081.0, 8, 7.932686476652517, 0
1649, 13089.0, 8, 7.932727272727273, 0
1650, 13097.0, 8, 7.932768019382193, 0
1651, 13105.0, 8, 7.932808716707021, 0
1652, 13113.0, 8, 7.932849364791289, 0
1653, 13121.0, 8, 7.932889963724305, 0
1654, 13129.0, 8, 7.932930513595166, 0
1655, 13137.0, 8, 7.932971014492754, 0
1656, 13141.0, 4, 7.9305974652987326, 0
1657, 13149.0, 8, 7.930639324487334, 0
1658, 13157.0, 8, 7.9306811332127785, 0
1659, 13165.0, 8, 7.930722891566265, 0
1660, 13173.0, 8, 7.9307645996387715, 0
1661, 13181.0, 8, 7.930806257521059, 0
1662, 13189.0, 8, 7.930847865303668, 0
1663, 13197.0, 8, 7.930889423076923, 0
1664, 13205.0, 8, 7.930930930930931, 0
1665, 13213.0, 8, 7.930972388955582, 0
1666, 13221.0, 8, 7.931013797240552, 0
1667, 13229.0, 8, 7.9310551558753, 0
1668, 13237.0, 8, 7.931096464949071, 0
1669, 13245.0, 8, 7.931137724550898, 0
1670, 13253.0, 8, 7.931178934769599, 0
1671, 13261.0, 8, 7.93122009569378, 0
1672, 13269.0, 8, 7.931261207411835, 0
1673, 13277.0, 8, 7.9313022700119475, 0
1674, 13285.0, 8, 7.931343283582089, 0
1675, 13293.0, 8, 7.931384248210024, 0
1676, 13301.0, 8, 7.931425163983303, 0
1677, 13309.0, 8, 7.931466030989273, 0
1678, 13317.0, 8, 7.931506849315069, 0
1679, 13325.0, 8, 7.931547619047619, 0
1680, 13333.0, 8, 7.931588340273646, 0
1681, 13341.0, 8, 7.931629013079667, 0
1682, 13349.0, 8, 7.93166963755199, 0
1683, 13357.0, 8, 7.931710213776722, 0
1684, 13365.0, 8, 7.931750741839763, 0
1685, 13373.0, 8, 7.931791221826809, 0
1686, 13381.0, 8, 7.931831653823355, 0
1687, 13389.0, 8, 7.931872037914692, 0
1688, 13397.0, 8, 7.9319123741859086, 0
1689, 13405.0, 8, 7.931952662721893, 0
1690, 13413.0, 8, 7.931992903607333, 0
1691, 13421.0, 8, 7.932033096926714, 0
1692, 13429.0, 8, 7.932073242764324, 0
1693, 13437.0, 8, 7.93211334120425, 0
1694, 13445.0, 8, 7.932153392330384, 0
1695, 13453.0, 8, 7.932193396226415, 0
1696, 13461.0, 8, 7.93223335297584, 0
1697, 13469.0, 8, 7.932273262661956, 0
1698, 13477.0, 8, 7.932313125367863, 0
1699, 13485.0, 8, 7.932352941176471, 0
1700, 13493.0, 8, 7.932392710170488, 0
1701, 13501.0, 8, 7.9324324324324325, 0
1702, 13509.0, 8, 7.932472108044627, 0
1703, 13517.0, 8, 7.932511737089202, 0
1704, 13525.0, 8, 7.932551319648094, 0
1705, 13533.0, 8, 7.932590855803048, 0
1706, 13541.0, 8, 7.932630345635618, 0
1707, 13549.0, 8, 7.932669789227166, 0
1708, 13557.0, 8, 7.932709186658865, 0
1709, 13565.0, 8, 7.932748538011696, 0
1710, 13573.0, 8, 7.9327878433664525, 0
1711, 13581.0, 8, 7.9328271028037385, 0
1712, 13589.0, 8, 7.932866316403969, 0
1713, 13597.0, 8, 7.9329054842473745, 0
1714, 13605.0, 8, 7.932944606413995, 0
1715, 13613.0, 8, 7.932983682983683, 0
1716, 13621.0, 8, 7.93302271403611, 0
1717, 13629.0, 8, 7.933061699650756, 0
1718, 13637.0, 8, 7.933100639906923, 0
1719, 13645.0, 8, 7.933139534883721, 0
1720, 13653.0, 8, 7.933178384660081, 0
1721, 13661.0, 8, 7.9332171893147505, 0
1722, 13669.0, 8, 7.933255948926291, 0
1723, 13677.0, 8, 7.933294663573085, 0
1724, 13685.0, 8, 7.933333333333334, 0
1725, 13693.0, 8, 7.933371958285052, 0
1726, 13701.0, 8, 7.93341053850608, 0
1727, 13709.0, 8, 7.933449074074074, 0
1728, 13717.0, 8, 7.933487565066512, 0
1729, 13725.0, 8, 7.933526011560693, 0
1730, 13731.0, 6, 7.932409012131716, 0
1731, 13739.0, 8, 7.932448036951501, 0
1732, 13747.0, 8, 7.932487016733988, 0
1733, 13755.0, 8, 7.932525951557094, 0
1734, 13763.0, 8, 7.932564841498559, 0
1735, 13771.0, 8, 7.932603686635945, 0
1736, 13779.0, 8, 7.932642487046632, 0
1737, 13787.0, 8, 7.932681242807825, 0
1738, 13795.0, 8, 7.93271995399655, 0
1739, 13803.0, 8, 7.932758620689655, 0
1740, 13811.0, 8, 7.932797242963814, 0
1741, 13819.0, 8, 7.932835820895522, 0
1742, 13827.0, 8, 7.932874354561101, 0
1743, 13835.0, 8, 7.932912844036697, 0
1744, 13843.0, 8, 7.9329512893982805, 0
1745, 13851.0, 8, 7.93298969072165, 0
1746, 13859.0, 8, 7.933028048082427, 0
1747, 13867.0, 8, 7.933066361556064, 0
1748, 13875.0, 8, 7.933104631217839, 0
1749, 13883.0, 8, 7.933142857142857, 0
1750, 13891.0, 8, 7.933181039406054, 0
1751, 13899.0, 8, 7.933219178082192, 0
1752, 13907.0, 8, 7.933257273245864, 0
1753, 13915.0, 8, 7.9332953249714935, 0
1754, 13923.0, 8, 7.933333333333334, 0
1755, 13931.0, 8, 7.933371298405467, 0
1756, 13939.0, 8, 7.93340922026181, 0
1757, 13947.0, 8, 7.933447098976109, 0
1758, 13955.0, 8, 7.933484934621944, 0
1759, 13963.0, 8, 7.933522727272727, 0
1760, 13971.0, 8, 7.933560477001704, 0
1761, 13979.0, 8, 7.933598183881952, 0
1762, 13987.0, 8, 7.933635847986387, 0
1763, 13995.0, 8, 7.933673469387755, 0
1764, 14003.0, 8, 7.93371104815864, 0
1765, 14011.0, 8, 7.933748584371461, 0
1766, 14019.0, 8, 7.933786078098472, 0
1767, 14027.0, 8, 7.9338235294117645, 0
1768, 14035.0, 8, 7.933860938383267, 0
1769, 14043.0, 8, 7.933898305084746, 0
1770, 14051.0, 8, 7.933935629587803, 0
1771, 14059.0, 8, 7.933972911963883, 0
1772, 14067.0, 8, 7.934010152284264, 0
1773, 14075.0, 8, 7.934047350620068, 0
1774, 14083.0, 8, 7.934084507042254, 0
1775, 14091.0, 8, 7.934121621621622, 0
1776, 14094.0, 3, 7.9313449634214965, 0
1777, 14102.0, 8, 7.931383577052868, 0
1778, 14110.0, 8, 7.931422147273749, 0
1779, 14118.0, 8, 7.931460674157304, 0
1780, 14126.0, 8, 7.93149915777653, 0
1781, 14134.0, 8, 7.931537598204265, 0
1782, 14142.0, 8, 7.93157599551318, 0
1783, 14150.0, 8, 7.931614349775785, 0
1784, 14158.0, 8, 7.931652661064426, 0
1785, 14166.0, 8, 7.931690929451288, 0
1786, 14174.0, 8, 7.931729155008394, 0
1787, 14182.0, 8, 7.931767337807607, 0
1788, 14190.0, 8, 7.931805477920626, 0
1789, 14198.0, 8, 7.931843575418994, 0
1790, 14206.0, 8, 7.931881630374093, 0
1791, 14214.0, 8, 7.931919642857143, 0
1792, 14222.0, 8, 7.931957612939208, 0
1793, 14230.0, 8, 7.931995540691193, 0
1794, 14238.0, 8, 7.932033426183844, 0
1795, 14246.0, 8, 7.932071269487751, 0
1796, 14254.0, 8, 7.932109070673344, 0
1797, 14262.0, 8, 7.932146829810901, 0
1798, 14270.0, 8, 7.932184546970539, 0
1799, 14278.0, 8, 7.932222222222222, 0
1800, 14286.0, 8, 7.932259855635758, 0
1801, 14294.0, 8, 7.932297447280799, 0
1802, 14302.0, 8, 7.932334997226844, 0
1803, 14310.0, 8, 7.9323725055432375, 0
1804, 14318.0, 8, 7.932409972299169, 0
1805, 14326.0, 8, 7.932447397563677, 0
1806, 14334.0, 8, 7.932484781405645, 0
1807, 14342.0, 8, 7.932522123893805, 0
1808, 14350.0, 8, 7.932559425096739, 0
1809, 14358.0, 8, 7.932596685082873, 0
1810, 14362.0, 4, 7.9304251794588625, 0
1811, 14370.0, 8, 7.930463576158941, 0
1812, 14378.0, 8, 7.93050193050193, 0
1813, 14386.0, 8, 7.930540242557883, 0
1814, 14394.0, 8, 7.9305785123966945, 0
1815, 14402.0, 8, 7.930616740088106, 0
1816, 14410.0, 8, 7.930654925701706, 0
1817, 14418.0, 8, 7.930693069306931, 0
1818, 14426.0, 8, 7.930731170973062, 0
1819, 14434.0, 8, 7.930769230769231, 0
1820, 14442.0, 8, 7.930807248764415, 0
1821, 14450.0, 8, 7.930845225027443, 0
1822, 14458.0, 8, 7.930883159626989, 0
1823, 14466.0, 8, 7.930921052631579, 0
1824, 14474.0, 8, 7.930958904109589, 0
1825, 14482.0, 8, 7.930996714129244, 0
1826, 14490.0, 8, 7.931034482758621, 0
1827, 14498.0, 8, 7.931072210065645, 0
1828, 14506.0, 8, 7.931109896118097, 0
1829, 14514.0, 8, 7.9311475409836065, 0
1830, 14515.0, 1, 7.927362097214637, 0
1831, 14523.0, 8, 7.9274017467248905, 0
1832, 14531.0, 8, 7.9274413529732675, 0
1833, 14539.0, 8, 7.927480916030534, 0
1834, 14547.0, 8, 7.927520435967303, 0
1835, 14555.0, 8, 7.92755991285403, 0
1836, 14563.0, 8, 7.927599346761023, 0
1837, 14571.0, 8, 7.927638737758433, 0
1838, 14579.0, 8, 7.927678085916259, 0
1839, 14584.0, 5, 7.926086956521739, 0
1840, 14592.0, 8, 7.926127104834329, 0
1841, 14600.0, 8, 7.926167209554832, 0
1842, 14608.0, 8, 7.9262072707542055, 0
1843, 14616.0, 8, 7.926247288503254, 0
1844, 14624.0, 8, 7.926287262872629, 0
1845, 14632.0, 8, 7.926327193932828, 0
1846, 14640.0, 8, 7.926367081754196, 0
1847, 14648.0, 8, 7.926406926406926, 0
1848, 14656.0, 8, 7.92644672796106, 0
1849, 14664.0, 8, 7.926486486486486, 0
1850, 14672.0, 8, 7.926526202052944, 0
1851, 14680.0, 8, 7.926565874730022, 0
1852, 14688.0, 8, 7.926605504587156, 0
1853, 14696.0, 8, 7.9266450916936355, 0
1854, 14704.0, 8, 7.9266846361185985, 0
1855, 14712.0, 8, 7.926724137931035, 0
1856, 14720.0, 8, 7.926763597199785, 0
1857, 14728.0, 8, 7.926803013993541, 0
1858, 14736.0, 8, 7.92684238838085, 0
1859, 14744.0, 8, 7.926881720430107, 0
1860, 14752.0, 8, 7.926921010209565, 0
1861, 14760.0, 8, 7.926960257787325, 0
1862, 14768.0, 8, 7.926999463231347, 0
1863, 14776.0, 8, 7.927038626609442, 0
1864, 14784.0, 8, 7.9270777479892764, 0
1865, 14792.0, 8, 7.927116827438371, 0
1866, 14800.0, 8, 7.927155865024103, 0
1867, 14808.0, 8, 7.927194860813705, 0
1868, 14816.0, 8, 7.927233814874264, 0
1869, 14824.0, 8, 7.927272727272728, 0
1870, 14832.0, 8, 7.927311598075895, 0
1871, 14840.0, 8, 7.927350427350428, 0
1872, 14848.0, 8, 7.92738921516284, 0
1873, 14856.0, 8, 7.927427961579509, 0
1874, 14864.0, 8, 7.927466666666667, 0
1875, 14872.0, 8, 7.927505330490405, 0
1876, 14880.0, 8, 7.927543953116675, 0
1877, 14888.0, 8, 7.927582534611289, 0
1878, 14896.0, 8, 7.927621075039915, 0
1879, 14904.0, 8, 7.927659574468085, 0
1880, 14912.0, 8, 7.927698032961191, 0
1881, 14920.0, 8, 7.927736450584485, 0
1882, 14928.0, 8, 7.927774827403081, 0
1883, 14936.0, 8, 7.927813163481953, 0
1884, 14944.0, 8, 7.927851458885941, 0
1885, 14952.0, 8, 7.927889713679746, 0
1886, 14960.0, 8, 7.927927927927928, 0
1887, 14968.0, 8, 7.927966101694915, 0
1888, 14976.0, 8, 7.928004235044997, 0
1889, 14984.0, 8, 7.928042328042328, 0
1890, 14992.0, 8, 7.9280803807509255, 0
1891, 15000.0, 8, 7.928118393234672, 0
1892, 15008.0, 8, 7.928156365557316, 0
1893, 15016.0, 8, 7.928194297782471, 0
1894, 15024.0, 8, 7.928232189973615, 0
1895, 15032.0, 8, 7.928270042194093, 0
1896, 15040.0, 8, 7.928307854507117, 0
1897, 15048.0, 8, 7.928345626975764, 0
1898, 15056.0, 8, 7.9283833596629805, 0
1899, 15064.0, 8, 7.928421052631579, 0
1900, 15072.0, 8, 7.92845870594424, 0
1901, 15080.0, 8, 7.928496319663512, 0
1902, 15088.0, 8, 7.928533893851813, 0
1903, 15096.0, 8, 7.928571428571429, 0
1904, 15104.0, 8, 7.928608923884514, 0
1905, 15112.0, 8, 7.928646379853095, 0
1906, 15120.0, 8, 7.928683796539066, 0
1907, 15128.0, 8, 7.928721174004193, 0
1908, 15136.0, 8, 7.92875851231011, 0
1909, 15144.0, 8, 7.928795811518325, 0
1910, 15152.0, 8, 7.928833071690215, 0
1911, 15160.0, 8, 7.928870292887029, 0
1912, 15168.0, 8, 7.92890747516989, 0
1913, 15176.0, 8, 7.928944618599791, 0
1914, 15184.0, 8, 7.928981723237598, 0
1915, 15192.0, 8, 7.92901878914405, 0
1916, 15200.0, 8, 7.92905581637976, 0
1917, 15208.0, 8, 7.929092805005213, 0
1918, 15216.0, 8, 7.929129755080771, 0
1919, 15224.0, 8, 7.929166666666666, 0
1920, 15232.0, 8, 7.929203539823009, 0
1921, 15240.0, 8, 7.9292403746097815, 0
1922, 15248.0, 8, 7.929277171086843, 0
1923, 15256.0, 8, 7.929313929313929, 0
1924, 15264.0, 8, 7.929350649350649, 0
1925, 15272.0, 8, 7.92938733125649, 0
1926, 15280.0, 8, 7.929423975090815, 0
1927, 15288.0, 8, 7.929460580912863, 0
1928, 15296.0, 8, 7.929497148781752, 0
1929, 15304.0, 8, 7.929533678756477, 0
1930, 15312.0, 8, 7.929570170895909, 0
1931, 15320.0, 8, 7.929606625258799, 0
1932, 15328.0, 8, 7.929643041903777, 0
1933, 15336.0, 8, 7.929679420889348, 0
1934, 15344.0, 8, 7.929715762273902, 0
1935, 15352.0, 8, 7.929752066115703, 0
1936, 15360.0, 8, 7.929788332472897, 0
1937, 15368.0, 8, 7.9298245614035086, 0
1938, 15376.0, 8, 7.929860752965446, 0
1939, 15384.0, 8, 7.929896907216495, 0
1940, 15392.0, 8, 7.929933024214322, 0
1941, 15400.0, 8, 7.929969104016478, 0
1942, 15408.0, 8, 7.930005146680391, 0
1943, 15416.0, 8, 7.9300411522633745, 0
1944, 15424.0, 8, 7.930077120822622, 0
1945, 15432.0, 8, 7.93011305241521, 0
1946, 15440.0, 8, 7.9301489470980995, 0
1947, 15448.0, 8, 7.930184804928132, 0
1948, 15456.0, 8, 7.930220625962032, 0
1949, 15464.0, 8, 7.93025641025641, 0
1950, 15472.0, 8, 7.93029215786776, 0
1951, 15480.0, 8, 7.930327868852459, 0
1952, 15488.0, 8, 7.930363543266769, 0
1953, 15496.0, 8, 7.9303991811668375, 0
1954, 15504.0, 8, 7.930434782608696, 0
1955, 15512.0, 8, 7.930470347648262, 0
1956, 15520.0, 8, 7.930505876341339, 0
1957, 15528.0, 8, 7.930541368743616, 0
1958, 15536.0, 8, 7.930576824910669, 0
1959, 15544.0, 8, 7.930612244897959, 0
1960, 15552.0, 8, 7.930647628760837, 0
1961, 15560.0, 8, 7.930682976554536, 0
1962, 15568.0, 8, 7.930718288334182, 0
1963, 15576.0, 8, 7.930753564154786, 0
1964, 15584.0, 8, 7.930788804071247, 0
1965, 15592.0, 8, 7.930824008138352, 0
1966, 15600.0, 8, 7.930859176410777, 0
1967, 15608.0, 8, 7.930894308943089, 0
1968, 15616.0, 8, 7.930929405789741, 0
1969, 15624.0, 8, 7.930964467005076, 0
1970, 15632.0, 8, 7.930999492643328, 0
1971, 15640.0, 8, 7.931034482758621, 0
1972, 15648.0, 8, 7.931069437404967, 0
1973, 15656.0, 8, 7.931104356636271, 0
1974, 15664.0, 8, 7.9311392405063295, 0
1975, 15672.0, 8, 7.931174089068826, 0
1976, 15680.0, 8, 7.93120890237734, 0
1977, 15688.0, 8, 7.931243680485339, 0
1978, 15696.0, 8, 7.931278423446185, 0
1979, 15704.0, 8, 7.931313131313131, 0
1980, 15712.0, 8, 7.931347804139324, 0
1981, 15720.0, 8, 7.9313824419778, 0
1982, 15728.0, 8, 7.931417044881493, 0
1983, 15736.0, 8, 7.931451612903226, 0
1984, 15744.0, 8, 7.931486146095718, 0
1985, 15752.0, 8, 7.931520644511581, 0
1986, 15760.0, 8, 7.931555108203321, 0
1987, 15768.0, 8, 7.93158953722334, 0
1988, 15776.0, 8, 7.931623931623932, 0
1989, 15784.0, 8, 7.931658291457286, 0
1990, 15792.0, 8, 7.931692616775489, 0
1991, 15800.0, 8, 7.931726907630522, 0
1992, 15808.0, 8, 7.93176116407426, 0
1993, 15816.0, 8, 7.931795386158475, 0
1994, 15824.0, 8, 7.931829573934837, 0
1995, 15832.0, 8, 7.9318637274549095, 0
1996, 15840.0, 8, 7.9318978467701555, 0
1997, 15848.0, 8, 7.931931931931932, 0
1998, 15856.0, 8, 7.931965982991496, 0
1999, 15864.0, 8, 7.932, 0
2000, 15872.0, 8, 7.932033983008496, 0
2001, 15880.0, 8, 7.932067932067932, 0
2002, 15888.0, 8, 7.9321018472291565, 0
2003, 15896.0, 8, 7.932135728542915, 0
2004, 15904.0, 8, 7.9321695760598505, 0
2005, 15912.0, 8, 7.932203389830509, 0
2006, 15920.0, 8, 7.932237169905331, 0
2007, 15928.0, 8, 7.932270916334661, 0
2008, 15936.0, 8, 7.9323046291687405, 0
2009, 15944.0, 8, 7.9323383084577115, 0
2010, 15952.0, 8, 7.932371954251616, 0
2011, 15960.0, 8, 7.932405566600398, 0
2012, 15968.0, 8, 7.9324391455539, 0
2013, 15976.0, 8, 7.932472691161867, 0
2014, 15984.0, 8, 7.932506203473945, 0
2015, 15992.0, 8, 7.932539682539683, 0
2016, 16000.0, 8, 7.932573128408528, 0
2017, 16008.0, 8, 7.932606541129831, 0
2018, 16016.0, 8, 7.932639920752848, 0
2019, 16024.0, 8, 7.932673267326733, 0
2020, 16032.0, 8, 7.932706580900544, 0
2021, 16040.0, 8, 7.9327398615232445, 0
2022, 16048.0, 8, 7.932773109243698, 0
2023, 16056.0, 8, 7.932806324110672, 0
2024, 16064.0, 8, 7.932839506172839, 0
2025, 16072.0, 8, 7.932872655478776, 0
2026, 16080.0, 8, 7.932905772076961, 0
2027, 16088.0, 8, 7.932938856015779, 0
2028, 16096.0, 8, 7.932971907343519, 0
2029, 16104.0, 8, 7.933004926108374, 0
2030, 16112.0, 8, 7.9330379123584445, 0
2031, 16120.0, 8, 7.933070866141732, 0
2032, 16128.0, 8, 7.933103787506148, 0
2033, 16136.0, 8, 7.933136676499508, 0
2034, 16144.0, 8, 7.933169533169533, 0
2035, 16152.0, 8, 7.933202357563851, 0
2036, 16160.0, 8, 7.933235149729995, 0
2037, 16168.0, 8, 7.933267909715407, 0
2038, 16176.0, 8, 7.933300637567435, 0
2039, 16184.0, 8, 7.933333333333334, 0
2040, 16192.0, 8, 7.933365997060265, 0
2041, 16200.0, 8, 7.933398628795299, 0
2042, 16208.0, 8, 7.933431228585413, 0
2043, 16216.0, 8, 7.933463796477495, 0
