0, 8.0, 8, 8.0, 0.1
1, 16.0, 8, 8.0, 0.1
2, 24.0, 8, 8.0, 0.1
3, 32.0, 8, 8.0, 0.1
4, 40.0, 8, 8.0, 0.1
5, 48.0, 8, 8.0, 0.1
6, 56.0, 8, 8.0, 0.1
7, 64.0, 8, 8.0, 0.1
8, 72.0, 8, 8.0, 0.1
9, 80.0, 8, 8.0, 0.1
10, 88.0, 8, 8.0, 0.1
11, 96.0, 8, 8.0, 0.1
12, 104.0, 8, 8.0, 0.1
13, 112.0, 8, 8.0, 0.1
14, 120.0, 8, 8.0, 0.1
15, 128.0, 8, 8.0, 0.1
16, 136.0, 8, 8.0, 0.1
17, 144.0, 8, 8.0, 0.1
18, 152.0, 8, 8.0, 0.1
19, 160.0, 8, 8.0, 0.1
20, 168.0, 8, 8.0, 0.1
21, 176.0, 8, 8.0, 0.1
22, 184.0, 8, 8.0, 0.1
23, 192.0, 8, 8.0, 0.1
24, 200.0, 8, 8.0, 0.1
25, 208.0, 8, 8.0, 0.1
26, 216.0, 8, 8.0, 0.1
27, 224.0, 8, 8.0, 0.1
28, 232.0, 8, 8.0, 0.1
29, 240.0, 8, 8.0, 0.1
30, 248.0, 8, 8.0, 0.1
31, 256.0, 8, 8.0, 0.1
32, 264.0, 8, 8.0, 0.1
33, 272.0, 8, 8.0, 0.1
34, 280.0, 8, 8.0, 0.1
35, 288.0, 8, 8.0, 0.1
36, 296.0, 8, 8.0, 0.1
37, 304.0, 8, 8.0, 0.1
38, 312.0, 8, 8.0, 0.1
39, 320.0, 8, 8.0, 0.1
40, 328.0, 8, 8.0, 0.1
41, 336.0, 8, 8.0, 0.1
42, 344.0, 8, 8.0, 0.1
43, 352.0, 8, 8.0, 0.1
44, 360.0, 8, 8.0, 0.1
45, 368.0, 8, 8.0, 0.1
46, 376.0, 8, 8.0, 0.1
47, 384.0, 8, 8.0, 0.1
48, 392.0, 8, 8.0, 0.1
49, 400.0, 8, 8.0, 0.1
50, 408.0, 8, 8.0, 0.1
51, 416.0, 8, 8.0, 0.1
52, 424.0, 8, 8.0, 0.1
53, 432.0, 8, 8.0, 0.1
54, 440.0, 8, 8.0, 0.1
55, 448.0, 8, 8.0, 0.1
56, 456.0, 8, 8.0, 0.1
57, 464.0, 8, 8.0, 0.1
58, 472.0, 8, 8.0, 0.1
59, 480.0, 8, 8.0, 0.1
60, 488.0, 8, 8.0, 0.1
61, 496.0, 8, 8.0, 0.1
62, 504.0, 8, 8.0, 0.1
63, 512.0, 8, 8.0, 0.1
64, 520.0, 8, 8.0, 0.1
65, 528.0, 8, 8.0, 0.1
66, 536.0, 8, 8.0, 0.1
67, 544.0, 8, 8.0, 0.1
68, 552.0, 8, 8.0, 0.1
69, 560.0, 8, 8.0, 0.1
70, 568.0, 8, 8.0, 0.1
71, 576.0, 8, 8.0, 0.1
72, 584.0, 8, 8.0, 0.1
73, 592.0, 8, 8.0, 0.1
74, 600.0, 8, 8.0, 0.1
75, 608.0, 8, 8.0, 0.1
76, 616.0, 8, 8.0, 0.1
77, 624.0, 8, 8.0, 0.1
78, 632.0, 8, 8.0, 0.1
79, 640.0, 8, 8.0, 0.1
80, 648.0, 8, 8.0, 0.1
81, 656.0, 8, 8.0, 0.1
82, 664.0, 8, 8.0, 0.1
83, 672.0, 8, 8.0, 0.1
84, 680.0, 8, 8.0, 0.1
85, 688.0, 8, 8.0, 0.1
86, 696.0, 8, 8.0, 0.1
87, 704.0, 8, 8.0, 0.1
88, 712.0, 8, 8.0, 0.1
89, 720.0, 8, 8.0, 0.1
90, 728.0, 8, 8.0, 0.1
91, 736.0, 8, 8.0, 0.1
92, 744.0, 8, 8.0, 0.1
93, 752.0, 8, 8.0, 0.1
94, 760.0, 8, 8.0, 0.1
95, 768.0, 8, 8.0, 0.1
96, 776.0, 8, 8.0, 0.1
97, 784.0, 8, 8.0, 0.1
98, 792.0, 8, 8.0, 0.1
99, 800.0, 8, 8.0, 0.1
100, 808.0, 8, 8.0, 0.1
101, 816.0, 8, 8.0, 0.1
102, 824.0, 8, 8.0, 0.1
103, 832.0, 8, 8.0, 0.1
104, 840.0, 8, 8.0, 0.1
105, 848.0, 8, 8.0, 0.1
106, 856.0, 8, 8.0, 0.1
107, 864.0, 8, 8.0, 0.1
108, 872.0, 8, 8.0, 0.1
109, 880.0, 8, 8.0, 0.1
110, 888.0, 8, 8.0, 0.1
111, 896.0, 8, 8.0, 0.1
112, 904.0, 8, 8.0, 0.1
113, 912.0, 8, 8.0, 0.1
114, 920.0, 8, 8.0, 0.1
115, 928.0, 8, 8.0, 0.1
116, 936.0, 8, 8.0, 0.1
117, 944.0, 8, 8.0, 0.1
118, 952.0, 8, 8.0, 0.1
119, 960.0, 8, 8.0, 0.1
120, 968.0, 8, 8.0, 0.1
121, 976.0, 8, 8.0, 0.1
122, 984.0, 8, 8.0, 0.1
123, 992.0, 8, 8.0, 0.1
124, 1000.0, 8, 8.0, 0.1
125, 1008.0, 8, 8.0, 0.1
126, 1016.0, 8, 8.0, 0.1
127, 1024.0, 8, 8.0, 0.1
128, 1032.0, 8, 8.0, 0.1
129, 1040.0, 8, 8.0, 0.1
130, 1048.0, 8, 8.0, 0.1
131, 1056.0, 8, 8.0, 0.1
132, 1064.0, 8, 8.0, 0.1
133, 1072.0, 8, 8.0, 0.1
134, 1080.0, 8, 8.0, 0.1
135, 1088.0, 8, 8.0, 0.1
136, 1096.0, 8, 8.0, 0.1
137, 1104.0, 8, 8.0, 0.1
138, 1112.0, 8, 8.0, 0.1
139, 1120.0, 8, 8.0, 0.1
140, 1128.0, 8, 8.0, 0.1
141, 1136.0, 8, 8.0, 0.1
142, 1144.0, 8, 8.0, 0.1
143, 1152.0, 8, 8.0, 0.1
144, 1160.0, 8, 8.0, 0.1
145, 1168.0, 8, 8.0, 0.1
146, 1176.0, 8, 8.0, 0.1
147, 1184.0, 8, 8.0, 0.1
148, 1192.0, 8, 8.0, 0.1
149, 1200.0, 8, 8.0, 0.1
150, 1208.0, 8, 8.0, 0.1
151, 1216.0, 8, 8.0, 0.1
152, 1224.0, 8, 8.0, 0.1
153, 1232.0, 8, 8.0, 0.1
154, 1240.0, 8, 8.0, 0.1
155, 1248.0, 8, 8.0, 0.1
156, 1256.0, 8, 8.0, 0.1
157, 1264.0, 8, 8.0, 0.1
158, 1272.0, 8, 8.0, 0.1
159, 1280.0, 8, 8.0, 0.1
160, 1288.0, 8, 8.0, 0.1
161, 1296.0, 8, 8.0, 0.1
162, 1304.0, 8, 8.0, 0.1
163, 1312.0, 8, 8.0, 0.1
164, 1320.0, 8, 8.0, 0.1
165, 1328.0, 8, 8.0, 0.1
166, 1336.0, 8, 8.0, 0.1
167, 1344.0, 8, 8.0, 0.1
168, 1352.0, 8, 8.0, 0.1
169, 1360.0, 8, 8.0, 0.1
170, 1368.0, 8, 8.0, 0.1
171, 1376.0, 8, 8.0, 0.1
172, 1384.0, 8, 8.0, 0.1
173, 1392.0, 8, 8.0, 0.1
174, 1400.0, 8, 8.0, 0.1
175, 1408.0, 8, 8.0, 0.1
176, 1416.0, 8, 8.0, 0.1
177, 1424.0, 8, 8.0, 0.1
178, 1432.0, 8, 8.0, 0.1
179, 1440.0, 8, 8.0, 0.1
180, 1448.0, 8, 8.0, 0.1
181, 1456.0, 8, 8.0, 0.1
182, 1464.0, 8, 8.0, 0.1
183, 1472.0, 8, 8.0, 0.1
184, 1480.0, 8, 8.0, 0.1
185, 1488.0, 8, 8.0, 0.1
186, 1496.0, 8, 8.0, 0.1
187, 1504.0, 8, 8.0, 0.1
188, 1512.0, 8, 8.0, 0.1
189, 1520.0, 8, 8.0, 0.1
190, 1528.0, 8, 8.0, 0.1
191, 1536.0, 8, 8.0, 0.1
192, 1544.0, 8, 8.0, 0.1
193, 1552.0, 8, 8.0, 0.1
194, 1560.0, 8, 8.0, 0.1
195, 1568.0, 8, 8.0, 0.1
196, 1576.0, 8, 8.0, 0.1
197, 1584.0, 8, 8.0, 0.1
198, 1592.0, 8, 8.0, 0.1
199, 1600.0, 8, 8.0, 0.1
200, 1608.0, 8, 8.0, 0.1
201, 1616.0, 8, 8.0, 0.1
202, 1624.0, 8, 8.0, 0.1
203, 1632.0, 8, 8.0, 0.1
204, 1640.0, 8, 8.0, 0.1
205, 1648.0, 8, 8.0, 0.1
206, 1656.0, 8, 8.0, 0.1
207, 1664.0, 8, 8.0, 0.1
208, 1672.0, 8, 8.0, 0.1
209, 1680.0, 8, 8.0, 0.1
210, 1688.0, 8, 8.0, 0.1
211, 1696.0, 8, 8.0, 0.1
212, 1704.0, 8, 8.0, 0.1
213, 1712.0, 8, 8.0, 0.1
214, 1720.0, 8, 8.0, 0.1
215, 1728.0, 8, 8.0, 0.1
216, 1736.0, 8, 8.0, 0.1
217, 1744.0, 8, 8.0, 0.1
218, 1752.0, 8, 8.0, 0.1
219, 1760.0, 8, 8.0, 0.1
220, 1768.0, 8, 8.0, 0.1
221, 1776.0, 8, 8.0, 0.1
222, 1784.0, 8, 8.0, 0.1
223, 1792.0, 8, 8.0, 0.1
224, 1800.0, 8, 8.0, 0.1
225, 1808.0, 8, 8.0, 0.1
226, 1816.0, 8, 8.0, 0.1
227, 1824.0, 8, 8.0, 0.1
228, 1832.0, 8, 8.0, 0.1
229, 1840.0, 8, 8.0, 0.1
230, 1848.0, 8, 8.0, 0.1
231, 1856.0, 8, 8.0, 0.1
232, 1864.0, 8, 8.0, 0.1
233, 1872.0, 8, 8.0, 0.1
234, 1880.0, 8, 8.0, 0.1
235, 1888.0, 8, 8.0, 0.1
236, 1896.0, 8, 8.0, 0.1
237, 1904.0, 8, 8.0, 0.1
238, 1912.0, 8, 8.0, 0.1
239, 1920.0, 8, 8.0, 0.1
240, 1928.0, 8, 8.0, 0.1
241, 1936.0, 8, 8.0, 0.1
242, 1944.0, 8, 8.0, 0.1
243, 1952.0, 8, 8.0, 0.1
244, 1960.0, 8, 8.0, 0.1
245, 1968.0, 8, 8.0, 0.1
246, 1976.0, 8, 8.0, 0.1
247, 1984.0, 8, 8.0, 0.1
248, 1992.0, 8, 8.0, 0.1
249, 2000.0, 8, 8.0, 0.1
250, 2008.0, 8, 8.0, 0.1
251, 2016.0, 8, 8.0, 0.1
252, 2024.0, 8, 8.0, 0.1
253, 2032.0, 8, 8.0, 0.1
254, 2040.0, 8, 8.0, 0.1
255, 2048.0, 8, 8.0, 0.1
256, 2056.0, 8, 8.0, 0.1
257, 2064.0, 8, 8.0, 0.1
258, 2072.0, 8, 8.0, 0.1
259, 2080.0, 8, 8.0, 0.1
260, 2088.0, 8, 8.0, 0.1
261, 2096.0, 8, 8.0, 0.1
262, 2104.0, 8, 8.0, 0.1
263, 2112.0, 8, 8.0, 0.1
264, 2120.0, 8, 8.0, 0.1
265, 2128.0, 8, 8.0, 0.1
266, 2136.0, 8, 8.0, 0.1
267, 2144.0, 8, 8.0, 0.1
268, 2152.0, 8, 8.0, 0.1
269, 2160.0, 8, 8.0, 0.1
270, 2168.0, 8, 8.0, 0.1
271, 2176.0, 8, 8.0, 0.1
272, 2184.0, 8, 8.0, 0.1
273, 2192.0, 8, 8.0, 0.1
274, 2200.0, 8, 8.0, 0.1
275, 2208.0, 8, 8.0, 0.1
276, 2216.0, 8, 8.0, 0.1
277, 2224.0, 8, 8.0, 0.1
278, 2232.0, 8, 8.0, 0.1
279, 2240.0, 8, 8.0, 0.1
280, 2248.0, 8, 8.0, 0.1
281, 2256.0, 8, 8.0, 0.1
282, 2264.0, 8, 8.0, 0.1
283, 2272.0, 8, 8.0, 0.1
284, 2280.0, 8, 8.0, 0.1
285, 2288.0, 8, 8.0, 0.1
286, 2296.0, 8, 8.0, 0.1
287, 2304.0, 8, 8.0, 0.1
288, 2312.0, 8, 8.0, 0.1
289, 2320.0, 8, 8.0, 0.1
290, 2328.0, 8, 8.0, 0.1
291, 2336.0, 8, 8.0, 0.1
292, 2344.0, 8, 8.0, 0.1
293, 2352.0, 8, 8.0, 0.1
294, 2360.0, 8, 8.0, 0.1
295, 2368.0, 8, 8.0, 0.1
296, 2376.0, 8, 8.0, 0.1
297, 2384.0, 8, 8.0, 0.1
298, 2392.0, 8, 8.0, 0.1
299, 2400.0, 8, 8.0, 0.1
300, 2408.0, 8, 8.0, 0.1
301, 2416.0, 8, 8.0, 0.1
302, 2424.0, 8, 8.0, 0.1
303, 2432.0, 8, 8.0, 0.1
304, 2440.0, 8, 8.0, 0.1
305, 2448.0, 8, 8.0, 0.1
306, 2456.0, 8, 8.0, 0.1
307, 2464.0, 8, 8.0, 0.1
308, 2472.0, 8, 8.0, 0.1
309, 2480.0, 8, 8.0, 0.1
310, 2488.0, 8, 8.0, 0.1
311, 2496.0, 8, 8.0, 0.1
312, 2504.0, 8, 8.0, 0.1
313, 2512.0, 8, 8.0, 0.1
314, 2520.0, 8, 8.0, 0.1
315, 2528.0, 8, 8.0, 0.1
316, 2536.0, 8, 8.0, 0.1
317, 2544.0, 8, 8.0, 0.1
318, 2552.0, 8, 8.0, 0.1
319, 2560.0, 8, 8.0, 0.1
320, 2568.0, 8, 8.0, 0.1
321, 2576.0, 8, 8.0, 0.1
322, 2584.0, 8, 8.0, 0.1
323, 2592.0, 8, 8.0, 0.1
324, 2600.0, 8, 8.0, 0.1
325, 2608.0, 8, 8.0, 0.1
326, 2616.0, 8, 8.0, 0.1
327, 2624.0, 8, 8.0, 0.1
328, 2632.0, 8, 8.0, 0.1
329, 2640.0, 8, 8.0, 0.1
330, 2648.0, 8, 8.0, 0.1
331, 2656.0, 8, 8.0, 0.1
332, 2664.0, 8, 8.0, 0.1
333, 2672.0, 8, 8.0, 0.1
334, 2680.0, 8, 8.0, 0.1
335, 2688.0, 8, 8.0, 0.1
336, 2696.0, 8, 8.0, 0.1
337, 2704.0, 8, 8.0, 0.1
338, 2712.0, 8, 8.0, 0.1
339, 2720.0, 8, 8.0, 0.1
340, 2728.0, 8, 8.0, 0.1
341, 2736.0, 8, 8.0, 0.1
342, 2744.0, 8, 8.0, 0.1
343, 2752.0, 8, 8.0, 0.1
344, 2760.0, 8, 8.0, 0.1
345, 2768.0, 8, 8.0, 0.1
346, 2776.0, 8, 8.0, 0.1
347, 2784.0, 8, 8.0, 0.1
348, 2792.0, 8, 8.0, 0.1
349, 2800.0, 8, 8.0, 0.1
350, 2808.0, 8, 8.0, 0.1
351, 2816.0, 8, 8.0, 0.1
352, 2824.0, 8, 8.0, 0.1
353, 2832.0, 8, 8.0, 0.1
354, 2840.0, 8, 8.0, 0.1
355, 2848.0, 8, 8.0, 0.1
356, 2856.0, 8, 8.0, 0.1
357, 2864.0, 8, 8.0, 0.1
358, 2872.0, 8, 8.0, 0.1
359, 2880.0, 8, 8.0, 0.1
360, 2888.0, 8, 8.0, 0.1
361, 2896.0, 8, 8.0, 0.1
362, 2904.0, 8, 8.0, 0.1
363, 2912.0, 8, 8.0, 0.1
364, 2920.0, 8, 8.0, 0.1
365, 2928.0, 8, 8.0, 0.1
366, 2936.0, 8, 8.0, 0.1
367, 2944.0, 8, 8.0, 0.1
368, 2952.0, 8, 8.0, 0.1
369, 2960.0, 8, 8.0, 0.1
370, 2968.0, 8, 8.0, 0.1
371, 2976.0, 8, 8.0, 0.1
372, 2984.0, 8, 8.0, 0.1
373, 2992.0, 8, 8.0, 0.1
374, 3000.0, 8, 8.0, 0.1
375, 3008.0, 8, 8.0, 0.1
376, 3016.0, 8, 8.0, 0.1
377, 3024.0, 8, 8.0, 0.1
378, 3032.0, 8, 8.0, 0.1
379, 3040.0, 8, 8.0, 0.1
380, 3048.0, 8, 8.0, 0.1
381, 3056.0, 8, 8.0, 0.1
382, 3064.0, 8, 8.0, 0.1
383, 3072.0, 8, 8.0, 0.1
384, 3080.0, 8, 8.0, 0.1
385, 3088.0, 8, 8.0, 0.1
386, 3096.0, 8, 8.0, 0.1
387, 3104.0, 8, 8.0, 0.1
388, 3112.0, 8, 8.0, 0.1
389, 3120.0, 8, 8.0, 0.1
390, 3128.0, 8, 8.0, 0.1
391, 3136.0, 8, 8.0, 0.1
392, 3144.0, 8, 8.0, 0.1
393, 3152.0, 8, 8.0, 0.1
394, 3160.0, 8, 8.0, 0.1
395, 3168.0, 8, 8.0, 0.1
396, 3176.0, 8, 8.0, 0.1
397, 3184.0, 8, 8.0, 0.1
398, 3192.0, 8, 8.0, 0.1
399, 3200.0, 8, 8.0, 0.1
400, 3208.0, 8, 8.0, 0.1
401, 3216.0, 8, 8.0, 0.1
402, 3224.0, 8, 8.0, 0.1
403, 3232.0, 8, 8.0, 0.1
404, 3240.0, 8, 8.0, 0.1
405, 3248.0, 8, 8.0, 0.1
406, 3256.0, 8, 8.0, 0.1
407, 3264.0, 8, 8.0, 0.1
408, 3272.0, 8, 8.0, 0.1
409, 3280.0, 8, 8.0, 0.1
410, 3288.0, 8, 8.0, 0.1
411, 3296.0, 8, 8.0, 0.1
412, 3304.0, 8, 8.0, 0.1
413, 3312.0, 8, 8.0, 0.1
414, 3320.0, 8, 8.0, 0.1
415, 3328.0, 8, 8.0, 0.1
416, 3336.0, 8, 8.0, 0.1
417, 3344.0, 8, 8.0, 0.1
418, 3352.0, 8, 8.0, 0.1
419, 3360.0, 8, 8.0, 0.1
420, 3368.0, 8, 8.0, 0.1
421, 3376.0, 8, 8.0, 0.1
422, 3384.0, 8, 8.0, 0.1
423, 3392.0, 8, 8.0, 0.1
424, 3400.0, 8, 8.0, 0.1
425, 3408.0, 8, 8.0, 0.1
426, 3416.0, 8, 8.0, 0.1
427, 3424.0, 8, 8.0, 0.1
428, 3432.0, 8, 8.0, 0.1
429, 3440.0, 8, 8.0, 0.1
430, 3448.0, 8, 8.0, 0.1
431, 3456.0, 8, 8.0, 0.1
432, 3464.0, 8, 8.0, 0.1
433, 3472.0, 8, 8.0, 0.1
434, 3480.0, 8, 8.0, 0.1
435, 3488.0, 8, 8.0, 0.1
436, 3496.0, 8, 8.0, 0.1
437, 3504.0, 8, 8.0, 0.1
438, 3512.0, 8, 8.0, 0.1
439, 3520.0, 8, 8.0, 0.1
440, 3528.0, 8, 8.0, 0.1
441, 3536.0, 8, 8.0, 0.1
442, 3544.0, 8, 8.0, 0.1
443, 3552.0, 8, 8.0, 0.1
444, 3560.0, 8, 8.0, 0.1
445, 3568.0, 8, 8.0, 0.1
446, 3576.0, 8, 8.0, 0.1
447, 3584.0, 8, 8.0, 0.1
448, 3592.0, 8, 8.0, 0.1
449, 3600.0, 8, 8.0, 0.1
450, 3608.0, 8, 8.0, 0.1
451, 3616.0, 8, 8.0, 0.1
452, 3624.0, 8, 8.0, 0.1
453, 3632.0, 8, 8.0, 0.1
454, 3640.0, 8, 8.0, 0.1
455, 3647.0, 7, 7.99780701754386, 0.1
456, 3654.0, 7, 7.99562363238512, 0.1
457, 3662.0, 8, 7.995633187772926, 0.1
458, 3670.0, 8, 7.995642701525054, 0.1
459, 3677.0, 7, 7.993478260869566, 0.1
460, 3685.0, 8, 7.993492407809111, 0.1
461, 3693.0, 8, 7.9935064935064934, 0.1
462, 3701.0, 8, 7.993520518358531, 0.1
463, 3708.0, 7, 7.991379310344827, 0.1
464, 3714.0, 6, 7.987096774193549, 0.1
465, 3722.0, 8, 7.987124463519313, 0.1
466, 3730.0, 8, 7.987152034261242, 0.1
467, 3738.0, 8, 7.987179487179487, 0.1
468, 3746.0, 8, 7.9872068230277184, 0.1
469, 3753.0, 7, 7.985106382978723, 0.1
470, 3761.0, 8, 7.985138004246284, 0.1
471, 3769.0, 8, 7.985169491525424, 0.1
472, 3775.0, 6, 7.980972515856236, 0.1
473, 3783.0, 8, 7.981012658227848, 0.1
474, 3791.0, 8, 7.981052631578947, 0.1
475, 3798.0, 7, 7.9789915966386555, 0.1
476, 3806.0, 8, 7.979035639412998, 0.1
477, 3812.0, 6, 7.97489539748954, 0.1
478, 3820.0, 8, 7.974947807933194, 0.1
479, 3828.0, 8, 7.975, 0.1
480, 3835.0, 7, 7.972972972972973, 0.1
481, 3842.0, 7, 7.970954356846473, 0.1
482, 3850.0, 8, 7.971014492753623, 0.1
483, 3858.0, 8, 7.971074380165289, 0.1
484, 3865.0, 7, 7.969072164948454, 0.1
485, 3871.0, 6, 7.965020576131687, 0.1
486, 3875.0, 4, 7.95687885010267, 0.1
487, 3877.0, 2, 7.944672131147541, 0.1
488, 3885.0, 8, 7.9447852760736195, 0.1
489, 3893.0, 8, 7.944897959183673, 0.1
490, 3901.0, 8, 7.945010183299389, 0.1
491, 3908.0, 7, 7.943089430894309, 0.1
492, 3916.0, 8, 7.943204868154158, 0.1
493, 3923.0, 7, 7.941295546558704, 0.1
494, 3928.0, 5, 7.935353535353535, 0.1
495, 3935.0, 7, 7.933467741935484, 0.1
496, 3943.0, 8, 7.933601609657948, 0.1
497, 3951.0, 8, 7.933734939759036, 0.1
498, 3958.0, 7, 7.9318637274549095, 0.1
499, 3966.0, 8, 7.932, 0.1
500, 3974.0, 8, 7.932135728542915, 0.1
501, 3981.0, 7, 7.930278884462151, 0.1
502, 3989.0, 8, 7.930417495029821, 0.1
503, 3997.0, 8, 7.930555555555555, 0.1
504, 4005.0, 8, 7.930693069306931, 0.1
505, 4012.0, 7, 7.928853754940712, 0.1
506, 4020.0, 8, 7.928994082840236, 0.1
507, 4026.0, 6, 7.925196850393701, 0.1
508, 4034.0, 8, 7.9253438113948915, 0.1
509, 4042.0, 8, 7.925490196078432, 0.1
510, 4050.0, 8, 7.925636007827789, 0.1
511, 4058.0, 8, 7.92578125, 0.1
512, 4066.0, 8, 7.925925925925926, 0.1
513, 4074.0, 8, 7.926070038910506, 0.1
514, 4081.0, 7, 7.924271844660194, 0.1
515, 4088.0, 7, 7.922480620155039, 0.1
516, 4096.0, 8, 7.922630560928433, 0.1
517, 4102.0, 6, 7.918918918918919, 0.1
518, 4109.0, 7, 7.917148362235068, 0.1
519, 4116.0, 7, 7.915384615384616, 0.1
520, 4124.0, 8, 7.915547024952016, 0.1
521, 4132.0, 8, 7.915708812260537, 0.1
522, 4139.0, 7, 7.91395793499044, 0.1
523, 4147.0, 8, 7.91412213740458, 0.1
524, 4154.0, 7, 7.9123809523809525, 0.1
525, 4162.0, 8, 7.91254752851711, 0.1
526, 4169.0, 7, 7.910815939278938, 0.1
527, 4177.0, 8, 7.910984848484849, 0.1
528, 4181.0, 4, 7.90359168241966, 0.1
529, 4188.0, 7, 7.90188679245283, 0.1
530, 4195.0, 7, 7.9001883239171375, 0.1
531, 4202.0, 7, 7.898496240601504, 0.1
532, 4208.0, 6, 7.894934333958724, 0.1
533, 4214.0, 6, 7.891385767790262, 0.1
534, 4222.0, 8, 7.891588785046729, 0.1
535, 4230.0, 8, 7.891791044776119, 0.1
536, 4237.0, 7, 7.890130353817504, 0.1
537, 4245.0, 8, 7.890334572490707, 0.1
538, 4252.0, 7, 7.888682745825603, 0.1
539, 4259.0, 7, 7.887037037037037, 0.1
540, 4267.0, 8, 7.88724584103512, 0.1
541, 4274.0, 7, 7.885608856088561, 0.1
542, 4280.0, 6, 7.8821362799263355, 0.1
543, 4286.0, 6, 7.8786764705882355, 0.1
544, 4289.0, 3, 7.869724770642202, 0.1
545, 4296.0, 7, 7.868131868131868, 0.1
546, 4303.0, 7, 7.86654478976234, 0.1
547, 4311.0, 8, 7.866788321167883, 0.1
548, 4319.0, 8, 7.8670309653916215, 0.1
549, 4327.0, 8, 7.867272727272727, 0.1
550, 4335.0, 8, 7.867513611615245, 0.1
551, 4342.0, 7, 7.865942028985507, 0.1
552, 4348.0, 6, 7.862567811934901, 0.1
553, 4356.0, 8, 7.862815884476534, 0.1
554, 4362.0, 6, 7.859459459459459, 0.1
555, 4369.0, 7, 7.857913669064748, 0.1
556, 4377.0, 8, 7.858168761220826, 0.1
557, 4384.0, 7, 7.85663082437276, 0.1
558, 4390.0, 6, 7.853309481216458, 0.1
559, 4397.0, 7, 7.851785714285715, 0.1
560, 4404.0, 7, 7.850267379679145, 0.1
561, 4410.0, 6, 7.846975088967971, 0.1
562, 4418.0, 8, 7.847246891651865, 0.1
563, 4424.0, 6, 7.843971631205674, 0.1
564, 4432.0, 8, 7.84424778761062, 0.1
565, 4439.0, 7, 7.842756183745583, 0.1
566, 4447.0, 8, 7.843033509700176, 0.1
567, 4455.0, 8, 7.84330985915493, 0.1
568, 4463.0, 8, 7.843585237258348, 0.1
569, 4471.0, 8, 7.843859649122807, 0.1
570, 4478.0, 7, 7.842381786339755, 0.1
571, 4485.0, 7, 7.840909090909091, 0.1
572, 4492.0, 7, 7.839441535776614, 0.1
573, 4498.0, 6, 7.83623693379791, 0.1
574, 4505.0, 7, 7.834782608695652, 0.1
575, 4513.0, 8, 7.835069444444445, 0.1
576, 4521.0, 8, 7.835355285961872, 0.1
577, 4527.0, 6, 7.8321799307958475, 0.1
578, 4535.0, 8, 7.832469775474957, 0.1
579, 4539.0, 4, 7.825862068965518, 0.1
580, 4547.0, 8, 7.826161790017212, 0.1
581, 4555.0, 8, 7.826460481099656, 0.1
582, 4563.0, 8, 7.826758147512865, 0.1
583, 4570.0, 7, 7.825342465753424, 0.1
584, 4576.0, 6, 7.822222222222222, 0.1
585, 4584.0, 8, 7.822525597269625, 0.1
586, 4592.0, 8, 7.822827938671209, 0.1
587, 4600.0, 8, 7.8231292517006805, 0.1
588, 4608.0, 8, 7.823429541595925, 0.1
589, 4616.0, 8, 7.823728813559322, 0.1
590, 4624.0, 8, 7.824027072758037, 0.1
591, 4630.0, 6, 7.820945945945946, 0.1
592, 4637.0, 7, 7.81956155143339, 0.1
593, 4644.0, 7, 7.818181818181818, 0.1
594, 4651.0, 7, 7.816806722689075, 0.1
595, 4657.0, 6, 7.813758389261745, 0.1
596, 4663.0, 6, 7.8107202680067, 0.1
597, 4670.0, 7, 7.809364548494983, 0.1
598, 4678.0, 8, 7.809682804674457, 0.1
599, 4686.0, 8, 7.81, 0.1
600, 4693.0, 7, 7.80865224625624, 0.1
601, 4701.0, 8, 7.808970099667774, 0.1
602, 4706.0, 5, 7.804311774461028, 0.1
603, 4714.0, 8, 7.804635761589404, 0.1
604, 4722.0, 8, 7.80495867768595, 0.1
605, 4730.0, 8, 7.805280528052806, 0.1
606, 4737.0, 7, 7.803953871499176, 0.1
607, 4742.0, 5, 7.7993421052631575, 0.1
608, 4749.0, 7, 7.798029556650246, 0.1
609, 4755.0, 6, 7.795081967213115, 0.1
610, 4762.0, 7, 7.7937806873977085, 0.1
611, 4769.0, 7, 7.792483660130719, 0.1
612, 4776.0, 7, 7.791190864600326, 0.1
613, 4784.0, 8, 7.791530944625407, 0.1
614, 4791.0, 7, 7.790243902439024, 0.1
615, 4793.0, 2, 7.7808441558441555, 0.1
616, 4801.0, 8, 7.781199351701783, 0.1
617, 4807.0, 6, 7.7783171521035595, 0.1
618, 4814.0, 7, 7.777059773828756, 0.1
619, 4820.0, 6, 7.774193548387097, 0.1
620, 4828.0, 8, 7.774557165861514, 0.1
621, 4836.0, 8, 7.77491961414791, 0.1
622, 4843.0, 7, 7.773675762439807, 0.1
623, 4850.0, 7, 7.772435897435898, 0.1
624, 4857.0, 7, 7.7712, 0.1
625, 4863.0, 6, 7.768370607028754, 0.1
626, 4871.0, 8, 7.768740031897926, 0.1
627, 4879.0, 8, 7.769108280254777, 0.1
628, 4886.0, 7, 7.767885532591415, 0.1
629, 4894.0, 8, 7.768253968253968, 0.1
630, 4901.0, 7, 7.76703645007924, 0.1
631, 4907.0, 6, 7.764240506329114, 0.1
632, 4913.0, 6, 7.7614533965244865, 0.1
633, 4921.0, 8, 7.761829652996846, 0.1
634, 4929.0, 8, 7.7622047244094485, 0.1
635, 4937.0, 8, 7.762578616352202, 0.1
636, 4944.0, 7, 7.76138147566719, 0.1
637, 4950.0, 6, 7.758620689655173, 0.1
638, 4958.0, 8, 7.758998435054773, 0.1
639, 4966.0, 8, 7.759375, 0.1
640, 4973.0, 7, 7.758190327613105, 0.1
641, 4980.0, 7, 7.757009345794392, 0.1
642, 4985.0, 5, 7.752721617418351, 0.1
643, 4992.0, 7, 7.751552795031056, 0.1
644, 4998.0, 6, 7.748837209302326, 0.1
645, 5006.0, 8, 7.74922600619195, 0.1
646, 5013.0, 7, 7.74806800618238, 0.1
647, 5021.0, 8, 7.7484567901234565, 0.1
648, 5029.0, 8, 7.74884437596302, 0.1
649, 5037.0, 8, 7.74923076923077, 0.1
650, 5044.0, 7, 7.7480798771121355, 0.1
651, 5051.0, 7, 7.7469325153374236, 0.1
652, 5059.0, 8, 7.747320061255743, 0.1
653, 5067.0, 8, 7.747706422018348, 0.1
654, 5072.0, 5, 7.743511450381679, 0.1
655, 5078.0, 6, 7.740853658536586, 0.1
656, 5085.0, 7, 7.739726027397261, 0.1
657, 5092.0, 7, 7.738601823708207, 0.1
658, 5101.0, 9, 7.74051593323217, 0.1
659, 5109.0, 8, 7.740909090909091, 0.1
660, 5117.0, 8, 7.741301059001513, 0.1
661, 5125.0, 8, 7.741691842900302, 0.1
662, 5132.0, 7, 7.740573152337858, 0.1
663, 5139.0, 7, 7.739457831325301, 0.1
664, 5144.0, 5, 7.735338345864662, 0.1
665, 5150.0, 6, 7.732732732732733, 0.1
666, 5155.0, 5, 7.72863568215892, 0.1
667, 5163.0, 8, 7.729041916167665, 0.1
668, 5170.0, 7, 7.727952167414051, 0.1
669, 5176.0, 6, 7.7253731343283585, 0.1
670, 5181.0, 5, 7.721311475409836, 0.1
671, 5188.0, 7, 7.720238095238095, 0.1
672, 5195.0, 7, 7.719167904903418, 0.1
673, 5202.0, 7, 7.718100890207715, 0.1
674, 5210.0, 8, 7.718518518518518, 0.1
675, 5218.0, 8, 7.718934911242603, 0.1
676, 5225.0, 7, 7.717872968980798, 0.1
677, 5231.0, 6, 7.715339233038348, 0.1
678, 5239.0, 8, 7.715758468335788, 0.1
679, 5246.0, 7, 7.714705882352941, 0.1
680, 5252.0, 6, 7.7121879588839946, 0.1
681, 5252.0, 0, 7.700879765395895, 0.1
682, 5260.0, 8, 7.7013177159590045, 0.1
683, 5267.0, 7, 7.700292397660819, 0.1
684, 5275.0, 8, 7.700729927007299, 0.1
685, 5280.0, 5, 7.696793002915452, 0.1
686, 5287.0, 7, 7.695778748180495, 0.1
687, 5294.0, 7, 7.694767441860465, 0.1
688, 5302.0, 8, 7.695210449927431, 0.1
689, 5310.0, 8, 7.695652173913044, 0.1
690, 5317.0, 7, 7.694645441389291, 0.1
691, 5325.0, 8, 7.695086705202312, 0.1
692, 5333.0, 8, 7.695526695526696, 0.1
693, 5340.0, 7, 7.694524495677234, 0.1
694, 5347.0, 7, 7.693525179856115, 0.1
695, 5355.0, 8, 7.693965517241379, 0.1
696, 5360.0, 5, 7.690100430416069, 0.1
697, 5368.0, 8, 7.69054441260745, 0.1
698, 5375.0, 7, 7.689556509298998, 0.1
699, 5378.0, 3, 7.682857142857143, 0.1
700, 5385.0, 7, 7.68188302425107, 0.1
701, 5393.0, 8, 7.682336182336182, 0.1
702, 5400.0, 7, 7.681365576102418, 0.1
703, 5407.0, 7, 7.6803977272727275, 0.1
704, 5414.0, 7, 7.679432624113475, 0.1
705, 5422.0, 8, 7.6798866855524075, 0.1
706, 5427.0, 5, 7.676096181046676, 0.1
707, 5434.0, 7, 7.675141242937853, 0.1
708, 5441.0, 7, 7.674188998589563, 0.1
709, 5448.0, 7, 7.673239436619719, 0.1
710, 5456.0, 8, 7.6736990154711675, 0.1
711, 5463.0, 7, 7.672752808988764, 0.1
712, 5470.0, 7, 7.671809256661992, 0.1
713, 5477.0, 7, 7.670868347338936, 0.1
714, 5484.0, 7, 7.66993006993007, 0.1
715, 5491.0, 7, 7.668994413407821, 0.1
716, 5498.0, 7, 7.668061366806136, 0.1
717, 5506.0, 8, 7.6685236768802225, 0.1
718, 5514.0, 8, 7.668984700973574, 0.1
719, 5520.0, 6, 7.666666666666667, 0.1
720, 5527.0, 7, 7.665742024965326, 0.1
721, 5532.0, 5, 7.662049861495845, 0.1
722, 5538.0, 6, 7.659751037344399, 0.1
723, 5546.0, 8, 7.6602209944751385, 0.1
724, 5554.0, 8, 7.660689655172414, 0.1
725, 5560.0, 6, 7.658402203856749, 0.1
726, 5568.0, 8, 7.658872077028886, 0.1
727, 5569.0, 1, 7.649725274725275, 0.1
728, 5575.0, 6, 7.647462277091907, 0.1
729, 5581.0, 6, 7.645205479452055, 0.1
730, 5589.0, 8, 7.645690834473324, 0.1
731, 5597.0, 8, 7.646174863387978, 0.1
732, 5605.0, 8, 7.646657571623465, 0.1
733, 5613.0, 8, 7.647138964577657, 0.1
734, 5619.0, 6, 7.644897959183673, 0.1
735, 5627.0, 8, 7.645380434782608, 0.1
736, 5634.0, 7, 7.644504748982361, 0.1
737, 5642.0, 8, 7.644986449864499, 0.1
738, 5649.0, 7, 7.644113667117726, 0.1
739, 5655.0, 6, 7.641891891891892, 0.1
740, 5663.0, 8, 7.6423751686909585, 0.1
741, 5671.0, 8, 7.642857142857143, 0.1
742, 5677.0, 6, 7.64064602960969, 0.1
743, 5685.0, 8, 7.641129032258065, 0.1
744, 5693.0, 8, 7.641610738255033, 0.1
745, 5699.0, 6, 7.63941018766756, 0.1
746, 5707.0, 8, 7.639892904953146, 0.1
747, 5714.0, 7, 7.63903743315508, 0.1
748, 5721.0, 7, 7.638184245660881, 0.1
749, 5727.0, 6, 7.636, 0.1
750, 5734.0, 7, 7.635153129161118, 0.1
751, 5741.0, 7, 7.634308510638298, 0.1
752, 5747.0, 6, 7.632138114209828, 0.1
753, 5755.0, 8, 7.63262599469496, 0.1
754, 5761.0, 6, 7.630463576158941, 0.1
755, 5769.0, 8, 7.630952380952381, 0.1
756, 5776.0, 7, 7.6301188903566715, 0.1
757, 5783.0, 7, 7.629287598944591, 0.1
758, 5790.0, 7, 7.628458498023716, 0.1
759, 5798.0, 8, 7.628947368421053, 0.1
760, 5806.0, 8, 7.629434954007884, 0.1
761, 5814.0, 8, 7.6299212598425195, 0.1
762, 5820.0, 6, 7.62778505897772, 0.1
763, 5827.0, 7, 7.62696335078534, 0.1
764, 5835.0, 8, 7.627450980392157, 0.1
765, 5842.0, 7, 7.6266318537859, 0.1
766, 5846.0, 4, 7.621903520208605, 0.1
767, 5854.0, 8, 7.622395833333333, 0.1
768, 5862.0, 8, 7.622886866059818, 0.1
769, 5869.0, 7, 7.6220779220779225, 0.1
770, 5875.0, 6, 7.619974059662775, 0.1
771, 5882.0, 7, 7.619170984455959, 0.1
772, 5889.0, 7, 7.61836998706339, 0.1
773, 5894.0, 5, 7.614987080103359, 0.1
774, 5901.0, 7, 7.614193548387097, 0.1
775, 5909.0, 8, 7.614690721649485, 0.1
776, 5917.0, 8, 7.615186615186615, 0.1
777, 5922.0, 5, 7.611825192802057, 0.1
778, 5930.0, 8, 7.612323491655969, 0.1
779, 5931.0, 1, 7.6038461538461535, 0.1
780, 5937.0, 6, 7.60179257362356, 0.1
781, 5945.0, 8, 7.60230179028133, 0.1
782, 5951.0, 6, 7.600255427841635, 0.1
783, 5959.0, 8, 7.600765306122449, 0.1
784, 5965.0, 6, 7.598726114649682, 0.1
785, 5972.0, 7, 7.597964376590331, 0.1
786, 5980.0, 8, 7.598475222363406, 0.1
787, 5988.0, 8, 7.598984771573604, 0.1
788, 5993.0, 5, 7.595690747782003, 0.1
789, 6001.0, 8, 7.596202531645569, 0.1
790, 6009.0, 8, 7.596713021491783, 0.1
791, 6013.0, 4, 7.592171717171717, 0.1
792, 6019.0, 6, 7.590163934426229, 0.1
793, 6026.0, 7, 7.589420654911839, 0.1
794, 6026.0, 0, 7.579874213836478, 0.1
795, 6033.0, 7, 7.5791457286432165, 0.1
796, 6039.0, 6, 7.577164366373903, 0.1
797, 6047.0, 8, 7.5776942355889725, 0.1
798, 6055.0, 8, 7.578222778473092, 0.1
799, 6062.0, 7, 7.5775, 0.1
800, 6070.0, 8, 7.578027465667915, 0.1
801, 6078.0, 8, 7.5785536159601, 0.1
802, 6086.0, 8, 7.579078455790785, 0.1
803, 6088.0, 2, 7.5721393034825875, 0.1
804, 6096.0, 8, 7.572670807453417, 0.1
805, 6104.0, 8, 7.573200992555831, 0.1
806, 6112.0, 8, 7.573729863692689, 0.1
807, 6118.0, 6, 7.571782178217822, 0.1
808, 6125.0, 7, 7.571075401730532, 0.1
809, 6131.0, 6, 7.569135802469136, 0.1
810, 6138.0, 7, 7.568434032059186, 0.1
811, 6145.0, 7, 7.567733990147783, 0.1
812, 6152.0, 7, 7.567035670356703, 0.1
813, 6158.0, 6, 7.565110565110565, 0.1
814, 6165.0, 7, 7.564417177914111, 0.1
815, 6172.0, 7, 7.563725490196078, 0.1
816, 6180.0, 8, 7.564259485924112, 0.1
817, 6188.0, 8, 7.56479217603912, 0.1
818, 6189.0, 1, 7.556776556776557, 0.1
819, 6197.0, 8, 7.557317073170732, 0.1
820, 6205.0, 8, 7.557856272838002, 0.1
821, 6213.0, 8, 7.5583941605839415, 0.1
822, 6220.0, 7, 7.55771567436209, 0.1
823, 6227.0, 7, 7.557038834951456, 0.1
824, 6235.0, 8, 7.557575757575758, 0.1
825, 6243.0, 8, 7.558111380145278, 0.1
826, 6251.0, 8, 7.5586457073760585, 0.1
827, 6258.0, 7, 7.557971014492754, 0.1
828, 6265.0, 7, 7.55729794933655, 0.1
829, 6266.0, 1, 7.549397590361446, 0.1
830, 6273.0, 7, 7.548736462093863, 0.1
831, 6281.0, 8, 7.549278846153846, 0.1
832, 6288.0, 7, 7.548619447779112, 0.1
833, 6295.0, 7, 7.547961630695443, 0.1
834, 6303.0, 8, 7.548502994011976, 0.1
835, 6311.0, 8, 7.5490430622009566, 0.1
836, 6319.0, 8, 7.5495818399044206, 0.1
837, 6327.0, 8, 7.550119331742243, 0.1
838, 6334.0, 7, 7.549463647199047, 0.1
839, 6341.0, 7, 7.548809523809524, 0.1
840, 6349.0, 8, 7.549346016646849, 0.1
841, 6357.0, 8, 7.549881235154395, 0.1
842, 6364.0, 7, 7.549228944246738, 0.1
843, 6372.0, 8, 7.549763033175355, 0.1
844, 6378.0, 6, 7.54792899408284, 0.1
845, 6384.0, 6, 7.546099290780142, 0.1
846, 6391.0, 7, 7.545454545454546, 0.1
847, 6399.0, 8, 7.5459905660377355, 0.1
848, 6407.0, 8, 7.546525323910483, 0.1
849, 6414.0, 7, 7.5458823529411765, 0.1
850, 6422.0, 8, 7.54641598119859, 0.1
851, 6430.0, 8, 7.546948356807512, 0.1
852, 6431.0, 1, 7.539273153575616, 0.1
853, 6431.0, 0, 7.530444964871195, 0.1
854, 6439.0, 8, 7.530994152046784, 0.1
855, 6447.0, 8, 7.531542056074766, 0.1
856, 6453.0, 6, 7.52975495915986, 0.1
857, 6459.0, 6, 7.527972027972028, 0.1
858, 6467.0, 8, 7.528521536670548, 0.1
859, 6474.0, 7, 7.527906976744186, 0.1
860, 6482.0, 8, 7.528455284552845, 0.1
861, 6490.0, 8, 7.529002320185615, 0.1
862, 6496.0, 6, 7.527230590961762, 0.1
863, 6504.0, 8, 7.527777777777778, 0.1
864, 6509.0, 5, 7.52485549132948, 0.1
865, 6517.0, 8, 7.52540415704388, 0.1
866, 6519.0, 2, 7.5190311418685125, 0.1
867, 6527.0, 8, 7.5195852534562215, 0.1
868, 6535.0, 8, 7.520138089758343, 0.1
869, 6539.0, 4, 7.516091954022989, 0.1
870, 6546.0, 7, 7.515499425947187, 0.1
871, 6552.0, 6, 7.513761467889908, 0.1
872, 6560.0, 8, 7.514318442153494, 0.1
873, 6567.0, 7, 7.5137299771167045, 0.1
874, 6575.0, 8, 7.514285714285714, 0.1
875, 6581.0, 6, 7.512557077625571, 0.1
876, 6589.0, 8, 7.513112884834664, 0.1
877, 6596.0, 7, 7.5125284738041005, 0.1
878, 6604.0, 8, 7.513083048919226, 0.1
879, 6610.0, 6, 7.511363636363637, 0.1
880, 6618.0, 8, 7.511918274687854, 0.1
881, 6625.0, 7, 7.511337868480726, 0.1
882, 6633.0, 8, 7.511891279728199, 0.1
883, 6641.0, 8, 7.512443438914027, 0.1
884, 6649.0, 8, 7.512994350282486, 0.1
885, 6657.0, 8, 7.513544018058691, 0.1
886, 6662.0, 5, 7.510710259301015, 0.1
887, 6669.0, 7, 7.510135135135135, 0.1
888, 6676.0, 7, 7.509561304836895, 0.1
889, 6684.0, 8, 7.510112359550562, 0.1
890, 6691.0, 7, 7.509539842873176, 0.1
891, 6698.0, 7, 7.50896860986547, 0.1
892, 6705.0, 7, 7.508398656215006, 0.1
893, 6712.0, 7, 7.507829977628635, 0.1
894, 6719.0, 7, 7.5072625698324025, 0.1
895, 6727.0, 8, 7.5078125, 0.1
896, 6735.0, 8, 7.508361204013378, 0.1
897, 6741.0, 6, 7.506681514476615, 0.1
898, 6748.0, 7, 7.506117908787542, 0.1
899, 6748.0, 0, 7.497777777777777, 0.1
900, 6751.0, 3, 7.4927857935627085, 0.1
901, 6758.0, 7, 7.492239467849224, 0.1
902, 6765.0, 7, 7.4916943521594686, 0.1
903, 6772.0, 7, 7.491150442477876, 0.1
904, 6780.0, 8, 7.49171270718232, 0.1
905, 6788.0, 8, 7.492273730684326, 0.1
906, 6795.0, 7, 7.49173098125689, 0.1
907, 6803.0, 8, 7.492290748898679, 0.1
908, 6811.0, 8, 7.492849284928493, 0.1
909, 6819.0, 8, 7.493406593406593, 0.1
910, 6821.0, 2, 7.4873765093304065, 0.1
911, 6828.0, 7, 7.4868421052631575, 0.1
912, 6836.0, 8, 7.4874041621029575, 0.1
913, 6841.0, 5, 7.4846827133479215, 0.1
914, 6848.0, 7, 7.4841530054644805, 0.1
915, 6856.0, 8, 7.4847161572052405, 0.1
916, 6864.0, 8, 7.485278080697928, 0.1
917, 6872.0, 8, 7.485838779956427, 0.1
918, 6879.0, 7, 7.485310119695321, 0.1
919, 6887.0, 8, 7.485869565217391, 0.1
920, 6894.0, 7, 7.485342019543974, 0.1
921, 6901.0, 7, 7.484815618221258, 0.1
922, 6909.0, 8, 7.485373781148429, 0.1
923, 6917.0, 8, 7.485930735930736, 0.1
924, 6925.0, 8, 7.486486486486487, 0.1
925, 6933.0, 8, 7.487041036717063, 0.1
926, 6941.0, 8, 7.487594390507012, 0.1
927, 6947.0, 6, 7.485991379310345, 0.1
928, 6954.0, 7, 7.485468245425189, 0.1
929, 6962.0, 8, 7.486021505376344, 0.1
930, 6969.0, 7, 7.485499462943072, 0.1
931, 6976.0, 7, 7.484978540772532, 0.1
932, 6978.0, 2, 7.479099678456592, 0.1
933, 6986.0, 8, 7.4796573875803, 0.1
934, 6993.0, 7, 7.479144385026738, 0.1
935, 7001.0, 8, 7.479700854700854, 0.1
936, 7008.0, 7, 7.479188900747065, 0.1
937, 7015.0, 7, 7.478678038379531, 0.1
938, 7022.0, 7, 7.4781682641107565, 0.1
939, 7029.0, 7, 7.477659574468085, 0.1
940, 7035.0, 6, 7.476089266737513, 0.1
941, 7043.0, 8, 7.476645435244161, 0.1
942, 7043.0, 0, 7.468716861081655, 0.1
943, 7050.0, 7, 7.468220338983051, 0.1
944, 7057.0, 7, 7.4677248677248675, 0.1
945, 7065.0, 8, 7.468287526427061, 0.1
946, 7073.0, 8, 7.468848996832102, 0.1
947, 7081.0, 8, 7.469409282700422, 0.1
948, 7088.0, 7, 7.468914646996839, 0.1
949, 7096.0, 8, 7.469473684210526, 0.1
950, 7102.0, 6, 7.467928496319663, 0.1
951, 7108.0, 6, 7.466386554621849, 0.1
952, 7114.0, 6, 7.464847848898216, 0.1
953, 7121.0, 7, 7.464360587002097, 0.1
954, 7128.0, 7, 7.463874345549738, 0.1
955, 7131.0, 3, 7.4592050209205025, 0.1
956, 7139.0, 8, 7.459770114942529, 0.1
957, 7146.0, 7, 7.45929018789144, 0.1
958, 7154.0, 8, 7.45985401459854, 0.1
959, 7159.0, 5, 7.457291666666666, 0.1
960, 7167.0, 8, 7.457856399583767, 0.1
961, 7174.0, 7, 7.457380457380458, 0.1
962, 7181.0, 7, 7.456905503634475, 0.1
963, 7189.0, 8, 7.45746887966805, 0.1
964, 7196.0, 7, 7.456994818652849, 0.1
965, 7197.0, 1, 7.450310559006211, 0.1
966, 7205.0, 8, 7.450879007238883, 0.1
967, 7212.0, 7, 7.450413223140496, 0.1
968, 7219.0, 7, 7.449948400412796, 0.1
969, 7227.0, 8, 7.450515463917526, 0.1
970, 7233.0, 6, 7.449021627188466, 0.1
971, 7241.0, 8, 7.449588477366255, 0.1
972, 7248.0, 7, 7.44912641315519, 0.1
973, 7254.0, 6, 7.447638603696099, 0.1
974, 7256.0, 2, 7.442051282051282, 0.1
975, 7263.0, 7, 7.441598360655738, 0.1
976, 7271.0, 8, 7.4421699078812695, 0.1
977, 7278.0, 7, 7.441717791411043, 0.1
978, 7280.0, 2, 7.4361593462717055, 0.1
979, 7286.0, 6, 7.4346938775510205, 0.1
980, 7294.0, 8, 7.4352701325178385, 0.1
981, 7299.0, 5, 7.432790224032587, 0.1
982, 7307.0, 8, 7.433367243133265, 0.1
983, 7315.0, 8, 7.433943089430894, 0.1
984, 7323.0, 8, 7.4345177664974615, 0.1
985, 7331.0, 8, 7.435091277890466, 0.1
986, 7339.0, 8, 7.435663627152989, 0.1
987, 7347.0, 8, 7.436234817813765, 0.1
988, 7355.0, 8, 7.43680485338726, 0.1
989, 7363.0, 8, 7.437373737373737, 0.1
990, 7369.0, 6, 7.435923309788093, 0.1
991, 7376.0, 7, 7.435483870967742, 0.1
992, 7384.0, 8, 7.436052366565962, 0.1
993, 7386.0, 2, 7.430583501006036, 0.1
994, 7393.0, 7, 7.430150753768844, 0.1
995, 7396.0, 3, 7.42570281124498, 0.1
996, 7404.0, 8, 7.426278836509528, 0.1
997, 7412.0, 8, 7.426853707414829, 0.1
998, 7420.0, 8, 7.4274274274274275, 0.1
999, 7427.0, 7, 7.427, 0.1
1000, 7435.0, 8, 7.427572427572428, 0.1
1001, 7438.0, 3, 7.42315369261477, 0.1
1002, 7445.0, 7, 7.422731804586241, 0.1
1003, 7452.0, 7, 7.422310756972111, 0.1
1004, 7460.0, 8, 7.422885572139304, 0.1
1005, 7467.0, 7, 7.422465208747515, 0.1
1006, 7474.0, 7, 7.422045680238332, 0.1
1007, 7481.0, 7, 7.421626984126984, 0.1
1008, 7488.0, 7, 7.421209117938553, 0.1
1009, 7495.0, 7, 7.420792079207921, 0.1
1010, 7502.0, 7, 7.420375865479723, 0.1
1011, 7508.0, 6, 7.4189723320158105, 0.1
1012, 7515.0, 7, 7.418558736426456, 0.1
1013, 7522.0, 7, 7.418145956607495, 0.1
1014, 7529.0, 7, 7.4177339901477835, 0.1
1015, 7537.0, 8, 7.418307086614173, 0.1
1016, 7543.0, 6, 7.416912487708948, 0.1
1017, 7548.0, 5, 7.414538310412573, 0.1
1018, 7555.0, 7, 7.414131501472031, 0.1
1019, 7562.0, 7, 7.413725490196079, 0.1
1020, 7569.0, 7, 7.41332027424094, 0.1
1021, 7576.0, 7, 7.4129158512720155, 0.1
1022, 7583.0, 7, 7.4125122189638315, 0.1
1023, 7591.0, 8, 7.4130859375, 0.1
1024, 7599.0, 8, 7.413658536585366, 0.1
1025, 7605.0, 6, 7.412280701754386, 0.1
1026, 7612.0, 7, 7.411879259980526, 0.1
1027, 7619.0, 7, 7.41147859922179, 0.1
1028, 7627.0, 8, 7.412050534499514, 0.1
1029, 7633.0, 6, 7.410679611650486, 0.1
1030, 7640.0, 7, 7.410281280310378, 0.1
1031, 7646.0, 6, 7.408914728682171, 0.1
1032, 7652.0, 6, 7.40755082284608, 0.1
1033, 7656.0, 4, 7.404255319148936, 0.1
1034, 7657.0, 1, 7.398067632850242, 0.1
1035, 7665.0, 8, 7.398648648648648, 0.1
1036, 7673.0, 8, 7.399228543876567, 0.1
1037, 7681.0, 8, 7.39980732177264, 0.1
1038, 7685.0, 4, 7.396535129932627, 0.1
1039, 7693.0, 8, 7.397115384615384, 0.1
1040, 7701.0, 8, 7.3976945244956775, 0.1
1041, 7708.0, 7, 7.3973128598848366, 0.1
1042, 7715.0, 7, 7.396931927133269, 0.1
1043, 7720.0, 5, 7.394636015325671, 0.1
1044, 7727.0, 7, 7.394258373205742, 0.1
1045, 7734.0, 7, 7.393881453154876, 0.1
1046, 7742.0, 8, 7.3944603629417385, 0.1
1047, 7749.0, 7, 7.394083969465649, 0.1
1048, 7757.0, 8, 7.394661582459485, 0.1
1049, 7764.0, 7, 7.394285714285714, 0.1
1050, 7769.0, 5, 7.392007611798287, 0.1
1051, 7775.0, 6, 7.390684410646388, 0.1
1052, 7775.0, 0, 7.38366571699905, 0.1
1053, 7777.0, 2, 7.378557874762809, 0.1
1054, 7785.0, 8, 7.37914691943128, 0.1
1055, 7791.0, 6, 7.377840909090909, 0.1
1056, 7799.0, 8, 7.378429517502365, 0.1
1057, 7806.0, 7, 7.378071833648393, 0.1
1058, 7813.0, 7, 7.377714825306893, 0.1
1059, 7819.0, 6, 7.376415094339623, 0.1
1060, 7826.0, 7, 7.376060320452403, 0.1
1061, 7834.0, 8, 7.376647834274953, 0.1
1062, 7841.0, 7, 7.376293508936971, 0.1
1063, 7847.0, 6, 7.375, 0.1
1064, 7854.0, 7, 7.374647887323944, 0.1
1065, 7855.0, 1, 7.3686679174484055, 0.1
1066, 7859.0, 4, 7.365510777881912, 0.1
1067, 7860.0, 1, 7.359550561797753, 0.1
1068, 7867.0, 7, 7.359214218896165, 0.1
1069, 7875.0, 8, 7.359813084112149, 0.1
1070, 7883.0, 8, 7.360410830999066, 0.1
1071, 7888.0, 5, 7.358208955223881, 0.1
1072, 7896.0, 8, 7.358807082945014, 0.1
1073, 7903.0, 7, 7.3584729981378025, 0.1
1074, 7910.0, 7, 7.358139534883721, 0.1
1075, 7917.0, 7, 7.357806691449814, 0.1
1076, 7920.0, 3, 7.353760445682451, 0.1
1077, 7928.0, 8, 7.354359925788497, 0.1
1078, 7935.0, 7, 7.354031510658016, 0.1
1079, 7942.0, 7, 7.353703703703704, 0.1
1080, 7948.0, 6, 7.3524514338575395, 0.1
1081, 7955.0, 7, 7.352125693160813, 0.1
1082, 7962.0, 7, 7.351800554016621, 0.1
1083, 7969.0, 7, 7.351476014760148, 0.1
1084, 7976.0, 7, 7.3511520737327185, 0.1
1085, 7984.0, 8, 7.351749539594843, 0.1
1086, 7992.0, 8, 7.3523459061637535, 0.1
1087, 7999.0, 7, 7.352022058823529, 0.1
1088, 8007.0, 8, 7.352617079889807, 0.1
1089, 8014.0, 7, 7.352293577981651, 0.1
1090, 8021.0, 7, 7.351970669110908, 0.1
1091, 8028.0, 7, 7.351648351648351, 0.1
1092, 8036.0, 8, 7.35224153705398, 0.1
1093, 8044.0, 8, 7.3528336380255945, 0.1
1094, 8046.0, 2, 7.347945205479452, 0.1
1095, 8053.0, 7, 7.3476277372262775, 0.1
1096, 8056.0, 3, 7.3436645396536, 0.1
1097, 8061.0, 5, 7.341530054644808, 0.1
1098, 8068.0, 7, 7.341219290263877, 0.1
1099, 8073.0, 5, 7.339090909090909, 0.1
1100, 8081.0, 8, 7.3396911898274295, 0.1
1101, 8085.0, 4, 7.336660617059891, 0.1
1102, 8093.0, 8, 7.337262012692657, 0.1
1103, 8100.0, 7, 7.336956521739131, 0.1
1104, 8108.0, 8, 7.3375565610859725, 0.1
1105, 8112.0, 4, 7.334538878842676, 0.1
1106, 8120.0, 8, 7.335140018066848, 0.1
1107, 8128.0, 8, 7.335740072202166, 0.1
1108, 8135.0, 7, 7.335437330928765, 0.1
1109, 8142.0, 7, 7.335135135135135, 0.1
1110, 8148.0, 6, 7.333933393339334, 0.1
1111, 8154.0, 6, 7.33273381294964, 0.1
1112, 8156.0, 2, 7.327942497753819, 0.1
1113, 8163.0, 7, 7.3276481149012564, 0.1
1114, 8171.0, 8, 7.328251121076233, 0.1
1115, 8174.0, 3, 7.32437275985663, 0.1
1116, 8182.0, 8, 7.324977618621307, 0.1
1117, 8189.0, 7, 7.324686940966011, 0.1
1118, 8196.0, 7, 7.3243967828418235, 0.1
1119, 8204.0, 8, 7.325, 0.1
1120, 8211.0, 7, 7.32471008028546, 0.1
1121, 8218.0, 7, 7.324420677361854, 0.1
1122, 8226.0, 8, 7.325022261798753, 0.1
1123, 8234.0, 8, 7.325622775800712, 0.1
1124, 8242.0, 8, 7.326222222222222, 0.1
1125, 8249.0, 7, 7.325932504440497, 0.1
1126, 8256.0, 7, 7.32564330079858, 0.1
1127, 8263.0, 7, 7.325354609929078, 0.1
1128, 8271.0, 8, 7.325952170062002, 0.1
1129, 8272.0, 1, 7.320353982300885, 0.1
1130, 8280.0, 8, 7.320954907161804, 0.1
1131, 8288.0, 8, 7.321554770318021, 0.1
1132, 8295.0, 7, 7.321270962047661, 0.1
1133, 8302.0, 7, 7.320987654320987, 0.1
1134, 8307.0, 5, 7.3189427312775335, 0.1
1135, 8314.0, 7, 7.318661971830986, 0.1
1136, 8322.0, 8, 7.319261213720317, 0.1
1137, 8329.0, 7, 7.3189806678383125, 0.1
1138, 8337.0, 8, 7.319578577699737, 0.1
1139, 8344.0, 7, 7.319298245614035, 0.1
1140, 8351.0, 7, 7.319018404907975, 0.1
1141, 8358.0, 7, 7.3187390542907185, 0.1
1142, 8366.0, 8, 7.319335083114611, 0.1
1143, 8372.0, 6, 7.318181818181818, 0.1
1144, 8380.0, 8, 7.318777292576419, 0.1
1145, 8380.0, 0, 7.31239092495637, 0.1
1146, 8380.0, 0, 7.306015693112467, 0.1
1147, 8388.0, 8, 7.306620209059234, 0.1
1148, 8395.0, 7, 7.306353350739774, 0.1
1149, 8403.0, 8, 7.306956521739131, 0.1
1150, 8410.0, 7, 7.306689834926151, 0.1
1151, 8417.0, 7, 7.306423611111111, 0.1
1152, 8424.0, 7, 7.306157849089332, 0.1
1153, 8426.0, 2, 7.30155979202773, 0.1
1154, 8434.0, 8, 7.302164502164502, 0.1
1155, 8441.0, 7, 7.301903114186851, 0.1
1156, 8449.0, 8, 7.302506482281763, 0.1
1157, 8455.0, 6, 7.301381692573402, 0.1
1158, 8461.0, 6, 7.300258843830889, 0.1
1159, 8469.0, 8, 7.300862068965517, 0.1
1160, 8477.0, 8, 7.301464254952627, 0.1
1161, 8485.0, 8, 7.302065404475043, 0.1
1162, 8487.0, 2, 7.297506448839209, 0.1
1163, 8494.0, 7, 7.297250859106529, 0.1
1164, 8502.0, 8, 7.297854077253219, 0.1
1165, 8508.0, 6, 7.296740994854202, 0.1
1166, 8514.0, 6, 7.295629820051414, 0.1
1167, 8522.0, 8, 7.296232876712328, 0.1
1168, 8529.0, 7, 7.295979469632164, 0.1
1169, 8536.0, 7, 7.295726495726496, 0.1
1170, 8544.0, 8, 7.296327924850555, 0.1
1171, 8552.0, 8, 7.296928327645051, 0.1
1172, 8559.0, 7, 7.296675191815857, 0.1
1173, 8567.0, 8, 7.297274275979557, 0.1
1174, 8574.0, 7, 7.2970212765957445, 0.1
1175, 8582.0, 8, 7.2976190476190474, 0.1
1176, 8588.0, 6, 7.296516567544605, 0.1
1177, 8595.0, 7, 7.296264855687606, 0.1
1178, 8603.0, 8, 7.296861747243427, 0.1
1179, 8611.0, 8, 7.297457627118644, 0.1
1180, 8619.0, 8, 7.29805249788315, 0.1
1181, 8626.0, 7, 7.297800338409475, 0.1
1182, 8634.0, 8, 7.298393913778529, 0.1
1183, 8641.0, 7, 7.298141891891892, 0.1
1184, 8649.0, 8, 7.29873417721519, 0.1
1185, 8657.0, 8, 7.299325463743676, 0.1
1186, 8665.0, 8, 7.299915754001685, 0.1
1187, 8671.0, 6, 7.298821548821548, 0.1
1188, 8678.0, 7, 7.298570227081581, 0.1
1189, 8686.0, 8, 7.299159663865546, 0.1
1190, 8694.0, 8, 7.299748110831234, 0.1
1191, 8694.0, 0, 7.293624161073826, 0.1
1192, 8700.0, 6, 7.292539815590947, 0.1
1193, 8707.0, 7, 7.292294807370184, 0.1
1194, 8714.0, 7, 7.292050209205021, 0.1
1195, 8721.0, 7, 7.29180602006689, 0.1
1196, 8729.0, 8, 7.292397660818714, 0.1
1197, 8736.0, 7, 7.292153589315526, 0.1
1198, 8743.0, 7, 7.291909924937448, 0.1
1199, 8751.0, 8, 7.2925, 0.1
1200, 8758.0, 7, 7.29225645295587, 0.1
1201, 8763.0, 5, 7.290349417637271, 0.1
1202, 8771.0, 8, 7.290939318370739, 0.1
1203, 8777.0, 6, 7.289867109634551, 0.1
1204, 8784.0, 7, 7.289626556016597, 0.1
1205, 8790.0, 6, 7.288557213930348, 0.1
1206, 8798.0, 8, 7.289146644573322, 0.1
1207, 8806.0, 8, 7.289735099337748, 0.1
1208, 8814.0, 8, 7.290322580645161, 0.1
1209, 8821.0, 7, 7.290082644628099, 0.1
1210, 8823.0, 2, 7.285714285714286, 0.1
1211, 8829.0, 6, 7.284653465346534, 0.1
1212, 8837.0, 8, 7.2852431986809565, 0.1
1213, 8845.0, 8, 7.285831960461285, 0.1
1214, 8851.0, 6, 7.284773662551441, 0.1
1215, 8859.0, 8, 7.285361842105263, 0.1
1216, 8867.0, 8, 7.28594905505341, 0.1
1217, 8873.0, 6, 7.2848932676518885, 0.1
1218, 8880.0, 7, 7.284659557013946, 0.1
1219, 8880.0, 0, 7.278688524590164, 0.1
1220, 8887.0, 7, 7.278460278460279, 0.1
1221, 8895.0, 8, 7.279050736497545, 0.1
1222, 8903.0, 8, 7.279640228945217, 0.1
1223, 8910.0, 7, 7.279411764705882, 0.1
1224, 8912.0, 2, 7.275102040816327, 0.1
1225, 8920.0, 8, 7.275693311582382, 0.1
1226, 8928.0, 8, 7.276283618581907, 0.1
1227, 8936.0, 8, 7.276872964169381, 0.1
1228, 8943.0, 7, 7.2766476810414975, 0.1
1229, 8951.0, 8, 7.277235772357724, 0.1
1230, 8954.0, 3, 7.273761169780666, 0.1
1231, 8962.0, 8, 7.27435064935065, 0.1
1232, 8963.0, 1, 7.26926196269262, 0.1
1233, 8965.0, 2, 7.264991896272285, 0.1
1234, 8973.0, 8, 7.265587044534413, 0.1
1235, 8981.0, 8, 7.266181229773463, 0.1
1236, 8988.0, 7, 7.265966046887631, 0.1
1237, 8995.0, 7, 7.265751211631664, 0.1
1238, 9002.0, 7, 7.265536723163842, 0.1
1239, 9003.0, 1, 7.260483870967742, 0.1
1240, 9010.0, 7, 7.260273972602739, 0.1
1241, 9016.0, 6, 7.2592592592592595, 0.1
1242, 9023.0, 7, 7.259050683829445, 0.1
1243, 9031.0, 8, 7.259646302250804, 0.1
1244, 9038.0, 7, 7.2594377510040164, 0.1
1245, 9045.0, 7, 7.259229534510434, 0.1
1246, 9049.0, 4, 7.256615878107458, 0.1
1247, 9054.0, 5, 7.2548076923076925, 0.1
1248, 9062.0, 8, 7.255404323458767, 0.1
1249, 9070.0, 8, 7.256, 0.1
1250, 9077.0, 7, 7.255795363709033, 0.1
1251, 9084.0, 7, 7.255591054313099, 0.1
1252, 9090.0, 6, 7.2545889864325614, 0.1
1253, 9096.0, 6, 7.253588516746412, 0.1
1254, 9100.0, 4, 7.250996015936255, 0.1
1255, 9106.0, 6, 7.25, 0.1
1256, 9113.0, 7, 7.249801113762928, 0.1
1257, 9121.0, 8, 7.250397456279809, 0.1
1258, 9129.0, 8, 7.25099285146942, 0.1
1259, 9129.0, 0, 7.245238095238095, 0.1
1260, 9136.0, 7, 7.245043616177637, 0.1
1261, 9143.0, 7, 7.244849445324881, 0.1
1262, 9149.0, 6, 7.243863816310372, 0.1
1263, 9157.0, 8, 7.244462025316456, 0.1
1264, 9163.0, 6, 7.243478260869566, 0.1
1265, 9170.0, 7, 7.243285939968405, 0.1
1266, 9177.0, 7, 7.2430939226519335, 0.1
1267, 9184.0, 7, 7.242902208201893, 0.1
1268, 9190.0, 6, 7.2419227738376675, 0.1
1269, 9195.0, 5, 7.24015748031496, 0.1
1270, 9202.0, 7, 7.2399685287175455, 0.1
1271, 9210.0, 8, 7.240566037735849, 0.1
1272, 9217.0, 7, 7.240377062058131, 0.1
1273, 9224.0, 7, 7.240188383045526, 0.1
1274, 9231.0, 7, 7.24, 0.1
1275, 9238.0, 7, 7.239811912225705, 0.1
1276, 9245.0, 7, 7.239624119028974, 0.1
1277, 9252.0, 7, 7.23943661971831, 0.1
1278, 9258.0, 6, 7.238467552775606, 0.1
1279, 9266.0, 8, 7.2390625, 0.1
1280, 9274.0, 8, 7.2396565183450425, 0.1
1281, 9280.0, 6, 7.238689547581903, 0.1
1282, 9282.0, 2, 7.23460639127046, 0.1
1283, 9290.0, 8, 7.235202492211838, 0.1
1284, 9298.0, 8, 7.23579766536965, 0.1
1285, 9305.0, 7, 7.235614307931571, 0.1
1286, 9312.0, 7, 7.235431235431236, 0.1
1287, 9320.0, 8, 7.236024844720497, 0.1
1288, 9328.0, 8, 7.236617532971295, 0.1
1289, 9336.0, 8, 7.2372093023255815, 0.1
1290, 9344.0, 8, 7.237800154918668, 0.1
1291, 9352.0, 8, 7.238390092879257, 0.1
1292, 9353.0, 1, 7.233565351894819, 0.1
1293, 9361.0, 8, 7.234157650695518, 0.1
1294, 9364.0, 3, 7.230888030888031, 0.1
1295, 9370.0, 6, 7.229938271604938, 0.1
1296, 9377.0, 7, 7.229760986892829, 0.1
1297, 9384.0, 7, 7.229583975346687, 0.1
1298, 9390.0, 6, 7.228637413394919, 0.1
1299, 9398.0, 8, 7.229230769230769, 0.1
1300, 9406.0, 8, 7.229823212913144, 0.1
1301, 9413.0, 7, 7.229646697388633, 0.1
1302, 9419.0, 6, 7.228702993092862, 0.1
1303, 9425.0, 6, 7.227760736196319, 0.1
1304, 9433.0, 8, 7.228352490421456, 0.1
1305, 9441.0, 8, 7.228943338437978, 0.1
1306, 9449.0, 8, 7.229533282325937, 0.1
1307, 9456.0, 7, 7.229357798165138, 0.1
1308, 9462.0, 6, 7.228418640183346, 0.1
1309, 9467.0, 5, 7.2267175572519085, 0.1
1310, 9474.0, 7, 7.226544622425629, 0.1
1311, 9481.0, 7, 7.226371951219512, 0.1
1312, 9489.0, 8, 7.226961157654227, 0.1
1313, 9490.0, 1, 7.222222222222222, 0.1
1314, 9490.0, 0, 7.216730038022813, 0.1
1315, 9497.0, 7, 7.216565349544073, 0.1
1316, 9498.0, 1, 7.211845102505695, 0.1
1317, 9506.0, 8, 7.212443095599393, 0.1
1318, 9506.0, 0, 7.206974981046248, 0.1
1319, 9512.0, 6, 7.206060606060606, 0.1
1320, 9519.0, 7, 7.205904617713853, 0.1
1321, 9521.0, 2, 7.20196671709531, 0.1
1322, 9528.0, 7, 7.201814058956916, 0.1
1323, 9534.0, 6, 7.2009063444108765, 0.1
1324, 9539.0, 5, 7.199245283018868, 0.1
1325, 9539.0, 0, 7.193815987933635, 0.1
1326, 9546.0, 7, 7.193669932177845, 0.1
1327, 9553.0, 7, 7.193524096385542, 0.1
1328, 9555.0, 2, 7.18961625282167, 0.1
1329, 9557.0, 2, 7.185714285714286, 0.1
1330, 9564.0, 7, 7.18557475582269, 0.1
1331, 9572.0, 8, 7.186186186186186, 0.1
1332, 9579.0, 7, 7.186046511627907, 0.1
1333, 9587.0, 8, 7.186656671664168, 0.1
1334, 9590.0, 3, 7.1835205992509366, 0.1
1335, 9598.0, 8, 7.184131736526946, 0.1
1336, 9606.0, 8, 7.1847419596110695, 0.1
1337, 9608.0, 2, 7.180866965620329, 0.1
1338, 9610.0, 2, 7.176997759522031, 0.1
1339, 9617.0, 7, 7.176865671641791, 0.1
1340, 9625.0, 8, 7.177479492915735, 0.1
1341, 9627.0, 2, 7.173621460506706, 0.1
1342, 9634.0, 7, 7.1734921816828, 0.1
1343, 9641.0, 7, 7.173363095238095, 0.1
1344, 9648.0, 7, 7.173234200743495, 0.1
1345, 9655.0, 7, 7.173105497771174, 0.1
1346, 9663.0, 8, 7.173719376391982, 0.1
1347, 9671.0, 8, 7.17433234421365, 0.1
1348, 9677.0, 6, 7.173461823573017, 0.1
1349, 9684.0, 7, 7.173333333333333, 0.1
1350, 9686.0, 2, 7.169504071058475, 0.1
1351, 9689.0, 3, 7.166420118343195, 0.1
1352, 9695.0, 6, 7.165558019216556, 0.1
1353, 9703.0, 8, 7.166174298375185, 0.1
1354, 9710.0, 7, 7.166051660516605, 0.1
1355, 9717.0, 7, 7.165929203539823, 0.1
1356, 9724.0, 7, 7.165806927044952, 0.1
1357, 9731.0, 7, 7.1656848306332845, 0.1
1358, 9739.0, 8, 7.166298749080206, 0.1
1359, 9739.0, 0, 7.161029411764706, 0.1
1360, 9742.0, 3, 7.157972079353416, 0.1
1361, 9749.0, 7, 7.157856093979442, 0.1
1362, 9755.0, 6, 7.157006603081438, 0.1
1363, 9763.0, 8, 7.157624633431085, 0.1
1364, 9766.0, 3, 7.154578754578755, 0.1
1365, 9774.0, 8, 7.155197657393851, 0.1
1366, 9782.0, 8, 7.155815654718362, 0.1
1367, 9786.0, 4, 7.1535087719298245, 0.1
1368, 9794.0, 8, 7.154127100073046, 0.1
1369, 9802.0, 8, 7.1547445255474456, 0.1
1370, 9810.0, 8, 7.155361050328228, 0.1
1371, 9818.0, 8, 7.15597667638484, 0.1
1372, 9826.0, 8, 7.156591405680991, 0.1
1373, 9834.0, 8, 7.157205240174672, 0.1
1374, 9841.0, 7, 7.157090909090909, 0.1
1375, 9846.0, 5, 7.155523255813954, 0.1
1376, 9854.0, 8, 7.156136528685549, 0.1
1377, 9862.0, 8, 7.156748911465892, 0.1
1378, 9869.0, 7, 7.156635242929659, 0.1
1379, 9877.0, 8, 7.157246376811594, 0.1
1380, 9885.0, 8, 7.157856625633599, 0.1
1381, 9892.0, 7, 7.157742402315485, 0.1
1382, 9895.0, 3, 7.154736080983369, 0.1
1383, 9902.0, 7, 7.154624277456647, 0.1
1384, 9909.0, 7, 7.154512635379062, 0.1
1385, 9917.0, 8, 7.155122655122655, 0.1
1386, 9923.0, 6, 7.154289834174477, 0.1
1387, 9925.0, 2, 7.150576368876081, 0.1
1388, 9932.0, 7, 7.1504679625629946, 0.1
1389, 9937.0, 5, 7.148920863309352, 0.1
1390, 9945.0, 8, 7.149532710280374, 0.1
1391, 9952.0, 7, 7.149425287356322, 0.1
1392, 9959.0, 7, 7.1493180186647525, 0.1
1393, 9966.0, 7, 7.149210903873745, 0.1
1394, 9970.0, 4, 7.146953405017921, 0.1
1395, 9977.0, 7, 7.146848137535817, 0.1
1396, 9981.0, 4, 7.144595561918397, 0.1
1397, 9988.0, 7, 7.1444921316165955, 0.1
1398, 9994.0, 6, 7.143674052894925, 0.1
1399, 9999.0, 5, 7.142142857142857, 0.1
1400, 10005.0, 6, 7.1413276231263385, 0.1
1401, 10013.0, 8, 7.141940085592012, 0.1
1402, 10020.0, 7, 7.14183891660727, 0.1
1403, 10027.0, 7, 7.1417378917378915, 0.1
1404, 10033.0, 6, 7.140925266903914, 0.1
1405, 10040.0, 7, 7.140825035561877, 0.1
1406, 10045.0, 5, 7.1393034825870645, 0.1
1407, 10049.0, 4, 7.137073863636363, 0.1
1408, 10057.0, 8, 7.137686302342087, 0.1
1409, 10065.0, 8, 7.138297872340425, 0.1
1410, 10073.0, 8, 7.138908575478384, 0.1
1411, 10081.0, 8, 7.139518413597734, 0.1
1412, 10088.0, 7, 7.1394196744515215, 0.1
1413, 10096.0, 8, 7.14002828854314, 0.1
1414, 10102.0, 6, 7.139222614840989, 0.1
1415, 10109.0, 7, 7.1391242937853105, 0.1
1416, 10117.0, 8, 7.139731827805222, 0.1
1417, 10121.0, 4, 7.137517630465444, 0.1
1418, 10128.0, 7, 7.137420718816068, 0.1
1419, 10136.0, 8, 7.138028169014085, 0.1
1420, 10144.0, 8, 7.1386347642505275, 0.1
1421, 10151.0, 7, 7.138537271448664, 0.1
1422, 10157.0, 6, 7.137737174982432, 0.1
1423, 10163.0, 6, 7.136938202247191, 0.1
1424, 10171.0, 8, 7.1375438596491225, 0.1
1425, 10179.0, 8, 7.138148667601683, 0.1
1426, 10184.0, 5, 7.136650315346881, 0.1
1427, 10187.0, 3, 7.133753501400561, 0.1
1428, 10194.0, 7, 7.133659902029391, 0.1
1429, 10200.0, 6, 7.1328671328671325, 0.1
1430, 10201.0, 1, 7.12858141160028, 0.1
1431, 10207.0, 6, 7.1277932960893855, 0.1
1432, 10215.0, 8, 7.128401953942777, 0.1
1433, 10221.0, 6, 7.127615062761507, 0.1
1434, 10227.0, 6, 7.126829268292683, 0.1
1435, 10230.0, 3, 7.123955431754875, 0.1
1436, 10237.0, 7, 7.1238691718858735, 0.1
1437, 10243.0, 6, 7.1230876216968015, 0.1
1438, 10250.0, 7, 7.123002084781098, 0.1
1439, 10257.0, 7, 7.122916666666667, 0.1
1440, 10257.0, 0, 7.117973629424011, 0.1
1441, 10263.0, 6, 7.117198335644938, 0.1
1442, 10270.0, 7, 7.117117117117117, 0.1
1443, 10276.0, 6, 7.116343490304709, 0.1
1444, 10284.0, 8, 7.116955017301038, 0.1
1445, 10292.0, 8, 7.117565698478561, 0.1
1446, 10300.0, 8, 7.118175535590877, 0.1
1447, 10307.0, 7, 7.1180939226519335, 0.1
1448, 10315.0, 8, 7.1187025534851625, 0.1
1449, 10315.0, 0, 7.113793103448276, 0.1
1450, 10323.0, 8, 7.114403859407306, 0.1
1451, 10329.0, 6, 7.113636363636363, 0.1
1452, 10336.0, 7, 7.113558155540262, 0.1
1453, 10342.0, 6, 7.112792297111417, 0.1
1454, 10349.0, 7, 7.112714776632302, 0.1
1455, 10356.0, 7, 7.112637362637362, 0.1
1456, 10360.0, 4, 7.110501029512697, 0.1
1457, 10368.0, 8, 7.111111111111111, 0.1
1458, 10372.0, 4, 7.108978752570254, 0.1
1459, 10379.0, 7, 7.108904109589041, 0.1
1460, 10385.0, 6, 7.108145106091718, 0.1
1461, 10390.0, 5, 7.106703146374829, 0.1
1462, 10398.0, 8, 7.107313738892686, 0.1
1463, 10404.0, 6, 7.10655737704918, 0.1
1464, 10412.0, 8, 7.107167235494881, 0.1
1465, 10413.0, 1, 7.10300136425648, 0.1
1466, 10421.0, 8, 7.103612815269257, 0.1
1467, 10422.0, 1, 7.099455040871935, 0.1
1468, 10428.0, 6, 7.098706603131382, 0.1
1469, 10428.0, 0, 7.093877551020408, 0.1
1470, 10435.0, 7, 7.093813732154997, 0.1
1471, 10443.0, 8, 7.094429347826087, 0.1
1472, 10449.0, 6, 7.093686354378819, 0.1
1473, 10457.0, 8, 7.0943012211668925, 0.1
1474, 10463.0, 6, 7.093559322033898, 0.1
1475, 10471.0, 8, 7.0941734417344176, 0.1
1476, 10476.0, 5, 7.0927555856465805, 0.1
1477, 10484.0, 8, 7.093369418132611, 0.1
1478, 10490.0, 6, 7.09263015551048, 0.1
1479, 10495.0, 5, 7.091216216216216, 0.1
1480, 10495.0, 0, 7.086428089128967, 0.1
1481, 10502.0, 7, 7.086369770580297, 0.1
1482, 10510.0, 8, 7.086985839514497, 0.1
1483, 10516.0, 6, 7.086253369272237, 0.1
1484, 10522.0, 6, 7.085521885521885, 0.1
1485, 10530.0, 8, 7.086137281292059, 0.1
1486, 10536.0, 6, 7.085406859448554, 0.1
1487, 10542.0, 6, 7.084677419354839, 0.1
1488, 10550.0, 8, 7.085292142377434, 0.1
1489, 10558.0, 8, 7.085906040268457, 0.1
1490, 10564.0, 6, 7.085177733065057, 0.1
1491, 10572.0, 8, 7.085790884718499, 0.1
1492, 10580.0, 8, 7.086403215003349, 0.1
1493, 10585.0, 5, 7.0850066934404285, 0.1
1494, 10585.0, 0, 7.080267558528428, 0.1
1495, 10592.0, 7, 7.080213903743315, 0.1
1496, 10598.0, 6, 7.0794923179692715, 0.1
1497, 10605.0, 7, 7.079439252336448, 0.1
1498, 10612.0, 7, 7.0793862575050035, 0.1
1499, 10620.0, 8, 7.08, 0.1
1500, 10628.0, 8, 7.080612924716855, 0.1
1501, 10633.0, 5, 7.079227696404794, 0.1
1502, 10639.0, 6, 7.078509647371923, 0.1
1503, 10646.0, 7, 7.07845744680851, 0.1
1504, 10647.0, 1, 7.074418604651163, 0.1
1505, 10655.0, 8, 7.075033200531209, 0.1
1506, 10662.0, 7, 7.074983410749834, 0.1
1507, 10668.0, 6, 7.074270557029178, 0.1
1508, 10671.0, 3, 7.071570576540755, 0.1
1509, 10676.0, 5, 7.070198675496688, 0.1
1510, 10683.0, 7, 7.070152217074785, 0.1
1511, 10691.0, 8, 7.070767195767195, 0.1
1512, 10697.0, 6, 7.0700594844679445, 0.1
1513, 10698.0, 1, 7.066050198150594, 0.1
1514, 10706.0, 8, 7.066666666666666, 0.1
1515, 10713.0, 7, 7.066622691292876, 0.1
1516, 10719.0, 6, 7.0659195781147, 0.1
1517, 10726.0, 7, 7.065876152832675, 0.1
1518, 10731.0, 5, 7.064516129032258, 0.1
1519, 10735.0, 4, 7.0625, 0.1
1520, 10742.0, 7, 7.062458908612755, 0.1
1521, 10749.0, 7, 7.062417871222077, 0.1
1522, 10756.0, 7, 7.062376887721602, 0.1
1523, 10763.0, 7, 7.062335958005249, 0.1
1524, 10766.0, 3, 7.059672131147541, 0.1
1525, 10774.0, 8, 7.0602883355176935, 0.1
1526, 10781.0, 7, 7.060248853962017, 0.1
1527, 10788.0, 7, 7.060209424083769, 0.1
1528, 10790.0, 2, 7.0568999345977765, 0.1
1529, 10798.0, 8, 7.057516339869281, 0.1
1530, 10805.0, 7, 7.057478772044416, 0.1
1531, 10809.0, 4, 7.0554830287206265, 0.1
1532, 10816.0, 7, 7.055446836268754, 0.1
1533, 10818.0, 2, 7.052151238591916, 0.1
1534, 10822.0, 4, 7.0501628664495115, 0.1
1535, 10829.0, 7, 7.050130208333333, 0.1
1536, 10835.0, 6, 7.049446974625894, 0.1
1537, 10840.0, 5, 7.048114434330299, 0.1
1538, 10848.0, 8, 7.048732943469785, 0.1
1539, 10855.0, 7, 7.048701298701299, 0.1
1540, 10857.0, 2, 7.045425048669695, 0.1
1541, 10864.0, 7, 7.045395590142672, 0.1
1542, 10872.0, 8, 7.046014257939079, 0.1
1543, 10872.0, 0, 7.041450777202073, 0.1
1544, 10879.0, 7, 7.041423948220065, 0.1
1545, 10886.0, 7, 7.041397153945666, 0.1
1546, 10886.0, 0, 7.036845507433743, 0.1
1547, 10894.0, 8, 7.037467700258398, 0.1
1548, 10902.0, 8, 7.038089089735313, 0.1
1549, 10906.0, 4, 7.0361290322580645, 0.1
1550, 10908.0, 2, 7.032882011605416, 0.1
1551, 10915.0, 7, 7.032860824742268, 0.1
1552, 10922.0, 7, 7.0328396651641985, 0.1
1553, 10929.0, 7, 7.032818532818533, 0.1
1554, 10934.0, 5, 7.031511254019293, 0.1
1555, 10942.0, 8, 7.032133676092545, 0.1
1556, 10943.0, 1, 7.0282594733461785, 0.1
1557, 10949.0, 6, 7.027599486521181, 0.1
1558, 10957.0, 8, 7.028223220012829, 0.1
1559, 10964.0, 7, 7.028205128205128, 0.1
1560, 10971.0, 7, 7.028187059577194, 0.1
1561, 10979.0, 8, 7.028809218950064, 0.1
1562, 10987.0, 8, 7.029430582213692, 0.1
1563, 10994.0, 7, 7.029411764705882, 0.1
1564, 11001.0, 7, 7.029392971246007, 0.1
1565, 11005.0, 4, 7.027458492975734, 0.1
1566, 11011.0, 6, 7.02680280791321, 0.1
1567, 11016.0, 5, 7.025510204081633, 0.1
1568, 11024.0, 8, 7.026131293817718, 0.1
1569, 11030.0, 6, 7.025477707006369, 0.1
1570, 11037.0, 7, 7.025461489497135, 0.1
1571, 11044.0, 7, 7.025445292620865, 0.1
1572, 11044.0, 0, 7.020979020979021, 0.1
1573, 11052.0, 8, 7.021601016518424, 0.1
1574, 11060.0, 8, 7.022222222222222, 0.1
1575, 11068.0, 8, 7.022842639593908, 0.1
1576, 11075.0, 7, 7.02282815472416, 0.1
1577, 11076.0, 1, 7.019011406844107, 0.1
1578, 11081.0, 5, 7.017732742241925, 0.1
1579, 11088.0, 7, 7.017721518987342, 0.1
1580, 11096.0, 8, 7.018342820999368, 0.1
1581, 11104.0, 8, 7.018963337547408, 0.1
1582, 11111.0, 7, 7.0189513581806695, 0.1
1583, 11114.0, 3, 7.016414141414141, 0.1
1584, 11121.0, 7, 7.016403785488959, 0.1
1585, 11129.0, 8, 7.01702395964691, 0.1
1586, 11137.0, 8, 7.017643352236925, 0.1
1587, 11141.0, 4, 7.015743073047859, 0.1
1588, 11149.0, 8, 7.016362492133418, 0.1
1589, 11156.0, 7, 7.016352201257861, 0.1
1590, 11163.0, 7, 7.0163419233186675, 0.1
1591, 11171.0, 8, 7.016959798994975, 0.1
1592, 11179.0, 8, 7.017576898932831, 0.1
1593, 11186.0, 7, 7.017565872020075, 0.1
1594, 11189.0, 3, 7.015047021943574, 0.1
1595, 11197.0, 8, 7.015664160401003, 0.1
1596, 11199.0, 2, 7.0125234815278645, 0.1
1597, 11199.0, 0, 7.008135168961202, 0.1
1598, 11207.0, 8, 7.008755472170106, 0.1
1599, 11207.0, 0, 7.004375, 0.1
1600, 11214.0, 7, 7.004372267332917, 0.1
1601, 11222.0, 8, 7.004993757802747, 0.1
1602, 11230.0, 8, 7.005614472863381, 0.1
1603, 11236.0, 6, 7.00498753117207, 0.1
1604, 11244.0, 8, 7.005607476635514, 0.1
1605, 11252.0, 8, 7.006226650062266, 0.1
1606, 11260.0, 8, 7.00684505289359, 0.1
1607, 11268.0, 8, 7.007462686567164, 0.1
1608, 11274.0, 6, 7.0068365444375384, 0.1
1609, 11280.0, 6, 7.0062111801242235, 0.1
1610, 11288.0, 8, 7.006828057107387, 0.1
1611, 11296.0, 8, 7.007444168734492, 0.1
1612, 11303.0, 7, 7.007439553626782, 0.1
1613, 11311.0, 8, 7.008054522924412, 0.1
1614, 11311.0, 0, 7.003715170278638, 0.1
1615, 11318.0, 7, 7.003712871287129, 0.1
1616, 11325.0, 7, 7.003710575139147, 0.1
1617, 11333.0, 8, 7.004326328800989, 0.1
1618, 11341.0, 8, 7.0049413218035825, 0.1
1619, 11348.0, 7, 7.004938271604939, 0.1
1620, 11355.0, 7, 7.004935225169648, 0.1
1621, 11355.0, 0, 7.000616522811344, 0.1
1622, 11362.0, 7, 7.000616142945163, 0.1
1623, 11370.0, 8, 7.001231527093596, 0.1
1624, 11374.0, 4, 6.999384615384615, 0.1
1625, 11382.0, 8, 7.0, 0.1
1626, 11390.0, 8, 7.000614628149969, 0.1
1627, 11391.0, 1, 6.996928746928747, 0.1
1628, 11399.0, 8, 6.997544505831798, 0.1
1629, 11407.0, 8, 6.998159509202454, 0.1
1630, 11414.0, 7, 6.998160637645616, 0.1
1631, 11420.0, 6, 6.997549019607843, 0.1
1632, 11426.0, 6, 6.996938150642988, 0.1
1633, 11433.0, 7, 6.996940024479804, 0.1
1634, 11440.0, 7, 6.996941896024465, 0.1
1635, 11442.0, 2, 6.993887530562347, 0.1
1636, 11446.0, 4, 6.99205864386072, 0.1
1637, 11448.0, 2, 6.989010989010989, 0.1
1638, 11454.0, 6, 6.988407565588774, 0.1
1639, 11455.0, 1, 6.984756097560975, 0.1
1640, 11462.0, 7, 6.984765386959171, 0.1
1641, 11462.0, 0, 6.980511571254568, 0.1
1642, 11468.0, 6, 6.97991479001826, 0.1
1643, 11470.0, 2, 6.976885644768856, 0.1
1644, 11477.0, 7, 6.9768996960486325, 0.1
1645, 11480.0, 3, 6.974483596597813, 0.1
1646, 11488.0, 8, 6.975106253794778, 0.1
1647, 11496.0, 8, 6.975728155339806, 0.1
1648, 11504.0, 8, 6.976349302607641, 0.1
1649, 11505.0, 1, 6.972727272727273, 0.1
1650, 11512.0, 7, 6.972743791641429, 0.1
1651, 11520.0, 8, 6.973365617433414, 0.1
1652, 11521.0, 1, 6.969751966122202, 0.1
1653, 11528.0, 7, 6.969770253929867, 0.1
1654, 11536.0, 8, 6.970392749244713, 0.1
1655, 11540.0, 4, 6.968599033816425, 0.1
1656, 11541.0, 1, 6.964996982498492, 0.1
1657, 11548.0, 7, 6.965018094089264, 0.1
1658, 11554.0, 6, 6.964436407474382, 0.1
1659, 11561.0, 7, 6.964457831325301, 0.1
1660, 11569.0, 8, 6.965081276339554, 0.1
1661, 11574.0, 5, 6.963898916967509, 0.1
1662, 11575.0, 1, 6.96031268791341, 0.1
1663, 11579.0, 4, 6.958533653846154, 0.1
1664, 11587.0, 8, 6.959159159159159, 0.1
1665, 11594.0, 7, 6.959183673469388, 0.1
1666, 11600.0, 6, 6.9586082783443315, 0.1
1667, 11606.0, 6, 6.958033573141487, 0.1
1668, 11614.0, 8, 6.958657878969443, 0.1
1669, 11615.0, 1, 6.955089820359281, 0.1
1670, 11622.0, 7, 6.955116696588869, 0.1
1671, 11630.0, 8, 6.955741626794258, 0.1
1672, 11637.0, 7, 6.955768081291094, 0.1
1673, 11644.0, 7, 6.955794504181601, 0.1
1674, 11652.0, 8, 6.956417910447761, 0.1
1675, 11659.0, 7, 6.956443914081145, 0.1
1676, 11666.0, 7, 6.956469886702445, 0.1
1677, 11669.0, 3, 6.954112038140644, 0.1
1678, 11670.0, 1, 6.950565812983919, 0.1
1679, 11674.0, 4, 6.9488095238095235, 0.1
1680, 11678.0, 4, 6.947055324211779, 0.1
1681, 11685.0, 7, 6.947086801426873, 0.1
1682, 11693.0, 8, 6.947712418300654, 0.1
1683, 11693.0, 0, 6.943586698337292, 0.1
1684, 11695.0, 2, 6.940652818991098, 0.1
1685, 11699.0, 4, 6.938908659549229, 0.1
1686, 11706.0, 7, 6.938944872554831, 0.1
1687, 11713.0, 7, 6.938981042654029, 0.1
1688, 11721.0, 8, 6.939609236234459, 0.1
1689, 11729.0, 8, 6.9402366863905325, 0.1
1690, 11733.0, 4, 6.938497930218805, 0.1
1691, 11740.0, 7, 6.938534278959811, 0.1
1692, 11748.0, 8, 6.939161252215003, 0.1
1693, 11753.0, 5, 6.93801652892562, 0.1
1694, 11758.0, 5, 6.936873156342183, 0.1
1695, 11766.0, 8, 6.9375, 0.1
1696, 11774.0, 8, 6.938126104890984, 0.1
1697, 11782.0, 8, 6.9387514723203765, 0.1
1698, 11790.0, 8, 6.939376103590347, 0.1
1699, 11794.0, 4, 6.937647058823529, 0.1
1700, 11800.0, 6, 6.937095825984715, 0.1
1701, 11808.0, 8, 6.9377203290246765, 0.1
1702, 11814.0, 6, 6.93716970052848, 0.1
1703, 11818.0, 4, 6.935446009389671, 0.1
1704, 11825.0, 7, 6.935483870967742, 0.1
1705, 11831.0, 6, 6.93493552168816, 0.1
1706, 11838.0, 7, 6.934973637961336, 0.1
1707, 11844.0, 6, 6.934426229508197, 0.1
1708, 11851.0, 7, 6.934464599180807, 0.1
1709, 11857.0, 6, 6.9339181286549705, 0.1
1710, 11865.0, 8, 6.934541203974284, 0.1
1711, 11872.0, 7, 6.934579439252336, 0.1
1712, 11879.0, 7, 6.934617629889083, 0.1
1713, 11886.0, 7, 6.934655775962661, 0.1
1714, 11893.0, 7, 6.9346938775510205, 0.1
1715, 11901.0, 8, 6.935314685314685, 0.1
1716, 11905.0, 4, 6.9336051252184046, 0.1
1717, 11911.0, 6, 6.933061699650756, 0.1
1718, 11919.0, 8, 6.93368237347295, 0.1
1719, 11926.0, 7, 6.933720930232558, 0.1
1720, 11934.0, 8, 6.934340499709471, 0.1
1721, 11940.0, 6, 6.933797909407666, 0.1
1722, 11943.0, 3, 6.931514799767847, 0.1
1723, 11950.0, 7, 6.931554524361949, 0.1
1724, 11957.0, 7, 6.931594202898551, 0.1
1725, 11960.0, 3, 6.929316338354577, 0.1
1726, 11968.0, 8, 6.929936305732484, 0.1
1727, 11976.0, 8, 6.930555555555555, 0.1
1728, 11982.0, 6, 6.930017351069982, 0.1
1729, 11990.0, 8, 6.930635838150289, 0.1
1730, 11996.0, 6, 6.930098209127672, 0.1
1731, 11999.0, 3, 6.927829099307159, 0.1
1732, 12007.0, 8, 6.928447778418927, 0.1
1733, 12015.0, 8, 6.929065743944637, 0.1
1734, 12023.0, 8, 6.929682997118156, 0.1
1735, 12024.0, 1, 6.926267281105991, 0.1
1736, 12032.0, 8, 6.926885434657455, 0.1
1737, 12039.0, 7, 6.92692750287687, 0.1
1738, 12047.0, 8, 6.927544565842438, 0.1
1739, 12054.0, 7, 6.927586206896552, 0.1
1740, 12061.0, 7, 6.927627800114877, 0.1
1741, 12068.0, 7, 6.927669345579793, 0.1
1742, 12075.0, 7, 6.927710843373494, 0.1
1743, 12083.0, 8, 6.928325688073395, 0.1
1744, 12086.0, 3, 6.926074498567335, 0.1
1745, 12087.0, 1, 6.922680412371134, 0.1
1746, 12094.0, 7, 6.922724670864339, 0.1
1747, 12097.0, 3, 6.920480549199085, 0.1
1748, 12104.0, 7, 6.920526014865637, 0.1
1749, 12105.0, 1, 6.917142857142857, 0.1
1750, 12112.0, 7, 6.91719017704169, 0.1
1751, 12118.0, 6, 6.916666666666667, 0.1
1752, 12119.0, 1, 6.913291500285226, 0.1
1753, 12125.0, 6, 6.912770809578107, 0.1
1754, 12133.0, 8, 6.913390313390313, 0.1
1755, 12140.0, 7, 6.913439635535307, 0.1
1756, 12148.0, 8, 6.914058053500285, 0.1
1757, 12156.0, 8, 6.914675767918089, 0.1
1758, 12164.0, 8, 6.91529277998863, 0.1
1759, 12172.0, 8, 6.915909090909091, 0.1
1760, 12173.0, 1, 6.912549687677456, 0.1
1761, 12177.0, 4, 6.910896708286039, 0.1
1762, 12177.0, 0, 6.906976744186046, 0.1
1763, 12185.0, 8, 6.907596371882086, 0.1
1764, 12193.0, 8, 6.9082152974504245, 0.1
1765, 12199.0, 6, 6.907701019252548, 0.1
1766, 12204.0, 5, 6.906621392190153, 0.1
1767, 12211.0, 7, 6.906674208144796, 0.1
1768, 12219.0, 8, 6.907292255511589, 0.1
1769, 12221.0, 2, 6.904519774011299, 0.1
1770, 12229.0, 8, 6.905138339920948, 0.1
1771, 12237.0, 8, 6.905756207674943, 0.1
1772, 12243.0, 6, 6.905245346869712, 0.1
1773, 12243.0, 0, 6.901352874859075, 0.1
1774, 12250.0, 7, 6.901408450704225, 0.1
1775, 12250.0, 0, 6.8975225225225225, 0.1
1776, 12257.0, 7, 6.8975801913337085, 0.1
1777, 12265.0, 8, 6.898200224971879, 0.1
1778, 12272.0, 7, 6.898257448004497, 0.1
1779, 12279.0, 7, 6.898314606741573, 0.1
1780, 12283.0, 4, 6.896687254351488, 0.1
1781, 12287.0, 4, 6.895061728395062, 0.1
1782, 12287.0, 0, 6.89119461581604, 0.1
1783, 12289.0, 2, 6.888452914798206, 0.1
1784, 12291.0, 2, 6.885714285714286, 0.1
1785, 12298.0, 7, 6.885778275475924, 0.1
1786, 12305.0, 7, 6.885842193620594, 0.1
1787, 12312.0, 7, 6.885906040268456, 0.1
1788, 12320.0, 8, 6.886528787031861, 0.1
1789, 12326.0, 6, 6.886033519553073, 0.1
1790, 12334.0, 8, 6.886655499720827, 0.1
1791, 12342.0, 8, 6.887276785714286, 0.1
1792, 12348.0, 6, 6.886781929726715, 0.1
1793, 12353.0, 5, 6.885730211817168, 0.1
1794, 12360.0, 7, 6.885793871866295, 0.1
1795, 12364.0, 4, 6.8841870824053455, 0.1
1796, 12371.0, 7, 6.884251530328325, 0.1
1797, 12374.0, 3, 6.882091212458287, 0.1
1798, 12379.0, 5, 6.881045025013897, 0.1
1799, 12387.0, 8, 6.881666666666667, 0.1
1800, 12394.0, 7, 6.881732370905053, 0.1
1801, 12401.0, 7, 6.881798002219756, 0.1
1802, 12409.0, 8, 6.882418191902385, 0.1
1803, 12410.0, 1, 6.8791574279379155, 0.1
1804, 12417.0, 7, 6.879224376731302, 0.1
1805, 12424.0, 7, 6.8792912513842746, 0.1
1806, 12432.0, 8, 6.8799114554510234, 0.1
1807, 12440.0, 8, 6.880530973451328, 0.1
1808, 12447.0, 7, 6.880597014925373, 0.1
1809, 12455.0, 8, 6.8812154696132595, 0.1
1810, 12463.0, 8, 6.8818332413031476, 0.1
1811, 12471.0, 8, 6.882450331125828, 0.1
1812, 12472.0, 1, 6.8792057363485934, 0.1
1813, 12477.0, 5, 6.878169790518192, 0.1
1814, 12485.0, 8, 6.878787878787879, 0.1
1815, 12493.0, 8, 6.879405286343612, 0.1
1816, 12501.0, 8, 6.880022014309301, 0.1
1817, 12505.0, 4, 6.878437843784378, 0.1
1818, 12509.0, 4, 6.876855415063222, 0.1
1819, 12514.0, 5, 6.875824175824176, 0.1
1820, 12522.0, 8, 6.8764415156507415, 0.1
1821, 12530.0, 8, 6.877058177826564, 0.1
1822, 12536.0, 6, 6.87657707076248, 0.1
1823, 12543.0, 7, 6.876644736842105, 0.1
1824, 12550.0, 7, 6.876712328767123, 0.1
1825, 12558.0, 8, 6.877327491785323, 0.1
1826, 12558.0, 0, 6.873563218390805, 0.1
1827, 12565.0, 7, 6.8736323851203505, 0.1
1828, 12567.0, 2, 6.870967741935484, 0.1
1829, 12567.0, 0, 6.867213114754098, 0.1
1830, 12575.0, 8, 6.867831785909339, 0.1
1831, 12582.0, 7, 6.867903930131004, 0.1
1832, 12590.0, 8, 6.8685215493726135, 0.1
1833, 12598.0, 8, 6.8691384950926935, 0.1
1834, 12605.0, 7, 6.869209809264305, 0.1
1835, 12605.0, 0, 6.8654684095860565, 0.1
1836, 12613.0, 8, 6.866086009798584, 0.1
1837, 12620.0, 7, 6.866158868335147, 0.1
1838, 12627.0, 7, 6.866231647634584, 0.1
1839, 12627.0, 0, 6.8625, 0.1
1840, 12632.0, 5, 6.861488321564368, 0.1
1841, 12640.0, 8, 6.862106406080348, 0.1
1842, 12647.0, 7, 6.86218122626153, 0.1
1843, 12648.0, 1, 6.859002169197397, 0.1
1844, 12656.0, 8, 6.859620596205962, 0.1
1845, 12663.0, 7, 6.859696641386782, 0.1
1846, 12663.0, 0, 6.855982674607471, 0.1
1847, 12671.0, 8, 6.856601731601732, 0.1
1848, 12678.0, 7, 6.8566792861005945, 0.1
1849, 12684.0, 6, 6.856216216216216, 0.1
1850, 12690.0, 6, 6.855753646677472, 0.1
1851, 12698.0, 8, 6.856371490280778, 0.1
1852, 12706.0, 8, 6.856988667026443, 0.1
1853, 12712.0, 6, 6.856526429341963, 0.1
1854, 12716.0, 4, 6.854986522911052, 0.1
1855, 12724.0, 8, 6.855603448275862, 0.1
1856, 12732.0, 8, 6.856219709208401, 0.1
1857, 12740.0, 8, 6.856835306781486, 0.1
1858, 12746.0, 6, 6.8563743948359335, 0.1
1859, 12754.0, 8, 6.856989247311828, 0.1
1860, 12761.0, 7, 6.857066093498119, 0.1
1861, 12767.0, 6, 6.8566058002148225, 0.1
1862, 12774.0, 7, 6.856682769726248, 0.1
1863, 12782.0, 8, 6.8572961373390555, 0.1
1864, 12789.0, 7, 6.857372654155496, 0.1
1865, 12796.0, 7, 6.857449088960343, 0.1
1866, 12803.0, 7, 6.857525441885378, 0.1
1867, 12810.0, 7, 6.857601713062098, 0.1
1868, 12816.0, 6, 6.857142857142857, 0.1
1869, 12818.0, 2, 6.8545454545454545, 0.1
1870, 12826.0, 8, 6.85515766969535, 0.1
1871, 12833.0, 7, 6.855235042735043, 0.1
1872, 12841.0, 8, 6.855846235985051, 0.1
1873, 12850.0, 9, 6.8569903948772675, 0.1
1874, 12856.0, 6, 6.856533333333333, 0.1
1875, 12864.0, 8, 6.857142857142857, 0.1
1876, 12872.0, 8, 6.857751731486415, 0.1
1877, 12879.0, 7, 6.857827476038339, 0.1
1878, 12887.0, 8, 6.858435337945716, 0.1
1879, 12895.0, 8, 6.85904255319149, 0.1
1880, 12902.0, 7, 6.8591174906964385, 0.1
1881, 12902.0, 0, 6.8554729011689695, 0.1
1882, 12910.0, 8, 6.856080722251726, 0.1
1883, 12917.0, 7, 6.85615711252654, 0.1
1884, 12925.0, 8, 6.856763925729443, 0.1
1885, 12931.0, 6, 6.8563096500530225, 0.1
1886, 12938.0, 7, 6.856385797562268, 0.1
1887, 12944.0, 6, 6.8559322033898304, 0.1
1888, 12949.0, 5, 6.854949708840657, 0.1
1889, 12953.0, 4, 6.853439153439154, 0.1
1890, 12960.0, 7, 6.853516657852988, 0.1
1891, 12966.0, 6, 6.853065539112051, 0.1
1892, 12972.0, 6, 6.852614896988906, 0.1
1893, 12976.0, 4, 6.851108764519536, 0.1
1894, 12978.0, 2, 6.848548812664908, 0.1
1895, 12982.0, 4, 6.84704641350211, 0.1
1896, 12990.0, 8, 6.8476541908276225, 0.1
1897, 12997.0, 7, 6.847734457323498, 0.1
1898, 13004.0, 7, 6.8478146392838335, 0.1
1899, 13010.0, 6, 6.847368421052631, 0.1
1900, 13018.0, 8, 6.84797475013151, 0.1
1901, 13026.0, 8, 6.848580441640379, 0.1
1902, 13032.0, 6, 6.848134524435102, 0.1
1903, 13040.0, 8, 6.848739495798319, 0.1
1904, 13040.0, 0, 6.84514435695538, 0.1
1905, 13047.0, 7, 6.845225603357817, 0.1
1906, 13049.0, 2, 6.842684845306764, 0.1
1907, 13056.0, 7, 6.8427672955974845, 0.1
1908, 13064.0, 8, 6.843373493975903, 0.1
1909, 13064.0, 0, 6.83979057591623, 0.1
1910, 13070.0, 6, 6.839351125065411, 0.1
1911, 13074.0, 4, 6.837866108786611, 0.1
1912, 13074.0, 0, 6.834291688447465, 0.1
1913, 13077.0, 3, 6.832288401253918, 0.1
1914, 13077.0, 0, 6.828720626631854, 0.1
1915, 13085.0, 8, 6.829331941544885, 0.1
1916, 13093.0, 8, 6.829942618675013, 0.1
1917, 13101.0, 8, 6.830552659019812, 0.1
1918, 13109.0, 8, 6.831162063574778, 0.1
1919, 13116.0, 7, 6.83125, 0.1
1920, 13124.0, 8, 6.831858407079646, 0.1
1921, 13130.0, 6, 6.831425598335068, 0.1
1922, 13137.0, 7, 6.831513260530421, 0.1
1923, 13145.0, 8, 6.832120582120582, 0.1
1924, 13153.0, 8, 6.832727272727273, 0.1
1925, 13161.0, 8, 6.833333333333333, 0.1
1926, 13167.0, 6, 6.832900882200311, 0.1
1927, 13174.0, 7, 6.83298755186722, 0.1
1928, 13182.0, 8, 6.833592534992224, 0.1
1929, 13187.0, 5, 6.832642487046632, 0.1
1930, 13194.0, 7, 6.832729155877783, 0.1
1931, 13201.0, 7, 6.832815734989648, 0.1
1932, 13209.0, 8, 6.833419555095706, 0.1
1933, 13215.0, 6, 6.832988624612203, 0.1
1934, 13223.0, 8, 6.83359173126615, 0.1
1935, 13231.0, 8, 6.834194214876033, 0.1
1936, 13237.0, 6, 6.833763551884357, 0.1
1937, 13242.0, 5, 6.8328173374613, 0.1
1938, 13250.0, 8, 6.8334192882929345, 0.1
1939, 13252.0, 2, 6.830927835051546, 0.1
1940, 13258.0, 6, 6.830499742400824, 0.1
1941, 13265.0, 7, 6.83058702368692, 0.1
1942, 13271.0, 6, 6.8301595470921255, 0.1
1943, 13271.0, 0, 6.82664609053498, 0.1
1944, 13277.0, 6, 6.826221079691517, 0.1
1945, 13280.0, 3, 6.824254881808838, 0.1
1946, 13284.0, 4, 6.822804314329738, 0.1
1947, 13291.0, 7, 6.822895277207392, 0.1
1948, 13299.0, 8, 6.823499230374551, 0.1
1949, 13307.0, 8, 6.824102564102564, 0.1
1950, 13315.0, 8, 6.8247052793439265, 0.1
1951, 13322.0, 7, 6.824795081967213, 0.1
1952, 13327.0, 5, 6.823860727086534, 0.1
1953, 13333.0, 6, 6.8234390992835205, 0.1
1954, 13340.0, 7, 6.823529411764706, 0.1
1955, 13345.0, 5, 6.822597137014315, 0.1
1956, 13345.0, 0, 6.819110884006132, 0.1
1957, 13353.0, 8, 6.819713993871297, 0.1
1958, 13353.0, 0, 6.816232771822358, 0.1
1959, 13357.0, 4, 6.814795918367347, 0.1
1960, 13363.0, 6, 6.814380418154003, 0.1
1961, 13371.0, 8, 6.814984709480123, 0.1
1962, 13378.0, 7, 6.815078960774325, 0.1
1963, 13382.0, 4, 6.813645621181263, 0.1
1964, 13389.0, 7, 6.813740458015267, 0.1
1965, 13393.0, 4, 6.812309257375381, 0.1
1966, 13401.0, 8, 6.812913065582105, 0.1
1967, 13407.0, 6, 6.8125, 0.1
1968, 13415.0, 8, 6.813103098019299, 0.1
1969, 13421.0, 6, 6.812690355329949, 0.1
1970, 13425.0, 4, 6.811263318112633, 0.1
1971, 13433.0, 8, 6.811866125760649, 0.1
1972, 13439.0, 6, 6.811454637607704, 0.1
1973, 13447.0, 8, 6.8120567375886525, 0.1
1974, 13454.0, 7, 6.812151898734177, 0.1
1975, 13461.0, 7, 6.812246963562753, 0.1
1976, 13465.0, 4, 6.810824481537684, 0.1
1977, 13472.0, 7, 6.810920121334681, 0.1
1978, 13473.0, 1, 6.807983830217282, 0.1
1979, 13480.0, 7, 6.808080808080808, 0.1
1980, 13481.0, 1, 6.805148914689551, 0.1
1981, 13489.0, 8, 6.805751765893038, 0.1
1982, 13494.0, 5, 6.804841149773071, 0.1
1983, 13501.0, 7, 6.804939516129032, 0.1
1984, 13504.0, 3, 6.803022670025189, 0.1
1985, 13508.0, 4, 6.801611278952668, 0.1
1986, 13516.0, 8, 6.802214393558128, 0.1
1987, 13524.0, 8, 6.802816901408451, 0.1
1988, 13531.0, 7, 6.802916038210156, 0.1
1989, 13532.0, 1, 6.8, 0.1
1990, 13539.0, 7, 6.800100452034154, 0.1
1991, 13547.0, 8, 6.80070281124498, 0.1
1992, 13552.0, 5, 6.799799297541395, 0.1
1993, 13554.0, 2, 6.797392176529589, 0.1
1994, 13560.0, 6, 6.796992481203008, 0.1
1995, 13568.0, 8, 6.797595190380761, 0.1
1996, 13575.0, 7, 6.797696544817226, 0.1
1997, 13583.0, 8, 6.798298298298298, 0.1
1998, 13589.0, 6, 6.797898949474737, 0.1
1999, 13595.0, 6, 6.7975, 0.1
