0, 8.0, 8, 8.0, 0.2
1, 16.0, 8, 8.0, 0.2
2, 24.0, 8, 8.0, 0.2
3, 32.0, 8, 8.0, 0.2
4, 40.0, 8, 8.0, 0.2
5, 48.0, 8, 8.0, 0.2
6, 56.0, 8, 8.0, 0.2
7, 64.0, 8, 8.0, 0.2
8, 72.0, 8, 8.0, 0.2
9, 80.0, 8, 8.0, 0.2
10, 88.0, 8, 8.0, 0.2
11, 96.0, 8, 8.0, 0.2
12, 104.0, 8, 8.0, 0.2
13, 112.0, 8, 8.0, 0.2
14, 120.0, 8, 8.0, 0.2
15, 128.0, 8, 8.0, 0.2
16, 136.0, 8, 8.0, 0.2
17, 144.0, 8, 8.0, 0.2
18, 152.0, 8, 8.0, 0.2
19, 160.0, 8, 8.0, 0.2
20, 168.0, 8, 8.0, 0.2
21, 176.0, 8, 8.0, 0.2
22, 184.0, 8, 8.0, 0.2
23, 192.0, 8, 8.0, 0.2
24, 200.0, 8, 8.0, 0.2
25, 208.0, 8, 8.0, 0.2
26, 216.0, 8, 8.0, 0.2
27, 224.0, 8, 8.0, 0.2
28, 232.0, 8, 8.0, 0.2
29, 240.0, 8, 8.0, 0.2
30, 248.0, 8, 8.0, 0.2
31, 256.0, 8, 8.0, 0.2
32, 264.0, 8, 8.0, 0.2
33, 272.0, 8, 8.0, 0.2
34, 280.0, 8, 8.0, 0.2
35, 288.0, 8, 8.0, 0.2
36, 296.0, 8, 8.0, 0.2
37, 304.0, 8, 8.0, 0.2
38, 312.0, 8, 8.0, 0.2
39, 320.0, 8, 8.0, 0.2
40, 328.0, 8, 8.0, 0.2
41, 336.0, 8, 8.0, 0.2
42, 344.0, 8, 8.0, 0.2
43, 352.0, 8, 8.0, 0.2
44, 360.0, 8, 8.0, 0.2
45, 368.0, 8, 8.0, 0.2
46, 376.0, 8, 8.0, 0.2
47, 384.0, 8, 8.0, 0.2
48, 392.0, 8, 8.0, 0.2
49, 400.0, 8, 8.0, 0.2
50, 408.0, 8, 8.0, 0.2
51, 416.0, 8, 8.0, 0.2
52, 424.0, 8, 8.0, 0.2
53, 432.0, 8, 8.0, 0.2
54, 440.0, 8, 8.0, 0.2
55, 448.0, 8, 8.0, 0.2
56, 456.0, 8, 8.0, 0.2
57, 464.0, 8, 8.0, 0.2
58, 472.0, 8, 8.0, 0.2
59, 480.0, 8, 8.0, 0.2
60, 488.0, 8, 8.0, 0.2
61, 496.0, 8, 8.0, 0.2
62, 504.0, 8, 8.0, 0.2
63, 512.0, 8, 8.0, 0.2
64, 520.0, 8, 8.0, 0.2
65, 528.0, 8, 8.0, 0.2
66, 536.0, 8, 8.0, 0.2
67, 544.0, 8, 8.0, 0.2
68, 552.0, 8, 8.0, 0.2
69, 560.0, 8, 8.0, 0.2
70, 568.0, 8, 8.0, 0.2
71, 576.0, 8, 8.0, 0.2
72, 584.0, 8, 8.0, 0.2
73, 592.0, 8, 8.0, 0.2
74, 600.0, 8, 8.0, 0.2
75, 608.0, 8, 8.0, 0.2
76, 616.0, 8, 8.0, 0.2
77, 624.0, 8, 8.0, 0.2
78, 632.0, 8, 8.0, 0.2
79, 640.0, 8, 8.0, 0.2
80, 648.0, 8, 8.0, 0.2
81, 656.0, 8, 8.0, 0.2
82, 664.0, 8, 8.0, 0.2
83, 672.0, 8, 8.0, 0.2
84, 680.0, 8, 8.0, 0.2
85, 688.0, 8, 8.0, 0.2
86, 696.0, 8, 8.0, 0.2
87, 704.0, 8, 8.0, 0.2
88, 712.0, 8, 8.0, 0.2
89, 720.0, 8, 8.0, 0.2
90, 728.0, 8, 8.0, 0.2
91, 736.0, 8, 8.0, 0.2
92, 744.0, 8, 8.0, 0.2
93, 752.0, 8, 8.0, 0.2
94, 760.0, 8, 8.0, 0.2
95, 768.0, 8, 8.0, 0.2
96, 776.0, 8, 8.0, 0.2
97, 784.0, 8, 8.0, 0.2
98, 792.0, 8, 8.0, 0.2
99, 800.0, 8, 8.0, 0.2
100, 808.0, 8, 8.0, 0.2
101, 816.0, 8, 8.0, 0.2
102, 824.0, 8, 8.0, 0.2
103, 832.0, 8, 8.0, 0.2
104, 840.0, 8, 8.0, 0.2
105, 848.0, 8, 8.0, 0.2
106, 856.0, 8, 8.0, 0.2
107, 864.0, 8, 8.0, 0.2
108, 872.0, 8, 8.0, 0.2
109, 880.0, 8, 8.0, 0.2
110, 888.0, 8, 8.0, 0.2
111, 896.0, 8, 8.0, 0.2
112, 904.0, 8, 8.0, 0.2
113, 912.0, 8, 8.0, 0.2
114, 918.0, 6, 7.982608695652174, 0.2
115, 925.0, 7, 7.974137931034483, 0.2
116, 930.0, 5, 7.948717948717949, 0.2
117, 935.0, 5, 7.923728813559322, 0.2
118, 942.0, 7, 7.915966386554622, 0.2
119, 945.0, 3, 7.875, 0.2
120, 947.0, 2, 7.8264462809917354, 0.2
121, 953.0, 6, 7.811475409836065, 0.2
122, 960.0, 7, 7.804878048780488, 0.2
123, 967.0, 7, 7.798387096774194, 0.2
124, 974.0, 7, 7.792, 0.2
125, 979.0, 5, 7.76984126984127, 0.2
126, 987.0, 8, 7.771653543307087, 0.2
127, 995.0, 8, 7.7734375, 0.2
128, 1002.0, 7, 7.767441860465116, 0.2
129, 1009.0, 7, 7.7615384615384615, 0.2
130, 1014.0, 5, 7.740458015267175, 0.2
131, 1020.0, 6, 7.7272727272727275, 0.2
132, 1028.0, 8, 7.7293233082706765, 0.2
133, 1034.0, 6, 7.7164179104477615, 0.2
134, 1040.0, 6, 7.703703703703703, 0.2
135, 1048.0, 8, 7.705882352941177, 0.2
136, 1055.0, 7, 7.700729927007299, 0.2
137, 1062.0, 7, 7.695652173913044, 0.2
138, 1070.0, 8, 7.697841726618705, 0.2
139, 1076.0, 6, 7.685714285714286, 0.2
140, 1083.0, 7, 7.680851063829787, 0.2
141, 1085.0, 2, 7.640845070422535, 0.2
142, 1090.0, 5, 7.6223776223776225, 0.2
143, 1096.0, 6, 7.611111111111111, 0.2
144, 1102.0, 6, 7.6, 0.2
145, 1104.0, 2, 7.561643835616438, 0.2
146, 1112.0, 8, 7.5646258503401365, 0.2
147, 1116.0, 4, 7.54054054054054, 0.2
148, 1122.0, 6, 7.530201342281879, 0.2
149, 1128.0, 6, 7.52, 0.2
150, 1133.0, 5, 7.503311258278146, 0.2
151, 1141.0, 8, 7.506578947368421, 0.2
152, 1146.0, 5, 7.490196078431373, 0.2
153, 1153.0, 7, 7.487012987012987, 0.2
154, 1161.0, 8, 7.490322580645161, 0.2
155, 1166.0, 5, 7.4743589743589745, 0.2
156, 1172.0, 6, 7.464968152866242, 0.2
157, 1180.0, 8, 7.468354430379747, 0.2
158, 1187.0, 7, 7.465408805031447, 0.2
159, 1188.0, 1, 7.425, 0.2
160, 1194.0, 6, 7.416149068322981, 0.2
161, 1199.0, 5, 7.401234567901234, 0.2
162, 1207.0, 8, 7.404907975460123, 0.2
163, 1213.0, 6, 7.396341463414634, 0.2
164, 1215.0, 2, 7.363636363636363, 0.2
165, 1216.0, 1, 7.325301204819277, 0.2
166, 1222.0, 6, 7.317365269461078, 0.2
167, 1224.0, 2, 7.285714285714286, 0.2
168, 1232.0, 8, 7.289940828402367, 0.2
169, 1240.0, 8, 7.294117647058823, 0.2
170, 1246.0, 6, 7.286549707602339, 0.2
171, 1252.0, 6, 7.27906976744186, 0.2
172, 1259.0, 7, 7.277456647398844, 0.2
173, 1266.0, 7, 7.275862068965517, 0.2
174, 1273.0, 7, 7.274285714285714, 0.2
175, 1281.0, 8, 7.278409090909091, 0.2
176, 1286.0, 5, 7.265536723163842, 0.2
177, 1290.0, 4, 7.247191011235955, 0.2
178, 1295.0, 5, 7.23463687150838, 0.2
179, 1303.0, 8, 7.238888888888889, 0.2
180, 1310.0, 7, 7.237569060773481, 0.2
181, 1316.0, 6, 7.230769230769231, 0.2
182, 1323.0, 7, 7.229508196721311, 0.2
183, 1323.0, 0, 7.190217391304348, 0.2
184, 1328.0, 5, 7.178378378378379, 0.2
185, 1334.0, 6, 7.172043010752688, 0.2
186, 1338.0, 4, 7.1550802139037435, 0.2
187, 1343.0, 5, 7.1436170212765955, 0.2
188, 1349.0, 6, 7.137566137566138, 0.2
189, 1353.0, 4, 7.121052631578947, 0.2
190, 1360.0, 7, 7.12041884816754, 0.2
191, 1367.0, 7, 7.119791666666667, 0.2
192, 1371.0, 4, 7.103626943005182, 0.2
193, 1379.0, 8, 7.108247422680412, 0.2
194, 1385.0, 6, 7.102564102564102, 0.2
195, 1391.0, 6, 7.096938775510204, 0.2
196, 1397.0, 6, 7.091370558375634, 0.2
197, 1405.0, 8, 7.095959595959596, 0.2
198, 1410.0, 5, 7.085427135678392, 0.2
199, 1418.0, 8, 7.09, 0.2
200, 1424.0, 6, 7.08457711442786, 0.2
201, 1425.0, 1, 7.054455445544554, 0.2
202, 1431.0, 6, 7.0492610837438425, 0.2
203, 1437.0, 6, 7.044117647058823, 0.2
204, 1445.0, 8, 7.048780487804878, 0.2
205, 1452.0, 7, 7.048543689320389, 0.2
206, 1460.0, 8, 7.053140096618358, 0.2
207, 1464.0, 4, 7.038461538461538, 0.2
208, 1471.0, 7, 7.038277511961723, 0.2
209, 1472.0, 1, 7.0095238095238095, 0.2
210, 1477.0, 5, 7.0, 0.2
211, 1484.0, 7, 7.0, 0.2
212, 1490.0, 6, 6.995305164319249, 0.2
213, 1497.0, 7, 6.9953271028037385, 0.2
214, 1504.0, 7, 6.995348837209303, 0.2
215, 1510.0, 6, 6.9907407407407405, 0.2
216, 1516.0, 6, 6.986175115207374, 0.2
217, 1523.0, 7, 6.986238532110092, 0.2
218, 1530.0, 7, 6.986301369863014, 0.2
219, 1531.0, 1, 6.959090909090909, 0.2
220, 1538.0, 7, 6.959276018099548, 0.2
221, 1544.0, 6, 6.954954954954955, 0.2
222, 1552.0, 8, 6.959641255605381, 0.2
223, 1560.0, 8, 6.964285714285714, 0.2
224, 1564.0, 4, 6.9511111111111115, 0.2
225, 1570.0, 6, 6.946902654867257, 0.2
226, 1576.0, 6, 6.942731277533039, 0.2
227, 1581.0, 5, 6.934210526315789, 0.2
228, 1586.0, 5, 6.925764192139738, 0.2
229, 1592.0, 6, 6.921739130434783, 0.2
230, 1599.0, 7, 6.922077922077922, 0.2
231, 1606.0, 7, 6.922413793103448, 0.2
232, 1613.0, 7, 6.92274678111588, 0.2
233, 1619.0, 6, 6.918803418803419, 0.2
234, 1625.0, 6, 6.914893617021277, 0.2
235, 1630.0, 5, 6.906779661016949, 0.2
236, 1636.0, 6, 6.90295358649789, 0.2
237, 1641.0, 5, 6.894957983193278, 0.2
238, 1649.0, 8, 6.899581589958159, 0.2
239, 1651.0, 2, 6.879166666666666, 0.2
240, 1658.0, 7, 6.8796680497925315, 0.2
241, 1659.0, 1, 6.855371900826446, 0.2
242, 1664.0, 5, 6.847736625514403, 0.2
243, 1671.0, 7, 6.848360655737705, 0.2
244, 1675.0, 4, 6.836734693877551, 0.2
245, 1683.0, 8, 6.841463414634147, 0.2
246, 1683.0, 0, 6.813765182186235, 0.2
247, 1689.0, 6, 6.810483870967742, 0.2
248, 1691.0, 2, 6.791164658634538, 0.2
249, 1698.0, 7, 6.792, 0.2
250, 1705.0, 7, 6.792828685258964, 0.2
251, 1711.0, 6, 6.7896825396825395, 0.2
252, 1717.0, 6, 6.786561264822135, 0.2
253, 1725.0, 8, 6.791338582677166, 0.2
254, 1730.0, 5, 6.784313725490196, 0.2
255, 1737.0, 7, 6.78515625, 0.2
256, 1743.0, 6, 6.782101167315175, 0.2
257, 1749.0, 6, 6.77906976744186, 0.2
258, 1756.0, 7, 6.77992277992278, 0.2
259, 1762.0, 6, 6.776923076923077, 0.2
260, 1767.0, 5, 6.7701149425287355, 0.2
261, 1772.0, 5, 6.763358778625954, 0.2
262, 1779.0, 7, 6.76425855513308, 0.2
263, 1785.0, 6, 6.761363636363637, 0.2
264, 1792.0, 7, 6.7622641509433965, 0.2
265, 1799.0, 7, 6.7631578947368425, 0.2
266, 1806.0, 7, 6.764044943820225, 0.2
267, 1813.0, 7, 6.764925373134329, 0.2
268, 1820.0, 7, 6.765799256505576, 0.2
269, 1826.0, 6, 6.762962962962963, 0.2
270, 1830.0, 4, 6.752767527675276, 0.2
271, 1836.0, 6, 6.75, 0.2
272, 1841.0, 5, 6.743589743589744, 0.2
273, 1841.0, 0, 6.718978102189781, 0.2
274, 1847.0, 6, 6.716363636363637, 0.2
275, 1854.0, 7, 6.717391304347826, 0.2
276, 1857.0, 3, 6.703971119133574, 0.2
277, 1864.0, 7, 6.705035971223022, 0.2
278, 1872.0, 8, 6.709677419354839, 0.2
279, 1872.0, 0, 6.685714285714286, 0.2
280, 1873.0, 1, 6.665480427046264, 0.2
281, 1879.0, 6, 6.663120567375887, 0.2
282, 1887.0, 8, 6.667844522968198, 0.2
283, 1894.0, 7, 6.669014084507042, 0.2
284, 1898.0, 4, 6.659649122807018, 0.2
285, 1906.0, 8, 6.664335664335664, 0.2
286, 1913.0, 7, 6.665505226480836, 0.2
287, 1916.0, 3, 6.652777777777778, 0.2
288, 1923.0, 7, 6.653979238754325, 0.2
289, 1931.0, 8, 6.658620689655172, 0.2
290, 1937.0, 6, 6.6563573883161515, 0.2
291, 1943.0, 6, 6.654109589041096, 0.2
292, 1950.0, 7, 6.6552901023890785, 0.2
293, 1957.0, 7, 6.656462585034014, 0.2
294, 1962.0, 5, 6.650847457627119, 0.2
295, 1967.0, 5, 6.64527027027027, 0.2
296, 1967.0, 0, 6.622895622895623, 0.2
297, 1974.0, 7, 6.624161073825503, 0.2
298, 1977.0, 3, 6.6120401337792645, 0.2
299, 1978.0, 1, 6.593333333333334, 0.2
300, 1983.0, 5, 6.588039867109635, 0.2
301, 1990.0, 7, 6.589403973509934, 0.2
302, 1996.0, 6, 6.587458745874588, 0.2
303, 1999.0, 3, 6.5756578947368425, 0.2
304, 2007.0, 8, 6.580327868852459, 0.2
305, 2013.0, 6, 6.578431372549019, 0.2
306, 2020.0, 7, 6.579804560260587, 0.2
307, 2027.0, 7, 6.5811688311688314, 0.2
308, 2035.0, 8, 6.585760517799352, 0.2
309, 2043.0, 8, 6.590322580645161, 0.2
310, 2049.0, 6, 6.588424437299035, 0.2
311, 2055.0, 6, 6.586538461538462, 0.2
312, 2061.0, 6, 6.584664536741214, 0.2
313, 2067.0, 6, 6.582802547770701, 0.2
314, 2073.0, 6, 6.580952380952381, 0.2
315, 2078.0, 5, 6.575949367088608, 0.2
316, 2086.0, 8, 6.580441640378549, 0.2
317, 2092.0, 6, 6.578616352201258, 0.2
318, 2098.0, 6, 6.576802507836991, 0.2
319, 2106.0, 8, 6.58125, 0.2
320, 2112.0, 6, 6.579439252336448, 0.2
321, 2119.0, 7, 6.580745341614906, 0.2
322, 2126.0, 7, 6.58204334365325, 0.2
323, 2131.0, 5, 6.577160493827161, 0.2
324, 2137.0, 6, 6.575384615384616, 0.2
325, 2142.0, 5, 6.570552147239264, 0.2
326, 2146.0, 4, 6.562691131498471, 0.2
327, 2149.0, 3, 6.551829268292683, 0.2
328, 2155.0, 6, 6.550151975683891, 0.2
329, 2162.0, 7, 6.551515151515152, 0.2
330, 2170.0, 8, 6.555891238670695, 0.2
331, 2171.0, 1, 6.539156626506024, 0.2
332, 2176.0, 5, 6.534534534534535, 0.2
333, 2180.0, 4, 6.526946107784431, 0.2
334, 2185.0, 5, 6.522388059701493, 0.2
335, 2190.0, 5, 6.517857142857143, 0.2
336, 2197.0, 7, 6.519287833827893, 0.2
337, 2204.0, 7, 6.520710059171598, 0.2
338, 2210.0, 6, 6.519174041297935, 0.2
339, 2218.0, 8, 6.523529411764706, 0.2
340, 2222.0, 4, 6.516129032258065, 0.2
341, 2227.0, 5, 6.511695906432749, 0.2
342, 2234.0, 7, 6.513119533527697, 0.2
343, 2239.0, 5, 6.508720930232558, 0.2
344, 2247.0, 8, 6.51304347826087, 0.2
345, 2248.0, 1, 6.497109826589595, 0.2
346, 2254.0, 6, 6.495677233429395, 0.2
347, 2254.0, 0, 6.477011494252873, 0.2
348, 2261.0, 7, 6.478510028653295, 0.2
349, 2264.0, 3, 6.468571428571429, 0.2
350, 2270.0, 6, 6.467236467236467, 0.2
351, 2276.0, 6, 6.465909090909091, 0.2
352, 2284.0, 8, 6.470254957507082, 0.2
353, 2289.0, 5, 6.466101694915254, 0.2
354, 2294.0, 5, 6.461971830985916, 0.2
355, 2301.0, 7, 6.463483146067416, 0.2
356, 2309.0, 8, 6.4677871148459385, 0.2
357, 2314.0, 5, 6.4636871508379885, 0.2
358, 2321.0, 7, 6.465181058495822, 0.2
359, 2321.0, 0, 6.447222222222222, 0.2
360, 2325.0, 4, 6.4404432132963985, 0.2
361, 2331.0, 6, 6.439226519337017, 0.2
362, 2337.0, 6, 6.43801652892562, 0.2
363, 2343.0, 6, 6.436813186813187, 0.2
364, 2349.0, 6, 6.435616438356164, 0.2
365, 2353.0, 4, 6.4289617486338795, 0.2
366, 2361.0, 8, 6.433242506811989, 0.2
367, 2367.0, 6, 6.432065217391305, 0.2
368, 2374.0, 7, 6.43360433604336, 0.2
369, 2381.0, 7, 6.435135135135135, 0.2
370, 2387.0, 6, 6.433962264150943, 0.2
371, 2390.0, 3, 6.424731182795699, 0.2
372, 2397.0, 7, 6.42627345844504, 0.2
373, 2402.0, 5, 6.422459893048129, 0.2
374, 2403.0, 1, 6.408, 0.2
375, 2406.0, 3, 6.398936170212766, 0.2
376, 2414.0, 8, 6.403183023872679, 0.2
377, 2419.0, 5, 6.3994708994708995, 0.2
378, 2427.0, 8, 6.403693931398417, 0.2
379, 2431.0, 4, 6.397368421052631, 0.2
380, 2437.0, 6, 6.396325459317585, 0.2
381, 2442.0, 5, 6.392670157068062, 0.2
382, 2448.0, 6, 6.391644908616188, 0.2
383, 2455.0, 7, 6.393229166666667, 0.2
384, 2461.0, 6, 6.392207792207792, 0.2
385, 2468.0, 7, 6.393782383419689, 0.2
386, 2472.0, 4, 6.387596899224806, 0.2
387, 2479.0, 7, 6.389175257731959, 0.2
388, 2487.0, 8, 6.39331619537275, 0.2
389, 2495.0, 8, 6.397435897435898, 0.2
390, 2501.0, 6, 6.396419437340153, 0.2
391, 2506.0, 5, 6.392857142857143, 0.2
392, 2511.0, 5, 6.3893129770992365, 0.2
393, 2518.0, 7, 6.3908629441624365, 0.2
394, 2520.0, 2, 6.379746835443038, 0.2
395, 2525.0, 5, 6.376262626262626, 0.2
396, 2531.0, 6, 6.375314861460957, 0.2
397, 2536.0, 5, 6.371859296482412, 0.2
398, 2541.0, 5, 6.368421052631579, 0.2
399, 2546.0, 5, 6.365, 0.2
400, 2552.0, 6, 6.364089775561097, 0.2
401, 2557.0, 5, 6.3606965174129355, 0.2
402, 2561.0, 4, 6.354838709677419, 0.2
403, 2568.0, 7, 6.356435643564357, 0.2
404, 2574.0, 6, 6.355555555555555, 0.2
405, 2575.0, 1, 6.342364532019705, 0.2
406, 2576.0, 1, 6.329238329238329, 0.2
407, 2576.0, 0, 6.313725490196078, 0.2
408, 2582.0, 6, 6.312958435207824, 0.2
409, 2588.0, 6, 6.31219512195122, 0.2
410, 2593.0, 5, 6.309002433090025, 0.2
411, 2601.0, 8, 6.313106796116505, 0.2
412, 2607.0, 6, 6.312348668280872, 0.2
413, 2612.0, 5, 6.309178743961352, 0.2
414, 2618.0, 6, 6.308433734939759, 0.2
415, 2624.0, 6, 6.3076923076923075, 0.2
416, 2631.0, 7, 6.309352517985611, 0.2
417, 2639.0, 8, 6.313397129186603, 0.2
418, 2646.0, 7, 6.315035799522673, 0.2
419, 2653.0, 7, 6.316666666666666, 0.2
420, 2659.0, 6, 6.315914489311164, 0.2
421, 2665.0, 6, 6.315165876777251, 0.2
422, 2669.0, 4, 6.309692671394799, 0.2
423, 2677.0, 8, 6.313679245283019, 0.2
424, 2682.0, 5, 6.310588235294118, 0.2
425, 2682.0, 0, 6.295774647887324, 0.2
426, 2689.0, 7, 6.297423887587822, 0.2
427, 2695.0, 6, 6.296728971962617, 0.2
428, 2702.0, 7, 6.298368298368298, 0.2
429, 2709.0, 7, 6.3, 0.2
430, 2716.0, 7, 6.301624129930395, 0.2
431, 2723.0, 7, 6.3032407407407405, 0.2
432, 2725.0, 2, 6.293302540415705, 0.2
433, 2729.0, 4, 6.288018433179723, 0.2
434, 2735.0, 6, 6.287356321839081, 0.2
435, 2742.0, 7, 6.2889908256880735, 0.2
436, 2750.0, 8, 6.2929061784897025, 0.2
437, 2757.0, 7, 6.294520547945205, 0.2
438, 2764.0, 7, 6.296127562642369, 0.2
439, 2770.0, 6, 6.295454545454546, 0.2
440, 2777.0, 7, 6.297052154195011, 0.2
441, 2782.0, 5, 6.294117647058823, 0.2
442, 2784.0, 2, 6.284424379232505, 0.2
443, 2789.0, 5, 6.281531531531532, 0.2
444, 2796.0, 7, 6.28314606741573, 0.2
445, 2804.0, 8, 6.286995515695067, 0.2
446, 2811.0, 7, 6.2885906040268456, 0.2
447, 2811.0, 0, 6.274553571428571, 0.2
448, 2815.0, 4, 6.2694877505567925, 0.2
449, 2823.0, 8, 6.273333333333333, 0.2
450, 2825.0, 2, 6.263858093126386, 0.2
451, 2826.0, 1, 6.252212389380531, 0.2
452, 2832.0, 6, 6.251655629139073, 0.2
453, 2838.0, 6, 6.251101321585903, 0.2
454, 2844.0, 6, 6.2505494505494505, 0.2
455, 2850.0, 6, 6.25, 0.2
456, 2855.0, 5, 6.2472647702407, 0.2
457, 2859.0, 4, 6.24235807860262, 0.2
458, 2864.0, 5, 6.239651416122005, 0.2
459, 2870.0, 6, 6.239130434782608, 0.2
460, 2874.0, 4, 6.234273318872018, 0.2
461, 2881.0, 7, 6.235930735930736, 0.2
462, 2888.0, 7, 6.237580993520519, 0.2
463, 2894.0, 6, 6.237068965517241, 0.2
464, 2901.0, 7, 6.2387096774193544, 0.2
465, 2909.0, 8, 6.242489270386266, 0.2
466, 2916.0, 7, 6.244111349036403, 0.2
467, 2922.0, 6, 6.243589743589744, 0.2
468, 2930.0, 8, 6.247334754797441, 0.2
469, 2936.0, 6, 6.246808510638298, 0.2
470, 2942.0, 6, 6.246284501061571, 0.2
471, 2949.0, 7, 6.247881355932203, 0.2
472, 2953.0, 4, 6.2431289640591965, 0.2
473, 2958.0, 5, 6.2405063291139244, 0.2
474, 2964.0, 6, 6.24, 0.2
475, 2971.0, 7, 6.241596638655462, 0.2
476, 2979.0, 8, 6.245283018867925, 0.2
477, 2985.0, 6, 6.2447698744769875, 0.2
478, 2991.0, 6, 6.244258872651357, 0.2
479, 2991.0, 0, 6.23125, 0.2
480, 2998.0, 7, 6.232848232848233, 0.2
481, 3004.0, 6, 6.232365145228216, 0.2
482, 3008.0, 4, 6.227743271221532, 0.2
483, 3015.0, 7, 6.229338842975206, 0.2
484, 3022.0, 7, 6.2309278350515465, 0.2
485, 3030.0, 8, 6.234567901234568, 0.2
486, 3032.0, 2, 6.225872689938399, 0.2
487, 3039.0, 7, 6.227459016393443, 0.2
488, 3045.0, 6, 6.226993865030675, 0.2
489, 3050.0, 5, 6.224489795918367, 0.2
490, 3055.0, 5, 6.221995926680244, 0.2
491, 3061.0, 6, 6.221544715447155, 0.2
492, 3069.0, 8, 6.225152129817444, 0.2
493, 3077.0, 8, 6.228744939271255, 0.2
494, 3084.0, 7, 6.2303030303030305, 0.2
495, 3089.0, 5, 6.227822580645161, 0.2
496, 3093.0, 4, 6.223340040241449, 0.2
497, 3100.0, 7, 6.224899598393574, 0.2
498, 3104.0, 4, 6.220440881763527, 0.2
499, 3106.0, 2, 6.212, 0.2
500, 3112.0, 6, 6.211576846307385, 0.2
501, 3118.0, 6, 6.211155378486056, 0.2
502, 3123.0, 5, 6.208747514910537, 0.2
503, 3130.0, 7, 6.2103174603174605, 0.2
504, 3137.0, 7, 6.211881188118812, 0.2
505, 3143.0, 6, 6.211462450592886, 0.2
506, 3148.0, 5, 6.209072978303747, 0.2
507, 3155.0, 7, 6.210629921259843, 0.2
508, 3163.0, 8, 6.214145383104126, 0.2
509, 3168.0, 5, 6.211764705882353, 0.2
510, 3169.0, 1, 6.201565557729941, 0.2
511, 3176.0, 7, 6.203125, 0.2
512, 3181.0, 5, 6.200779727095517, 0.2
513, 3186.0, 5, 6.198443579766537, 0.2
514, 3194.0, 8, 6.201941747572816, 0.2
515, 3200.0, 6, 6.2015503875969, 0.2
516, 3206.0, 6, 6.2011605415860735, 0.2
517, 3213.0, 7, 6.202702702702703, 0.2
518, 3220.0, 7, 6.204238921001926, 0.2
519, 3224.0, 4, 6.2, 0.2
520, 3226.0, 2, 6.1919385796545106, 0.2
521, 3234.0, 8, 6.195402298850575, 0.2
522, 3240.0, 6, 6.195028680688337, 0.2
523, 3246.0, 6, 6.194656488549619, 0.2
524, 3253.0, 7, 6.196190476190476, 0.2
525, 3259.0, 6, 6.195817490494297, 0.2
526, 3265.0, 6, 6.195445920303605, 0.2
527, 3273.0, 8, 6.198863636363637, 0.2
528, 3281.0, 8, 6.20226843100189, 0.2
529, 3285.0, 4, 6.19811320754717, 0.2
530, 3292.0, 7, 6.199623352165725, 0.2
531, 3299.0, 7, 6.201127819548872, 0.2
532, 3306.0, 7, 6.202626641651032, 0.2
533, 3313.0, 7, 6.204119850187266, 0.2
534, 3319.0, 6, 6.20373831775701, 0.2
535, 3321.0, 2, 6.19589552238806, 0.2
536, 3329.0, 8, 6.199255121042831, 0.2
537, 3335.0, 6, 6.198884758364312, 0.2
538, 3343.0, 8, 6.202226345083488, 0.2
539, 3351.0, 8, 6.205555555555556, 0.2
540, 3356.0, 5, 6.203327171903882, 0.2
541, 3358.0, 2, 6.195571955719557, 0.2
542, 3365.0, 7, 6.197053406998158, 0.2
543, 3371.0, 6, 6.196691176470588, 0.2
544, 3376.0, 5, 6.194495412844037, 0.2
545, 3382.0, 6, 6.194139194139194, 0.2
546, 3390.0, 8, 6.197440585009141, 0.2
547, 3395.0, 5, 6.195255474452555, 0.2
548, 3401.0, 6, 6.194899817850637, 0.2
549, 3405.0, 4, 6.1909090909090905, 0.2
550, 3411.0, 6, 6.190562613430127, 0.2
551, 3418.0, 7, 6.192028985507246, 0.2
552, 3424.0, 6, 6.191681735985534, 0.2
553, 3431.0, 7, 6.193140794223827, 0.2
554, 3438.0, 7, 6.194594594594594, 0.2
555, 3444.0, 6, 6.194244604316546, 0.2
556, 3447.0, 3, 6.18850987432675, 0.2
557, 3454.0, 7, 6.189964157706093, 0.2
558, 3458.0, 4, 6.186046511627907, 0.2
559, 3465.0, 7, 6.1875, 0.2
560, 3471.0, 6, 6.18716577540107, 0.2
561, 3479.0, 8, 6.190391459074733, 0.2
562, 3481.0, 2, 6.182948490230906, 0.2
563, 3487.0, 6, 6.182624113475177, 0.2
564, 3492.0, 5, 6.180530973451328, 0.2
565, 3497.0, 5, 6.178445229681979, 0.2
566, 3503.0, 6, 6.178130511463845, 0.2
567, 3511.0, 8, 6.181338028169014, 0.2
568, 3518.0, 7, 6.182776801405975, 0.2
569, 3524.0, 6, 6.182456140350877, 0.2
570, 3531.0, 7, 6.183887915936952, 0.2
571, 3539.0, 8, 6.187062937062937, 0.2
572, 3544.0, 5, 6.184991273996509, 0.2
573, 3546.0, 2, 6.177700348432055, 0.2
574, 3552.0, 6, 6.177391304347826, 0.2
575, 3558.0, 6, 6.177083333333333, 0.2
576, 3564.0, 6, 6.176776429809359, 0.2
577, 3565.0, 1, 6.1678200692041525, 0.2
578, 3570.0, 5, 6.16580310880829, 0.2
579, 3577.0, 7, 6.167241379310345, 0.2
580, 3584.0, 7, 6.168674698795181, 0.2
581, 3591.0, 7, 6.170103092783505, 0.2
582, 3596.0, 5, 6.168096054888507, 0.2
583, 3601.0, 5, 6.166095890410959, 0.2
584, 3607.0, 6, 6.165811965811966, 0.2
585, 3615.0, 8, 6.1689419795221845, 0.2
586, 3623.0, 8, 6.17206132879046, 0.2
587, 3625.0, 2, 6.164965986394558, 0.2
588, 3633.0, 8, 6.168081494057725, 0.2
589, 3639.0, 6, 6.167796610169492, 0.2
590, 3640.0, 1, 6.159052453468697, 0.2
591, 3645.0, 5, 6.157094594594595, 0.2
592, 3650.0, 5, 6.155143338954469, 0.2
593, 3657.0, 7, 6.156565656565657, 0.2
594, 3664.0, 7, 6.157983193277311, 0.2
595, 3670.0, 6, 6.157718120805369, 0.2
596, 3677.0, 7, 6.159128978224456, 0.2
597, 3682.0, 5, 6.157190635451505, 0.2
598, 3689.0, 7, 6.158597662771285, 0.2
599, 3695.0, 6, 6.158333333333333, 0.2
600, 3703.0, 8, 6.161397670549085, 0.2
601, 3707.0, 4, 6.157807308970099, 0.2
602, 3713.0, 6, 6.157545605306799, 0.2
603, 3719.0, 6, 6.1572847682119205, 0.2
604, 3726.0, 7, 6.158677685950413, 0.2
605, 3733.0, 7, 6.16006600660066, 0.2
606, 3738.0, 5, 6.158154859967051, 0.2
607, 3742.0, 4, 6.154605263157895, 0.2
608, 3748.0, 6, 6.154351395730706, 0.2
609, 3755.0, 7, 6.155737704918033, 0.2
610, 3756.0, 1, 6.147299509001637, 0.2
611, 3762.0, 6, 6.147058823529412, 0.2
612, 3768.0, 6, 6.146818923327896, 0.2
613, 3772.0, 4, 6.143322475570033, 0.2
614, 3780.0, 8, 6.146341463414634, 0.2
615, 3788.0, 8, 6.14935064935065, 0.2
616, 3793.0, 5, 6.1474878444084275, 0.2
617, 3800.0, 7, 6.148867313915858, 0.2
618, 3804.0, 4, 6.145395799676899, 0.2
619, 3812.0, 8, 6.148387096774194, 0.2
620, 3815.0, 3, 6.143317230273752, 0.2
621, 3820.0, 5, 6.141479099678457, 0.2
622, 3821.0, 1, 6.13322632423756, 0.2
623, 3822.0, 1, 6.125, 0.2
624, 3824.0, 2, 6.1184, 0.2
625, 3828.0, 4, 6.115015974440895, 0.2
626, 3834.0, 6, 6.114832535885167, 0.2
627, 3842.0, 8, 6.117834394904459, 0.2
628, 3849.0, 7, 6.119236883942766, 0.2
629, 3856.0, 7, 6.12063492063492, 0.2
630, 3862.0, 6, 6.120443740095087, 0.2
631, 3869.0, 7, 6.121835443037975, 0.2
632, 3876.0, 7, 6.123222748815166, 0.2
633, 3882.0, 6, 6.1230283911671926, 0.2
634, 3888.0, 6, 6.1228346456692915, 0.2
635, 3892.0, 4, 6.119496855345912, 0.2
636, 3893.0, 1, 6.1114599686028255, 0.2
637, 3897.0, 4, 6.108150470219436, 0.2
638, 3903.0, 6, 6.107981220657277, 0.2
639, 3910.0, 7, 6.109375, 0.2
640, 3912.0, 2, 6.102964118564743, 0.2
641, 3917.0, 5, 6.101246105919003, 0.2
642, 3925.0, 8, 6.104199066874028, 0.2
643, 3929.0, 4, 6.100931677018633, 0.2
644, 3936.0, 7, 6.102325581395349, 0.2
645, 3943.0, 7, 6.103715170278638, 0.2
646, 3944.0, 1, 6.095826893353942, 0.2
647, 3949.0, 5, 6.094135802469136, 0.2
648, 3954.0, 5, 6.092449922958398, 0.2
649, 3959.0, 5, 6.090769230769231, 0.2
650, 3966.0, 7, 6.092165898617512, 0.2
651, 3972.0, 6, 6.0920245398773005, 0.2
652, 3975.0, 3, 6.08728943338438, 0.2
653, 3983.0, 8, 6.090214067278287, 0.2
654, 3990.0, 7, 6.091603053435114, 0.2
655, 3993.0, 3, 6.086890243902439, 0.2
656, 3999.0, 6, 6.0867579908675795, 0.2
657, 4004.0, 5, 6.085106382978723, 0.2
658, 4010.0, 6, 6.084977238239757, 0.2
659, 4016.0, 6, 6.084848484848485, 0.2
660, 4021.0, 5, 6.0832072617246595, 0.2
661, 4029.0, 8, 6.086102719033232, 0.2
662, 4034.0, 5, 6.08446455505279, 0.2
663, 4040.0, 6, 6.0843373493975905, 0.2
664, 4046.0, 6, 6.08421052631579, 0.2
665, 4049.0, 3, 6.07957957957958, 0.2
666, 4052.0, 3, 6.074962518740629, 0.2
667, 4054.0, 2, 6.068862275449102, 0.2
668, 4060.0, 6, 6.068759342301943, 0.2
669, 4065.0, 5, 6.067164179104478, 0.2
670, 4073.0, 8, 6.070044709388972, 0.2
671, 4079.0, 6, 6.069940476190476, 0.2
672, 4080.0, 1, 6.062407132243685, 0.2
673, 4087.0, 7, 6.063798219584569, 0.2
674, 4092.0, 5, 6.062222222222222, 0.2
675, 4097.0, 5, 6.060650887573964, 0.2
676, 4105.0, 8, 6.0635155096011815, 0.2
677, 4108.0, 3, 6.058997050147493, 0.2
678, 4114.0, 6, 6.058910162002945, 0.2
679, 4121.0, 7, 6.060294117647059, 0.2
680, 4127.0, 6, 6.060205580029368, 0.2
681, 4132.0, 5, 6.058651026392962, 0.2
682, 4139.0, 7, 6.060029282576867, 0.2
683, 4146.0, 7, 6.06140350877193, 0.2
684, 4151.0, 5, 6.05985401459854, 0.2
685, 4159.0, 8, 6.062682215743441, 0.2
686, 4166.0, 7, 6.064046579330422, 0.2
687, 4171.0, 5, 6.0625, 0.2
688, 4176.0, 5, 6.060957910014514, 0.2
689, 4181.0, 5, 6.059420289855073, 0.2
690, 4188.0, 7, 6.060781476121563, 0.2
691, 4193.0, 5, 6.059248554913295, 0.2
692, 4197.0, 4, 6.0562770562770565, 0.2
693, 4200.0, 3, 6.051873198847262, 0.2
694, 4206.0, 6, 6.051798561151079, 0.2
695, 4209.0, 3, 6.047413793103448, 0.2
696, 4213.0, 4, 6.044476327116213, 0.2
697, 4217.0, 4, 6.041547277936963, 0.2
698, 4224.0, 7, 6.042918454935623, 0.2
699, 4232.0, 8, 6.045714285714285, 0.2
700, 4232.0, 0, 6.0370898716119825, 0.2
701, 4238.0, 6, 6.037037037037037, 0.2
702, 4245.0, 7, 6.038406827880512, 0.2
703, 4249.0, 4, 6.035511363636363, 0.2
704, 4255.0, 6, 6.035460992907802, 0.2
705, 4255.0, 0, 6.026912181303116, 0.2
706, 4257.0, 2, 6.021216407355022, 0.2
707, 4261.0, 4, 6.018361581920904, 0.2
708, 4262.0, 1, 6.011283497884344, 0.2
709, 4269.0, 7, 6.012676056338028, 0.2
710, 4275.0, 6, 6.012658227848101, 0.2
711, 4282.0, 7, 6.014044943820225, 0.2
712, 4287.0, 5, 6.012622720897616, 0.2
713, 4293.0, 6, 6.012605042016807, 0.2
714, 4299.0, 6, 6.012587412587413, 0.2
715, 4306.0, 7, 6.0139664804469275, 0.2
716, 4312.0, 6, 6.0139470013947, 0.2
717, 4319.0, 7, 6.015320334261839, 0.2
718, 4326.0, 7, 6.016689847009736, 0.2
719, 4330.0, 4, 6.013888888888889, 0.2
720, 4336.0, 6, 6.013869625520111, 0.2
721, 4337.0, 1, 6.0069252077562325, 0.2
722, 4343.0, 6, 6.006915629322268, 0.2
723, 4344.0, 1, 6.0, 0.2
724, 4350.0, 6, 6.0, 0.2
725, 4358.0, 8, 6.002754820936639, 0.2
726, 4364.0, 6, 6.002751031636864, 0.2
727, 4370.0, 6, 6.002747252747253, 0.2
728, 4370.0, 0, 5.994513031550069, 0.2
729, 4371.0, 1, 5.987671232876712, 0.2
730, 4377.0, 6, 5.987688098495212, 0.2
731, 4384.0, 7, 5.9890710382513666, 0.2
732, 4392.0, 8, 5.9918144611186905, 0.2
733, 4400.0, 8, 5.994550408719346, 0.2
734, 4406.0, 6, 5.994557823129251, 0.2
735, 4410.0, 4, 5.991847826086956, 0.2
736, 4416.0, 6, 5.991858887381276, 0.2
737, 4418.0, 2, 5.986449864498645, 0.2
738, 4426.0, 8, 5.989174560216509, 0.2
739, 4432.0, 6, 5.989189189189189, 0.2
740, 4438.0, 6, 5.989203778677463, 0.2
741, 4445.0, 7, 5.990566037735849, 0.2
742, 4451.0, 6, 5.990578734858681, 0.2
743, 4454.0, 3, 5.986559139784946, 0.2
744, 4458.0, 4, 5.983892617449665, 0.2
745, 4464.0, 6, 5.983914209115282, 0.2
746, 4470.0, 6, 5.983935742971887, 0.2
747, 4477.0, 7, 5.985294117647059, 0.2
748, 4484.0, 7, 5.986648865153538, 0.2
749, 4491.0, 7, 5.988, 0.2
750, 4498.0, 7, 5.989347536617843, 0.2
751, 4503.0, 5, 5.988031914893617, 0.2
752, 4510.0, 7, 5.98937583001328, 0.2
753, 4513.0, 3, 5.985411140583555, 0.2
754, 4520.0, 7, 5.986754966887418, 0.2
755, 4528.0, 8, 5.98941798941799, 0.2
756, 4535.0, 7, 5.990752972258917, 0.2
757, 4542.0, 7, 5.992084432717678, 0.2
758, 4547.0, 5, 5.990777338603426, 0.2
759, 4554.0, 7, 5.992105263157895, 0.2
760, 4558.0, 4, 5.989487516425756, 0.2
761, 4562.0, 4, 5.986876640419948, 0.2
762, 4564.0, 2, 5.981651376146789, 0.2
763, 4569.0, 5, 5.980366492146596, 0.2
764, 4569.0, 0, 5.972549019607843, 0.2
765, 4572.0, 3, 5.968668407310705, 0.2
766, 4578.0, 6, 5.96870925684485, 0.2
767, 4585.0, 7, 5.970052083333333, 0.2
768, 4586.0, 1, 5.963589076723017, 0.2
769, 4586.0, 0, 5.955844155844156, 0.2
770, 4586.0, 0, 5.948119325551232, 0.2
771, 4589.0, 3, 5.944300518134715, 0.2
772, 4595.0, 6, 5.944372574385511, 0.2
773, 4597.0, 2, 5.939276485788113, 0.2
774, 4601.0, 4, 5.936774193548387, 0.2
775, 4603.0, 2, 5.931701030927835, 0.2
776, 4610.0, 7, 5.9330759330759335, 0.2
777, 4615.0, 5, 5.9318766066838045, 0.2
778, 4622.0, 7, 5.933247753530167, 0.2
779, 4627.0, 5, 5.932051282051282, 0.2
780, 4632.0, 5, 5.930857874519846, 0.2
781, 4638.0, 6, 5.930946291560102, 0.2
782, 4643.0, 5, 5.929757343550447, 0.2
783, 4650.0, 7, 5.9311224489795915, 0.2
784, 4657.0, 7, 5.932484076433121, 0.2
785, 4664.0, 7, 5.933842239185751, 0.2
786, 4667.0, 3, 5.9301143583227445, 0.2
787, 4667.0, 0, 5.9225888324873095, 0.2
788, 4670.0, 3, 5.918884664131812, 0.2
789, 4677.0, 7, 5.920253164556962, 0.2
790, 4678.0, 1, 5.914032869785082, 0.2
791, 4684.0, 6, 5.914141414141414, 0.2
792, 4689.0, 5, 5.912988650693569, 0.2
793, 4692.0, 3, 5.909319899244332, 0.2
794, 4696.0, 4, 5.90691823899371, 0.2
795, 4703.0, 7, 5.908291457286432, 0.2
796, 4704.0, 1, 5.902132998745295, 0.2
797, 4711.0, 7, 5.9035087719298245, 0.2
798, 4717.0, 6, 5.9036295369211516, 0.2
799, 4725.0, 8, 5.90625, 0.2
800, 4729.0, 4, 5.903870162297129, 0.2
801, 4734.0, 5, 5.902743142144638, 0.2
802, 4741.0, 7, 5.904109589041096, 0.2
803, 4746.0, 5, 5.902985074626866, 0.2
804, 4754.0, 8, 5.905590062111801, 0.2
805, 4762.0, 8, 5.908188585607941, 0.2
806, 4770.0, 8, 5.910780669144981, 0.2
807, 4777.0, 7, 5.912128712871287, 0.2
808, 4785.0, 8, 5.914709517923362, 0.2
809, 4785.0, 0, 5.907407407407407, 0.2
810, 4791.0, 6, 5.907521578298397, 0.2
811, 4797.0, 6, 5.907635467980295, 0.2
812, 4804.0, 7, 5.908979089790898, 0.2
813, 4807.0, 3, 5.905405405405405, 0.2
814, 4808.0, 1, 5.899386503067484, 0.2
815, 4810.0, 2, 5.894607843137255, 0.2
816, 4816.0, 6, 5.894736842105263, 0.2
817, 4817.0, 1, 5.888753056234719, 0.2
818, 4823.0, 6, 5.888888888888889, 0.2
819, 4829.0, 6, 5.889024390243902, 0.2
820, 4834.0, 5, 5.887941534713764, 0.2
821, 4840.0, 6, 5.888077858880779, 0.2
822, 4846.0, 6, 5.888213851761847, 0.2
823, 4848.0, 2, 5.883495145631068, 0.2
824, 4849.0, 1, 5.877575757575758, 0.2
825, 4856.0, 7, 5.878934624697337, 0.2
826, 4863.0, 7, 5.880290205562273, 0.2
827, 4871.0, 8, 5.882850241545894, 0.2
828, 4877.0, 6, 5.882991556091676, 0.2
829, 4884.0, 7, 5.88433734939759, 0.2
830, 4889.0, 5, 5.883273164861612, 0.2
831, 4892.0, 3, 5.8798076923076925, 0.2
832, 4893.0, 1, 5.873949579831932, 0.2
833, 4898.0, 5, 5.872901678657074, 0.2
834, 4903.0, 5, 5.87185628742515, 0.2
835, 4910.0, 7, 5.873205741626794, 0.2
836, 4914.0, 4, 5.870967741935484, 0.2
837, 4922.0, 8, 5.873508353221957, 0.2
838, 4928.0, 6, 5.873659117997616, 0.2
839, 4935.0, 7, 5.875, 0.2
840, 4941.0, 6, 5.875148632580261, 0.2
841, 4943.0, 2, 5.870546318289787, 0.2
842, 4949.0, 6, 5.870699881376038, 0.2
843, 4955.0, 6, 5.87085308056872, 0.2
844, 4958.0, 3, 5.867455621301775, 0.2
845, 4962.0, 4, 5.865248226950355, 0.2
846, 4970.0, 8, 5.867768595041323, 0.2
847, 4976.0, 6, 5.867924528301887, 0.2
848, 4983.0, 7, 5.869257950530035, 0.2
849, 4989.0, 6, 5.869411764705882, 0.2
850, 4990.0, 1, 5.863689776733255, 0.2
851, 4994.0, 4, 5.86150234741784, 0.2
852, 5000.0, 6, 5.861664712778429, 0.2
853, 5001.0, 1, 5.855971896955504, 0.2
854, 5003.0, 2, 5.851461988304093, 0.2
855, 5003.0, 0, 5.844626168224299, 0.2
856, 5010.0, 7, 5.845974329054842, 0.2
857, 5010.0, 0, 5.839160839160839, 0.2
858, 5017.0, 7, 5.840512223515716, 0.2
859, 5023.0, 6, 5.840697674418605, 0.2
860, 5027.0, 4, 5.83855981416957, 0.2
861, 5033.0, 6, 5.838747099767981, 0.2
862, 5040.0, 7, 5.840092699884125, 0.2
863, 5040.0, 0, 5.833333333333333, 0.2
864, 5040.0, 0, 5.826589595375722, 0.2
865, 5048.0, 8, 5.829099307159353, 0.2
866, 5056.0, 8, 5.831603229527105, 0.2
867, 5061.0, 5, 5.830645161290323, 0.2
868, 5065.0, 4, 5.828538550057537, 0.2
869, 5072.0, 7, 5.829885057471264, 0.2
870, 5079.0, 7, 5.831228473019518, 0.2
871, 5084.0, 5, 5.830275229357798, 0.2
872, 5085.0, 1, 5.824742268041237, 0.2
873, 5091.0, 6, 5.824942791762013, 0.2
874, 5097.0, 6, 5.825142857142857, 0.2
875, 5101.0, 4, 5.823059360730594, 0.2
876, 5108.0, 7, 5.824401368301026, 0.2
877, 5111.0, 3, 5.8211845102505695, 0.2
878, 5116.0, 5, 5.820250284414107, 0.2
879, 5123.0, 7, 5.821590909090909, 0.2
880, 5127.0, 4, 5.819523269012485, 0.2
881, 5135.0, 8, 5.821995464852607, 0.2
882, 5141.0, 6, 5.822197055492639, 0.2
883, 5146.0, 5, 5.821266968325792, 0.2
884, 5152.0, 6, 5.821468926553672, 0.2
885, 5152.0, 0, 5.8148984198645595, 0.2
886, 5157.0, 5, 5.813979706877114, 0.2
887, 5163.0, 6, 5.8141891891891895, 0.2
888, 5170.0, 7, 5.815523059617548, 0.2
889, 5174.0, 4, 5.813483146067416, 0.2
890, 5177.0, 3, 5.810325476992143, 0.2
891, 5183.0, 6, 5.810538116591928, 0.2
892, 5189.0, 6, 5.810750279955207, 0.2
893, 5190.0, 1, 5.805369127516778, 0.2
894, 5196.0, 6, 5.805586592178771, 0.2
895, 5196.0, 0, 5.799107142857143, 0.2
896, 5198.0, 2, 5.794871794871795, 0.2
897, 5204.0, 6, 5.795100222717149, 0.2
898, 5212.0, 8, 5.797552836484983, 0.2
899, 5220.0, 8, 5.8, 0.2
900, 5225.0, 5, 5.799112097669257, 0.2
901, 5232.0, 7, 5.800443458980045, 0.2
902, 5237.0, 5, 5.799557032115172, 0.2
903, 5242.0, 5, 5.798672566371682, 0.2
904, 5246.0, 4, 5.796685082872928, 0.2
905, 5254.0, 8, 5.799116997792495, 0.2
906, 5262.0, 8, 5.8015435501653805, 0.2
907, 5263.0, 1, 5.796255506607929, 0.2
908, 5270.0, 7, 5.7975797579757975, 0.2
909, 5277.0, 7, 5.798901098901099, 0.2
910, 5284.0, 7, 5.800219538968167, 0.2
911, 5290.0, 6, 5.800438596491228, 0.2
912, 5295.0, 5, 5.7995618838992335, 0.2
913, 5299.0, 4, 5.797592997811816, 0.2
914, 5305.0, 6, 5.797814207650274, 0.2
915, 5307.0, 2, 5.793668122270742, 0.2
916, 5309.0, 2, 5.789531079607415, 0.2
917, 5313.0, 4, 5.787581699346405, 0.2
918, 5314.0, 1, 5.782372143634385, 0.2
919, 5322.0, 8, 5.784782608695652, 0.2
920, 5329.0, 7, 5.7861020629750275, 0.2
921, 5336.0, 7, 5.787418655097614, 0.2
922, 5344.0, 8, 5.789815817984832, 0.2
923, 5350.0, 6, 5.79004329004329, 0.2
924, 5358.0, 8, 5.792432432432433, 0.2
925, 5365.0, 7, 5.793736501079914, 0.2
926, 5367.0, 2, 5.789644012944984, 0.2
927, 5369.0, 2, 5.785560344827586, 0.2
928, 5374.0, 5, 5.7847147470398275, 0.2
929, 5376.0, 2, 5.780645161290322, 0.2
930, 5381.0, 5, 5.779806659505907, 0.2
931, 5388.0, 7, 5.781115879828326, 0.2
932, 5392.0, 4, 5.779206859592712, 0.2
933, 5392.0, 0, 5.773019271948608, 0.2
934, 5399.0, 7, 5.774331550802139, 0.2
935, 5402.0, 3, 5.771367521367521, 0.2
936, 5407.0, 5, 5.770544290288154, 0.2
937, 5408.0, 1, 5.76545842217484, 0.2
938, 5415.0, 7, 5.766773162939297, 0.2
939, 5421.0, 6, 5.767021276595744, 0.2
940, 5427.0, 6, 5.767268862911796, 0.2
941, 5428.0, 1, 5.762208067940552, 0.2
942, 5435.0, 7, 5.7635206786850475, 0.2
943, 5441.0, 6, 5.763771186440678, 0.2
944, 5446.0, 5, 5.762962962962963, 0.2
945, 5453.0, 7, 5.764270613107822, 0.2
946, 5461.0, 8, 5.76663146779303, 0.2
947, 5468.0, 7, 5.767932489451477, 0.2
948, 5473.0, 5, 5.767123287671233, 0.2
949, 5480.0, 7, 5.768421052631579, 0.2
950, 5487.0, 7, 5.769716088328075, 0.2
951, 5492.0, 5, 5.76890756302521, 0.2
952, 5500.0, 8, 5.77124868835257, 0.2
953, 5507.0, 7, 5.772536687631027, 0.2
954, 5512.0, 5, 5.7717277486911, 0.2
955, 5519.0, 7, 5.773012552301255, 0.2
956, 5526.0, 7, 5.774294670846395, 0.2
957, 5532.0, 6, 5.774530271398747, 0.2
958, 5539.0, 7, 5.775808133472367, 0.2
959, 5545.0, 6, 5.776041666666667, 0.2
960, 5550.0, 5, 5.775234131113423, 0.2
961, 5556.0, 6, 5.775467775467775, 0.2
962, 5563.0, 7, 5.7767393561786085, 0.2
963, 5571.0, 8, 5.779045643153527, 0.2
964, 5579.0, 8, 5.781347150259068, 0.2
965, 5585.0, 6, 5.7815734989648035, 0.2
966, 5591.0, 6, 5.781799379524302, 0.2
967, 5595.0, 4, 5.779958677685951, 0.2
968, 5599.0, 4, 5.7781217750258, 0.2
969, 5606.0, 7, 5.779381443298969, 0.2
970, 5611.0, 5, 5.778578784757982, 0.2
971, 5612.0, 1, 5.773662551440329, 0.2
972, 5619.0, 7, 5.774922918807811, 0.2
973, 5627.0, 8, 5.777207392197125, 0.2
974, 5633.0, 6, 5.777435897435898, 0.2
975, 5639.0, 6, 5.777663934426229, 0.2
976, 5647.0, 8, 5.779938587512794, 0.2
977, 5654.0, 7, 5.78118609406953, 0.2
978, 5661.0, 7, 5.7824310520939735, 0.2
979, 5666.0, 5, 5.781632653061225, 0.2
980, 5670.0, 4, 5.779816513761468, 0.2
981, 5675.0, 5, 5.779022403258656, 0.2
982, 5681.0, 6, 5.779247202441506, 0.2
983, 5689.0, 8, 5.78150406504065, 0.2
984, 5691.0, 2, 5.777664974619289, 0.2
985, 5699.0, 8, 5.779918864097363, 0.2
986, 5706.0, 7, 5.781155015197569, 0.2
987, 5710.0, 4, 5.779352226720648, 0.2
988, 5718.0, 8, 5.78159757330637, 0.2
989, 5724.0, 6, 5.781818181818182, 0.2
990, 5730.0, 6, 5.782038345105954, 0.2
991, 5738.0, 8, 5.784274193548387, 0.2
992, 5746.0, 8, 5.7865055387714, 0.2
993, 5754.0, 8, 5.788732394366197, 0.2
994, 5761.0, 7, 5.789949748743719, 0.2
995, 5764.0, 3, 5.78714859437751, 0.2
996, 5767.0, 3, 5.7843530591775325, 0.2
997, 5773.0, 6, 5.784569138276553, 0.2
998, 5779.0, 6, 5.784784784784785, 0.2
999, 5780.0, 1, 5.78, 0.2
1000, 5788.0, 8, 5.782217782217782, 0.2
1001, 5788.0, 0, 5.7764471057884235, 0.2
1002, 5794.0, 6, 5.7766699900299106, 0.2
1003, 5799.0, 5, 5.77589641434263, 0.2
1004, 5800.0, 1, 5.7711442786069655, 0.2
1005, 5807.0, 7, 5.772365805168986, 0.2
1006, 5812.0, 5, 5.771598808341609, 0.2
1007, 5816.0, 4, 5.76984126984127, 0.2
1008, 5822.0, 6, 5.770069375619425, 0.2
1009, 5822.0, 0, 5.764356435643564, 0.2
1010, 5829.0, 7, 5.765578635014837, 0.2
1011, 5836.0, 7, 5.766798418972332, 0.2
1012, 5842.0, 6, 5.767028627838105, 0.2
1013, 5845.0, 3, 5.764299802761341, 0.2
1014, 5851.0, 6, 5.764532019704434, 0.2
1015, 5854.0, 3, 5.761811023622047, 0.2
1016, 5861.0, 7, 5.763028515240904, 0.2
1017, 5869.0, 8, 5.765225933202357, 0.2
1018, 5875.0, 6, 5.765456329735034, 0.2
1019, 5881.0, 6, 5.765686274509804, 0.2
1020, 5888.0, 7, 5.766895200783545, 0.2
1021, 5889.0, 1, 5.762230919765166, 0.2
1022, 5895.0, 6, 5.762463343108505, 0.2
1023, 5899.0, 4, 5.7607421875, 0.2
1024, 5905.0, 6, 5.760975609756097, 0.2
1025, 5912.0, 7, 5.762183235867447, 0.2
1026, 5912.0, 0, 5.756572541382668, 0.2
1027, 5920.0, 8, 5.7587548638132295, 0.2
1028, 5927.0, 7, 5.759961127308066, 0.2
1029, 5934.0, 7, 5.761165048543689, 0.2
1030, 5934.0, 0, 5.755577109602328, 0.2
1031, 5938.0, 4, 5.753875968992248, 0.2
1032, 5938.0, 0, 5.748305905130687, 0.2
1033, 5944.0, 6, 5.748549323017408, 0.2
1034, 5951.0, 7, 5.7497584541062805, 0.2
1035, 5957.0, 6, 5.75, 0.2
1036, 5961.0, 4, 5.7483124397299905, 0.2
1037, 5967.0, 6, 5.7485549132947975, 0.2
1038, 5972.0, 5, 5.747834456207892, 0.2
1039, 5978.0, 6, 5.748076923076923, 0.2
1040, 5986.0, 8, 5.750240153698367, 0.2
1041, 5993.0, 7, 5.751439539347409, 0.2
1042, 5999.0, 6, 5.751677852348993, 0.2
1043, 6004.0, 5, 5.75095785440613, 0.2
1044, 6011.0, 7, 5.752153110047847, 0.2
1045, 6018.0, 7, 5.753346080305928, 0.2
1046, 6026.0, 8, 5.75549188156638, 0.2
1047, 6028.0, 2, 5.751908396946565, 0.2
1048, 6033.0, 5, 5.75119161105815, 0.2
1049, 6034.0, 1, 5.746666666666667, 0.2
1050, 6039.0, 5, 5.745956232159847, 0.2
1051, 6046.0, 7, 5.747148288973384, 0.2
1052, 6050.0, 4, 5.745489078822412, 0.2
1053, 6057.0, 7, 5.746679316888046, 0.2
1054, 6064.0, 7, 5.747867298578199, 0.2
1055, 6070.0, 6, 5.7481060606060606, 0.2
1056, 6071.0, 1, 5.743614001892148, 0.2
1057, 6074.0, 3, 5.741020793950851, 0.2
1058, 6081.0, 7, 5.742209631728045, 0.2
1059, 6088.0, 7, 5.743396226415094, 0.2
1060, 6094.0, 6, 5.7436380772855795, 0.2
1061, 6100.0, 6, 5.743879472693032, 0.2
1062, 6106.0, 6, 5.74412041392286, 0.2
1063, 6107.0, 1, 5.739661654135339, 0.2
1064, 6111.0, 4, 5.738028169014084, 0.2
1065, 6111.0, 0, 5.732645403377111, 0.2
1066, 6117.0, 6, 5.7328959700093725, 0.2
1067, 6125.0, 8, 5.73501872659176, 0.2
1068, 6131.0, 6, 5.735266604303087, 0.2
1069, 6138.0, 7, 5.736448598130841, 0.2
1070, 6140.0, 2, 5.7329598506069095, 0.2
1071, 6146.0, 6, 5.733208955223881, 0.2
1072, 6153.0, 7, 5.734389561975769, 0.2
1073, 6160.0, 7, 5.735567970204841, 0.2
1074, 6167.0, 7, 5.736744186046511, 0.2
1075, 6173.0, 6, 5.7369888475836435, 0.2
1076, 6180.0, 7, 5.73816155988858, 0.2
1077, 6187.0, 7, 5.7393320964749535, 0.2
1078, 6194.0, 7, 5.74050046339203, 0.2
1079, 6200.0, 6, 5.7407407407407405, 0.2
1080, 6208.0, 8, 5.742830712303423, 0.2
1081, 6214.0, 6, 5.743068391866913, 0.2
1082, 6220.0, 6, 5.743305632502309, 0.2
1083, 6223.0, 3, 5.740774907749078, 0.2
1084, 6230.0, 7, 5.741935483870968, 0.2
1085, 6236.0, 6, 5.742173112338858, 0.2
1086, 6238.0, 2, 5.7387304507819685, 0.2
1087, 6244.0, 6, 5.738970588235294, 0.2
1088, 6251.0, 7, 5.740128558310376, 0.2
1089, 6258.0, 7, 5.741284403669725, 0.2
1090, 6262.0, 4, 5.739688359303392, 0.2
1091, 6267.0, 5, 5.739010989010989, 0.2
1092, 6273.0, 6, 5.739249771271729, 0.2
1093, 6280.0, 7, 5.740402193784278, 0.2
1094, 6286.0, 6, 5.740639269406393, 0.2
1095, 6294.0, 8, 5.742700729927007, 0.2
1096, 6302.0, 8, 5.744758432087512, 0.2
1097, 6306.0, 4, 5.743169398907104, 0.2
1098, 6308.0, 2, 5.739763421292084, 0.2
1099, 6312.0, 4, 5.738181818181818, 0.2
1100, 6312.0, 0, 5.732970027247957, 0.2
1101, 6318.0, 6, 5.733212341197822, 0.2
1102, 6321.0, 3, 5.730734360834089, 0.2
1103, 6327.0, 6, 5.730978260869565, 0.2
1104, 6334.0, 7, 5.732126696832579, 0.2
1105, 6340.0, 6, 5.732368896925859, 0.2
1106, 6341.0, 1, 5.728093947606142, 0.2
1107, 6342.0, 1, 5.723826714801444, 0.2
1108, 6347.0, 5, 5.72317403065825, 0.2
1109, 6355.0, 8, 5.725225225225225, 0.2
1110, 6360.0, 5, 5.724572457245724, 0.2
1111, 6368.0, 8, 5.726618705035971, 0.2
1112, 6372.0, 4, 5.725067385444744, 0.2
1113, 6377.0, 5, 5.724416517055655, 0.2
1114, 6383.0, 6, 5.724663677130045, 0.2
1115, 6388.0, 5, 5.724014336917563, 0.2
1116, 6395.0, 7, 5.7251566696508505, 0.2
1117, 6397.0, 2, 5.721824686940966, 0.2
1118, 6404.0, 7, 5.722966934763181, 0.2
1119, 6410.0, 6, 5.723214285714286, 0.2
1120, 6411.0, 1, 5.71900089206066, 0.2
1121, 6414.0, 3, 5.716577540106952, 0.2
1122, 6422.0, 8, 5.7186108637577915, 0.2
1123, 6429.0, 7, 5.719750889679715, 0.2
1124, 6435.0, 6, 5.72, 0.2
1125, 6441.0, 6, 5.720248667850799, 0.2
1126, 6441.0, 0, 5.715173025732032, 0.2
1127, 6447.0, 6, 5.715425531914893, 0.2
1128, 6447.0, 0, 5.710363153232949, 0.2
1129, 6453.0, 6, 5.710619469026549, 0.2
1130, 6458.0, 5, 5.70999115826702, 0.2
1131, 6461.0, 3, 5.707597173144876, 0.2
1132, 6467.0, 6, 5.707855251544572, 0.2
1133, 6474.0, 7, 5.708994708994709, 0.2
1134, 6480.0, 6, 5.709251101321586, 0.2
1135, 6482.0, 2, 5.705985915492958, 0.2
1136, 6483.0, 1, 5.701846965699208, 0.2
1137, 6487.0, 4, 5.700351493848857, 0.2
1138, 6489.0, 2, 5.697102721685689, 0.2
1139, 6492.0, 3, 5.6947368421052635, 0.2
1140, 6498.0, 6, 5.695004382120946, 0.2
1141, 6499.0, 1, 5.690893169877408, 0.2
1142, 6506.0, 7, 5.692038495188101, 0.2
1143, 6507.0, 1, 5.687937062937063, 0.2
1144, 6514.0, 7, 5.689082969432315, 0.2
1145, 6515.0, 1, 5.684991273996509, 0.2
1146, 6519.0, 4, 5.683522231909329, 0.2
1147, 6524.0, 5, 5.682926829268292, 0.2
1148, 6531.0, 7, 5.684073107049608, 0.2
1149, 6531.0, 0, 5.679130434782609, 0.2
1150, 6535.0, 4, 5.6776715899218075, 0.2
1151, 6542.0, 7, 5.678819444444445, 0.2
1152, 6546.0, 4, 5.67736339982654, 0.2
1153, 6553.0, 7, 5.6785095320623915, 0.2
1154, 6558.0, 5, 5.677922077922078, 0.2
1155, 6558.0, 0, 5.673010380622838, 0.2
1156, 6563.0, 5, 5.672428694900605, 0.2
1157, 6571.0, 8, 5.674438687392056, 0.2
1158, 6577.0, 6, 5.6747195858498705, 0.2
1159, 6579.0, 2, 5.671551724137931, 0.2
1160, 6584.0, 5, 5.670973298880275, 0.2
1161, 6592.0, 8, 5.672977624784854, 0.2
1162, 6595.0, 3, 5.670679277730009, 0.2
1163, 6602.0, 7, 5.671821305841925, 0.2
1164, 6610.0, 8, 5.67381974248927, 0.2
1165, 6617.0, 7, 5.674957118353345, 0.2
1166, 6623.0, 6, 5.675235646958012, 0.2
1167, 6628.0, 5, 5.674657534246576, 0.2
1168, 6632.0, 4, 5.673224978614201, 0.2
1169, 6639.0, 7, 5.674358974358975, 0.2
1170, 6645.0, 6, 5.6746370623398805, 0.2
1171, 6649.0, 4, 5.67320819112628, 0.2
1172, 6655.0, 6, 5.6734867860187554, 0.2
1173, 6657.0, 2, 5.670357751277683, 0.2
1174, 6664.0, 7, 5.671489361702128, 0.2
1175, 6664.0, 0, 5.666666666666667, 0.2
1176, 6670.0, 6, 5.666949872557349, 0.2
1177, 6674.0, 4, 5.66553480475382, 0.2
1178, 6676.0, 2, 5.662425784563189, 0.2
1179, 6683.0, 7, 5.6635593220338984, 0.2
1180, 6689.0, 6, 5.663844199830652, 0.2
1181, 6696.0, 7, 5.66497461928934, 0.2
1182, 6697.0, 1, 5.661031276415891, 0.2
1183, 6702.0, 5, 5.660472972972973, 0.2
1184, 6703.0, 1, 5.656540084388186, 0.2
1185, 6710.0, 7, 5.6576728499156825, 0.2
1186, 6716.0, 6, 5.657961246840775, 0.2
1187, 6722.0, 6, 5.658249158249158, 0.2
1188, 6730.0, 8, 5.660218671152228, 0.2
1189, 6736.0, 6, 5.660504201680673, 0.2
1190, 6741.0, 5, 5.659949622166247, 0.2
1191, 6746.0, 5, 5.659395973154362, 0.2
1192, 6749.0, 3, 5.657166806370495, 0.2
1193, 6753.0, 4, 5.655778894472362, 0.2
1194, 6761.0, 8, 5.657740585774058, 0.2
1195, 6763.0, 2, 5.654682274247492, 0.2
1196, 6764.0, 1, 5.650793650793651, 0.2
1197, 6772.0, 8, 5.652754590984975, 0.2
1198, 6775.0, 3, 5.650542118432027, 0.2
1199, 6781.0, 6, 5.650833333333333, 0.2
1200, 6787.0, 6, 5.6511240632806, 0.2
1201, 6791.0, 4, 5.649750415973378, 0.2
1202, 6798.0, 7, 5.650872817955112, 0.2
1203, 6800.0, 2, 5.647840531561462, 0.2
1204, 6807.0, 7, 5.64896265560166, 0.2
1205, 6810.0, 3, 5.646766169154229, 0.2
1206, 6816.0, 6, 5.647058823529412, 0.2
1207, 6820.0, 4, 5.645695364238411, 0.2
1208, 6824.0, 4, 5.644334160463193, 0.2
1209, 6824.0, 0, 5.6396694214876035, 0.2
1210, 6831.0, 7, 5.640792733278283, 0.2
1211, 6832.0, 1, 5.636963696369637, 0.2
1212, 6839.0, 7, 5.638087386644683, 0.2
1213, 6841.0, 2, 5.635090609555189, 0.2
1214, 6841.0, 0, 5.6304526748971195, 0.2
1215, 6849.0, 8, 5.6324013157894735, 0.2
1216, 6855.0, 6, 5.6327033689400166, 0.2
1217, 6859.0, 4, 5.6313628899835795, 0.2
1218, 6866.0, 7, 5.632485643970468, 0.2
1219, 6870.0, 4, 5.631147540983607, 0.2
1220, 6871.0, 1, 5.627354627354627, 0.2
1221, 6873.0, 2, 5.624386252045826, 0.2
1222, 6880.0, 7, 5.62551103843009, 0.2
1223, 6884.0, 4, 5.624183006535947, 0.2
1224, 6891.0, 7, 5.62530612244898, 0.2
1225, 6898.0, 7, 5.626427406199022, 0.2
1226, 6900.0, 2, 5.623471882640587, 0.2
1227, 6905.0, 5, 5.622964169381108, 0.2
1228, 6911.0, 6, 5.623270951993491, 0.2
1229, 6918.0, 7, 5.624390243902439, 0.2
1230, 6926.0, 8, 5.626320064987815, 0.2
1231, 6933.0, 7, 5.627435064935065, 0.2
1232, 6940.0, 7, 5.628548256285483, 0.2
1233, 6947.0, 7, 5.62965964343598, 0.2
1234, 6953.0, 6, 5.62995951417004, 0.2
1235, 6953.0, 0, 5.625404530744337, 0.2
1236, 6960.0, 7, 5.6265157639450285, 0.2
1237, 6968.0, 8, 5.6284329563812605, 0.2
1238, 6970.0, 2, 5.625504439063761, 0.2
1239, 6975.0, 5, 5.625, 0.2
1240, 6979.0, 4, 5.6236905721192585, 0.2
1241, 6980.0, 1, 5.6199677938808374, 0.2
1242, 6986.0, 6, 5.620273531777957, 0.2
1243, 6993.0, 7, 5.621382636655949, 0.2
1244, 6996.0, 3, 5.619277108433735, 0.2
1245, 7003.0, 7, 5.620385232744783, 0.2
1246, 7005.0, 2, 5.6174819566960705, 0.2
1247, 7008.0, 3, 5.615384615384615, 0.2
1248, 7014.0, 6, 5.6156925540432345, 0.2
1249, 7018.0, 4, 5.6144, 0.2
1250, 7018.0, 0, 5.609912070343725, 0.2
1251, 7018.0, 0, 5.605431309904153, 0.2
1252, 7023.0, 5, 5.604948124501197, 0.2
1253, 7029.0, 6, 5.605263157894737, 0.2
1254, 7037.0, 8, 5.607171314741036, 0.2
1255, 7043.0, 6, 5.607484076433121, 0.2
1256, 7048.0, 5, 5.607000795544948, 0.2
1257, 7053.0, 5, 5.606518282988871, 0.2
1258, 7060.0, 7, 5.607625099285147, 0.2
1259, 7068.0, 8, 5.609523809523809, 0.2
1260, 7075.0, 7, 5.610626486915146, 0.2
1261, 7075.0, 0, 5.606180665610142, 0.2
1262, 7082.0, 7, 5.607284243863816, 0.2
1263, 7090.0, 8, 5.609177215189874, 0.2
1264, 7092.0, 2, 5.606324110671936, 0.2
1265, 7097.0, 5, 5.605845181674566, 0.2
1266, 7103.0, 6, 5.606156274664562, 0.2
1267, 7108.0, 5, 5.605678233438486, 0.2
1268, 7108.0, 0, 5.601260835303388, 0.2
1269, 7114.0, 6, 5.601574803149607, 0.2
1270, 7119.0, 5, 5.601101494885917, 0.2
1271, 7120.0, 1, 5.59748427672956, 0.2
1272, 7122.0, 2, 5.594658287509819, 0.2
1273, 7123.0, 1, 5.5910518053375196, 0.2
1274, 7129.0, 6, 5.591372549019608, 0.2
1275, 7136.0, 7, 5.592476489028213, 0.2
1276, 7139.0, 3, 5.590446358653093, 0.2
1277, 7146.0, 7, 5.591549295774648, 0.2
1278, 7147.0, 1, 5.5879593432369035, 0.2
1279, 7152.0, 5, 5.5875, 0.2
1280, 7158.0, 6, 5.587822014051523, 0.2
1281, 7161.0, 3, 5.585803432137285, 0.2
1282, 7169.0, 8, 5.587685113016368, 0.2
1283, 7175.0, 6, 5.588006230529595, 0.2
1284, 7180.0, 5, 5.587548638132295, 0.2
1285, 7181.0, 1, 5.58398133748056, 0.2
1286, 7185.0, 4, 5.582750582750583, 0.2
1287, 7185.0, 0, 5.578416149068323, 0.2
1288, 7190.0, 5, 5.577967416602017, 0.2
1289, 7195.0, 5, 5.577519379844961, 0.2
1290, 7196.0, 1, 5.573973663826491, 0.2
1291, 7203.0, 7, 5.575077399380805, 0.2
1292, 7208.0, 5, 5.574632637277649, 0.2
1293, 7208.0, 0, 5.57032457496136, 0.2
1294, 7215.0, 7, 5.571428571428571, 0.2
1295, 7221.0, 6, 5.5717592592592595, 0.2
1296, 7224.0, 3, 5.5697764070932925, 0.2
1297, 7226.0, 2, 5.567026194144838, 0.2
1298, 7234.0, 8, 5.568899153194765, 0.2
1299, 7240.0, 6, 5.569230769230769, 0.2
1300, 7247.0, 7, 5.570330514988471, 0.2
1301, 7251.0, 4, 5.5691244239631335, 0.2
1302, 7259.0, 8, 5.570990023023791, 0.2
1303, 7264.0, 5, 5.570552147239264, 0.2
1304, 7269.0, 5, 5.570114942528735, 0.2
1305, 7276.0, 7, 5.571209800918836, 0.2
1306, 7283.0, 7, 5.57230298393267, 0.2
1307, 7289.0, 6, 5.57262996941896, 0.2
1308, 7296.0, 7, 5.573720397249809, 0.2
1309, 7296.0, 0, 5.569465648854962, 0.2
1310, 7297.0, 1, 5.565980167810832, 0.2
1311, 7303.0, 6, 5.566310975609756, 0.2
1312, 7304.0, 1, 5.5628332063975625, 0.2
1313, 7309.0, 5, 5.562404870624048, 0.2
1314, 7310.0, 1, 5.55893536121673, 0.2
1315, 7315.0, 5, 5.558510638297872, 0.2
1316, 7323.0, 8, 5.560364464692483, 0.2
1317, 7324.0, 1, 5.55690440060698, 0.2
1318, 7325.0, 1, 5.5534495830174375, 0.2
1319, 7332.0, 7, 5.554545454545455, 0.2
1320, 7338.0, 6, 5.554882664647994, 0.2
1321, 7345.0, 7, 5.555975794251134, 0.2
1322, 7346.0, 1, 5.552532123960695, 0.2
1323, 7352.0, 6, 5.552870090634441, 0.2
1324, 7359.0, 7, 5.553962264150943, 0.2
1325, 7365.0, 6, 5.5542986425339365, 0.2
1326, 7365.0, 0, 5.550113036925396, 0.2
1327, 7371.0, 6, 5.5504518072289155, 0.2
1328, 7372.0, 1, 5.547027840481565, 0.2
1329, 7380.0, 8, 5.548872180451128, 0.2
1330, 7386.0, 6, 5.549211119459053, 0.2
1331, 7387.0, 1, 5.5457957957957955, 0.2
1332, 7388.0, 1, 5.542385596399099, 0.2
1333, 7389.0, 1, 5.5389805097451275, 0.2
1334, 7394.0, 5, 5.538576779026217, 0.2
1335, 7395.0, 1, 5.535179640718563, 0.2
1336, 7401.0, 6, 5.535527299925206, 0.2
1337, 7408.0, 7, 5.536621823617339, 0.2
1338, 7413.0, 5, 5.536221060492905, 0.2
1339, 7421.0, 8, 5.5380597014925375, 0.2
1340, 7428.0, 7, 5.539149888143177, 0.2
1341, 7429.0, 1, 5.5357675111773474, 0.2
1342, 7432.0, 3, 5.533879374534624, 0.2
1343, 7436.0, 4, 5.532738095238095, 0.2
1344, 7443.0, 7, 5.533828996282528, 0.2
1345, 7445.0, 2, 5.531203566121842, 0.2
1346, 7450.0, 5, 5.530809205642168, 0.2
1347, 7457.0, 7, 5.531899109792285, 0.2
1348, 7457.0, 0, 5.527798369162342, 0.2
1349, 7462.0, 5, 5.5274074074074075, 0.2
1350, 7466.0, 4, 5.526276831976314, 0.2
1351, 7473.0, 7, 5.527366863905326, 0.2
1352, 7481.0, 8, 5.5291943828529195, 0.2
1353, 7488.0, 7, 5.530280649926144, 0.2
1354, 7488.0, 0, 5.52619926199262, 0.2
1355, 7495.0, 7, 5.527286135693215, 0.2
1356, 7496.0, 1, 5.523949889462049, 0.2
1357, 7498.0, 2, 5.521354933726068, 0.2
1358, 7502.0, 4, 5.520235467255334, 0.2
1359, 7510.0, 8, 5.522058823529412, 0.2
1360, 7511.0, 1, 5.518736223365173, 0.2
1361, 7517.0, 6, 5.519089574155654, 0.2
1362, 7518.0, 1, 5.515774027879677, 0.2
1363, 7524.0, 6, 5.516129032258065, 0.2
1364, 7531.0, 7, 5.517216117216117, 0.2
1365, 7537.0, 6, 5.5175695461200585, 0.2
1366, 7542.0, 5, 5.517190929041697, 0.2
1367, 7542.0, 0, 5.5131578947368425, 0.2
1368, 7545.0, 3, 5.5113221329437545, 0.2
1369, 7546.0, 1, 5.508029197080292, 0.2
1370, 7549.0, 3, 5.506199854121079, 0.2
1371, 7555.0, 6, 5.506559766763848, 0.2
1372, 7561.0, 6, 5.506919155134741, 0.2
1373, 7562.0, 1, 5.503639010189229, 0.2
1374, 7567.0, 5, 5.503272727272727, 0.2
1375, 7569.0, 2, 5.500726744186046, 0.2
1376, 7575.0, 6, 5.501089324618737, 0.2
1377, 7581.0, 6, 5.501451378809869, 0.2
1378, 7582.0, 1, 5.498187092095722, 0.2
1379, 7582.0, 0, 5.494202898550725, 0.2
1380, 7590.0, 8, 5.496017378711079, 0.2
1381, 7595.0, 5, 5.495658465991317, 0.2
1382, 7597.0, 2, 5.493130874909617, 0.2
1383, 7603.0, 6, 5.493497109826589, 0.2
1384, 7608.0, 5, 5.493140794223827, 0.2
1385, 7612.0, 4, 5.492063492063492, 0.2
1386, 7612.0, 0, 5.488103821196828, 0.2
1387, 7615.0, 3, 5.486311239193084, 0.2
1388, 7623.0, 8, 5.4881209503239745, 0.2
1389, 7631.0, 8, 5.489928057553957, 0.2
1390, 7635.0, 4, 5.488856937455068, 0.2
1391, 7642.0, 7, 5.489942528735632, 0.2
1392, 7647.0, 5, 5.489590811198852, 0.2
1393, 7653.0, 6, 5.489956958393114, 0.2
1394, 7654.0, 1, 5.4867383512544805, 0.2
1395, 7662.0, 8, 5.488538681948424, 0.2
1396, 7664.0, 2, 5.486041517537581, 0.2
1397, 7666.0, 2, 5.483547925608011, 0.2
1398, 7667.0, 1, 5.480343102215868, 0.2
1399, 7671.0, 4, 5.479285714285714, 0.2
1400, 7673.0, 2, 5.476802284082798, 0.2
1401, 7679.0, 6, 5.477175463623396, 0.2
1402, 7686.0, 7, 5.478260869565218, 0.2
1403, 7691.0, 5, 5.477920227920228, 0.2
1404, 7698.0, 7, 5.479003558718861, 0.2
1405, 7704.0, 6, 5.479374110953058, 0.2
1406, 7705.0, 1, 5.476190476190476, 0.2
1407, 7711.0, 6, 5.4765625, 0.2
1408, 7719.0, 8, 5.478353442157559, 0.2
1409, 7725.0, 6, 5.4787234042553195, 0.2
1410, 7728.0, 3, 5.476966690290574, 0.2
1411, 7729.0, 1, 5.473796033994335, 0.2
1412, 7732.0, 3, 5.472045293701345, 0.2
1413, 7737.0, 5, 5.471711456859972, 0.2
1414, 7744.0, 7, 5.472791519434629, 0.2
1415, 7746.0, 2, 5.470338983050848, 0.2
1416, 7747.0, 1, 5.467184191954834, 0.2
1417, 7750.0, 3, 5.465444287729196, 0.2
1418, 7750.0, 0, 5.461592670894997, 0.2
1419, 7758.0, 8, 5.4633802816901404, 0.2
1420, 7759.0, 1, 5.460239268121041, 0.2
1421, 7762.0, 3, 5.458509142053446, 0.2
1422, 7768.0, 6, 5.458889669711876, 0.2
1423, 7774.0, 6, 5.459269662921348, 0.2
1424, 7776.0, 2, 5.456842105263158, 0.2
1425, 7777.0, 1, 5.453716690042076, 0.2
1426, 7784.0, 7, 5.454800280308339, 0.2
1427, 7785.0, 1, 5.451680672268908, 0.2
1428, 7788.0, 3, 5.449965010496851, 0.2
1429, 7793.0, 5, 5.44965034965035, 0.2
1430, 7800.0, 7, 5.450733752620545, 0.2
1431, 7806.0, 6, 5.451117318435754, 0.2
1432, 7811.0, 5, 5.450802512212142, 0.2
1433, 7811.0, 0, 5.447001394700139, 0.2
1434, 7815.0, 4, 5.445993031358885, 0.2
1435, 7820.0, 5, 5.445682451253482, 0.2
1436, 7824.0, 4, 5.444676409185804, 0.2
1437, 7828.0, 4, 5.443671766342142, 0.2
1438, 7833.0, 5, 5.443363446838082, 0.2
1439, 7839.0, 6, 5.44375, 0.2
1440, 7845.0, 6, 5.444136016655101, 0.2
1441, 7850.0, 5, 5.44382801664355, 0.2
1442, 7853.0, 3, 5.442134442134442, 0.2
1443, 7860.0, 7, 5.443213296398892, 0.2
1444, 7863.0, 3, 5.441522491349481, 0.2
1445, 7865.0, 2, 5.439142461964039, 0.2
1446, 7867.0, 2, 5.436765722183829, 0.2
1447, 7867.0, 0, 5.433011049723757, 0.2
1448, 7873.0, 6, 5.433402346445825, 0.2
1449, 7878.0, 5, 5.433103448275862, 0.2
1450, 7878.0, 0, 5.429359062715369, 0.2
1451, 7879.0, 1, 5.426308539944904, 0.2
1452, 7882.0, 3, 5.424638678596009, 0.2
1453, 7887.0, 5, 5.424346629986245, 0.2
1454, 7888.0, 1, 5.421305841924399, 0.2
1455, 7891.0, 3, 5.419642857142857, 0.2
1456, 7896.0, 5, 5.419354838709677, 0.2
1457, 7904.0, 8, 5.4211248285322355, 0.2
1458, 7904.0, 0, 5.4174091843728585, 0.2
1459, 7904.0, 0, 5.413698630136986, 0.2
1460, 7908.0, 4, 5.412731006160164, 0.2
1461, 7913.0, 5, 5.412448700410397, 0.2
1462, 7920.0, 7, 5.413533834586466, 0.2
1463, 7927.0, 7, 5.4146174863387975, 0.2
1464, 7929.0, 2, 5.412286689419795, 0.2
1465, 7935.0, 6, 5.41268758526603, 0.2
1466, 7936.0, 1, 5.409679618268576, 0.2
1467, 7942.0, 6, 5.41008174386921, 0.2
1468, 7946.0, 4, 5.4091218515997275, 0.2
1469, 7953.0, 7, 5.410204081632653, 0.2
1470, 7958.0, 5, 5.409925220938137, 0.2
1471, 7962.0, 4, 5.408967391304348, 0.2
1472, 7969.0, 7, 5.410047522063816, 0.2
1473, 7974.0, 5, 5.409769335142469, 0.2
1474, 7982.0, 8, 5.411525423728814, 0.2
1475, 7987.0, 5, 5.411246612466124, 0.2
1476, 7994.0, 7, 5.412322274881516, 0.2
1477, 7994.0, 0, 5.408660351826793, 0.2
1478, 7999.0, 5, 5.4083840432724815, 0.2
1479, 8001.0, 2, 5.406081081081081, 0.2
1480, 8005.0, 4, 5.405131667792032, 0.2
1481, 8006.0, 1, 5.402159244264507, 0.2
1482, 8009.0, 3, 5.400539447066756, 0.2
1483, 8013.0, 4, 5.399595687331536, 0.2
1484, 8017.0, 4, 5.398653198653198, 0.2
1485, 8025.0, 8, 5.400403768506057, 0.2
1486, 8032.0, 7, 5.401479488903833, 0.2
1487, 8036.0, 4, 5.400537634408602, 0.2
1488, 8041.0, 5, 5.400268636668906, 0.2
1489, 8047.0, 6, 5.400671140939597, 0.2
1490, 8049.0, 2, 5.398390342052314, 0.2
1491, 8054.0, 5, 5.398123324396783, 0.2
1492, 8061.0, 7, 5.39919624916276, 0.2
1493, 8066.0, 5, 5.398929049531459, 0.2
1494, 8072.0, 6, 5.3993311036789295, 0.2
1495, 8074.0, 2, 5.397058823529412, 0.2
1496, 8082.0, 8, 5.398797595190381, 0.2
1497, 8089.0, 7, 5.3998664886515355, 0.2
1498, 8091.0, 2, 5.3975983989326215, 0.2
1499, 8097.0, 6, 5.398, 0.2
1500, 8097.0, 0, 5.394403730846102, 0.2
1501, 8100.0, 3, 5.392809587217044, 0.2
1502, 8107.0, 7, 5.3938789088489685, 0.2
1503, 8108.0, 1, 5.39095744680851, 0.2
1504, 8111.0, 3, 5.389368770764119, 0.2
1505, 8114.0, 3, 5.387782204515272, 0.2
1506, 8118.0, 4, 5.386861313868613, 0.2
1507, 8123.0, 5, 5.386604774535809, 0.2
1508, 8123.0, 0, 5.383035122597747, 0.2
1509, 8130.0, 7, 5.3841059602649, 0.2
1510, 8135.0, 5, 5.383851753805427, 0.2
1511, 8142.0, 7, 5.384920634920635, 0.2
1512, 8149.0, 7, 5.385988103106411, 0.2
1513, 8157.0, 8, 5.387714663143989, 0.2
1514, 8160.0, 3, 5.3861386138613865, 0.2
1515, 8165.0, 5, 5.385883905013193, 0.2
1516, 8169.0, 4, 5.384970336189848, 0.2
1517, 8177.0, 8, 5.3866930171278, 0.2
1518, 8180.0, 3, 5.385121790651745, 0.2
1519, 8185.0, 5, 5.384868421052632, 0.2
1520, 8191.0, 6, 5.385272846811309, 0.2
1521, 8193.0, 2, 5.383048620236531, 0.2
1522, 8194.0, 1, 5.380170715692712, 0.2
1523, 8195.0, 1, 5.3772965879265096, 0.2
1524, 8201.0, 6, 5.377704918032787, 0.2
1525, 8201.0, 0, 5.3741808650065535, 0.2
1526, 8207.0, 6, 5.374590700720367, 0.2
1527, 8213.0, 6, 5.375, 0.2
1528, 8214.0, 1, 5.3721386527141926, 0.2
1529, 8216.0, 2, 5.369934640522875, 0.2
1530, 8217.0, 1, 5.3670803396472895, 0.2
1531, 8224.0, 7, 5.368146214099217, 0.2
1532, 8224.0, 0, 5.364644487932159, 0.2
1533, 8225.0, 1, 5.361799217731421, 0.2
1534, 8227.0, 2, 5.359609120521172, 0.2
1535, 8228.0, 1, 5.356770833333333, 0.2
1536, 8231.0, 3, 5.355237475601822, 0.2
1537, 8238.0, 7, 5.356306892067621, 0.2
1538, 8241.0, 3, 5.354775828460039, 0.2
1539, 8246.0, 5, 5.3545454545454545, 0.2
1540, 8254.0, 8, 5.3562621674237505, 0.2
1541, 8258.0, 4, 5.355382619974059, 0.2
1542, 8258.0, 0, 5.351911860012962, 0.2
1543, 8259.0, 1, 5.349093264248705, 0.2
1544, 8260.0, 1, 5.3462783171521036, 0.2
1545, 8266.0, 6, 5.346701164294955, 0.2
1546, 8270.0, 4, 5.345830639948287, 0.2
1547, 8271.0, 1, 5.343023255813954, 0.2
1548, 8277.0, 6, 5.343447385409942, 0.2
1549, 8278.0, 1, 5.340645161290323, 0.2
1550, 8285.0, 7, 5.3417150225660865, 0.2
1551, 8285.0, 0, 5.338273195876289, 0.2
1552, 8291.0, 6, 5.338699291693496, 0.2
1553, 8294.0, 3, 5.337194337194338, 0.2
1554, 8299.0, 5, 5.336977491961415, 0.2
1555, 8301.0, 2, 5.334832904884319, 0.2
1556, 8308.0, 7, 5.335902376364804, 0.2
1557, 8309.0, 1, 5.333119383825418, 0.2
1558, 8316.0, 7, 5.334188582424631, 0.2
1559, 8321.0, 5, 5.333974358974359, 0.2
1560, 8321.0, 0, 5.3305573350416395, 0.2
1561, 8326.0, 5, 5.330345710627401, 0.2
1562, 8327.0, 1, 5.327575175943698, 0.2
1563, 8331.0, 4, 5.326726342710997, 0.2
1564, 8332.0, 1, 5.323961661341853, 0.2
1565, 8338.0, 6, 5.324393358876118, 0.2
1566, 8341.0, 3, 5.322910019144863, 0.2
1567, 8348.0, 7, 5.323979591836735, 0.2
1568, 8350.0, 2, 5.321861057998725, 0.2
1569, 8350.0, 0, 5.318471337579618, 0.2
1570, 8350.0, 0, 5.315085932527053, 0.2
1571, 8355.0, 5, 5.314885496183206, 0.2
1572, 8362.0, 7, 5.3159567705022255, 0.2
1573, 8367.0, 5, 5.315756035578145, 0.2
1574, 8368.0, 1, 5.313015873015873, 0.2
1575, 8370.0, 2, 5.310913705583756, 0.2
1576, 8371.0, 1, 5.308180088776157, 0.2
1577, 8376.0, 5, 5.307984790874524, 0.2
1578, 8379.0, 3, 5.306523115896137, 0.2
1579, 8385.0, 6, 5.306962025316456, 0.2
1580, 8389.0, 4, 5.3061353573687535, 0.2
1581, 8396.0, 7, 5.307206068268015, 0.2
1582, 8400.0, 4, 5.306380290587492, 0.2
1583, 8408.0, 8, 5.308080808080808, 0.2
1584, 8415.0, 7, 5.309148264984227, 0.2
1585, 8423.0, 8, 5.310844892812106, 0.2
1586, 8424.0, 1, 5.3081285444234405, 0.2
1587, 8429.0, 5, 5.307934508816121, 0.2
1588, 8436.0, 7, 5.308999370673379, 0.2
1589, 8444.0, 8, 5.310691823899371, 0.2
1590, 8445.0, 1, 5.307982401005657, 0.2
1591, 8452.0, 7, 5.309045226130653, 0.2
1592, 8453.0, 1, 5.306340238543628, 0.2
1593, 8459.0, 6, 5.306775407779172, 0.2
1594, 8465.0, 6, 5.307210031347962, 0.2
1595, 8467.0, 2, 5.3051378446115285, 0.2
1596, 8469.0, 2, 5.3030682529743265, 0.2
1597, 8477.0, 8, 5.304755944931164, 0.2
1598, 8483.0, 6, 5.3051907442151345, 0.2
1599, 8487.0, 4, 5.304375, 0.2
1600, 8488.0, 1, 5.301686445971268, 0.2
1601, 8494.0, 6, 5.302122347066168, 0.2
1602, 8498.0, 4, 5.301310043668122, 0.2
1603, 8504.0, 6, 5.301745635910224, 0.2
1604, 8510.0, 6, 5.302180685358255, 0.2
1605, 8513.0, 3, 5.300747198007472, 0.2
1606, 8520.0, 7, 5.301804604853765, 0.2
1607, 8520.0, 0, 5.298507462686567, 0.2
1608, 8521.0, 1, 5.295835922933499, 0.2
1609, 8525.0, 4, 5.295031055900621, 0.2
1610, 8525.0, 0, 5.291744258224705, 0.2
1611, 8531.0, 6, 5.292183622828784, 0.2
1612, 8536.0, 5, 5.292002479851209, 0.2
1613, 8542.0, 6, 5.292441140024783, 0.2
1614, 8542.0, 0, 5.289164086687307, 0.2
1615, 8549.0, 7, 5.290222772277228, 0.2
1616, 8555.0, 6, 5.290661719233148, 0.2
1617, 8562.0, 7, 5.291718170580964, 0.2
1618, 8564.0, 2, 5.289684990735021, 0.2
1619, 8570.0, 6, 5.290123456790123, 0.2
1620, 8577.0, 7, 5.291178285009254, 0.2
1621, 8577.0, 0, 5.287916152897657, 0.2
1622, 8584.0, 7, 5.288971041281577, 0.2
1623, 8588.0, 4, 5.288177339901478, 0.2
1624, 8592.0, 4, 5.287384615384616, 0.2
1625, 8594.0, 2, 5.285362853628536, 0.2
1626, 8600.0, 6, 5.28580208973571, 0.2
1627, 8607.0, 7, 5.286855036855036, 0.2
1628, 8607.0, 0, 5.283609576427256, 0.2
1629, 8607.0, 0, 5.280368098159509, 0.2
1630, 8608.0, 1, 5.2777437155119555, 0.2
1631, 8614.0, 6, 5.278186274509804, 0.2
1632, 8622.0, 8, 5.279853031230863, 0.2
1633, 8630.0, 8, 5.281517747858017, 0.2
1634, 8631.0, 1, 5.278899082568807, 0.2
1635, 8637.0, 6, 5.279339853300733, 0.2
1636, 8637.0, 0, 5.276114844227245, 0.2
1637, 8645.0, 8, 5.277777777777778, 0.2
1638, 8647.0, 2, 5.275777913361806, 0.2
1639, 8650.0, 3, 5.274390243902439, 0.2
1640, 8658.0, 8, 5.276051188299817, 0.2
1641, 8662.0, 4, 5.275274056029232, 0.2
1642, 8667.0, 5, 5.275106512477176, 0.2
1643, 8673.0, 6, 5.275547445255475, 0.2
1644, 8678.0, 5, 5.275379939209726, 0.2
1645, 8683.0, 5, 5.275212636695018, 0.2
1646, 8691.0, 8, 5.276867030965391, 0.2
1647, 8693.0, 2, 5.274878640776699, 0.2
1648, 8695.0, 2, 5.272892662219527, 0.2
1649, 8699.0, 4, 5.272121212121212, 0.2
1650, 8700.0, 1, 5.269533615990309, 0.2
1651, 8708.0, 8, 5.271186440677966, 0.2
1652, 8714.0, 6, 5.271627344222625, 0.2
1653, 8722.0, 8, 5.273276904474002, 0.2
1654, 8729.0, 7, 5.274320241691843, 0.2
1655, 8737.0, 8, 5.275966183574879, 0.2
1656, 8741.0, 4, 5.275196137598069, 0.2
1657, 8748.0, 7, 5.276236429433052, 0.2
1658, 8754.0, 6, 5.276672694394214, 0.2
1659, 8757.0, 3, 5.275301204819277, 0.2
1660, 8763.0, 6, 5.275737507525587, 0.2
1661, 8766.0, 3, 5.274368231046932, 0.2
1662, 8773.0, 7, 5.275405892964522, 0.2
1663, 8774.0, 1, 5.272836538461538, 0.2
1664, 8778.0, 4, 5.272072072072072, 0.2
1665, 8778.0, 0, 5.26890756302521, 0.2
1666, 8783.0, 5, 5.26874625074985, 0.2
1667, 8791.0, 8, 5.270383693045564, 0.2
1668, 8797.0, 6, 5.270820850808867, 0.2
1669, 8802.0, 5, 5.27065868263473, 0.2
1670, 8805.0, 3, 5.269299820466786, 0.2
1671, 8806.0, 1, 5.266746411483253, 0.2
1672, 8814.0, 8, 5.268380155409444, 0.2
1673, 8820.0, 6, 5.268817204301075, 0.2
1674, 8826.0, 6, 5.269253731343284, 0.2
1675, 8829.0, 3, 5.2678997613365155, 0.2
1676, 8836.0, 7, 5.268932617769827, 0.2
1677, 8843.0, 7, 5.269964243146603, 0.2
1678, 8849.0, 6, 5.270399047051817, 0.2
1679, 8857.0, 8, 5.27202380952381, 0.2
1680, 8862.0, 5, 5.271861986912552, 0.2
1681, 8868.0, 6, 5.272294887039239, 0.2
1682, 8869.0, 1, 5.269756387403446, 0.2
1683, 8873.0, 4, 5.269002375296912, 0.2
1684, 8880.0, 7, 5.270029673590504, 0.2
1685, 8886.0, 6, 5.270462633451957, 0.2
1686, 8891.0, 5, 5.270302311796088, 0.2
1687, 8891.0, 0, 5.26718009478673, 0.2
1688, 8899.0, 8, 5.268798105387804, 0.2
1689, 8906.0, 7, 5.269822485207101, 0.2
1690, 8912.0, 6, 5.270254287403903, 0.2
1691, 8918.0, 6, 5.2706855791962175, 0.2
1692, 8921.0, 3, 5.269344359125812, 0.2
1693, 8926.0, 5, 5.269185360094451, 0.2
1694, 8927.0, 1, 5.266666666666667, 0.2
1695, 8934.0, 7, 5.267688679245283, 0.2
1696, 8941.0, 7, 5.268709487330583, 0.2
1697, 8947.0, 6, 5.269140164899882, 0.2
1698, 8953.0, 6, 5.269570335491466, 0.2
1699, 8953.0, 0, 5.266470588235294, 0.2
1700, 8957.0, 4, 5.265726043503821, 0.2
1701, 8962.0, 5, 5.26556991774383, 0.2
1702, 8968.0, 6, 5.266001174398121, 0.2
1703, 8974.0, 6, 5.266431924882629, 0.2
1704, 8980.0, 6, 5.266862170087976, 0.2
1705, 8980.0, 0, 5.2637749120750295, 0.2
1706, 8986.0, 6, 5.264206209724663, 0.2
1707, 8987.0, 1, 5.2617096018735365, 0.2
1708, 8988.0, 1, 5.2592159157401985, 0.2
1709, 8988.0, 0, 5.256140350877193, 0.2
1710, 8989.0, 1, 5.25365283459965, 0.2
1711, 8995.0, 6, 5.254088785046729, 0.2
1712, 8997.0, 2, 5.252189141856392, 0.2
1713, 9005.0, 8, 5.253792298716453, 0.2
1714, 9006.0, 1, 5.2513119533527695, 0.2
1715, 9012.0, 6, 5.251748251748252, 0.2
1716, 9019.0, 7, 5.2527664531159, 0.2
1717, 9020.0, 1, 5.250291036088475, 0.2
1718, 9025.0, 5, 5.2501454333915065, 0.2
1719, 9031.0, 6, 5.250581395348838, 0.2
1720, 9038.0, 7, 5.251597908192911, 0.2
1721, 9044.0, 6, 5.252032520325203, 0.2
1722, 9050.0, 6, 5.252466627974463, 0.2
1723, 9053.0, 3, 5.2511600928074245, 0.2
1724, 9054.0, 1, 5.248695652173913, 0.2
1725, 9061.0, 7, 5.249710312862109, 0.2
1726, 9067.0, 6, 5.2501447596989, 0.2
1727, 9074.0, 7, 5.251157407407407, 0.2
1728, 9080.0, 6, 5.251590514748409, 0.2
1729, 9080.0, 0, 5.2485549132947975, 0.2
1730, 9084.0, 4, 5.247833622183709, 0.2
1731, 9089.0, 5, 5.247690531177829, 0.2
1732, 9094.0, 5, 5.247547605308713, 0.2
1733, 9101.0, 7, 5.248558246828143, 0.2
1734, 9102.0, 1, 5.246109510086455, 0.2
1735, 9107.0, 5, 5.245967741935484, 0.2
1736, 9110.0, 3, 5.244674726540011, 0.2
1737, 9116.0, 6, 5.245109321058688, 0.2
1738, 9121.0, 5, 5.244968372627947, 0.2
1739, 9129.0, 8, 5.246551724137931, 0.2
1740, 9137.0, 8, 5.248133256748995, 0.2
1741, 9145.0, 8, 5.249712973593571, 0.2
1742, 9153.0, 8, 5.251290877796902, 0.2
1743, 9161.0, 8, 5.252866972477064, 0.2
1744, 9168.0, 7, 5.253868194842407, 0.2
1745, 9169.0, 1, 5.251431844215349, 0.2
1746, 9169.0, 0, 5.248425872925014, 0.2
1747, 9175.0, 6, 5.248855835240275, 0.2
1748, 9182.0, 7, 5.249857061177816, 0.2
1749, 9189.0, 7, 5.250857142857143, 0.2
1750, 9190.0, 1, 5.248429468874929, 0.2
1751, 9196.0, 6, 5.248858447488584, 0.2
1752, 9198.0, 2, 5.247005134055904, 0.2
1753, 9203.0, 5, 5.246864310148233, 0.2
1754, 9205.0, 2, 5.245014245014245, 0.2
1755, 9209.0, 4, 5.244305239179955, 0.2
1756, 9215.0, 6, 5.244735344336938, 0.2
1757, 9220.0, 5, 5.244596131968145, 0.2
1758, 9222.0, 2, 5.242751563388289, 0.2
1759, 9226.0, 4, 5.242045454545455, 0.2
1760, 9232.0, 6, 5.242475865985235, 0.2
1761, 9236.0, 4, 5.241770715096481, 0.2
1762, 9242.0, 6, 5.242200794100964, 0.2
1763, 9247.0, 5, 5.242063492063492, 0.2
1764, 9255.0, 8, 5.243626062322946, 0.2
1765, 9259.0, 4, 5.242921857304643, 0.2
1766, 9261.0, 2, 5.241086587436333, 0.2
1767, 9263.0, 2, 5.239253393665158, 0.2
1768, 9270.0, 7, 5.2402487280949686, 0.2
1769, 9277.0, 7, 5.241242937853107, 0.2
1770, 9284.0, 7, 5.24223602484472, 0.2
1771, 9292.0, 8, 5.243792325056433, 0.2
1772, 9300.0, 8, 5.2453468697123515, 0.2
1773, 9300.0, 0, 5.2423900789177, 0.2
1774, 9301.0, 1, 5.24, 0.2
1775, 9308.0, 7, 5.240990990990991, 0.2
1776, 9309.0, 1, 5.238604389420371, 0.2
1777, 9310.0, 1, 5.2362204724409445, 0.2
1778, 9312.0, 2, 5.234401349072512, 0.2
1779, 9318.0, 6, 5.234831460674157, 0.2
1780, 9324.0, 6, 5.235261089275688, 0.2
1781, 9325.0, 1, 5.232884399551066, 0.2
1782, 9331.0, 6, 5.23331463825014, 0.2
1783, 9332.0, 1, 5.2309417040358746, 0.2
1784, 9332.0, 0, 5.228011204481793, 0.2
1785, 9336.0, 4, 5.227323628219485, 0.2
1786, 9336.0, 0, 5.2243984331281474, 0.2
1787, 9336.0, 0, 5.221476510067114, 0.2
1788, 9338.0, 2, 5.219675796534377, 0.2
1789, 9341.0, 3, 5.218435754189944, 0.2
1790, 9349.0, 8, 5.21998883305416, 0.2
1791, 9350.0, 1, 5.217633928571429, 0.2
1792, 9358.0, 8, 5.219185722253207, 0.2
1793, 9360.0, 2, 5.217391304347826, 0.2
1794, 9362.0, 2, 5.215598885793872, 0.2
1795, 9369.0, 7, 5.216592427616926, 0.2
1796, 9371.0, 2, 5.21480244852532, 0.2
1797, 9374.0, 3, 5.213570634037819, 0.2
1798, 9381.0, 7, 5.214563646470261, 0.2
1799, 9389.0, 8, 5.216111111111111, 0.2
1800, 9389.0, 0, 5.2132148806218765, 0.2
1801, 9394.0, 5, 5.213096559378468, 0.2
1802, 9397.0, 3, 5.211869107043816, 0.2
1803, 9402.0, 5, 5.211751662971175, 0.2
1804, 9409.0, 7, 5.212742382271468, 0.2
1805, 9415.0, 6, 5.213178294573644, 0.2
1806, 9418.0, 3, 5.211953514111787, 0.2
1807, 9425.0, 7, 5.212942477876106, 0.2
1808, 9431.0, 6, 5.213377556661139, 0.2
1809, 9438.0, 7, 5.214364640883978, 0.2
1810, 9439.0, 1, 5.212037548315847, 0.2
1811, 9444.0, 5, 5.211920529801325, 0.2
1812, 9450.0, 6, 5.212355212355212, 0.2
1813, 9457.0, 7, 5.213340683572216, 0.2
1814, 9458.0, 1, 5.211019283746556, 0.2
1815, 9462.0, 4, 5.210352422907489, 0.2
1816, 9464.0, 2, 5.208585580627408, 0.2
1817, 9469.0, 5, 5.208470847084708, 0.2
1818, 9475.0, 6, 5.208905992303463, 0.2
1819, 9481.0, 6, 5.2093406593406595, 0.2
1820, 9484.0, 3, 5.208127402526085, 0.2
1821, 9492.0, 8, 5.209659714599342, 0.2
1822, 9498.0, 6, 5.210093252879869, 0.2
1823, 9501.0, 3, 5.208881578947368, 0.2
1824, 9507.0, 6, 5.209315068493151, 0.2
1825, 9510.0, 3, 5.208105147864184, 0.2
1826, 9517.0, 7, 5.209085933223864, 0.2
1827, 9523.0, 6, 5.209518599562363, 0.2
1828, 9528.0, 5, 5.209404045926736, 0.2
1829, 9532.0, 4, 5.2087431693989075, 0.2
1830, 9533.0, 1, 5.206444565811032, 0.2
1831, 9537.0, 4, 5.205786026200873, 0.2
1832, 9540.0, 3, 5.204582651391162, 0.2
1833, 9544.0, 4, 5.203925845147219, 0.2
1834, 9551.0, 7, 5.204904632152589, 0.2
1835, 9556.0, 5, 5.20479302832244, 0.2
1836, 9561.0, 5, 5.204681545998911, 0.2
1837, 9562.0, 1, 5.2023939064200215, 0.2
1838, 9569.0, 7, 5.203371397498641, 0.2
1839, 9574.0, 5, 5.203260869565217, 0.2
1840, 9582.0, 8, 5.2047800108636615, 0.2
1841, 9583.0, 1, 5.202497285559175, 0.2
1842, 9590.0, 7, 5.203472599023332, 0.2
1843, 9594.0, 4, 5.202819956616052, 0.2
1844, 9596.0, 2, 5.201084010840108, 0.2
1845, 9602.0, 6, 5.201516793066089, 0.2
1846, 9603.0, 1, 5.199242014076882, 0.2
1847, 9603.0, 0, 5.196428571428571, 0.2
1848, 9609.0, 6, 5.196863169280692, 0.2
1849, 9612.0, 3, 5.195675675675676, 0.2
1850, 9619.0, 7, 5.196650459211237, 0.2
1851, 9619.0, 0, 5.193844492440605, 0.2
1852, 9620.0, 1, 5.191581219643821, 0.2
1853, 9625.0, 5, 5.191477885652643, 0.2
1854, 9632.0, 7, 5.192452830188679, 0.2
1855, 9635.0, 3, 5.191271551724138, 0.2
1856, 9640.0, 5, 5.191168551427033, 0.2
1857, 9645.0, 5, 5.191065662002153, 0.2
1858, 9650.0, 5, 5.190962883270576, 0.2
1859, 9650.0, 0, 5.188172043010753, 0.2
1860, 9653.0, 3, 5.186996238581408, 0.2
1861, 9661.0, 8, 5.188506981740065, 0.2
1862, 9667.0, 6, 5.18894256575416, 0.2
1863, 9673.0, 6, 5.189377682403434, 0.2
1864, 9674.0, 1, 5.187131367292225, 0.2
1865, 9678.0, 4, 5.186495176848875, 0.2
1866, 9685.0, 7, 5.187466523835029, 0.2
1867, 9689.0, 4, 5.186830835117773, 0.2
1868, 9690.0, 1, 5.184590690208668, 0.2
1869, 9697.0, 7, 5.185561497326203, 0.2
1870, 9702.0, 5, 5.185462319615179, 0.2
1871, 9707.0, 5, 5.185363247863248, 0.2
1872, 9713.0, 6, 5.185798184730379, 0.2
1873, 9713.0, 0, 5.183030949839915, 0.2
1874, 9717.0, 4, 5.1824, 0.2
1875, 9724.0, 7, 5.183368869936034, 0.2
1876, 9726.0, 2, 5.1816728822589235, 0.2
1877, 9730.0, 4, 5.181043663471779, 0.2
1878, 9732.0, 2, 5.17935071846727, 0.2
1879, 9736.0, 4, 5.178723404255319, 0.2
1880, 9742.0, 6, 5.179160021265284, 0.2
1881, 9750.0, 8, 5.180658873538788, 0.2
1882, 9757.0, 7, 5.181625066383431, 0.2
1883, 9763.0, 6, 5.182059447983015, 0.2
1884, 9770.0, 7, 5.183023872679045, 0.2
1885, 9773.0, 3, 5.18186638388123, 0.2
1886, 9779.0, 6, 5.18229994700583, 0.2
1887, 9786.0, 7, 5.183262711864407, 0.2
1888, 9791.0, 5, 5.1831656961355215, 0.2
1889, 9797.0, 6, 5.1835978835978835, 0.2
1890, 9805.0, 8, 5.185087255420412, 0.2
1891, 9805.0, 0, 5.182346723044398, 0.2
1892, 9811.0, 6, 5.182778658214475, 0.2
1893, 9813.0, 2, 5.181098204857444, 0.2
1894, 9819.0, 6, 5.181530343007916, 0.2
1895, 9819.0, 0, 5.17879746835443, 0.2
1896, 9824.0, 5, 5.178703215603584, 0.2
1897, 9826.0, 2, 5.177028451001053, 0.2
1898, 9827.0, 1, 5.1748288572933125, 0.2
1899, 9830.0, 3, 5.173684210526316, 0.2
1900, 9834.0, 4, 5.173066806943714, 0.2
1901, 9841.0, 7, 5.174027339642482, 0.2
1902, 9846.0, 5, 5.173935890698896, 0.2
1903, 9847.0, 1, 5.171743697478991, 0.2
1904, 9853.0, 6, 5.172178477690289, 0.2
1905, 9860.0, 7, 5.173137460650577, 0.2
1906, 9863.0, 3, 5.171997902464604, 0.2
1907, 9864.0, 1, 5.169811320754717, 0.2
1908, 9869.0, 5, 5.169722367731797, 0.2
1909, 9873.0, 4, 5.169109947643979, 0.2
1910, 9873.0, 0, 5.166405023547881, 0.2
1911, 9879.0, 6, 5.166841004184101, 0.2
1912, 9885.0, 6, 5.167276529012023, 0.2
1913, 9892.0, 7, 5.168234064785789, 0.2
1914, 9896.0, 4, 5.167624020887729, 0.2
1915, 9902.0, 6, 5.1680584551148225, 0.2
1916, 9903.0, 1, 5.165884194053208, 0.2
1917, 9907.0, 4, 5.165276329509906, 0.2
1918, 9907.0, 0, 5.162584679520584, 0.2
1919, 9908.0, 1, 5.160416666666666, 0.2
1920, 9915.0, 7, 5.161374284226965, 0.2
1921, 9921.0, 6, 5.161810613943809, 0.2
1922, 9926.0, 5, 5.161726469058762, 0.2
1923, 9928.0, 2, 5.16008316008316, 0.2
1924, 9934.0, 6, 5.160519480519481, 0.2
1925, 9935.0, 1, 5.158359293873312, 0.2
1926, 9942.0, 7, 5.159314997405294, 0.2
1927, 9949.0, 7, 5.160269709543568, 0.2
1928, 9953.0, 4, 5.15966822187662, 0.2
1929, 9955.0, 2, 5.158031088082901, 0.2
1930, 9962.0, 7, 5.158984981874676, 0.2
1931, 9966.0, 4, 5.158385093167702, 0.2
1932, 9967.0, 1, 5.156233833419555, 0.2
1933, 9971.0, 4, 5.155635987590486, 0.2
1934, 9974.0, 3, 5.15452196382429, 0.2
1935, 9980.0, 6, 5.154958677685951, 0.2
1936, 9986.0, 6, 5.15539494062984, 0.2
1937, 9990.0, 4, 5.154798761609907, 0.2
1938, 9991.0, 1, 5.152656008251676, 0.2
1939, 9996.0, 5, 5.152577319587629, 0.2
1940, 10003.0, 7, 5.153529108706852, 0.2
1941, 10003.0, 0, 5.150875386199794, 0.2
1942, 10008.0, 5, 5.150797735460628, 0.2
1943, 10013.0, 5, 5.150720164609053, 0.2
1944, 10019.0, 6, 5.151156812339331, 0.2
1945, 10020.0, 1, 5.149023638232271, 0.2
1946, 10025.0, 5, 5.14894709809964, 0.2
1947, 10026.0, 1, 5.146817248459959, 0.2
1948, 10032.0, 6, 5.1472550025654185, 0.2
1949, 10037.0, 5, 5.147179487179487, 0.2
1950, 10042.0, 5, 5.147104049205535, 0.2
1951, 10049.0, 7, 5.148053278688525, 0.2
1952, 10056.0, 7, 5.14900153609831, 0.2
1953, 10063.0, 7, 5.149948822927328, 0.2
1954, 10069.0, 6, 5.150383631713555, 0.2
1955, 10072.0, 3, 5.149284253578732, 0.2
1956, 10080.0, 8, 5.15074092999489, 0.2
1957, 10086.0, 6, 5.151174668028601, 0.2
1958, 10089.0, 3, 5.150076569678407, 0.2
1959, 10097.0, 8, 5.151530612244898, 0.2
1960, 10101.0, 4, 5.150943396226415, 0.2
1961, 10107.0, 6, 5.151376146788991, 0.2
1962, 10113.0, 6, 5.151808456444218, 0.2
1963, 10114.0, 1, 5.14969450101833, 0.2
1964, 10120.0, 6, 5.150127226463105, 0.2
1965, 10126.0, 6, 5.150559511698881, 0.2
1966, 10133.0, 7, 5.151499745805796, 0.2
1967, 10137.0, 4, 5.150914634146342, 0.2
1968, 10143.0, 6, 5.151345860843067, 0.2
1969, 10144.0, 1, 5.149238578680203, 0.2
1970, 10150.0, 6, 5.149670218163369, 0.2
1971, 10155.0, 5, 5.149594320486815, 0.2
1972, 10160.0, 5, 5.149518499746579, 0.2
1973, 10165.0, 5, 5.149442755825735, 0.2
1974, 10171.0, 6, 5.149873417721519, 0.2
1975, 10178.0, 7, 5.15080971659919, 0.2
1976, 10185.0, 7, 5.151745068285281, 0.2
1977, 10188.0, 3, 5.150657229524772, 0.2
1978, 10190.0, 2, 5.1490651844365845, 0.2
1979, 10192.0, 2, 5.147474747474748, 0.2
1980, 10197.0, 5, 5.147400302877335, 0.2
1981, 10203.0, 6, 5.147830474268416, 0.2
1982, 10209.0, 6, 5.148260211800302, 0.2
1983, 10214.0, 5, 5.148185483870968, 0.2
1984, 10221.0, 7, 5.14911838790932, 0.2
1985, 10225.0, 4, 5.148539778449144, 0.2
1986, 10232.0, 7, 5.149471565173629, 0.2
1987, 10238.0, 6, 5.149899396378269, 0.2
1988, 10243.0, 5, 5.149824032176974, 0.2
1989, 10248.0, 5, 5.149748743718593, 0.2
1990, 10255.0, 7, 5.150678051230537, 0.2
1991, 10263.0, 8, 5.15210843373494, 0.2
1992, 10267.0, 4, 5.151530356246864, 0.2
1993, 10271.0, 4, 5.150952858575727, 0.2
1994, 10271.0, 0, 5.148370927318296, 0.2
1995, 10273.0, 2, 5.146793587174349, 0.2
1996, 10276.0, 3, 5.1457185778668, 0.2
1997, 10283.0, 7, 5.146646646646647, 0.2
1998, 10284.0, 1, 5.144572286143071, 0.2
1999, 10291.0, 7, 5.1455, 0.2
