0, 8.0, 8, 8.0, 0.1
1, 16.0, 8, 8.0, 0.1
2, 24.0, 8, 8.0, 0.1
3, 32.0, 8, 8.0, 0.1
4, 40.0, 8, 8.0, 0.1
5, 48.0, 8, 8.0, 0.1
6, 56.0, 8, 8.0, 0.1
7, 64.0, 8, 8.0, 0.1
8, 72.0, 8, 8.0, 0.1
9, 80.0, 8, 8.0, 0.1
10, 88.0, 8, 8.0, 0.1
11, 96.0, 8, 8.0, 0.1
12, 104.0, 8, 8.0, 0.1
13, 112.0, 8, 8.0, 0.1
14, 120.0, 8, 8.0, 0.1
15, 128.0, 8, 8.0, 0.1
16, 136.0, 8, 8.0, 0.1
17, 144.0, 8, 8.0, 0.1
18, 152.0, 8, 8.0, 0.1
19, 160.0, 8, 8.0, 0.1
20, 168.0, 8, 8.0, 0.1
21, 176.0, 8, 8.0, 0.1
22, 184.0, 8, 8.0, 0.1
23, 192.0, 8, 8.0, 0.1
24, 200.0, 8, 8.0, 0.1
25, 208.0, 8, 8.0, 0.1
26, 216.0, 8, 8.0, 0.1
27, 224.0, 8, 8.0, 0.1
28, 232.0, 8, 8.0, 0.1
29, 240.0, 8, 8.0, 0.1
30, 248.0, 8, 8.0, 0.1
31, 256.0, 8, 8.0, 0.1
32, 264.0, 8, 8.0, 0.1
33, 272.0, 8, 8.0, 0.1
34, 280.0, 8, 8.0, 0.1
35, 288.0, 8, 8.0, 0.1
36, 296.0, 8, 8.0, 0.1
37, 304.0, 8, 8.0, 0.1
38, 312.0, 8, 8.0, 0.1
39, 320.0, 8, 8.0, 0.1
40, 328.0, 8, 8.0, 0.1
41, 336.0, 8, 8.0, 0.1
42, 344.0, 8, 8.0, 0.1
43, 352.0, 8, 8.0, 0.1
44, 360.0, 8, 8.0, 0.1
45, 368.0, 8, 8.0, 0.1
46, 376.0, 8, 8.0, 0.1
47, 384.0, 8, 8.0, 0.1
48, 392.0, 8, 8.0, 0.1
49, 400.0, 8, 8.0, 0.1
50, 408.0, 8, 8.0, 0.1
51, 416.0, 8, 8.0, 0.1
52, 424.0, 8, 8.0, 0.1
53, 432.0, 8, 8.0, 0.1
54, 440.0, 8, 8.0, 0.1
55, 448.0, 8, 8.0, 0.1
56, 456.0, 8, 8.0, 0.1
57, 464.0, 8, 8.0, 0.1
58, 472.0, 8, 8.0, 0.1
59, 480.0, 8, 8.0, 0.1
60, 488.0, 8, 8.0, 0.1
61, 496.0, 8, 8.0, 0.1
62, 504.0, 8, 8.0, 0.1
63, 512.0, 8, 8.0, 0.1
64, 520.0, 8, 8.0, 0.1
65, 528.0, 8, 8.0, 0.1
66, 536.0, 8, 8.0, 0.1
67, 544.0, 8, 8.0, 0.1
68, 552.0, 8, 8.0, 0.1
69, 560.0, 8, 8.0, 0.1
70, 568.0, 8, 8.0, 0.1
71, 576.0, 8, 8.0, 0.1
72, 584.0, 8, 8.0, 0.1
73, 592.0, 8, 8.0, 0.1
74, 600.0, 8, 8.0, 0.1
75, 608.0, 8, 8.0, 0.1
76, 616.0, 8, 8.0, 0.1
77, 624.0, 8, 8.0, 0.1
78, 632.0, 8, 8.0, 0.1
79, 640.0, 8, 8.0, 0.1
80, 648.0, 8, 8.0, 0.1
81, 656.0, 8, 8.0, 0.1
82, 664.0, 8, 8.0, 0.1
83, 672.0, 8, 8.0, 0.1
84, 680.0, 8, 8.0, 0.1
85, 688.0, 8, 8.0, 0.1
86, 696.0, 8, 8.0, 0.1
87, 704.0, 8, 8.0, 0.1
88, 712.0, 8, 8.0, 0.1
89, 720.0, 8, 8.0, 0.1
90, 728.0, 8, 8.0, 0.1
91, 736.0, 8, 8.0, 0.1
92, 744.0, 8, 8.0, 0.1
93, 752.0, 8, 8.0, 0.1
94, 760.0, 8, 8.0, 0.1
95, 768.0, 8, 8.0, 0.1
96, 776.0, 8, 8.0, 0.1
97, 784.0, 8, 8.0, 0.1
98, 792.0, 8, 8.0, 0.1
99, 800.0, 8, 8.0, 0.1
100, 808.0, 8, 8.0, 0.1
101, 816.0, 8, 8.0, 0.1
102, 824.0, 8, 8.0, 0.1
103, 832.0, 8, 8.0, 0.1
104, 840.0, 8, 8.0, 0.1
105, 848.0, 8, 8.0, 0.1
106, 856.0, 8, 8.0, 0.1
107, 864.0, 8, 8.0, 0.1
108, 872.0, 8, 8.0, 0.1
109, 880.0, 8, 8.0, 0.1
110, 888.0, 8, 8.0, 0.1
111, 896.0, 8, 8.0, 0.1
112, 904.0, 8, 8.0, 0.1
113, 912.0, 8, 8.0, 0.1
114, 920.0, 8, 8.0, 0.1
115, 928.0, 8, 8.0, 0.1
116, 936.0, 8, 8.0, 0.1
117, 944.0, 8, 8.0, 0.1
118, 952.0, 8, 8.0, 0.1
119, 960.0, 8, 8.0, 0.1
120, 968.0, 8, 8.0, 0.1
121, 976.0, 8, 8.0, 0.1
122, 984.0, 8, 8.0, 0.1
123, 992.0, 8, 8.0, 0.1
124, 1000.0, 8, 8.0, 0.1
125, 1008.0, 8, 8.0, 0.1
126, 1016.0, 8, 8.0, 0.1
127, 1024.0, 8, 8.0, 0.1
128, 1032.0, 8, 8.0, 0.1
129, 1040.0, 8, 8.0, 0.1
130, 1048.0, 8, 8.0, 0.1
131, 1056.0, 8, 8.0, 0.1
132, 1064.0, 8, 8.0, 0.1
133, 1072.0, 8, 8.0, 0.1
134, 1080.0, 8, 8.0, 0.1
135, 1088.0, 8, 8.0, 0.1
136, 1096.0, 8, 8.0, 0.1
137, 1104.0, 8, 8.0, 0.1
138, 1112.0, 8, 8.0, 0.1
139, 1120.0, 8, 8.0, 0.1
140, 1128.0, 8, 8.0, 0.1
141, 1136.0, 8, 8.0, 0.1
142, 1144.0, 8, 8.0, 0.1
143, 1152.0, 8, 8.0, 0.1
144, 1160.0, 8, 8.0, 0.1
145, 1168.0, 8, 8.0, 0.1
146, 1176.0, 8, 8.0, 0.1
147, 1184.0, 8, 8.0, 0.1
148, 1192.0, 8, 8.0, 0.1
149, 1200.0, 8, 8.0, 0.1
150, 1208.0, 8, 8.0, 0.1
151, 1216.0, 8, 8.0, 0.1
152, 1224.0, 8, 8.0, 0.1
153, 1232.0, 8, 8.0, 0.1
154, 1240.0, 8, 8.0, 0.1
155, 1248.0, 8, 8.0, 0.1
156, 1256.0, 8, 8.0, 0.1
157, 1264.0, 8, 8.0, 0.1
158, 1272.0, 8, 8.0, 0.1
159, 1280.0, 8, 8.0, 0.1
160, 1288.0, 8, 8.0, 0.1
161, 1296.0, 8, 8.0, 0.1
162, 1304.0, 8, 8.0, 0.1
163, 1312.0, 8, 8.0, 0.1
164, 1320.0, 8, 8.0, 0.1
165, 1328.0, 8, 8.0, 0.1
166, 1336.0, 8, 8.0, 0.1
167, 1344.0, 8, 8.0, 0.1
168, 1352.0, 8, 8.0, 0.1
169, 1360.0, 8, 8.0, 0.1
170, 1368.0, 8, 8.0, 0.1
171, 1376.0, 8, 8.0, 0.1
172, 1384.0, 8, 8.0, 0.1
173, 1392.0, 8, 8.0, 0.1
174, 1400.0, 8, 8.0, 0.1
175, 1408.0, 8, 8.0, 0.1
176, 1416.0, 8, 8.0, 0.1
177, 1424.0, 8, 8.0, 0.1
178, 1432.0, 8, 8.0, 0.1
179, 1440.0, 8, 8.0, 0.1
180, 1448.0, 8, 8.0, 0.1
181, 1456.0, 8, 8.0, 0.1
182, 1464.0, 8, 8.0, 0.1
183, 1472.0, 8, 8.0, 0.1
184, 1480.0, 8, 8.0, 0.1
185, 1488.0, 8, 8.0, 0.1
186, 1496.0, 8, 8.0, 0.1
187, 1504.0, 8, 8.0, 0.1
188, 1512.0, 8, 8.0, 0.1
189, 1520.0, 8, 8.0, 0.1
190, 1528.0, 8, 8.0, 0.1
191, 1536.0, 8, 8.0, 0.1
192, 1544.0, 8, 8.0, 0.1
193, 1552.0, 8, 8.0, 0.1
194, 1560.0, 8, 8.0, 0.1
195, 1568.0, 8, 8.0, 0.1
196, 1576.0, 8, 8.0, 0.1
197, 1584.0, 8, 8.0, 0.1
198, 1592.0, 8, 8.0, 0.1
199, 1600.0, 8, 8.0, 0.1
200, 1608.0, 8, 8.0, 0.1
201, 1616.0, 8, 8.0, 0.1
202, 1624.0, 8, 8.0, 0.1
203, 1632.0, 8, 8.0, 0.1
204, 1640.0, 8, 8.0, 0.1
205, 1648.0, 8, 8.0, 0.1
206, 1656.0, 8, 8.0, 0.1
207, 1664.0, 8, 8.0, 0.1
208, 1672.0, 8, 8.0, 0.1
209, 1680.0, 8, 8.0, 0.1
210, 1688.0, 8, 8.0, 0.1
211, 1696.0, 8, 8.0, 0.1
212, 1704.0, 8, 8.0, 0.1
213, 1712.0, 8, 8.0, 0.1
214, 1720.0, 8, 8.0, 0.1
215, 1728.0, 8, 8.0, 0.1
216, 1736.0, 8, 8.0, 0.1
217, 1744.0, 8, 8.0, 0.1
218, 1752.0, 8, 8.0, 0.1
219, 1760.0, 8, 8.0, 0.1
220, 1768.0, 8, 8.0, 0.1
221, 1776.0, 8, 8.0, 0.1
222, 1784.0, 8, 8.0, 0.1
223, 1792.0, 8, 8.0, 0.1
224, 1800.0, 8, 8.0, 0.1
225, 1808.0, 8, 8.0, 0.1
226, 1816.0, 8, 8.0, 0.1
227, 1824.0, 8, 8.0, 0.1
228, 1832.0, 8, 8.0, 0.1
229, 1840.0, 8, 8.0, 0.1
230, 1848.0, 8, 8.0, 0.1
231, 1856.0, 8, 8.0, 0.1
232, 1864.0, 8, 8.0, 0.1
233, 1872.0, 8, 8.0, 0.1
234, 1880.0, 8, 8.0, 0.1
235, 1888.0, 8, 8.0, 0.1
236, 1896.0, 8, 8.0, 0.1
237, 1904.0, 8, 8.0, 0.1
238, 1912.0, 8, 8.0, 0.1
239, 1920.0, 8, 8.0, 0.1
240, 1928.0, 8, 8.0, 0.1
241, 1936.0, 8, 8.0, 0.1
242, 1944.0, 8, 8.0, 0.1
243, 1952.0, 8, 8.0, 0.1
244, 1960.0, 8, 8.0, 0.1
245, 1968.0, 8, 8.0, 0.1
246, 1976.0, 8, 8.0, 0.1
247, 1984.0, 8, 8.0, 0.1
248, 1992.0, 8, 8.0, 0.1
249, 2000.0, 8, 8.0, 0.1
250, 2008.0, 8, 8.0, 0.1
251, 2016.0, 8, 8.0, 0.1
252, 2024.0, 8, 8.0, 0.1
253, 2032.0, 8, 8.0, 0.1
254, 2040.0, 8, 8.0, 0.1
255, 2048.0, 8, 8.0, 0.1
256, 2056.0, 8, 8.0, 0.1
257, 2064.0, 8, 8.0, 0.1
258, 2072.0, 8, 8.0, 0.1
259, 2080.0, 8, 8.0, 0.1
260, 2088.0, 8, 8.0, 0.1
261, 2096.0, 8, 8.0, 0.1
262, 2104.0, 8, 8.0, 0.1
263, 2112.0, 8, 8.0, 0.1
264, 2120.0, 8, 8.0, 0.1
265, 2128.0, 8, 8.0, 0.1
266, 2136.0, 8, 8.0, 0.1
267, 2144.0, 8, 8.0, 0.1
268, 2152.0, 8, 8.0, 0.1
269, 2160.0, 8, 8.0, 0.1
270, 2168.0, 8, 8.0, 0.1
271, 2176.0, 8, 8.0, 0.1
272, 2184.0, 8, 8.0, 0.1
273, 2192.0, 8, 8.0, 0.1
274, 2200.0, 8, 8.0, 0.1
275, 2208.0, 8, 8.0, 0.1
276, 2216.0, 8, 8.0, 0.1
277, 2224.0, 8, 8.0, 0.1
278, 2232.0, 8, 8.0, 0.1
279, 2240.0, 8, 8.0, 0.1
280, 2248.0, 8, 8.0, 0.1
281, 2256.0, 8, 8.0, 0.1
282, 2264.0, 8, 8.0, 0.1
283, 2272.0, 8, 8.0, 0.1
284, 2280.0, 8, 8.0, 0.1
285, 2288.0, 8, 8.0, 0.1
286, 2296.0, 8, 8.0, 0.1
287, 2304.0, 8, 8.0, 0.1
288, 2312.0, 8, 8.0, 0.1
289, 2320.0, 8, 8.0, 0.1
290, 2328.0, 8, 8.0, 0.1
291, 2336.0, 8, 8.0, 0.1
292, 2344.0, 8, 8.0, 0.1
293, 2352.0, 8, 8.0, 0.1
294, 2360.0, 8, 8.0, 0.1
295, 2368.0, 8, 8.0, 0.1
296, 2376.0, 8, 8.0, 0.1
297, 2384.0, 8, 8.0, 0.1
298, 2392.0, 8, 8.0, 0.1
299, 2400.0, 8, 8.0, 0.1
300, 2408.0, 8, 8.0, 0.1
301, 2416.0, 8, 8.0, 0.1
302, 2424.0, 8, 8.0, 0.1
303, 2432.0, 8, 8.0, 0.1
304, 2440.0, 8, 8.0, 0.1
305, 2448.0, 8, 8.0, 0.1
306, 2456.0, 8, 8.0, 0.1
307, 2464.0, 8, 8.0, 0.1
308, 2472.0, 8, 8.0, 0.1
309, 2480.0, 8, 8.0, 0.1
310, 2488.0, 8, 8.0, 0.1
311, 2496.0, 8, 8.0, 0.1
312, 2504.0, 8, 8.0, 0.1
313, 2512.0, 8, 8.0, 0.1
314, 2520.0, 8, 8.0, 0.1
315, 2528.0, 8, 8.0, 0.1
316, 2536.0, 8, 8.0, 0.1
317, 2544.0, 8, 8.0, 0.1
318, 2552.0, 8, 8.0, 0.1
319, 2560.0, 8, 8.0, 0.1
320, 2568.0, 8, 8.0, 0.1
321, 2576.0, 8, 8.0, 0.1
322, 2584.0, 8, 8.0, 0.1
323, 2592.0, 8, 8.0, 0.1
324, 2600.0, 8, 8.0, 0.1
325, 2608.0, 8, 8.0, 0.1
326, 2616.0, 8, 8.0, 0.1
327, 2624.0, 8, 8.0, 0.1
328, 2632.0, 8, 8.0, 0.1
329, 2640.0, 8, 8.0, 0.1
330, 2648.0, 8, 8.0, 0.1
331, 2656.0, 8, 8.0, 0.1
332, 2664.0, 8, 8.0, 0.1
333, 2672.0, 8, 8.0, 0.1
334, 2680.0, 8, 8.0, 0.1
335, 2688.0, 8, 8.0, 0.1
336, 2696.0, 8, 8.0, 0.1
337, 2704.0, 8, 8.0, 0.1
338, 2712.0, 8, 8.0, 0.1
339, 2720.0, 8, 8.0, 0.1
340, 2728.0, 8, 8.0, 0.1
341, 2736.0, 8, 8.0, 0.1
342, 2744.0, 8, 8.0, 0.1
343, 2752.0, 8, 8.0, 0.1
344, 2760.0, 8, 8.0, 0.1
345, 2768.0, 8, 8.0, 0.1
346, 2776.0, 8, 8.0, 0.1
347, 2784.0, 8, 8.0, 0.1
348, 2792.0, 8, 8.0, 0.1
349, 2800.0, 8, 8.0, 0.1
350, 2808.0, 8, 8.0, 0.1
351, 2816.0, 8, 8.0, 0.1
352, 2824.0, 8, 8.0, 0.1
353, 2832.0, 8, 8.0, 0.1
354, 2840.0, 8, 8.0, 0.1
355, 2848.0, 8, 8.0, 0.1
356, 2856.0, 8, 8.0, 0.1
357, 2864.0, 8, 8.0, 0.1
358, 2872.0, 8, 8.0, 0.1
359, 2880.0, 8, 8.0, 0.1
360, 2888.0, 8, 8.0, 0.1
361, 2896.0, 8, 8.0, 0.1
362, 2904.0, 8, 8.0, 0.1
363, 2912.0, 8, 8.0, 0.1
364, 2920.0, 8, 8.0, 0.1
365, 2928.0, 8, 8.0, 0.1
366, 2936.0, 8, 8.0, 0.1
367, 2944.0, 8, 8.0, 0.1
368, 2952.0, 8, 8.0, 0.1
369, 2960.0, 8, 8.0, 0.1
370, 2968.0, 8, 8.0, 0.1
371, 2976.0, 8, 8.0, 0.1
372, 2984.0, 8, 8.0, 0.1
373, 2992.0, 8, 8.0, 0.1
374, 3000.0, 8, 8.0, 0.1
375, 3008.0, 8, 8.0, 0.1
376, 3016.0, 8, 8.0, 0.1
377, 3024.0, 8, 8.0, 0.1
378, 3032.0, 8, 8.0, 0.1
379, 3040.0, 8, 8.0, 0.1
380, 3048.0, 8, 8.0, 0.1
381, 3056.0, 8, 8.0, 0.1
382, 3064.0, 8, 8.0, 0.1
383, 3072.0, 8, 8.0, 0.1
384, 3080.0, 8, 8.0, 0.1
385, 3088.0, 8, 8.0, 0.1
386, 3096.0, 8, 8.0, 0.1
387, 3104.0, 8, 8.0, 0.1
388, 3112.0, 8, 8.0, 0.1
389, 3120.0, 8, 8.0, 0.1
390, 3128.0, 8, 8.0, 0.1
391, 3136.0, 8, 8.0, 0.1
392, 3144.0, 8, 8.0, 0.1
393, 3152.0, 8, 8.0, 0.1
394, 3160.0, 8, 8.0, 0.1
395, 3168.0, 8, 8.0, 0.1
396, 3176.0, 8, 8.0, 0.1
397, 3184.0, 8, 8.0, 0.1
398, 3192.0, 8, 8.0, 0.1
399, 3200.0, 8, 8.0, 0.1
400, 3208.0, 8, 8.0, 0.1
401, 3216.0, 8, 8.0, 0.1
402, 3224.0, 8, 8.0, 0.1
403, 3232.0, 8, 8.0, 0.1
404, 3240.0, 8, 8.0, 0.1
405, 3248.0, 8, 8.0, 0.1
406, 3256.0, 8, 8.0, 0.1
407, 3264.0, 8, 8.0, 0.1
408, 3272.0, 8, 8.0, 0.1
409, 3280.0, 8, 8.0, 0.1
410, 3288.0, 8, 8.0, 0.1
411, 3296.0, 8, 8.0, 0.1
412, 3304.0, 8, 8.0, 0.1
413, 3312.0, 8, 8.0, 0.1
414, 3320.0, 8, 8.0, 0.1
415, 3328.0, 8, 8.0, 0.1
416, 3336.0, 8, 8.0, 0.1
417, 3344.0, 8, 8.0, 0.1
418, 3352.0, 8, 8.0, 0.1
419, 3360.0, 8, 8.0, 0.1
420, 3368.0, 8, 8.0, 0.1
421, 3376.0, 8, 8.0, 0.1
422, 3384.0, 8, 8.0, 0.1
423, 3392.0, 8, 8.0, 0.1
424, 3400.0, 8, 8.0, 0.1
425, 3408.0, 8, 8.0, 0.1
426, 3416.0, 8, 8.0, 0.1
427, 3424.0, 8, 8.0, 0.1
428, 3432.0, 8, 8.0, 0.1
429, 3440.0, 8, 8.0, 0.1
430, 3448.0, 8, 8.0, 0.1
431, 3456.0, 8, 8.0, 0.1
432, 3464.0, 8, 8.0, 0.1
433, 3472.0, 8, 8.0, 0.1
434, 3480.0, 8, 8.0, 0.1
435, 3488.0, 8, 8.0, 0.1
436, 3496.0, 8, 8.0, 0.1
437, 3504.0, 8, 8.0, 0.1
438, 3512.0, 8, 8.0, 0.1
439, 3520.0, 8, 8.0, 0.1
440, 3528.0, 8, 8.0, 0.1
441, 3536.0, 8, 8.0, 0.1
442, 3544.0, 8, 8.0, 0.1
443, 3552.0, 8, 8.0, 0.1
444, 3560.0, 8, 8.0, 0.1
445, 3568.0, 8, 8.0, 0.1
446, 3576.0, 8, 8.0, 0.1
447, 3584.0, 8, 8.0, 0.1
448, 3592.0, 8, 8.0, 0.1
449, 3600.0, 8, 8.0, 0.1
450, 3608.0, 8, 8.0, 0.1
451, 3616.0, 8, 8.0, 0.1
452, 3624.0, 8, 8.0, 0.1
453, 3632.0, 8, 8.0, 0.1
454, 3640.0, 8, 8.0, 0.1
455, 3647.0, 7, 7.99780701754386, 0.1
456, 3655.0, 8, 7.99781181619256, 0.1
457, 3663.0, 8, 7.997816593886463, 0.1
458, 3670.0, 7, 7.995642701525054, 0.1
459, 3678.0, 8, 7.995652173913044, 0.1
460, 3686.0, 8, 7.995661605206074, 0.1
461, 3693.0, 7, 7.9935064935064934, 0.1
462, 3701.0, 8, 7.993520518358531, 0.1
463, 3709.0, 8, 7.993534482758621, 0.1
464, 3717.0, 8, 7.993548387096774, 0.1
465, 3725.0, 8, 7.993562231759657, 0.1
466, 3731.0, 6, 7.989293361884369, 0.1
467, 3738.0, 7, 7.987179487179487, 0.1
468, 3746.0, 8, 7.9872068230277184, 0.1
469, 3754.0, 8, 7.987234042553191, 0.1
470, 3762.0, 8, 7.987261146496815, 0.1
471, 3769.0, 7, 7.985169491525424, 0.1
472, 3777.0, 8, 7.985200845665962, 0.1
473, 3785.0, 8, 7.985232067510548, 0.1
474, 3793.0, 8, 7.985263157894737, 0.1
475, 3800.0, 7, 7.983193277310924, 0.1
476, 3808.0, 8, 7.983228511530398, 0.1
477, 3815.0, 7, 7.981171548117155, 0.1
478, 3822.0, 7, 7.979123173277662, 0.1
479, 3830.0, 8, 7.979166666666667, 0.1
480, 3834.0, 4, 7.970893970893971, 0.1
481, 3841.0, 7, 7.968879668049793, 0.1
482, 3849.0, 8, 7.968944099378882, 0.1
483, 3856.0, 7, 7.966942148760331, 0.1
484, 3864.0, 8, 7.967010309278351, 0.1
485, 3871.0, 7, 7.965020576131687, 0.1
486, 3878.0, 7, 7.963039014373717, 0.1
487, 3885.0, 7, 7.961065573770492, 0.1
488, 3893.0, 8, 7.961145194274029, 0.1
489, 3901.0, 8, 7.961224489795918, 0.1
490, 3908.0, 7, 7.959266802443992, 0.1
491, 3914.0, 6, 7.955284552845528, 0.1
492, 3922.0, 8, 7.955375253549696, 0.1
493, 3930.0, 8, 7.955465587044534, 0.1
494, 3938.0, 8, 7.955555555555556, 0.1
495, 3945.0, 7, 7.953629032258065, 0.1
496, 3952.0, 7, 7.951710261569416, 0.1
497, 3958.0, 6, 7.947791164658635, 0.1
498, 3966.0, 8, 7.947895791583166, 0.1
499, 3972.0, 6, 7.944, 0.1
500, 3980.0, 8, 7.944111776447106, 0.1
501, 3985.0, 5, 7.938247011952191, 0.1
502, 3993.0, 8, 7.938369781312128, 0.1
503, 4000.0, 7, 7.936507936507937, 0.1
504, 4007.0, 7, 7.934653465346535, 0.1
505, 4015.0, 8, 7.934782608695652, 0.1
506, 4022.0, 7, 7.932938856015779, 0.1
507, 4028.0, 6, 7.929133858267717, 0.1
508, 4036.0, 8, 7.929273084479371, 0.1
509, 4040.0, 4, 7.921568627450981, 0.1
510, 4048.0, 8, 7.921722113502935, 0.1
511, 4055.0, 7, 7.919921875, 0.1
512, 4063.0, 8, 7.920077972709552, 0.1
513, 4070.0, 7, 7.918287937743191, 0.1
514, 4077.0, 7, 7.916504854368932, 0.1
515, 4085.0, 8, 7.916666666666667, 0.1
516, 4093.0, 8, 7.916827852998066, 0.1
517, 4101.0, 8, 7.916988416988417, 0.1
518, 4108.0, 7, 7.9152215799614645, 0.1
519, 4115.0, 7, 7.913461538461538, 0.1
520, 4123.0, 8, 7.91362763915547, 0.1
521, 4131.0, 8, 7.913793103448276, 0.1
522, 4138.0, 7, 7.912045889101338, 0.1
523, 4146.0, 8, 7.912213740458015, 0.1
524, 4153.0, 7, 7.91047619047619, 0.1
525, 4160.0, 7, 7.908745247148289, 0.1
526, 4168.0, 8, 7.9089184060721065, 0.1
527, 4176.0, 8, 7.909090909090909, 0.1
528, 4183.0, 7, 7.9073724007561434, 0.1
529, 4190.0, 7, 7.90566037735849, 0.1
530, 4197.0, 7, 7.903954802259887, 0.1
531, 4205.0, 8, 7.904135338345864, 0.1
532, 4213.0, 8, 7.904315196998124, 0.1
533, 4221.0, 8, 7.904494382022472, 0.1
534, 4229.0, 8, 7.904672897196262, 0.1
535, 4236.0, 7, 7.902985074626866, 0.1
536, 4244.0, 8, 7.9031657355679705, 0.1
537, 4252.0, 8, 7.903345724907063, 0.1
538, 4259.0, 7, 7.901669758812616, 0.1
539, 4266.0, 7, 7.9, 0.1
540, 4274.0, 8, 7.900184842883549, 0.1
541, 4282.0, 8, 7.900369003690037, 0.1
542, 4290.0, 8, 7.900552486187845, 0.1
543, 4298.0, 8, 7.900735294117647, 0.1
544, 4306.0, 8, 7.900917431192661, 0.1
545, 4313.0, 7, 7.8992673992674, 0.1
546, 4320.0, 7, 7.897623400365631, 0.1
547, 4328.0, 8, 7.897810218978102, 0.1
548, 4336.0, 8, 7.89799635701275, 0.1
549, 4344.0, 8, 7.898181818181818, 0.1
550, 4351.0, 7, 7.896551724137931, 0.1
551, 4358.0, 7, 7.894927536231884, 0.1
552, 4366.0, 8, 7.895117540687161, 0.1
553, 4373.0, 7, 7.893501805054152, 0.1
554, 4379.0, 6, 7.89009009009009, 0.1
555, 4387.0, 8, 7.890287769784172, 0.1
556, 4395.0, 8, 7.8904847396768405, 0.1
557, 4402.0, 7, 7.888888888888889, 0.1
558, 4409.0, 7, 7.887298747763864, 0.1
559, 4415.0, 6, 7.883928571428571, 0.1
560, 4419.0, 4, 7.877005347593583, 0.1
561, 4426.0, 7, 7.875444839857651, 0.1
562, 4434.0, 8, 7.875666074600355, 0.1
563, 4442.0, 8, 7.875886524822695, 0.1
564, 4450.0, 8, 7.876106194690266, 0.1
565, 4456.0, 6, 7.872791519434629, 0.1
566, 4463.0, 7, 7.871252204585538, 0.1
567, 4463.0, 0, 7.857394366197183, 0.1
568, 4470.0, 7, 7.8558875219683655, 0.1
569, 4477.0, 7, 7.8543859649122805, 0.1
570, 4484.0, 7, 7.852889667250438, 0.1
571, 4492.0, 8, 7.853146853146853, 0.1
572, 4499.0, 7, 7.851657940663176, 0.1
573, 4507.0, 8, 7.851916376306621, 0.1
574, 4515.0, 8, 7.852173913043479, 0.1
575, 4522.0, 7, 7.850694444444445, 0.1
576, 4529.0, 7, 7.849220103986135, 0.1
577, 4536.0, 7, 7.8477508650519034, 0.1
578, 4543.0, 7, 7.846286701208981, 0.1
579, 4551.0, 8, 7.846551724137931, 0.1
580, 4558.0, 7, 7.845094664371773, 0.1
581, 4566.0, 8, 7.845360824742268, 0.1
582, 4572.0, 6, 7.842195540308748, 0.1
583, 4579.0, 7, 7.840753424657534, 0.1
584, 4587.0, 8, 7.841025641025641, 0.1
585, 4593.0, 6, 7.837883959044369, 0.1
586, 4600.0, 7, 7.836456558773424, 0.1
587, 4607.0, 7, 7.835034013605442, 0.1
588, 4615.0, 8, 7.835314091680815, 0.1
589, 4621.0, 6, 7.832203389830508, 0.1
590, 4623.0, 2, 7.822335025380711, 0.1
591, 4630.0, 7, 7.820945945945946, 0.1
592, 4636.0, 6, 7.81787521079258, 0.1
593, 4644.0, 8, 7.818181818181818, 0.1
594, 4651.0, 7, 7.816806722689075, 0.1
595, 4659.0, 8, 7.817114093959732, 0.1
596, 4667.0, 8, 7.817420435510888, 0.1
597, 4675.0, 8, 7.817725752508361, 0.1
598, 4683.0, 8, 7.818030050083473, 0.1
599, 4689.0, 6, 7.815, 0.1
600, 4697.0, 8, 7.815307820299501, 0.1
601, 4705.0, 8, 7.8156146179401995, 0.1
602, 4712.0, 7, 7.814262023217247, 0.1
603, 4720.0, 8, 7.814569536423841, 0.1
604, 4728.0, 8, 7.8148760330578515, 0.1
605, 4735.0, 7, 7.813531353135313, 0.1
606, 4742.0, 7, 7.812191103789127, 0.1
607, 4750.0, 8, 7.8125, 0.1
608, 4758.0, 8, 7.812807881773399, 0.1
609, 4765.0, 7, 7.811475409836065, 0.1
610, 4772.0, 7, 7.810147299509001, 0.1
611, 4780.0, 8, 7.810457516339869, 0.1
612, 4788.0, 8, 7.810766721044046, 0.1
613, 4791.0, 3, 7.802931596091205, 0.1
614, 4799.0, 8, 7.803252032520326, 0.1
615, 4806.0, 7, 7.8019480519480515, 0.1
616, 4813.0, 7, 7.80064829821718, 0.1
617, 4820.0, 7, 7.799352750809062, 0.1
618, 4827.0, 7, 7.798061389337641, 0.1
619, 4832.0, 5, 7.7935483870967746, 0.1
620, 4839.0, 7, 7.792270531400966, 0.1
621, 4847.0, 8, 7.792604501607717, 0.1
622, 4855.0, 8, 7.792937399678973, 0.1
623, 4863.0, 8, 7.793269230769231, 0.1
624, 4870.0, 7, 7.792, 0.1
625, 4878.0, 8, 7.792332268370607, 0.1
626, 4885.0, 7, 7.791068580542265, 0.1
627, 4893.0, 8, 7.79140127388535, 0.1
628, 4900.0, 7, 7.790143084260731, 0.1
629, 4908.0, 8, 7.79047619047619, 0.1
630, 4916.0, 8, 7.79080824088748, 0.1
631, 4924.0, 8, 7.791139240506329, 0.1
632, 4932.0, 8, 7.791469194312796, 0.1
633, 4939.0, 7, 7.790220820189274, 0.1
634, 4946.0, 7, 7.788976377952756, 0.1
635, 4954.0, 8, 7.789308176100629, 0.1
636, 4961.0, 7, 7.788069073783359, 0.1
637, 4969.0, 8, 7.7884012539184955, 0.1
638, 4975.0, 6, 7.785602503912363, 0.1
639, 4981.0, 6, 7.7828125, 0.1
640, 4988.0, 7, 7.781591263650546, 0.1
641, 4995.0, 7, 7.780373831775701, 0.1
642, 4995.0, 0, 7.768273716951788, 0.1
643, 5002.0, 7, 7.767080745341615, 0.1
644, 5010.0, 8, 7.767441860465116, 0.1
645, 5017.0, 7, 7.766253869969041, 0.1
646, 5024.0, 7, 7.765069551777434, 0.1
647, 5031.0, 7, 7.763888888888889, 0.1
648, 5037.0, 6, 7.761171032357473, 0.1
649, 5044.0, 7, 7.76, 0.1
650, 5052.0, 8, 7.76036866359447, 0.1
651, 5059.0, 7, 7.75920245398773, 0.1
652, 5066.0, 7, 7.758039816232772, 0.1
653, 5073.0, 7, 7.756880733944954, 0.1
654, 5080.0, 7, 7.755725190839694, 0.1
655, 5088.0, 8, 7.7560975609756095, 0.1
656, 5095.0, 7, 7.754946727549467, 0.1
657, 5102.0, 7, 7.753799392097265, 0.1
658, 5105.0, 3, 7.746585735963581, 0.1
659, 5113.0, 8, 7.746969696969697, 0.1
660, 5121.0, 8, 7.747352496217852, 0.1
661, 5123.0, 2, 7.738670694864048, 0.1
662, 5131.0, 8, 7.739064856711916, 0.1
663, 5138.0, 7, 7.7379518072289155, 0.1
664, 5146.0, 8, 7.738345864661654, 0.1
665, 5153.0, 7, 7.737237237237237, 0.1
666, 5160.0, 7, 7.736131934032984, 0.1
667, 5166.0, 6, 7.733532934131737, 0.1
668, 5172.0, 6, 7.7309417040358746, 0.1
669, 5180.0, 8, 7.731343283582089, 0.1
670, 5185.0, 5, 7.7272727272727275, 0.1
671, 5192.0, 7, 7.726190476190476, 0.1
672, 5199.0, 7, 7.725111441307578, 0.1
673, 5207.0, 8, 7.725519287833828, 0.1
674, 5215.0, 8, 7.725925925925926, 0.1
675, 5222.0, 7, 7.724852071005917, 0.1
676, 5230.0, 8, 7.725258493353028, 0.1
677, 5238.0, 8, 7.725663716814159, 0.1
678, 5246.0, 8, 7.7260677466863035, 0.1
679, 5253.0, 7, 7.725, 0.1
680, 5261.0, 8, 7.725403817914831, 0.1
681, 5261.0, 0, 7.714076246334311, 0.1
682, 5267.0, 6, 7.711566617862372, 0.1
683, 5275.0, 8, 7.711988304093567, 0.1
684, 5283.0, 8, 7.712408759124088, 0.1
685, 5290.0, 7, 7.711370262390671, 0.1
686, 5298.0, 8, 7.711790393013101, 0.1
687, 5305.0, 7, 7.710755813953488, 0.1
688, 5313.0, 8, 7.711175616835995, 0.1
689, 5320.0, 7, 7.7101449275362315, 0.1
690, 5327.0, 7, 7.709117221418235, 0.1
691, 5335.0, 8, 7.709537572254336, 0.1
692, 5340.0, 5, 7.705627705627705, 0.1
693, 5348.0, 8, 7.706051873198847, 0.1
694, 5354.0, 6, 7.703597122302158, 0.1
695, 5359.0, 5, 7.699712643678161, 0.1
696, 5367.0, 8, 7.700143472022956, 0.1
697, 5373.0, 6, 7.697707736389685, 0.1
698, 5381.0, 8, 7.698140200286123, 0.1
699, 5389.0, 8, 7.698571428571428, 0.1
700, 5397.0, 8, 7.699001426533523, 0.1
701, 5405.0, 8, 7.699430199430199, 0.1
702, 5412.0, 7, 7.698435277382646, 0.1
703, 5420.0, 8, 7.698863636363637, 0.1
704, 5427.0, 7, 7.697872340425532, 0.1
705, 5434.0, 7, 7.696883852691218, 0.1
706, 5442.0, 8, 7.697312588401697, 0.1
707, 5449.0, 7, 7.696327683615819, 0.1
708, 5456.0, 7, 7.695345557122708, 0.1
709, 5464.0, 8, 7.695774647887324, 0.1
710, 5469.0, 5, 7.69198312236287, 0.1
711, 5476.0, 7, 7.691011235955056, 0.1
712, 5482.0, 6, 7.6886395511921455, 0.1
713, 5490.0, 8, 7.689075630252101, 0.1
714, 5497.0, 7, 7.688111888111888, 0.1
715, 5505.0, 8, 7.68854748603352, 0.1
716, 5513.0, 8, 7.688981868898187, 0.1
717, 5519.0, 6, 7.686629526462395, 0.1
718, 5527.0, 8, 7.687065368567454, 0.1
719, 5535.0, 8, 7.6875, 0.1
720, 5542.0, 7, 7.6865464632454925, 0.1
721, 5549.0, 7, 7.685595567867036, 0.1
722, 5557.0, 8, 7.686030428769018, 0.1
723, 5565.0, 8, 7.68646408839779, 0.1
724, 5573.0, 8, 7.686896551724138, 0.1
725, 5581.0, 8, 7.68732782369146, 0.1
726, 5587.0, 6, 7.6850068775790925, 0.1
727, 5594.0, 7, 7.684065934065934, 0.1
728, 5601.0, 7, 7.683127572016461, 0.1
729, 5606.0, 5, 7.67945205479452, 0.1
730, 5613.0, 7, 7.678522571819426, 0.1
731, 5618.0, 5, 7.674863387978142, 0.1
732, 5625.0, 7, 7.673942701227831, 0.1
733, 5627.0, 2, 7.666212534059945, 0.1
734, 5635.0, 8, 7.666666666666667, 0.1
735, 5642.0, 7, 7.665760869565218, 0.1
736, 5650.0, 8, 7.666214382632293, 0.1
737, 5656.0, 6, 7.663956639566396, 0.1
738, 5664.0, 8, 7.664411366711772, 0.1
739, 5671.0, 7, 7.6635135135135135, 0.1
740, 5677.0, 6, 7.661268556005398, 0.1
741, 5683.0, 6, 7.659029649595688, 0.1
742, 5690.0, 7, 7.65814266487214, 0.1
743, 5696.0, 6, 7.655913978494624, 0.1
744, 5704.0, 8, 7.6563758389261745, 0.1
745, 5712.0, 8, 7.656836461126005, 0.1
746, 5713.0, 1, 7.647925033467202, 0.1
747, 5721.0, 8, 7.648395721925134, 0.1
748, 5728.0, 7, 7.647530040053405, 0.1
749, 5736.0, 8, 7.648, 0.1
750, 5744.0, 8, 7.6484687083888145, 0.1
751, 5751.0, 7, 7.647606382978723, 0.1
752, 5759.0, 8, 7.648074369189907, 0.1
753, 5767.0, 8, 7.6485411140583555, 0.1
754, 5772.0, 5, 7.645033112582781, 0.1
755, 5778.0, 6, 7.642857142857143, 0.1
756, 5785.0, 7, 7.642007926023778, 0.1
757, 5792.0, 7, 7.641160949868074, 0.1
758, 5800.0, 8, 7.64163372859025, 0.1
759, 5805.0, 5, 7.6381578947368425, 0.1
760, 5811.0, 6, 7.636005256241787, 0.1
761, 5819.0, 8, 7.636482939632546, 0.1
762, 5825.0, 6, 7.634338138925295, 0.1
763, 5833.0, 8, 7.634816753926701, 0.1
764, 5840.0, 7, 7.633986928104576, 0.1
765, 5847.0, 7, 7.633159268929504, 0.1
766, 5855.0, 8, 7.6336375488917865, 0.1
767, 5862.0, 7, 7.6328125, 0.1
768, 5868.0, 6, 7.630689206762028, 0.1
769, 5876.0, 8, 7.631168831168831, 0.1
770, 5883.0, 7, 7.63035019455253, 0.1
771, 5889.0, 6, 7.6282383419689115, 0.1
772, 5896.0, 7, 7.627425614489004, 0.1
773, 5903.0, 7, 7.626614987080103, 0.1
774, 5909.0, 6, 7.6245161290322585, 0.1
775, 5917.0, 8, 7.625, 0.1
776, 5924.0, 7, 7.624195624195624, 0.1
777, 5930.0, 6, 7.622107969151671, 0.1
778, 5933.0, 3, 7.616174582798459, 0.1
779, 5939.0, 6, 7.614102564102564, 0.1
780, 5946.0, 7, 7.613316261203585, 0.1
781, 5953.0, 7, 7.612531969309463, 0.1
782, 5961.0, 8, 7.6130268199233715, 0.1
783, 5963.0, 2, 7.605867346938775, 0.1
784, 5970.0, 7, 7.6050955414012735, 0.1
785, 5978.0, 8, 7.6055979643765905, 0.1
786, 5985.0, 7, 7.604828462515883, 0.1
787, 5992.0, 7, 7.604060913705584, 0.1
788, 5999.0, 7, 7.603295310519645, 0.1
789, 6003.0, 4, 7.5987341772151895, 0.1
790, 6011.0, 8, 7.599241466498103, 0.1
791, 6019.0, 8, 7.599747474747475, 0.1
792, 6027.0, 8, 7.600252206809584, 0.1
793, 6034.0, 7, 7.599496221662468, 0.1
794, 6041.0, 7, 7.59874213836478, 0.1
795, 6049.0, 8, 7.599246231155779, 0.1
796, 6056.0, 7, 7.598494353826851, 0.1
797, 6064.0, 8, 7.598997493734336, 0.1
798, 6072.0, 8, 7.599499374217772, 0.1
799, 6079.0, 7, 7.59875, 0.1
800, 6087.0, 8, 7.599250936329588, 0.1
801, 6094.0, 7, 7.598503740648379, 0.1
802, 6102.0, 8, 7.5990037359900375, 0.1
803, 6109.0, 7, 7.598258706467662, 0.1
804, 6115.0, 6, 7.596273291925466, 0.1
805, 6118.0, 3, 7.590570719602978, 0.1
806, 6125.0, 7, 7.589838909541512, 0.1
807, 6133.0, 8, 7.590346534653466, 0.1
808, 6140.0, 7, 7.589616810877627, 0.1
809, 6145.0, 5, 7.58641975308642, 0.1
810, 6145.0, 0, 7.577065351418002, 0.1
811, 6153.0, 8, 7.577586206896552, 0.1
812, 6159.0, 6, 7.575645756457565, 0.1
813, 6166.0, 7, 7.574938574938575, 0.1
814, 6171.0, 5, 7.571779141104295, 0.1
815, 6179.0, 8, 7.572303921568627, 0.1
816, 6186.0, 7, 7.571603427172582, 0.1
817, 6194.0, 8, 7.572127139364303, 0.1
818, 6194.0, 0, 7.562881562881563, 0.1
819, 6201.0, 7, 7.56219512195122, 0.1
820, 6209.0, 8, 7.56272838002436, 0.1
821, 6217.0, 8, 7.5632603406326036, 0.1
822, 6225.0, 8, 7.563791008505468, 0.1
823, 6232.0, 7, 7.563106796116505, 0.1
824, 6239.0, 7, 7.5624242424242425, 0.1
825, 6247.0, 8, 7.562953995157385, 0.1
826, 6255.0, 8, 7.5634824667472795, 0.1
827, 6262.0, 7, 7.56280193236715, 0.1
828, 6270.0, 8, 7.563329312424608, 0.1
829, 6278.0, 8, 7.563855421686747, 0.1
830, 6286.0, 8, 7.564380264741276, 0.1
831, 6292.0, 6, 7.5625, 0.1
832, 6299.0, 7, 7.561824729891957, 0.1
833, 6307.0, 8, 7.562350119904076, 0.1
834, 6315.0, 8, 7.562874251497006, 0.1
835, 6323.0, 8, 7.563397129186603, 0.1
836, 6331.0, 8, 7.563918757467144, 0.1
837, 6339.0, 8, 7.564439140811456, 0.1
838, 6347.0, 8, 7.564958283671037, 0.1
839, 6355.0, 8, 7.565476190476191, 0.1
840, 6361.0, 6, 7.563614744351962, 0.1
841, 6368.0, 7, 7.562945368171022, 0.1
842, 6376.0, 8, 7.563463819691577, 0.1
843, 6384.0, 8, 7.563981042654029, 0.1
844, 6392.0, 8, 7.564497041420118, 0.1
845, 6400.0, 8, 7.5650118203309695, 0.1
846, 6408.0, 8, 7.565525383707202, 0.1
847, 6414.0, 6, 7.563679245283019, 0.1
848, 6422.0, 8, 7.564193168433451, 0.1
849, 6429.0, 7, 7.563529411764706, 0.1
850, 6437.0, 8, 7.564042303172738, 0.1
851, 6444.0, 7, 7.563380281690141, 0.1
852, 6451.0, 7, 7.562719812426729, 0.1
853, 6457.0, 6, 7.560889929742388, 0.1
854, 6464.0, 7, 7.560233918128655, 0.1
855, 6472.0, 8, 7.5607476635514015, 0.1
856, 6479.0, 7, 7.560093348891482, 0.1
857, 6481.0, 2, 7.553613053613054, 0.1
858, 6488.0, 7, 7.552968568102445, 0.1
859, 6494.0, 6, 7.551162790697674, 0.1
860, 6502.0, 8, 7.551684088269454, 0.1
861, 6508.0, 6, 7.549883990719257, 0.1
862, 6515.0, 7, 7.549246813441483, 0.1
863, 6521.0, 6, 7.547453703703703, 0.1
864, 6529.0, 8, 7.547976878612717, 0.1
865, 6535.0, 6, 7.546189376443418, 0.1
866, 6543.0, 8, 7.546712802768166, 0.1
867, 6551.0, 8, 7.547235023041475, 0.1
868, 6559.0, 8, 7.547756041426927, 0.1
869, 6566.0, 7, 7.5471264367816095, 0.1
870, 6573.0, 7, 7.546498277841561, 0.1
871, 6579.0, 6, 7.544724770642202, 0.1
872, 6587.0, 8, 7.54524627720504, 0.1
873, 6594.0, 7, 7.54462242562929, 0.1
874, 6601.0, 7, 7.544, 0.1
875, 6609.0, 8, 7.544520547945205, 0.1
876, 6617.0, 8, 7.545039908779931, 0.1
877, 6625.0, 8, 7.545558086560365, 0.1
878, 6631.0, 6, 7.543799772468715, 0.1
879, 6639.0, 8, 7.5443181818181815, 0.1
880, 6646.0, 7, 7.543700340522134, 0.1
881, 6654.0, 8, 7.54421768707483, 0.1
882, 6661.0, 7, 7.5436013590033975, 0.1
883, 6668.0, 7, 7.542986425339366, 0.1
884, 6676.0, 8, 7.5435028248587574, 0.1
885, 6683.0, 7, 7.542889390519187, 0.1
886, 6691.0, 8, 7.543404735062007, 0.1
887, 6698.0, 7, 7.542792792792793, 0.1
888, 6706.0, 8, 7.543307086614173, 0.1
889, 6707.0, 1, 7.535955056179775, 0.1
890, 6715.0, 8, 7.536475869809203, 0.1
891, 6721.0, 6, 7.5347533632287, 0.1
892, 6729.0, 8, 7.535274356103024, 0.1
893, 6736.0, 7, 7.534675615212528, 0.1
894, 6743.0, 7, 7.534078212290503, 0.1
895, 6751.0, 8, 7.534598214285714, 0.1
896, 6759.0, 8, 7.535117056856187, 0.1
897, 6767.0, 8, 7.535634743875279, 0.1
898, 6773.0, 6, 7.53392658509455, 0.1
899, 6780.0, 7, 7.533333333333333, 0.1
900, 6787.0, 7, 7.532741398446171, 0.1
901, 6795.0, 8, 7.533259423503326, 0.1
902, 6803.0, 8, 7.533776301218162, 0.1
903, 6810.0, 7, 7.533185840707965, 0.1
904, 6818.0, 8, 7.533701657458564, 0.1
905, 6825.0, 7, 7.533112582781457, 0.1
906, 6832.0, 7, 7.532524807056229, 0.1
907, 6838.0, 6, 7.530837004405286, 0.1
908, 6846.0, 8, 7.531353135313531, 0.1
909, 6853.0, 7, 7.530769230769231, 0.1
910, 6860.0, 7, 7.530186608122942, 0.1
911, 6862.0, 2, 7.524122807017544, 0.1
912, 6868.0, 6, 7.522453450164294, 0.1
913, 6875.0, 7, 7.521881838074398, 0.1
914, 6882.0, 7, 7.521311475409836, 0.1
915, 6890.0, 8, 7.521834061135372, 0.1
916, 6896.0, 6, 7.520174482006543, 0.1
917, 6903.0, 7, 7.519607843137255, 0.1
918, 6911.0, 8, 7.52013057671382, 0.1
919, 6919.0, 8, 7.520652173913043, 0.1
920, 6924.0, 5, 7.517915309446254, 0.1
921, 6931.0, 7, 7.517353579175705, 0.1
922, 6932.0, 1, 7.510292524377031, 0.1
923, 6940.0, 8, 7.510822510822511, 0.1
924, 6946.0, 6, 7.509189189189189, 0.1
925, 6952.0, 6, 7.50755939524838, 0.1
926, 6960.0, 8, 7.508090614886731, 0.1
927, 6968.0, 8, 7.508620689655173, 0.1
928, 6976.0, 8, 7.509149623250807, 0.1
929, 6984.0, 8, 7.509677419354839, 0.1
930, 6991.0, 7, 7.509129967776584, 0.1
931, 6999.0, 8, 7.509656652360515, 0.1
932, 7004.0, 5, 7.506966773847803, 0.1
933, 7011.0, 7, 7.506423982869379, 0.1
934, 7019.0, 8, 7.506951871657754, 0.1
935, 7025.0, 6, 7.505341880341881, 0.1
936, 7032.0, 7, 7.504802561366062, 0.1
937, 7038.0, 6, 7.50319829424307, 0.1
938, 7046.0, 8, 7.503727369542066, 0.1
939, 7054.0, 8, 7.504255319148936, 0.1
940, 7061.0, 7, 7.503719447396387, 0.1
941, 7069.0, 8, 7.504246284501062, 0.1
942, 7075.0, 6, 7.502651113467657, 0.1
943, 7082.0, 7, 7.502118644067797, 0.1
944, 7090.0, 8, 7.502645502645502, 0.1
945, 7096.0, 6, 7.501057082452431, 0.1
946, 7104.0, 8, 7.501583949313622, 0.1
947, 7110.0, 6, 7.5, 0.1
948, 7118.0, 8, 7.500526870389884, 0.1
949, 7126.0, 8, 7.501052631578947, 0.1
950, 7134.0, 8, 7.5015772870662465, 0.1
951, 7142.0, 8, 7.5021008403361344, 0.1
952, 7149.0, 7, 7.501573976915005, 0.1
953, 7150.0, 1, 7.49475890985325, 0.1
954, 7158.0, 8, 7.495287958115183, 0.1
955, 7165.0, 7, 7.4947698744769875, 0.1
956, 7171.0, 6, 7.493207941483804, 0.1
957, 7178.0, 7, 7.492693110647181, 0.1
958, 7185.0, 7, 7.492179353493222, 0.1
959, 7191.0, 6, 7.490625, 0.1
960, 7198.0, 7, 7.490114464099896, 0.1
961, 7206.0, 8, 7.490644490644491, 0.1
962, 7214.0, 8, 7.491173416407062, 0.1
963, 7220.0, 6, 7.4896265560165975, 0.1
964, 7227.0, 7, 7.489119170984456, 0.1
965, 7235.0, 8, 7.489648033126294, 0.1
966, 7242.0, 7, 7.489141675284385, 0.1
967, 7250.0, 8, 7.489669421487603, 0.1
968, 7258.0, 8, 7.490196078431373, 0.1
969, 7264.0, 6, 7.488659793814433, 0.1
970, 7272.0, 8, 7.48918640576725, 0.1
971, 7279.0, 7, 7.488683127572016, 0.1
972, 7286.0, 7, 7.488180883864337, 0.1
973, 7294.0, 8, 7.48870636550308, 0.1
974, 7302.0, 8, 7.489230769230769, 0.1
975, 7310.0, 8, 7.489754098360656, 0.1
976, 7317.0, 7, 7.489252814738997, 0.1
977, 7325.0, 8, 7.489775051124744, 0.1
978, 7331.0, 6, 7.488253319713994, 0.1
979, 7339.0, 8, 7.488775510204082, 0.1
980, 7347.0, 8, 7.489296636085627, 0.1
981, 7355.0, 8, 7.489816700610998, 0.1
982, 7363.0, 8, 7.490335707019328, 0.1
983, 7370.0, 7, 7.489837398373984, 0.1
984, 7378.0, 8, 7.490355329949239, 0.1
985, 7385.0, 7, 7.4898580121703855, 0.1
986, 7392.0, 7, 7.48936170212766, 0.1
987, 7399.0, 7, 7.488866396761134, 0.1
988, 7406.0, 7, 7.488372093023256, 0.1
989, 7412.0, 6, 7.486868686868687, 0.1
990, 7419.0, 7, 7.4863773965691225, 0.1
991, 7426.0, 7, 7.485887096774194, 0.1
992, 7433.0, 7, 7.48539778449144, 0.1
993, 7441.0, 8, 7.485915492957746, 0.1
994, 7448.0, 7, 7.485427135678392, 0.1
995, 7452.0, 4, 7.481927710843373, 0.1
996, 7456.0, 4, 7.4784353059177535, 0.1
997, 7461.0, 5, 7.475951903807616, 0.1
998, 7468.0, 7, 7.475475475475475, 0.1
999, 7475.0, 7, 7.475, 0.1
1000, 7483.0, 8, 7.475524475524476, 0.1
1001, 7490.0, 7, 7.4750499001996005, 0.1
1002, 7497.0, 7, 7.47457627118644, 0.1
1003, 7505.0, 8, 7.475099601593626, 0.1
1004, 7512.0, 7, 7.474626865671642, 0.1
1005, 7518.0, 6, 7.473161033797217, 0.1
1006, 7524.0, 6, 7.471698113207547, 0.1
1007, 7532.0, 8, 7.472222222222222, 0.1
1008, 7540.0, 8, 7.472745292368682, 0.1
1009, 7547.0, 7, 7.472277227722772, 0.1
1010, 7554.0, 7, 7.471810089020772, 0.1
1011, 7562.0, 8, 7.472332015810276, 0.1
1012, 7570.0, 8, 7.472852912142152, 0.1
1013, 7578.0, 8, 7.4733727810650885, 0.1
1014, 7586.0, 8, 7.473891625615764, 0.1
1015, 7593.0, 7, 7.4734251968503935, 0.1
1016, 7601.0, 8, 7.473942969518191, 0.1
1017, 7608.0, 7, 7.4734774066797645, 0.1
1018, 7616.0, 8, 7.4739941118743864, 0.1
1019, 7624.0, 8, 7.474509803921569, 0.1
1020, 7631.0, 7, 7.474045053868756, 0.1
1021, 7633.0, 2, 7.468688845401174, 0.1
1022, 7641.0, 8, 7.469208211143695, 0.1
1023, 7648.0, 7, 7.46875, 0.1
1024, 7654.0, 6, 7.467317073170732, 0.1
1025, 7662.0, 8, 7.4678362573099415, 0.1
1026, 7670.0, 8, 7.468354430379747, 0.1
1027, 7678.0, 8, 7.468871595330739, 0.1
1028, 7686.0, 8, 7.469387755102041, 0.1
1029, 7688.0, 2, 7.464077669902912, 0.1
1030, 7694.0, 6, 7.462657613967022, 0.1
1031, 7701.0, 7, 7.462209302325581, 0.1
1032, 7708.0, 7, 7.461761858664085, 0.1
1033, 7714.0, 6, 7.460348162475822, 0.1
1034, 7722.0, 8, 7.460869565217391, 0.1
1035, 7727.0, 5, 7.4584942084942085, 0.1
1036, 7735.0, 8, 7.459016393442623, 0.1
1037, 7741.0, 6, 7.457610789980732, 0.1
1038, 7749.0, 8, 7.458132820019249, 0.1
1039, 7756.0, 7, 7.457692307692308, 0.1
1040, 7764.0, 8, 7.45821325648415, 0.1
1041, 7768.0, 4, 7.45489443378119, 0.1
1042, 7775.0, 7, 7.454458293384468, 0.1
1043, 7783.0, 8, 7.454980842911877, 0.1
1044, 7791.0, 8, 7.455502392344497, 0.1
1045, 7797.0, 6, 7.454110898661568, 0.1
1046, 7804.0, 7, 7.4536771728748805, 0.1
1047, 7812.0, 8, 7.4541984732824424, 0.1
1048, 7819.0, 7, 7.453765490943756, 0.1
1049, 7819.0, 0, 7.446666666666666, 0.1
1050, 7826.0, 7, 7.4462416745956235, 0.1
1051, 7833.0, 7, 7.445817490494297, 0.1
1052, 7839.0, 6, 7.444444444444445, 0.1
1053, 7847.0, 8, 7.444971537001898, 0.1
1054, 7852.0, 5, 7.442654028436019, 0.1
1055, 7860.0, 8, 7.443181818181818, 0.1
1056, 7867.0, 7, 7.442762535477767, 0.1
1057, 7874.0, 7, 7.44234404536862, 0.1
1058, 7879.0, 5, 7.4400377714825305, 0.1
1059, 7887.0, 8, 7.440566037735849, 0.1
1060, 7894.0, 7, 7.440150801131009, 0.1
1061, 7901.0, 7, 7.439736346516008, 0.1
1062, 7909.0, 8, 7.440263405456256, 0.1
1063, 7917.0, 8, 7.440789473684211, 0.1
1064, 7925.0, 8, 7.44131455399061, 0.1
1065, 7933.0, 8, 7.441838649155723, 0.1
1066, 7941.0, 8, 7.442361761949391, 0.1
1067, 7949.0, 8, 7.442883895131086, 0.1
1068, 7954.0, 5, 7.440598690364827, 0.1
1069, 7961.0, 7, 7.440186915887851, 0.1
1070, 7963.0, 2, 7.435107376283847, 0.1
1071, 7969.0, 6, 7.433768656716418, 0.1
1072, 7976.0, 7, 7.433364398881641, 0.1
1073, 7984.0, 8, 7.43389199255121, 0.1
1074, 7992.0, 8, 7.434418604651163, 0.1
1075, 7994.0, 2, 7.429368029739777, 0.1
1076, 8002.0, 8, 7.429897864438255, 0.1
1077, 8010.0, 8, 7.430426716141002, 0.1
1078, 8018.0, 8, 7.430954587581094, 0.1
1079, 8025.0, 7, 7.430555555555555, 0.1
1080, 8032.0, 7, 7.430157261794634, 0.1
1081, 8040.0, 8, 7.430683918669131, 0.1
1082, 8047.0, 7, 7.430286241920591, 0.1
1083, 8055.0, 8, 7.430811808118081, 0.1
1084, 8062.0, 7, 7.430414746543779, 0.1
1085, 8063.0, 1, 7.4244935543278086, 0.1
1086, 8071.0, 8, 7.425022999080037, 0.1
1087, 8079.0, 8, 7.4255514705882355, 0.1
1088, 8086.0, 7, 7.4251606978879705, 0.1
1089, 8086.0, 0, 7.418348623853211, 0.1
1090, 8093.0, 7, 7.417965169569203, 0.1
1091, 8100.0, 7, 7.417582417582418, 0.1
1092, 8107.0, 7, 7.4172003659652335, 0.1
1093, 8115.0, 8, 7.417733089579524, 0.1
1094, 8123.0, 8, 7.4182648401826485, 0.1
1095, 8131.0, 8, 7.418795620437956, 0.1
1096, 8137.0, 6, 7.417502278942571, 0.1
1097, 8145.0, 8, 7.418032786885246, 0.1
1098, 8153.0, 8, 7.418562329390355, 0.1
1099, 8161.0, 8, 7.419090909090909, 0.1
1100, 8169.0, 8, 7.419618528610354, 0.1
1101, 8175.0, 6, 7.418330308529946, 0.1
1102, 8183.0, 8, 7.4188576609247505, 0.1
1103, 8191.0, 8, 7.419384057971015, 0.1
1104, 8197.0, 6, 7.4180995475113125, 0.1
1105, 8204.0, 7, 7.417721518987341, 0.1
1106, 8211.0, 7, 7.417344173441735, 0.1
1107, 8219.0, 8, 7.417870036101083, 0.1
1108, 8227.0, 8, 7.418394950405771, 0.1
1109, 8235.0, 8, 7.418918918918919, 0.1
1110, 8242.0, 7, 7.418541854185419, 0.1
1111, 8249.0, 7, 7.418165467625899, 0.1
1112, 8256.0, 7, 7.4177897574123985, 0.1
1113, 8264.0, 8, 7.418312387791741, 0.1
1114, 8271.0, 7, 7.417937219730942, 0.1
1115, 8279.0, 8, 7.418458781362007, 0.1
1116, 8286.0, 7, 7.4180841539838855, 0.1
1117, 8294.0, 8, 7.4186046511627906, 0.1
1118, 8302.0, 8, 7.419124218051832, 0.1
1119, 8307.0, 5, 7.416964285714286, 0.1
1120, 8314.0, 7, 7.416592328278323, 0.1
1121, 8321.0, 7, 7.4162210338680925, 0.1
1122, 8327.0, 6, 7.414959928762244, 0.1
1123, 8335.0, 8, 7.415480427046264, 0.1
1124, 8343.0, 8, 7.416, 0.1
1125, 8350.0, 7, 7.415630550621669, 0.1
1126, 8356.0, 6, 7.414374445430346, 0.1
1127, 8364.0, 8, 7.414893617021277, 0.1
1128, 8372.0, 8, 7.415411868910541, 0.1
1129, 8378.0, 6, 7.414159292035398, 0.1
1130, 8384.0, 6, 7.4129089301503095, 0.1
1131, 8391.0, 7, 7.412544169611308, 0.1
1132, 8399.0, 8, 7.41306266548985, 0.1
1133, 8407.0, 8, 7.41358024691358, 0.1
1134, 8409.0, 2, 7.408810572687225, 0.1
1135, 8416.0, 7, 7.408450704225352, 0.1
1136, 8423.0, 7, 7.408091468777485, 0.1
1137, 8430.0, 7, 7.407732864674868, 0.1
1138, 8438.0, 8, 7.408252853380158, 0.1
1139, 8445.0, 7, 7.407894736842105, 0.1
1140, 8451.0, 6, 7.406660823838738, 0.1
1141, 8459.0, 8, 7.407180385288966, 0.1
1142, 8466.0, 7, 7.406824146981627, 0.1
1143, 8473.0, 7, 7.406468531468532, 0.1
1144, 8481.0, 8, 7.406986899563319, 0.1
1145, 8489.0, 8, 7.407504363001745, 0.1
1146, 8496.0, 7, 7.40714908456844, 0.1
1147, 8504.0, 8, 7.407665505226481, 0.1
1148, 8511.0, 7, 7.407310704960835, 0.1
1149, 8518.0, 7, 7.40695652173913, 0.1
1150, 8523.0, 5, 7.404865334491746, 0.1
1151, 8530.0, 7, 7.404513888888889, 0.1
1152, 8538.0, 8, 7.405030355594103, 0.1
1153, 8546.0, 8, 7.4055459272097055, 0.1
1154, 8554.0, 8, 7.406060606060606, 0.1
1155, 8562.0, 8, 7.406574394463668, 0.1
1156, 8565.0, 3, 7.40276577355229, 0.1
1157, 8572.0, 7, 7.4024179620034545, 0.1
1158, 8579.0, 7, 7.40207075064711, 0.1
1159, 8586.0, 7, 7.401724137931034, 0.1
1160, 8594.0, 8, 7.402239448751077, 0.1
1161, 8602.0, 8, 7.402753872633391, 0.1
1162, 8609.0, 7, 7.402407566638005, 0.1
1163, 8616.0, 7, 7.402061855670103, 0.1
1164, 8624.0, 8, 7.402575107296137, 0.1
1165, 8626.0, 2, 7.397941680960549, 0.1
1166, 8633.0, 7, 7.397600685518423, 0.1
1167, 8639.0, 6, 7.396404109589041, 0.1
1168, 8646.0, 7, 7.39606501283148, 0.1
1169, 8651.0, 5, 7.394017094017094, 0.1
1170, 8658.0, 7, 7.393680614859095, 0.1
1171, 8666.0, 8, 7.3941979522184305, 0.1
1172, 8673.0, 7, 7.3938618925831205, 0.1
1173, 8677.0, 4, 7.390971039182283, 0.1
1174, 8683.0, 6, 7.389787234042553, 0.1
1175, 8690.0, 7, 7.389455782312925, 0.1
1176, 8697.0, 7, 7.389124893797791, 0.1
1177, 8704.0, 7, 7.388794567062818, 0.1
1178, 8706.0, 2, 7.3842239185750635, 0.1
1179, 8714.0, 8, 7.384745762711864, 0.1
1180, 8720.0, 6, 7.3835732430143945, 0.1
1181, 8727.0, 7, 7.383248730964467, 0.1
1182, 8735.0, 8, 7.383770076077768, 0.1
1183, 8735.0, 0, 7.377533783783784, 0.1
1184, 8743.0, 8, 7.3780590717299575, 0.1
1185, 8748.0, 5, 7.376053962900506, 0.1
1186, 8755.0, 7, 7.375737152485257, 0.1
1187, 8763.0, 8, 7.376262626262626, 0.1
1188, 8770.0, 7, 7.375946173254836, 0.1
1189, 8775.0, 5, 7.373949579831932, 0.1
1190, 8782.0, 7, 7.373635600335852, 0.1
1191, 8790.0, 8, 7.374161073825503, 0.1
1192, 8798.0, 8, 7.374685666387259, 0.1
1193, 8806.0, 8, 7.375209380234506, 0.1
1194, 8811.0, 5, 7.373221757322176, 0.1
1195, 8818.0, 7, 7.372909698996655, 0.1
1196, 8825.0, 7, 7.372598162071847, 0.1
1197, 8833.0, 8, 7.373121869782971, 0.1
1198, 8840.0, 7, 7.372810675562969, 0.1
1199, 8846.0, 6, 7.371666666666667, 0.1
1200, 8853.0, 7, 7.3713572023313905, 0.1
1201, 8859.0, 6, 7.370216306156406, 0.1
1202, 8865.0, 6, 7.369077306733167, 0.1
1203, 8872.0, 7, 7.368770764119601, 0.1
1204, 8880.0, 8, 7.369294605809128, 0.1
1205, 8887.0, 7, 7.368988391376451, 0.1
1206, 8894.0, 7, 7.368682684341342, 0.1
1207, 8901.0, 7, 7.368377483443709, 0.1
1208, 8908.0, 7, 7.368072787427626, 0.1
1209, 8916.0, 8, 7.3685950413223145, 0.1
1210, 8923.0, 7, 7.3682906688687035, 0.1
1211, 8930.0, 7, 7.367986798679868, 0.1
1212, 8930.0, 0, 7.361912613355317, 0.1
1213, 8937.0, 7, 7.36161449752883, 0.1
1214, 8940.0, 3, 7.3580246913580245, 0.1
1215, 8947.0, 7, 7.357730263157895, 0.1
1216, 8954.0, 7, 7.357436318816762, 0.1
1217, 8961.0, 7, 7.357142857142857, 0.1
1218, 8968.0, 7, 7.356849876948318, 0.1
1219, 8976.0, 8, 7.357377049180328, 0.1
1220, 8983.0, 7, 7.357084357084357, 0.1
1221, 8989.0, 6, 7.355973813420622, 0.1
1222, 8996.0, 7, 7.3556827473426, 0.1
1223, 9001.0, 5, 7.353758169934641, 0.1
1224, 9002.0, 1, 7.348571428571429, 0.1
1225, 9009.0, 7, 7.348287112561175, 0.1
1226, 9015.0, 6, 7.34718826405868, 0.1
1227, 9021.0, 6, 7.346091205211726, 0.1
1228, 9028.0, 7, 7.345809601301871, 0.1
1229, 9035.0, 7, 7.345528455284553, 0.1
1230, 9042.0, 7, 7.345247766043867, 0.1
1231, 9050.0, 8, 7.345779220779221, 0.1
1232, 9058.0, 8, 7.346309813463098, 0.1
1233, 9064.0, 6, 7.345218800648298, 0.1
1234, 9071.0, 7, 7.34493927125506, 0.1
1235, 9079.0, 8, 7.3454692556634305, 0.1
1236, 9087.0, 8, 7.345998383185125, 0.1
1237, 9095.0, 8, 7.346526655896607, 0.1
1238, 9101.0, 6, 7.3454398708636, 0.1
1239, 9104.0, 3, 7.341935483870968, 0.1
1240, 9111.0, 7, 7.341659951651893, 0.1
1241, 9119.0, 8, 7.34219001610306, 0.1
1242, 9126.0, 7, 7.341914722445696, 0.1
1243, 9133.0, 7, 7.341639871382637, 0.1
1244, 9137.0, 4, 7.338955823293173, 0.1
1245, 9143.0, 6, 7.337881219903692, 0.1
1246, 9150.0, 7, 7.337610264635124, 0.1
1247, 9158.0, 8, 7.3381410256410255, 0.1
1248, 9166.0, 8, 7.338670936749399, 0.1
1249, 9174.0, 8, 7.3392, 0.1
1250, 9182.0, 8, 7.339728217426059, 0.1
1251, 9189.0, 7, 7.3394568690095845, 0.1
1252, 9197.0, 8, 7.339984038308061, 0.1
1253, 9204.0, 7, 7.339712918660287, 0.1
1254, 9210.0, 6, 7.338645418326693, 0.1
1255, 9216.0, 6, 7.337579617834395, 0.1
1256, 9223.0, 7, 7.337311058074781, 0.1
1257, 9230.0, 7, 7.33704292527822, 0.1
1258, 9238.0, 8, 7.33756949960286, 0.1
1259, 9245.0, 7, 7.337301587301587, 0.1
1260, 9252.0, 7, 7.3370340999206975, 0.1
1261, 9260.0, 8, 7.337559429477021, 0.1
1262, 9268.0, 8, 7.3380839271575615, 0.1
1263, 9275.0, 7, 7.337816455696203, 0.1
1264, 9282.0, 7, 7.337549407114625, 0.1
1265, 9290.0, 8, 7.338072669826224, 0.1
1266, 9294.0, 4, 7.335438042620363, 0.1
1267, 9301.0, 7, 7.335173501577287, 0.1
1268, 9307.0, 6, 7.334121355397951, 0.1
1269, 9315.0, 8, 7.334645669291339, 0.1
1270, 9320.0, 5, 7.3328088119590875, 0.1
1271, 9326.0, 6, 7.331761006289308, 0.1
1272, 9334.0, 8, 7.3322859387274155, 0.1
1273, 9334.0, 0, 7.326530612244898, 0.1
1274, 9341.0, 7, 7.3262745098039215, 0.1
1275, 9349.0, 8, 7.326802507836991, 0.1
1276, 9357.0, 8, 7.327329678935004, 0.1
1277, 9365.0, 8, 7.327856025039123, 0.1
1278, 9371.0, 6, 7.326817826426896, 0.1
1279, 9378.0, 7, 7.3265625, 0.1
1280, 9386.0, 8, 7.327088212334114, 0.1
1281, 9392.0, 6, 7.326053042121685, 0.1
1282, 9399.0, 7, 7.325798908807482, 0.1
1283, 9406.0, 7, 7.325545171339564, 0.1
1284, 9409.0, 3, 7.322178988326848, 0.1
1285, 9416.0, 7, 7.321928460342146, 0.1
1286, 9422.0, 6, 7.320901320901321, 0.1
1287, 9428.0, 6, 7.319875776397516, 0.1
1288, 9434.0, 6, 7.318851823118696, 0.1
1289, 9441.0, 7, 7.318604651162791, 0.1
1290, 9441.0, 0, 7.312935708752905, 0.1
1291, 9449.0, 8, 7.313467492260062, 0.1
1292, 9457.0, 8, 7.3139984532095905, 0.1
1293, 9465.0, 8, 7.314528593508501, 0.1
1294, 9469.0, 4, 7.311969111969112, 0.1
1295, 9474.0, 5, 7.310185185185185, 0.1
1296, 9482.0, 8, 7.310717039321511, 0.1
1297, 9486.0, 4, 7.308166409861325, 0.1
1298, 9492.0, 6, 7.30715935334873, 0.1
1299, 9493.0, 1, 7.302307692307692, 0.1
1300, 9500.0, 7, 7.302075326671791, 0.1
1301, 9508.0, 8, 7.302611367127496, 0.1
1302, 9515.0, 7, 7.302379125095933, 0.1
1303, 9522.0, 7, 7.302147239263804, 0.1
1304, 9529.0, 7, 7.301915708812261, 0.1
1305, 9531.0, 2, 7.2978560490045945, 0.1
1306, 9536.0, 5, 7.296097934200459, 0.1
1307, 9544.0, 8, 7.296636085626911, 0.1
1308, 9551.0, 7, 7.296409472880061, 0.1
1309, 9554.0, 3, 7.293129770992366, 0.1
1310, 9561.0, 7, 7.2929061784897025, 0.1
1311, 9568.0, 7, 7.2926829268292686, 0.1
1312, 9575.0, 7, 7.292460015232292, 0.1
1313, 9582.0, 7, 7.292237442922374, 0.1
1314, 9583.0, 1, 7.28745247148289, 0.1
1315, 9590.0, 7, 7.287234042553192, 0.1
1316, 9598.0, 8, 7.287775246772969, 0.1
1317, 9606.0, 8, 7.2883156297420335, 0.1
1318, 9613.0, 7, 7.288097043214557, 0.1
1319, 9620.0, 7, 7.287878787878788, 0.1
1320, 9628.0, 8, 7.288417865253596, 0.1
1321, 9634.0, 6, 7.287443267776097, 0.1
1322, 9641.0, 7, 7.287226001511716, 0.1
1323, 9647.0, 6, 7.2862537764350455, 0.1
1324, 9654.0, 7, 7.286037735849057, 0.1
1325, 9661.0, 7, 7.285822021116139, 0.1
1326, 9667.0, 6, 7.284853051996985, 0.1
1327, 9674.0, 7, 7.284638554216867, 0.1
1328, 9675.0, 1, 7.279909706546276, 0.1
1329, 9683.0, 8, 7.280451127819549, 0.1
1330, 9690.0, 7, 7.2802404207362885, 0.1
1331, 9698.0, 8, 7.2807807807807805, 0.1
1332, 9705.0, 7, 7.280570142535634, 0.1
1333, 9713.0, 8, 7.2811094452773615, 0.1
1334, 9719.0, 6, 7.2801498127340825, 0.1
1335, 9723.0, 4, 7.277694610778443, 0.1
1336, 9731.0, 8, 7.278234854151084, 0.1
1337, 9738.0, 7, 7.278026905829597, 0.1
1338, 9746.0, 8, 7.278566094100075, 0.1
1339, 9753.0, 7, 7.278358208955224, 0.1
1340, 9760.0, 7, 7.278150633855332, 0.1
1341, 9768.0, 8, 7.278688524590164, 0.1
1342, 9776.0, 8, 7.279225614296352, 0.1
1343, 9784.0, 8, 7.279761904761905, 0.1
1344, 9792.0, 8, 7.280297397769517, 0.1
1345, 9800.0, 8, 7.280832095096582, 0.1
1346, 9807.0, 7, 7.280623608017818, 0.1
1347, 9812.0, 5, 7.278931750741839, 0.1
1348, 9820.0, 8, 7.279466271312083, 0.1
1349, 9822.0, 2, 7.275555555555556, 0.1
1350, 9830.0, 8, 7.276091783863804, 0.1
1351, 9837.0, 7, 7.275887573964497, 0.1
1352, 9839.0, 2, 7.271988174427199, 0.1
1353, 9845.0, 6, 7.271048744460857, 0.1
1354, 9852.0, 7, 7.270848708487085, 0.1
1355, 9860.0, 8, 7.271386430678466, 0.1
1356, 9867.0, 7, 7.271186440677966, 0.1
1357, 9874.0, 7, 7.270986745213549, 0.1
1358, 9882.0, 8, 7.271523178807947, 0.1
1359, 9889.0, 7, 7.271323529411765, 0.1
1360, 9897.0, 8, 7.271858927259368, 0.1
1361, 9905.0, 8, 7.272393538913363, 0.1
1362, 9912.0, 7, 7.272193690388848, 0.1
1363, 9919.0, 7, 7.271994134897361, 0.1
1364, 9927.0, 8, 7.2725274725274724, 0.1
1365, 9930.0, 3, 7.269399707174231, 0.1
1366, 9937.0, 7, 7.269202633504023, 0.1
1367, 9944.0, 7, 7.269005847953216, 0.1
1368, 9952.0, 8, 7.26953981008035, 0.1
1369, 9960.0, 8, 7.2700729927007295, 0.1
1370, 9968.0, 8, 7.270605397520058, 0.1
1371, 9976.0, 8, 7.271137026239067, 0.1
1372, 9983.0, 7, 7.270939548434086, 0.1
1373, 9990.0, 7, 7.270742358078603, 0.1
1374, 9993.0, 3, 7.267636363636363, 0.1
1375, 10001.0, 8, 7.268168604651163, 0.1
1376, 10008.0, 7, 7.26797385620915, 0.1
1377, 10016.0, 8, 7.268505079825834, 0.1
1378, 10024.0, 8, 7.269035532994923, 0.1
1379, 10032.0, 8, 7.269565217391304, 0.1
1380, 10040.0, 8, 7.270094134685011, 0.1
1381, 10047.0, 7, 7.269898697539797, 0.1
1382, 10051.0, 4, 7.267534345625452, 0.1
1383, 10058.0, 7, 7.267341040462428, 0.1
1384, 10064.0, 6, 7.266425992779784, 0.1
1385, 10072.0, 8, 7.266955266955267, 0.1
1386, 10077.0, 5, 7.265320836337419, 0.1
1387, 10085.0, 8, 7.265850144092219, 0.1
1388, 10091.0, 6, 7.264938804895609, 0.1
1389, 10097.0, 6, 7.264028776978417, 0.1
1390, 10103.0, 6, 7.263120057512581, 0.1
1391, 10111.0, 8, 7.2636494252873565, 0.1
1392, 10118.0, 7, 7.26346015793252, 0.1
1393, 10124.0, 6, 7.2625538020086085, 0.1
1394, 10130.0, 6, 7.261648745519714, 0.1
1395, 10137.0, 7, 7.261461318051576, 0.1
1396, 10145.0, 8, 7.261989978525412, 0.1
1397, 10151.0, 6, 7.261087267525036, 0.1
1398, 10155.0, 4, 7.258756254467476, 0.1
1399, 10162.0, 7, 7.258571428571429, 0.1
1400, 10168.0, 6, 7.257673090649536, 0.1
1401, 10174.0, 6, 7.256776034236805, 0.1
1402, 10182.0, 8, 7.2573057733428366, 0.1
1403, 10188.0, 6, 7.256410256410256, 0.1
1404, 10195.0, 7, 7.2562277580071175, 0.1
1405, 10203.0, 8, 7.256756756756757, 0.1
1406, 10211.0, 8, 7.25728500355366, 0.1
1407, 10218.0, 7, 7.2571022727272725, 0.1
1408, 10226.0, 8, 7.25762952448545, 0.1
1409, 10232.0, 6, 7.2567375886524825, 0.1
1410, 10240.0, 8, 7.257264351523742, 0.1
1411, 10247.0, 7, 7.257082152974505, 0.1
1412, 10254.0, 7, 7.256900212314225, 0.1
1413, 10261.0, 7, 7.256718528995757, 0.1
1414, 10269.0, 8, 7.257243816254417, 0.1
1415, 10277.0, 8, 7.257768361581921, 0.1
1416, 10285.0, 8, 7.258292166549047, 0.1
1417, 10293.0, 8, 7.258815232722144, 0.1
1418, 10300.0, 7, 7.258632840028189, 0.1
1419, 10307.0, 7, 7.2584507042253525, 0.1
1420, 10308.0, 1, 7.254046446164673, 0.1
1421, 10316.0, 8, 7.2545710267229255, 0.1
1422, 10322.0, 6, 7.253689388615601, 0.1
1423, 10329.0, 7, 7.253511235955056, 0.1
1424, 10337.0, 8, 7.2540350877192985, 0.1
1425, 10345.0, 8, 7.254558204768584, 0.1
1426, 10353.0, 8, 7.2550805886475125, 0.1
1427, 10361.0, 8, 7.2556022408963585, 0.1
1428, 10367.0, 6, 7.254723582925123, 0.1
1429, 10373.0, 6, 7.253846153846154, 0.1
1430, 10375.0, 2, 7.250174703004892, 0.1
1431, 10380.0, 5, 7.248603351955308, 0.1
1432, 10388.0, 8, 7.249127704117236, 0.1
1433, 10396.0, 8, 7.249651324965132, 0.1
1434, 10404.0, 8, 7.250174216027874, 0.1
1435, 10412.0, 8, 7.250696378830083, 0.1
1436, 10420.0, 8, 7.2512178148921365, 0.1
1437, 10428.0, 8, 7.251738525730181, 0.1
1438, 10434.0, 6, 7.250868658790827, 0.1
1439, 10440.0, 6, 7.25, 0.1
1440, 10447.0, 7, 7.249826509368494, 0.1
1441, 10452.0, 5, 7.2482662968099865, 0.1
1442, 10459.0, 7, 7.248094248094248, 0.1
1443, 10466.0, 7, 7.247922437673131, 0.1
1444, 10472.0, 6, 7.247058823529412, 0.1
1445, 10478.0, 6, 7.246196403872752, 0.1
1446, 10486.0, 8, 7.246717346233587, 0.1
1447, 10493.0, 7, 7.246546961325967, 0.1
1448, 10501.0, 8, 7.247066942719116, 0.1
1449, 10508.0, 7, 7.246896551724138, 0.1
1450, 10516.0, 8, 7.2474155754651965, 0.1
1451, 10523.0, 7, 7.247245179063361, 0.1
1452, 10531.0, 8, 7.24776324845148, 0.1
1453, 10539.0, 8, 7.24828060522696, 0.1
1454, 10547.0, 8, 7.2487972508591065, 0.1
1455, 10554.0, 7, 7.248626373626373, 0.1
1456, 10561.0, 7, 7.248455730954015, 0.1
1457, 10569.0, 8, 7.248971193415638, 0.1
1458, 10576.0, 7, 7.248800548320768, 0.1
1459, 10583.0, 7, 7.248630136986302, 0.1
1460, 10590.0, 7, 7.248459958932238, 0.1
1461, 10596.0, 6, 7.2476060191518465, 0.1
1462, 10597.0, 1, 7.243335611756664, 0.1
1463, 10605.0, 8, 7.243852459016393, 0.1
1464, 10613.0, 8, 7.244368600682594, 0.1
1465, 10621.0, 8, 7.2448840381991815, 0.1
1466, 10629.0, 8, 7.245398773006135, 0.1
1467, 10636.0, 7, 7.245231607629428, 0.1
1468, 10642.0, 6, 7.244383934649421, 0.1
1469, 10646.0, 4, 7.242176870748299, 0.1
1470, 10652.0, 6, 7.241332426920462, 0.1
1471, 10660.0, 8, 7.241847826086956, 0.1
1472, 10667.0, 7, 7.241683638832315, 0.1
1473, 10674.0, 7, 7.241519674355495, 0.1
1474, 10680.0, 6, 7.240677966101695, 0.1
1475, 10688.0, 8, 7.2411924119241196, 0.1
1476, 10693.0, 5, 7.239675016926202, 0.1
1477, 10700.0, 7, 7.2395128552097425, 0.1
1478, 10708.0, 8, 7.240027045300879, 0.1
1479, 10714.0, 6, 7.239189189189189, 0.1
1480, 10720.0, 6, 7.238352464550979, 0.1
1481, 10728.0, 8, 7.238866396761134, 0.1
1482, 10736.0, 8, 7.23937963587323, 0.1
1483, 10740.0, 4, 7.237196765498652, 0.1
1484, 10748.0, 8, 7.2377104377104375, 0.1
1485, 10755.0, 7, 7.237550471063257, 0.1
1486, 10761.0, 6, 7.236718224613315, 0.1
1487, 10768.0, 7, 7.236559139784946, 0.1
1488, 10776.0, 8, 7.237071860308932, 0.1
1489, 10783.0, 7, 7.236912751677853, 0.1
1490, 10791.0, 8, 7.237424547283702, 0.1
1491, 10798.0, 7, 7.237265415549598, 0.1
1492, 10806.0, 8, 7.237776289350301, 0.1
1493, 10814.0, 8, 7.238286479250335, 0.1
1494, 10822.0, 8, 7.2387959866220735, 0.1
1495, 10830.0, 8, 7.239304812834225, 0.1
1496, 10835.0, 5, 7.237808951235805, 0.1
1497, 10838.0, 3, 7.2349799732977305, 0.1
1498, 10846.0, 8, 7.23549032688459, 0.1
1499, 10850.0, 4, 7.233333333333333, 0.1
1500, 10852.0, 2, 7.229846768820786, 0.1
1501, 10857.0, 5, 7.228362183754993, 0.1
1502, 10863.0, 6, 7.227544910179641, 0.1
1503, 10871.0, 8, 7.228058510638298, 0.1
1504, 10871.0, 0, 7.223255813953489, 0.1
1505, 10876.0, 5, 7.221779548472775, 0.1
1506, 10879.0, 3, 7.218978102189781, 0.1
1507, 10885.0, 6, 7.218169761273209, 0.1
1508, 10893.0, 8, 7.21868787276342, 0.1
1509, 10900.0, 7, 7.218543046357616, 0.1
1510, 10908.0, 8, 7.219060225016546, 0.1
1511, 10915.0, 7, 7.218915343915344, 0.1
1512, 10923.0, 8, 7.219431592861864, 0.1
1513, 10930.0, 7, 7.219286657859974, 0.1
1514, 10937.0, 7, 7.219141914191419, 0.1
1515, 10944.0, 7, 7.218997361477572, 0.1
1516, 10951.0, 7, 7.218852999340804, 0.1
1517, 10959.0, 8, 7.219367588932807, 0.1
1518, 10966.0, 7, 7.219223173140223, 0.1
1519, 10971.0, 5, 7.217763157894737, 0.1
1520, 10978.0, 7, 7.217619986850756, 0.1
1521, 10986.0, 8, 7.218134034165572, 0.1
1522, 10994.0, 8, 7.218647406434669, 0.1
1523, 11001.0, 7, 7.218503937007874, 0.1
1524, 11007.0, 6, 7.217704918032787, 0.1
1525, 11015.0, 8, 7.218217562254259, 0.1
1526, 11020.0, 5, 7.2167648984937784, 0.1
1527, 11027.0, 7, 7.216623036649215, 0.1
1528, 11035.0, 8, 7.217135382603009, 0.1
1529, 11043.0, 8, 7.2176470588235295, 0.1
1530, 11050.0, 7, 7.217504898758981, 0.1
1531, 11058.0, 8, 7.218015665796345, 0.1
1532, 11065.0, 7, 7.217873450750163, 0.1
1533, 11072.0, 7, 7.217731421121251, 0.1
1534, 11079.0, 7, 7.2175895765472315, 0.1
1535, 11085.0, 6, 7.216796875, 0.1
1536, 11087.0, 2, 7.213402732595966, 0.1
1537, 11094.0, 7, 7.2132639791937585, 0.1
1538, 11101.0, 7, 7.213125406107863, 0.1
1539, 11107.0, 6, 7.212337662337663, 0.1
1540, 11114.0, 7, 7.212199870214147, 0.1
1541, 11121.0, 7, 7.212062256809339, 0.1
1542, 11127.0, 6, 7.211276733635774, 0.1
1543, 11134.0, 7, 7.211139896373057, 0.1
1544, 11141.0, 7, 7.211003236245955, 0.1
1545, 11149.0, 8, 7.211513583441138, 0.1
1546, 11155.0, 6, 7.210730446024564, 0.1
1547, 11163.0, 8, 7.211240310077519, 0.1
1548, 11165.0, 2, 7.207876049063912, 0.1
1549, 11171.0, 6, 7.207096774193548, 0.1
1550, 11179.0, 8, 7.2076079948420375, 0.1
1551, 11184.0, 5, 7.206185567010309, 0.1
1552, 11191.0, 7, 7.206052801030264, 0.1
1553, 11198.0, 7, 7.205920205920206, 0.1
1554, 11205.0, 7, 7.205787781350482, 0.1
1555, 11212.0, 7, 7.205655526992288, 0.1
1556, 11218.0, 6, 7.204881181759794, 0.1
1557, 11225.0, 7, 7.204749679075738, 0.1
1558, 11233.0, 8, 7.205259781911482, 0.1
1559, 11241.0, 8, 7.2057692307692305, 0.1
1560, 11247.0, 6, 7.204996796925048, 0.1
1561, 11255.0, 8, 7.20550576184379, 0.1
1562, 11262.0, 7, 7.205374280230326, 0.1
1563, 11267.0, 5, 7.203964194373402, 0.1
1564, 11275.0, 8, 7.204472843450479, 0.1
1565, 11275.0, 0, 7.199872286079183, 0.1
1566, 11283.0, 8, 7.200382897255903, 0.1
1567, 11291.0, 8, 7.200892857142857, 0.1
1568, 11298.0, 7, 7.2007648183556405, 0.1
1569, 11305.0, 7, 7.2006369426751595, 0.1
1570, 11313.0, 8, 7.201145767027371, 0.1
1571, 11319.0, 6, 7.200381679389313, 0.1
1572, 11325.0, 6, 7.199618563254927, 0.1
1573, 11331.0, 6, 7.198856416772554, 0.1
1574, 11337.0, 6, 7.198095238095238, 0.1
1575, 11345.0, 8, 7.198604060913706, 0.1
1576, 11353.0, 8, 7.199112238427394, 0.1
1577, 11360.0, 7, 7.198986058301648, 0.1
1578, 11368.0, 8, 7.199493350221659, 0.1
1579, 11369.0, 1, 7.195569620253164, 0.1
1580, 11377.0, 8, 7.196078431372549, 0.1
1581, 11384.0, 7, 7.195954487989886, 0.1
1582, 11392.0, 8, 7.196462413139608, 0.1
1583, 11395.0, 3, 7.1938131313131315, 0.1
1584, 11403.0, 8, 7.194321766561514, 0.1
1585, 11410.0, 7, 7.194199243379571, 0.1
1586, 11417.0, 7, 7.194076874606175, 0.1
1587, 11423.0, 6, 7.1933249370277075, 0.1
1588, 11430.0, 7, 7.193203272498427, 0.1
1589, 11436.0, 6, 7.192452830188679, 0.1
1590, 11444.0, 8, 7.192960402262728, 0.1
1591, 11451.0, 7, 7.192839195979899, 0.1
1592, 11459.0, 8, 7.193345888261143, 0.1
1593, 11467.0, 8, 7.193851944792974, 0.1
1594, 11472.0, 5, 7.192476489028214, 0.1
1595, 11476.0, 4, 7.190476190476191, 0.1
1596, 11482.0, 6, 7.189730745147151, 0.1
1597, 11490.0, 8, 7.190237797246558, 0.1
1598, 11498.0, 8, 7.190744215134459, 0.1
1599, 11505.0, 7, 7.190625, 0.1
1600, 11506.0, 1, 7.186758276077452, 0.1
1601, 11513.0, 7, 7.186641697877653, 0.1
1602, 11515.0, 2, 7.183406113537118, 0.1
1603, 11521.0, 6, 7.182668329177058, 0.1
1604, 11528.0, 7, 7.182554517133957, 0.1
1605, 11535.0, 7, 7.1824408468244085, 0.1
1606, 11542.0, 7, 7.1823273179838205, 0.1
1607, 11547.0, 5, 7.1809701492537314, 0.1
1608, 11554.0, 7, 7.180857675574892, 0.1
1609, 11562.0, 8, 7.181366459627329, 0.1
1610, 11570.0, 8, 7.1818746120422094, 0.1
1611, 11577.0, 7, 7.181761786600497, 0.1
1612, 11583.0, 6, 7.181029138251705, 0.1
1613, 11591.0, 8, 7.181536555142503, 0.1
1614, 11599.0, 8, 7.182043343653251, 0.1
1615, 11605.0, 6, 7.181311881188119, 0.1
1616, 11605.0, 0, 7.1768707482993195, 0.1
1617, 11613.0, 8, 7.177379480840544, 0.1
1618, 11621.0, 8, 7.1778875849289685, 0.1
1619, 11629.0, 8, 7.178395061728395, 0.1
1620, 11636.0, 7, 7.178285009253547, 0.1
1621, 11643.0, 7, 7.178175092478422, 0.1
1622, 11651.0, 8, 7.178681454097351, 0.1
1623, 11658.0, 7, 7.178571428571429, 0.1
1624, 11666.0, 8, 7.179076923076923, 0.1
1625, 11673.0, 7, 7.178966789667896, 0.1
1626, 11678.0, 5, 7.177627535341118, 0.1
1627, 11684.0, 6, 7.176904176904177, 0.1
1628, 11684.0, 0, 7.172498465316145, 0.1
1629, 11690.0, 6, 7.171779141104294, 0.1
1630, 11696.0, 6, 7.171060698957695, 0.1
1631, 11702.0, 6, 7.170343137254902, 0.1
1632, 11704.0, 2, 7.167176974892835, 0.1
1633, 11712.0, 8, 7.167686658506732, 0.1
1634, 11719.0, 7, 7.1675840978593275, 0.1
1635, 11726.0, 7, 7.167481662591687, 0.1
1636, 11733.0, 7, 7.167379352474038, 0.1
1637, 11741.0, 8, 7.167887667887668, 0.1
1638, 11748.0, 7, 7.167785234899329, 0.1
1639, 11756.0, 8, 7.168292682926829, 0.1
1640, 11763.0, 7, 7.16819012797075, 0.1
1641, 11770.0, 7, 7.168087697929354, 0.1
1642, 11778.0, 8, 7.168594035301278, 0.1
1643, 11782.0, 4, 7.166666666666667, 0.1
1644, 11790.0, 8, 7.167173252279635, 0.1
1645, 11793.0, 3, 7.164641555285541, 0.1
1646, 11799.0, 6, 7.163934426229508, 0.1
1647, 11805.0, 6, 7.163228155339806, 0.1
1648, 11812.0, 7, 7.163129169193451, 0.1
1649, 11817.0, 5, 7.161818181818182, 0.1
1650, 11822.0, 5, 7.160508782556026, 0.1
1651, 11830.0, 8, 7.161016949152542, 0.1
1652, 11838.0, 8, 7.161524500907441, 0.1
1653, 11845.0, 7, 7.16142684401451, 0.1
1654, 11852.0, 7, 7.1613293051359515, 0.1
1655, 11856.0, 4, 7.159420289855072, 0.1
1656, 11861.0, 5, 7.158117079058539, 0.1
1657, 11869.0, 8, 7.158624849215923, 0.1
1658, 11875.0, 6, 7.15792646172393, 0.1
1659, 11882.0, 7, 7.1578313253012045, 0.1
1660, 11890.0, 8, 7.158338350391331, 0.1
1661, 11898.0, 8, 7.15884476534296, 0.1
1662, 11905.0, 7, 7.158749248346362, 0.1
1663, 11913.0, 8, 7.1592548076923075, 0.1
1664, 11920.0, 7, 7.1591591591591595, 0.1
1665, 11927.0, 7, 7.15906362545018, 0.1
1666, 11935.0, 8, 7.159568086382723, 0.1
1667, 11943.0, 8, 7.160071942446043, 0.1
1668, 11951.0, 8, 7.1605751947273815, 0.1
1669, 11959.0, 8, 7.161077844311377, 0.1
1670, 11965.0, 6, 7.160383004189108, 0.1
1671, 11970.0, 5, 7.159090909090909, 0.1
1672, 11976.0, 6, 7.15839808726838, 0.1
1673, 11984.0, 8, 7.158900836320191, 0.1
1674, 11992.0, 8, 7.159402985074627, 0.1
1675, 12000.0, 8, 7.159904534606206, 0.1
1676, 12007.0, 7, 7.159809183064997, 0.1
1677, 12013.0, 6, 7.159117997616209, 0.1
1678, 12020.0, 7, 7.1590232281119714, 0.1
1679, 12027.0, 7, 7.1589285714285715, 0.1
1680, 12032.0, 5, 7.157644259369423, 0.1
1681, 12039.0, 7, 7.157550535077289, 0.1
1682, 12047.0, 8, 7.15805109922757, 0.1
1683, 12054.0, 7, 7.157957244655582, 0.1
1684, 12062.0, 8, 7.158456973293768, 0.1
1685, 12068.0, 6, 7.157769869513642, 0.1
1686, 12075.0, 7, 7.157676348547718, 0.1
1687, 12082.0, 7, 7.157582938388626, 0.1
1688, 12089.0, 7, 7.15748963883955, 0.1
1689, 12097.0, 8, 7.157988165680473, 0.1
1690, 12105.0, 8, 7.158486102897694, 0.1
1691, 12113.0, 8, 7.158983451536643, 0.1
1692, 12121.0, 8, 7.1594802126402834, 0.1
1693, 12126.0, 5, 7.1582054309327035, 0.1
1694, 12133.0, 7, 7.15811209439528, 0.1
1695, 12141.0, 8, 7.158608490566038, 0.1
1696, 12149.0, 8, 7.159104301708898, 0.1
1697, 12153.0, 4, 7.157243816254417, 0.1
1698, 12161.0, 8, 7.157739846968806, 0.1
1699, 12169.0, 8, 7.158235294117647, 0.1
1700, 12175.0, 6, 7.157554379776602, 0.1
1701, 12183.0, 8, 7.158049353701528, 0.1
1702, 12191.0, 8, 7.158543746330006, 0.1
1703, 12197.0, 6, 7.157863849765258, 0.1
1704, 12205.0, 8, 7.158357771260997, 0.1
1705, 12212.0, 7, 7.1582649472450175, 0.1
1706, 12219.0, 7, 7.15817223198594, 0.1
1707, 12226.0, 7, 7.15807962529274, 0.1
1708, 12232.0, 6, 7.157401989467525, 0.1
1709, 12238.0, 6, 7.156725146198831, 0.1
1710, 12245.0, 7, 7.156633547632963, 0.1
1711, 12251.0, 6, 7.155957943925234, 0.1
1712, 12259.0, 8, 7.156450671336836, 0.1
1713, 12267.0, 8, 7.156942823803967, 0.1
1714, 12274.0, 7, 7.156851311953353, 0.1
1715, 12281.0, 7, 7.156759906759906, 0.1
1716, 12289.0, 8, 7.157251019219569, 0.1
1717, 12297.0, 8, 7.157741559953434, 0.1
1718, 12304.0, 7, 7.157649796393252, 0.1
1719, 12310.0, 6, 7.156976744186046, 0.1
1720, 12317.0, 7, 7.156885531667635, 0.1
1721, 12324.0, 7, 7.156794425087108, 0.1
1722, 12332.0, 8, 7.157283807312827, 0.1
1723, 12339.0, 7, 7.157192575406032, 0.1
1724, 12347.0, 8, 7.15768115942029, 0.1
1725, 12354.0, 7, 7.157589803012746, 0.1
1726, 12362.0, 8, 7.1580775911986105, 0.1
1727, 12370.0, 8, 7.158564814814815, 0.1
1728, 12378.0, 8, 7.159051474840949, 0.1
1729, 12384.0, 6, 7.158381502890173, 0.1
1730, 12390.0, 6, 7.1577123050259965, 0.1
1731, 12397.0, 7, 7.157621247113164, 0.1
1732, 12399.0, 2, 7.15464512406232, 0.1
1733, 12403.0, 4, 7.15282583621684, 0.1
1734, 12406.0, 3, 7.15043227665706, 0.1
1735, 12413.0, 7, 7.150345622119816, 0.1
1736, 12420.0, 7, 7.150259067357513, 0.1
1737, 12426.0, 6, 7.149597238204833, 0.1
1738, 12431.0, 5, 7.148361127084532, 0.1
1739, 12437.0, 6, 7.147701149425288, 0.1
1740, 12445.0, 8, 7.148190695002872, 0.1
1741, 12453.0, 8, 7.148679678530425, 0.1
1742, 12460.0, 7, 7.14859437751004, 0.1
1743, 12466.0, 6, 7.147935779816514, 0.1
1744, 12474.0, 8, 7.148424068767908, 0.1
1745, 12481.0, 7, 7.148339060710195, 0.1
1746, 12482.0, 1, 7.144819690898683, 0.1
1747, 12487.0, 5, 7.143592677345538, 0.1
1748, 12490.0, 3, 7.141223556317896, 0.1
1749, 12497.0, 7, 7.1411428571428575, 0.1
1750, 12504.0, 7, 7.141062250142776, 0.1
1751, 12512.0, 8, 7.141552511415525, 0.1
1752, 12518.0, 6, 7.140901312036509, 0.1
1753, 12525.0, 7, 7.140820980615736, 0.1
1754, 12533.0, 8, 7.141310541310541, 0.1
1755, 12541.0, 8, 7.1417995444191344, 0.1
1756, 12549.0, 8, 7.142287990893569, 0.1
1757, 12555.0, 6, 7.1416382252559725, 0.1
1758, 12562.0, 7, 7.141557703240477, 0.1
1759, 12569.0, 7, 7.141477272727273, 0.1
1760, 12577.0, 8, 7.141964792731403, 0.1
1761, 12585.0, 8, 7.142451759364358, 0.1
1762, 12593.0, 8, 7.142938173567782, 0.1
1763, 12599.0, 6, 7.142290249433106, 0.1
1764, 12605.0, 6, 7.141643059490085, 0.1
1765, 12613.0, 8, 7.142129105322764, 0.1
1766, 12621.0, 8, 7.142614601018676, 0.1
1767, 12627.0, 6, 7.141968325791855, 0.1
1768, 12635.0, 8, 7.142453363482193, 0.1
1769, 12643.0, 8, 7.142937853107345, 0.1
1770, 12651.0, 8, 7.1434217955957084, 0.1
1771, 12658.0, 7, 7.143340857787811, 0.1
1772, 12665.0, 7, 7.143260011280316, 0.1
1773, 12673.0, 8, 7.143742953776775, 0.1
1774, 12681.0, 8, 7.144225352112676, 0.1
1775, 12689.0, 8, 7.144707207207207, 0.1
1776, 12697.0, 8, 7.1451885199774905, 0.1
1777, 12704.0, 7, 7.145106861642295, 0.1
1778, 12712.0, 8, 7.1455874086565485, 0.1
1779, 12720.0, 8, 7.146067415730337, 0.1
1780, 12727.0, 7, 7.145985401459854, 0.1
1781, 12735.0, 8, 7.146464646464646, 0.1
1782, 12740.0, 5, 7.145260796410544, 0.1
1783, 12748.0, 8, 7.145739910313901, 0.1
1784, 12756.0, 8, 7.146218487394958, 0.1
1785, 12760.0, 4, 7.144456886898096, 0.1
1786, 12765.0, 5, 7.143256855064354, 0.1
1787, 12773.0, 8, 7.1437360178970915, 0.1
1788, 12780.0, 7, 7.143655673560648, 0.1
1789, 12787.0, 7, 7.143575418994414, 0.1
1790, 12790.0, 3, 7.141261864879955, 0.1
1791, 12797.0, 7, 7.141183035714286, 0.1
1792, 12804.0, 7, 7.141104294478527, 0.1
1793, 12812.0, 8, 7.141583054626533, 0.1
1794, 12819.0, 7, 7.141504178272981, 0.1
1795, 12825.0, 6, 7.14086859688196, 0.1
1796, 12831.0, 6, 7.140233722871453, 0.1
1797, 12839.0, 8, 7.140711902113459, 0.1
1798, 12839.0, 0, 7.13674263479711, 0.1
1799, 12847.0, 8, 7.137222222222222, 0.1
1800, 12853.0, 6, 7.13659078289839, 0.1
1801, 12860.0, 7, 7.136514983351831, 0.1
1802, 12868.0, 8, 7.136993899057127, 0.1
1803, 12874.0, 6, 7.136363636363637, 0.1
1804, 12882.0, 8, 7.136842105263158, 0.1
1805, 12890.0, 8, 7.137320044296788, 0.1
1806, 12898.0, 8, 7.137797454344217, 0.1
1807, 12906.0, 8, 7.138274336283186, 0.1
1808, 12913.0, 7, 7.138197899391929, 0.1
1809, 12921.0, 8, 7.138674033149171, 0.1
1810, 12926.0, 5, 7.137493097736058, 0.1
1811, 12931.0, 5, 7.136313465783664, 0.1
1812, 12933.0, 2, 7.133480419194705, 0.1
1813, 12933.0, 0, 7.12954796030871, 0.1
1814, 12940.0, 7, 7.129476584022038, 0.1
1815, 12948.0, 8, 7.129955947136564, 0.1
1816, 12955.0, 7, 7.1298844248761695, 0.1
1817, 12961.0, 6, 7.129262926292629, 0.1
1818, 12969.0, 8, 7.129741616272677, 0.1
1819, 12977.0, 8, 7.130219780219781, 0.1
1820, 12983.0, 6, 7.129599121361889, 0.1
1821, 12991.0, 8, 7.130076838638859, 0.1
1822, 12997.0, 6, 7.129456939111355, 0.1
1823, 13005.0, 8, 7.129934210526316, 0.1
1824, 13013.0, 8, 7.130410958904109, 0.1
1825, 13021.0, 8, 7.1308871851040525, 0.1
1826, 13028.0, 7, 7.130815544608648, 0.1
1827, 13036.0, 8, 7.131291028446389, 0.1
1828, 13044.0, 8, 7.131765992345544, 0.1
1829, 13051.0, 7, 7.131693989071039, 0.1
1830, 13057.0, 6, 7.131075914800656, 0.1
1831, 13064.0, 7, 7.131004366812227, 0.1
1832, 13071.0, 7, 7.130932896890344, 0.1
1833, 13079.0, 8, 7.131406761177754, 0.1
1834, 13087.0, 8, 7.131880108991826, 0.1
1835, 13094.0, 7, 7.131808278867102, 0.1
1836, 13102.0, 8, 7.132280892759935, 0.1
1837, 13109.0, 7, 7.132208922742111, 0.1
1838, 13111.0, 2, 7.12941816204459, 0.1
1839, 13117.0, 6, 7.128804347826087, 0.1
1840, 13122.0, 5, 7.1276480173818575, 0.1
1841, 13129.0, 7, 7.127578718783931, 0.1
1842, 13137.0, 8, 7.12805208898535, 0.1
1843, 13145.0, 8, 7.1285249457700655, 0.1
1844, 13153.0, 8, 7.1289972899729, 0.1
1845, 13161.0, 8, 7.129469122426869, 0.1
1846, 13163.0, 2, 7.126691932864104, 0.1
1847, 13171.0, 8, 7.1271645021645025, 0.1
1848, 13179.0, 8, 7.127636560302866, 0.1
1849, 13187.0, 8, 7.128108108108108, 0.1
1850, 13194.0, 7, 7.128038897893031, 0.1
1851, 13202.0, 8, 7.128509719222462, 0.1
1852, 13210.0, 8, 7.128980032379925, 0.1
1853, 13218.0, 8, 7.1294498381877025, 0.1
1854, 13225.0, 7, 7.129380053908355, 0.1
1855, 13232.0, 7, 7.129310344827586, 0.1
1856, 13240.0, 8, 7.1297792137856755, 0.1
1857, 13248.0, 8, 7.130247578040904, 0.1
1858, 13254.0, 6, 7.129639591178052, 0.1
1859, 13259.0, 5, 7.128494623655914, 0.1
1860, 13267.0, 8, 7.128962923159592, 0.1
1861, 13273.0, 6, 7.128356605800215, 0.1
1862, 13280.0, 7, 7.128287707997853, 0.1
1863, 13286.0, 6, 7.127682403433476, 0.1
1864, 13293.0, 7, 7.127613941018767, 0.1
1865, 13300.0, 7, 7.127545551982851, 0.1
1866, 13308.0, 8, 7.1280128548473485, 0.1
1867, 13316.0, 8, 7.12847965738758, 0.1
1868, 13323.0, 7, 7.128410914927769, 0.1
1869, 13331.0, 8, 7.128877005347594, 0.1
1870, 13333.0, 2, 7.126135756280064, 0.1
1871, 13339.0, 6, 7.125534188034188, 0.1
1872, 13347.0, 8, 7.126001067805659, 0.1
1873, 13354.0, 7, 7.125933831376734, 0.1
1874, 13359.0, 5, 7.1248, 0.1
1875, 13366.0, 7, 7.1247334754797444, 0.1
1876, 13372.0, 6, 7.124134256792755, 0.1
1877, 13380.0, 8, 7.124600638977636, 0.1
1878, 13388.0, 8, 7.125066524747206, 0.1
1879, 13393.0, 5, 7.123936170212766, 0.1
1880, 13400.0, 7, 7.123870281765019, 0.1
1881, 13407.0, 7, 7.123804463336875, 0.1
1882, 13408.0, 1, 7.120552310143388, 0.1
1883, 13415.0, 7, 7.120488322717622, 0.1
1884, 13423.0, 8, 7.120954907161804, 0.1
1885, 13429.0, 6, 7.1203605514316015, 0.1
1886, 13437.0, 8, 7.120826709062003, 0.1
1887, 13443.0, 6, 7.120233050847458, 0.1
1888, 13450.0, 7, 7.120169401799894, 0.1
1889, 13457.0, 7, 7.12010582010582, 0.1
1890, 13463.0, 6, 7.119513484928609, 0.1
1891, 13471.0, 8, 7.119978858350952, 0.1
1892, 13479.0, 8, 7.120443740095087, 0.1
1893, 13486.0, 7, 7.120380147835269, 0.1
1894, 13493.0, 7, 7.120316622691293, 0.1
1895, 13500.0, 7, 7.120253164556962, 0.1
1896, 13508.0, 8, 7.120716921454929, 0.1
1897, 13516.0, 8, 7.12118018967334, 0.1
1898, 13523.0, 7, 7.121116377040548, 0.1
1899, 13531.0, 8, 7.1215789473684215, 0.1
1900, 13539.0, 8, 7.1220410310362965, 0.1
1901, 13546.0, 7, 7.121976866456362, 0.1
1902, 13553.0, 7, 7.1219127693116135, 0.1
1903, 13561.0, 8, 7.122373949579832, 0.1
1904, 13568.0, 7, 7.122309711286089, 0.1
1905, 13576.0, 8, 7.122770199370409, 0.1
1906, 13582.0, 6, 7.122181436811746, 0.1
1907, 13589.0, 7, 7.122117400419287, 0.1
1908, 13596.0, 7, 7.122053431115767, 0.1
1909, 13603.0, 7, 7.121989528795812, 0.1
1910, 13610.0, 7, 7.121925693354265, 0.1
1911, 13617.0, 7, 7.1218619246861925, 0.1
1912, 13625.0, 8, 7.122320961840042, 0.1
1913, 13631.0, 6, 7.1217345872518285, 0.1
1914, 13639.0, 8, 7.12219321148825, 0.1
1915, 13646.0, 7, 7.122129436325679, 0.1
1916, 13654.0, 8, 7.122587376108503, 0.1
1917, 13661.0, 7, 7.122523461939521, 0.1
1918, 13661.0, 0, 7.118811881188119, 0.1
1919, 13667.0, 6, 7.118229166666667, 0.1
1920, 13672.0, 5, 7.117126496616345, 0.1
1921, 13680.0, 8, 7.117585848074922, 0.1
1922, 13688.0, 8, 7.118044721788872, 0.1
1923, 13696.0, 8, 7.118503118503119, 0.1
1924, 13703.0, 7, 7.118441558441559, 0.1
1925, 13711.0, 8, 7.118899273104881, 0.1
1926, 13719.0, 8, 7.119356512714063, 0.1
1927, 13727.0, 8, 7.119813278008299, 0.1
1928, 13731.0, 4, 7.118195956454121, 0.1
1929, 13735.0, 4, 7.116580310880829, 0.1
1930, 13743.0, 8, 7.117037804246505, 0.1
1931, 13747.0, 4, 7.115424430641822, 0.1
1932, 13755.0, 8, 7.115882048629074, 0.1
1933, 13762.0, 7, 7.115822130299897, 0.1
1934, 13770.0, 8, 7.116279069767442, 0.1
1935, 13776.0, 6, 7.115702479338843, 0.1
1936, 13782.0, 6, 7.115126484254001, 0.1
1937, 13787.0, 5, 7.114035087719298, 0.1
1938, 13790.0, 3, 7.111913357400722, 0.1
1939, 13798.0, 8, 7.112371134020618, 0.1
1940, 13805.0, 7, 7.11231324059763, 0.1
1941, 13813.0, 8, 7.112770339855818, 0.1
1942, 13821.0, 8, 7.113226968605249, 0.1
1943, 13829.0, 8, 7.113683127572016, 0.1
1944, 13837.0, 8, 7.11413881748072, 0.1
1945, 13845.0, 8, 7.114594039054471, 0.1
1946, 13852.0, 7, 7.114535182331792, 0.1
1947, 13859.0, 7, 7.114476386036961, 0.1
1948, 13865.0, 6, 7.11390456644433, 0.1
1949, 13873.0, 8, 7.114358974358974, 0.1
1950, 13879.0, 6, 7.113787801127627, 0.1
1951, 13887.0, 8, 7.114241803278689, 0.1
1952, 13893.0, 6, 7.113671274961598, 0.1
1953, 13895.0, 2, 7.111054247697032, 0.1
1954, 13901.0, 6, 7.110485933503837, 0.1
1955, 13909.0, 8, 7.110940695296524, 0.1
1956, 13917.0, 8, 7.111394992335207, 0.1
1957, 13925.0, 8, 7.111848825331972, 0.1
1958, 13932.0, 7, 7.111791730474732, 0.1
1959, 13939.0, 7, 7.111734693877551, 0.1
1960, 13943.0, 4, 7.11014788373279, 0.1
1961, 13949.0, 6, 7.109582059123343, 0.1
1962, 13954.0, 5, 7.108507386653082, 0.1
1963, 13954.0, 0, 7.104887983706721, 0.1
1964, 13961.0, 7, 7.104834605597964, 0.1
1965, 13965.0, 4, 7.103255340793489, 0.1
1966, 13970.0, 5, 7.1021860701576, 0.1
1967, 13978.0, 8, 7.102642276422764, 0.1
1968, 13982.0, 4, 7.101066531234129, 0.1
1969, 13990.0, 8, 7.101522842639594, 0.1
1970, 13990.0, 0, 7.097919837645865, 0.1
1971, 13998.0, 8, 7.098377281947261, 0.1
1972, 14004.0, 6, 7.097820577800304, 0.1
1973, 14006.0, 2, 7.095238095238095, 0.1
1974, 14014.0, 8, 7.095696202531646, 0.1
1975, 14015.0, 1, 7.092611336032388, 0.1
1976, 14023.0, 8, 7.093070308548305, 0.1
1977, 14031.0, 8, 7.093528816986855, 0.1
1978, 14038.0, 7, 7.093481556341587, 0.1
1979, 14046.0, 8, 7.093939393939394, 0.1
1980, 14054.0, 8, 7.09439676930843, 0.1
1981, 14061.0, 7, 7.0943491422805245, 0.1
1982, 14065.0, 4, 7.092788703983863, 0.1
1983, 14073.0, 8, 7.093245967741935, 0.1
1984, 14079.0, 6, 7.0926952141057935, 0.1
1985, 14087.0, 8, 7.093152064451158, 0.1
1986, 14094.0, 7, 7.093105183694011, 0.1
1987, 14101.0, 7, 7.093058350100604, 0.1
1988, 14108.0, 7, 7.093011563599799, 0.1
1989, 14110.0, 2, 7.090452261306533, 0.1
1990, 14117.0, 7, 7.090406830738322, 0.1
1991, 14124.0, 7, 7.090361445783133, 0.1
1992, 14132.0, 8, 7.090817862518816, 0.1
1993, 14140.0, 8, 7.091273821464394, 0.1
1994, 14147.0, 7, 7.091228070175439, 0.1
1995, 14154.0, 7, 7.091182364729459, 0.1
1996, 14161.0, 7, 7.091136705057586, 0.1
1997, 14169.0, 8, 7.091591591591592, 0.1
1998, 14175.0, 6, 7.091045522761381, 0.1
1999, 14182.0, 7, 7.091, 0.1
