0, 8.0, 8, 8.0, 0.2
1, 16.0, 8, 8.0, 0.2
2, 24.0, 8, 8.0, 0.2
3, 32.0, 8, 8.0, 0.2
4, 40.0, 8, 8.0, 0.2
5, 48.0, 8, 8.0, 0.2
6, 56.0, 8, 8.0, 0.2
7, 64.0, 8, 8.0, 0.2
8, 72.0, 8, 8.0, 0.2
9, 80.0, 8, 8.0, 0.2
10, 88.0, 8, 8.0, 0.2
11, 96.0, 8, 8.0, 0.2
12, 104.0, 8, 8.0, 0.2
13, 112.0, 8, 8.0, 0.2
14, 120.0, 8, 8.0, 0.2
15, 128.0, 8, 8.0, 0.2
16, 136.0, 8, 8.0, 0.2
17, 144.0, 8, 8.0, 0.2
18, 152.0, 8, 8.0, 0.2
19, 160.0, 8, 8.0, 0.2
20, 168.0, 8, 8.0, 0.2
21, 176.0, 8, 8.0, 0.2
22, 184.0, 8, 8.0, 0.2
23, 192.0, 8, 8.0, 0.2
24, 200.0, 8, 8.0, 0.2
25, 208.0, 8, 8.0, 0.2
26, 216.0, 8, 8.0, 0.2
27, 224.0, 8, 8.0, 0.2
28, 232.0, 8, 8.0, 0.2
29, 240.0, 8, 8.0, 0.2
30, 248.0, 8, 8.0, 0.2
31, 256.0, 8, 8.0, 0.2
32, 264.0, 8, 8.0, 0.2
33, 272.0, 8, 8.0, 0.2
34, 280.0, 8, 8.0, 0.2
35, 288.0, 8, 8.0, 0.2
36, 296.0, 8, 8.0, 0.2
37, 304.0, 8, 8.0, 0.2
38, 312.0, 8, 8.0, 0.2
39, 320.0, 8, 8.0, 0.2
40, 328.0, 8, 8.0, 0.2
41, 336.0, 8, 8.0, 0.2
42, 344.0, 8, 8.0, 0.2
43, 352.0, 8, 8.0, 0.2
44, 360.0, 8, 8.0, 0.2
45, 368.0, 8, 8.0, 0.2
46, 376.0, 8, 8.0, 0.2
47, 384.0, 8, 8.0, 0.2
48, 392.0, 8, 8.0, 0.2
49, 400.0, 8, 8.0, 0.2
50, 408.0, 8, 8.0, 0.2
51, 416.0, 8, 8.0, 0.2
52, 424.0, 8, 8.0, 0.2
53, 432.0, 8, 8.0, 0.2
54, 440.0, 8, 8.0, 0.2
55, 448.0, 8, 8.0, 0.2
56, 456.0, 8, 8.0, 0.2
57, 464.0, 8, 8.0, 0.2
58, 472.0, 8, 8.0, 0.2
59, 480.0, 8, 8.0, 0.2
60, 488.0, 8, 8.0, 0.2
61, 496.0, 8, 8.0, 0.2
62, 504.0, 8, 8.0, 0.2
63, 512.0, 8, 8.0, 0.2
64, 520.0, 8, 8.0, 0.2
65, 528.0, 8, 8.0, 0.2
66, 536.0, 8, 8.0, 0.2
67, 544.0, 8, 8.0, 0.2
68, 552.0, 8, 8.0, 0.2
69, 560.0, 8, 8.0, 0.2
70, 568.0, 8, 8.0, 0.2
71, 576.0, 8, 8.0, 0.2
72, 584.0, 8, 8.0, 0.2
73, 592.0, 8, 8.0, 0.2
74, 600.0, 8, 8.0, 0.2
75, 608.0, 8, 8.0, 0.2
76, 616.0, 8, 8.0, 0.2
77, 624.0, 8, 8.0, 0.2
78, 632.0, 8, 8.0, 0.2
79, 640.0, 8, 8.0, 0.2
80, 648.0, 8, 8.0, 0.2
81, 656.0, 8, 8.0, 0.2
82, 664.0, 8, 8.0, 0.2
83, 672.0, 8, 8.0, 0.2
84, 680.0, 8, 8.0, 0.2
85, 688.0, 8, 8.0, 0.2
86, 696.0, 8, 8.0, 0.2
87, 704.0, 8, 8.0, 0.2
88, 712.0, 8, 8.0, 0.2
89, 720.0, 8, 8.0, 0.2
90, 728.0, 8, 8.0, 0.2
91, 736.0, 8, 8.0, 0.2
92, 744.0, 8, 8.0, 0.2
93, 752.0, 8, 8.0, 0.2
94, 760.0, 8, 8.0, 0.2
95, 768.0, 8, 8.0, 0.2
96, 776.0, 8, 8.0, 0.2
97, 784.0, 8, 8.0, 0.2
98, 792.0, 8, 8.0, 0.2
99, 800.0, 8, 8.0, 0.2
100, 808.0, 8, 8.0, 0.2
101, 816.0, 8, 8.0, 0.2
102, 824.0, 8, 8.0, 0.2
103, 832.0, 8, 8.0, 0.2
104, 840.0, 8, 8.0, 0.2
105, 848.0, 8, 8.0, 0.2
106, 856.0, 8, 8.0, 0.2
107, 864.0, 8, 8.0, 0.2
108, 872.0, 8, 8.0, 0.2
109, 880.0, 8, 8.0, 0.2
110, 888.0, 8, 8.0, 0.2
111, 896.0, 8, 8.0, 0.2
112, 904.0, 8, 8.0, 0.2
113, 912.0, 8, 8.0, 0.2
114, 920.0, 8, 8.0, 0.2
115, 928.0, 8, 8.0, 0.2
116, 936.0, 8, 8.0, 0.2
117, 944.0, 8, 8.0, 0.2
118, 952.0, 8, 8.0, 0.2
119, 960.0, 8, 8.0, 0.2
120, 968.0, 8, 8.0, 0.2
121, 976.0, 8, 8.0, 0.2
122, 984.0, 8, 8.0, 0.2
123, 992.0, 8, 8.0, 0.2
124, 1000.0, 8, 8.0, 0.2
125, 1008.0, 8, 8.0, 0.2
126, 1016.0, 8, 8.0, 0.2
127, 1024.0, 8, 8.0, 0.2
128, 1032.0, 8, 8.0, 0.2
129, 1040.0, 8, 8.0, 0.2
130, 1048.0, 8, 8.0, 0.2
131, 1056.0, 8, 8.0, 0.2
132, 1064.0, 8, 8.0, 0.2
133, 1072.0, 8, 8.0, 0.2
134, 1080.0, 8, 8.0, 0.2
135, 1088.0, 8, 8.0, 0.2
136, 1096.0, 8, 8.0, 0.2
137, 1104.0, 8, 8.0, 0.2
138, 1112.0, 8, 8.0, 0.2
139, 1120.0, 8, 8.0, 0.2
140, 1128.0, 8, 8.0, 0.2
141, 1136.0, 8, 8.0, 0.2
142, 1144.0, 8, 8.0, 0.2
143, 1152.0, 8, 8.0, 0.2
144, 1160.0, 8, 8.0, 0.2
145, 1168.0, 8, 8.0, 0.2
146, 1176.0, 8, 8.0, 0.2
147, 1184.0, 8, 8.0, 0.2
148, 1192.0, 8, 8.0, 0.2
149, 1200.0, 8, 8.0, 0.2
150, 1208.0, 8, 8.0, 0.2
151, 1216.0, 8, 8.0, 0.2
152, 1224.0, 8, 8.0, 0.2
153, 1232.0, 8, 8.0, 0.2
154, 1240.0, 8, 8.0, 0.2
155, 1248.0, 8, 8.0, 0.2
156, 1256.0, 8, 8.0, 0.2
157, 1264.0, 8, 8.0, 0.2
158, 1272.0, 8, 8.0, 0.2
159, 1280.0, 8, 8.0, 0.2
160, 1288.0, 8, 8.0, 0.2
161, 1296.0, 8, 8.0, 0.2
162, 1304.0, 8, 8.0, 0.2
163, 1312.0, 8, 8.0, 0.2
164, 1320.0, 8, 8.0, 0.2
165, 1328.0, 8, 8.0, 0.2
166, 1336.0, 8, 8.0, 0.2
167, 1344.0, 8, 8.0, 0.2
168, 1352.0, 8, 8.0, 0.2
169, 1360.0, 8, 8.0, 0.2
170, 1368.0, 8, 8.0, 0.2
171, 1376.0, 8, 8.0, 0.2
172, 1384.0, 8, 8.0, 0.2
173, 1392.0, 8, 8.0, 0.2
174, 1400.0, 8, 8.0, 0.2
175, 1408.0, 8, 8.0, 0.2
176, 1416.0, 8, 8.0, 0.2
177, 1424.0, 8, 8.0, 0.2
178, 1432.0, 8, 8.0, 0.2
179, 1440.0, 8, 8.0, 0.2
180, 1448.0, 8, 8.0, 0.2
181, 1456.0, 8, 8.0, 0.2
182, 1464.0, 8, 8.0, 0.2
183, 1472.0, 8, 8.0, 0.2
184, 1480.0, 8, 8.0, 0.2
185, 1488.0, 8, 8.0, 0.2
186, 1496.0, 8, 8.0, 0.2
187, 1504.0, 8, 8.0, 0.2
188, 1512.0, 8, 8.0, 0.2
189, 1520.0, 8, 8.0, 0.2
190, 1528.0, 8, 8.0, 0.2
191, 1536.0, 8, 8.0, 0.2
192, 1544.0, 8, 8.0, 0.2
193, 1552.0, 8, 8.0, 0.2
194, 1560.0, 8, 8.0, 0.2
195, 1568.0, 8, 8.0, 0.2
196, 1576.0, 8, 8.0, 0.2
197, 1584.0, 8, 8.0, 0.2
198, 1592.0, 8, 8.0, 0.2
199, 1600.0, 8, 8.0, 0.2
200, 1608.0, 8, 8.0, 0.2
201, 1616.0, 8, 8.0, 0.2
202, 1624.0, 8, 8.0, 0.2
203, 1632.0, 8, 8.0, 0.2
204, 1640.0, 8, 8.0, 0.2
205, 1648.0, 8, 8.0, 0.2
206, 1656.0, 8, 8.0, 0.2
207, 1664.0, 8, 8.0, 0.2
208, 1672.0, 8, 8.0, 0.2
209, 1680.0, 8, 8.0, 0.2
210, 1688.0, 8, 8.0, 0.2
211, 1696.0, 8, 8.0, 0.2
212, 1704.0, 8, 8.0, 0.2
213, 1712.0, 8, 8.0, 0.2
214, 1720.0, 8, 8.0, 0.2
215, 1728.0, 8, 8.0, 0.2
216, 1736.0, 8, 8.0, 0.2
217, 1744.0, 8, 8.0, 0.2
218, 1752.0, 8, 8.0, 0.2
219, 1760.0, 8, 8.0, 0.2
220, 1768.0, 8, 8.0, 0.2
221, 1776.0, 8, 8.0, 0.2
222, 1784.0, 8, 8.0, 0.2
223, 1792.0, 8, 8.0, 0.2
224, 1800.0, 8, 8.0, 0.2
225, 1808.0, 8, 8.0, 0.2
226, 1816.0, 8, 8.0, 0.2
227, 1824.0, 8, 8.0, 0.2
228, 1832.0, 8, 8.0, 0.2
229, 1840.0, 8, 8.0, 0.2
230, 1848.0, 8, 8.0, 0.2
231, 1856.0, 8, 8.0, 0.2
232, 1864.0, 8, 8.0, 0.2
233, 1872.0, 8, 8.0, 0.2
234, 1880.0, 8, 8.0, 0.2
235, 1888.0, 8, 8.0, 0.2
236, 1896.0, 8, 8.0, 0.2
237, 1904.0, 8, 8.0, 0.2
238, 1912.0, 8, 8.0, 0.2
239, 1920.0, 8, 8.0, 0.2
240, 1928.0, 8, 8.0, 0.2
241, 1936.0, 8, 8.0, 0.2
242, 1944.0, 8, 8.0, 0.2
243, 1952.0, 8, 8.0, 0.2
244, 1960.0, 8, 8.0, 0.2
245, 1968.0, 8, 8.0, 0.2
246, 1976.0, 8, 8.0, 0.2
247, 1984.0, 8, 8.0, 0.2
248, 1992.0, 8, 8.0, 0.2
249, 2000.0, 8, 8.0, 0.2
250, 2008.0, 8, 8.0, 0.2
251, 2016.0, 8, 8.0, 0.2
252, 2024.0, 8, 8.0, 0.2
253, 2032.0, 8, 8.0, 0.2
254, 2040.0, 8, 8.0, 0.2
255, 2048.0, 8, 8.0, 0.2
256, 2056.0, 8, 8.0, 0.2
257, 2064.0, 8, 8.0, 0.2
258, 2072.0, 8, 8.0, 0.2
259, 2080.0, 8, 8.0, 0.2
260, 2088.0, 8, 8.0, 0.2
261, 2096.0, 8, 8.0, 0.2
262, 2104.0, 8, 8.0, 0.2
263, 2112.0, 8, 8.0, 0.2
264, 2120.0, 8, 8.0, 0.2
265, 2128.0, 8, 8.0, 0.2
266, 2136.0, 8, 8.0, 0.2
267, 2144.0, 8, 8.0, 0.2
268, 2152.0, 8, 8.0, 0.2
269, 2160.0, 8, 8.0, 0.2
270, 2168.0, 8, 8.0, 0.2
271, 2176.0, 8, 8.0, 0.2
272, 2184.0, 8, 8.0, 0.2
273, 2192.0, 8, 8.0, 0.2
274, 2200.0, 8, 8.0, 0.2
275, 2208.0, 8, 8.0, 0.2
276, 2216.0, 8, 8.0, 0.2
277, 2224.0, 8, 8.0, 0.2
278, 2232.0, 8, 8.0, 0.2
279, 2240.0, 8, 8.0, 0.2
280, 2248.0, 8, 8.0, 0.2
281, 2256.0, 8, 8.0, 0.2
282, 2264.0, 8, 8.0, 0.2
283, 2272.0, 8, 8.0, 0.2
284, 2280.0, 8, 8.0, 0.2
285, 2288.0, 8, 8.0, 0.2
286, 2296.0, 8, 8.0, 0.2
287, 2304.0, 8, 8.0, 0.2
288, 2312.0, 8, 8.0, 0.2
289, 2320.0, 8, 8.0, 0.2
290, 2328.0, 8, 8.0, 0.2
291, 2336.0, 8, 8.0, 0.2
292, 2344.0, 8, 8.0, 0.2
293, 2352.0, 8, 8.0, 0.2
294, 2360.0, 8, 8.0, 0.2
295, 2368.0, 8, 8.0, 0.2
296, 2376.0, 8, 8.0, 0.2
297, 2384.0, 8, 8.0, 0.2
298, 2392.0, 8, 8.0, 0.2
299, 2400.0, 8, 8.0, 0.2
300, 2408.0, 8, 8.0, 0.2
301, 2416.0, 8, 8.0, 0.2
302, 2424.0, 8, 8.0, 0.2
303, 2432.0, 8, 8.0, 0.2
304, 2440.0, 8, 8.0, 0.2
305, 2448.0, 8, 8.0, 0.2
306, 2456.0, 8, 8.0, 0.2
307, 2464.0, 8, 8.0, 0.2
308, 2472.0, 8, 8.0, 0.2
309, 2480.0, 8, 8.0, 0.2
310, 2488.0, 8, 8.0, 0.2
311, 2496.0, 8, 8.0, 0.2
312, 2504.0, 8, 8.0, 0.2
313, 2512.0, 8, 8.0, 0.2
314, 2520.0, 8, 8.0, 0.2
315, 2528.0, 8, 8.0, 0.2
316, 2536.0, 8, 8.0, 0.2
317, 2544.0, 8, 8.0, 0.2
318, 2552.0, 8, 8.0, 0.2
319, 2560.0, 8, 8.0, 0.2
320, 2568.0, 8, 8.0, 0.2
321, 2576.0, 8, 8.0, 0.2
322, 2584.0, 8, 8.0, 0.2
323, 2592.0, 8, 8.0, 0.2
324, 2600.0, 8, 8.0, 0.2
325, 2608.0, 8, 8.0, 0.2
326, 2616.0, 8, 8.0, 0.2
327, 2624.0, 8, 8.0, 0.2
328, 2632.0, 8, 8.0, 0.2
329, 2640.0, 8, 8.0, 0.2
330, 2648.0, 8, 8.0, 0.2
331, 2656.0, 8, 8.0, 0.2
332, 2664.0, 8, 8.0, 0.2
333, 2672.0, 8, 8.0, 0.2
334, 2680.0, 8, 8.0, 0.2
335, 2688.0, 8, 8.0, 0.2
336, 2696.0, 8, 8.0, 0.2
337, 2704.0, 8, 8.0, 0.2
338, 2712.0, 8, 8.0, 0.2
339, 2720.0, 8, 8.0, 0.2
340, 2728.0, 8, 8.0, 0.2
341, 2736.0, 8, 8.0, 0.2
342, 2744.0, 8, 8.0, 0.2
343, 2752.0, 8, 8.0, 0.2
344, 2760.0, 8, 8.0, 0.2
345, 2768.0, 8, 8.0, 0.2
346, 2776.0, 8, 8.0, 0.2
347, 2784.0, 8, 8.0, 0.2
348, 2792.0, 8, 8.0, 0.2
349, 2800.0, 8, 8.0, 0.2
350, 2808.0, 8, 8.0, 0.2
351, 2816.0, 8, 8.0, 0.2
352, 2824.0, 8, 8.0, 0.2
353, 2832.0, 8, 8.0, 0.2
354, 2840.0, 8, 8.0, 0.2
355, 2848.0, 8, 8.0, 0.2
356, 2856.0, 8, 8.0, 0.2
357, 2864.0, 8, 8.0, 0.2
358, 2872.0, 8, 8.0, 0.2
359, 2880.0, 8, 8.0, 0.2
360, 2888.0, 8, 8.0, 0.2
361, 2896.0, 8, 8.0, 0.2
362, 2904.0, 8, 8.0, 0.2
363, 2912.0, 8, 8.0, 0.2
364, 2920.0, 8, 8.0, 0.2
365, 2928.0, 8, 8.0, 0.2
366, 2936.0, 8, 8.0, 0.2
367, 2944.0, 8, 8.0, 0.2
368, 2952.0, 8, 8.0, 0.2
369, 2960.0, 8, 8.0, 0.2
370, 2968.0, 8, 8.0, 0.2
371, 2976.0, 8, 8.0, 0.2
372, 2984.0, 8, 8.0, 0.2
373, 2992.0, 8, 8.0, 0.2
374, 3000.0, 8, 8.0, 0.2
375, 3008.0, 8, 8.0, 0.2
376, 3016.0, 8, 8.0, 0.2
377, 3024.0, 8, 8.0, 0.2
378, 3032.0, 8, 8.0, 0.2
379, 3040.0, 8, 8.0, 0.2
380, 3048.0, 8, 8.0, 0.2
381, 3056.0, 8, 8.0, 0.2
382, 3064.0, 8, 8.0, 0.2
383, 3072.0, 8, 8.0, 0.2
384, 3080.0, 8, 8.0, 0.2
385, 3088.0, 8, 8.0, 0.2
386, 3096.0, 8, 8.0, 0.2
387, 3104.0, 8, 8.0, 0.2
388, 3112.0, 8, 8.0, 0.2
389, 3120.0, 8, 8.0, 0.2
390, 3128.0, 8, 8.0, 0.2
391, 3136.0, 8, 8.0, 0.2
392, 3144.0, 8, 8.0, 0.2
393, 3152.0, 8, 8.0, 0.2
394, 3160.0, 8, 8.0, 0.2
395, 3168.0, 8, 8.0, 0.2
396, 3176.0, 8, 8.0, 0.2
397, 3184.0, 8, 8.0, 0.2
398, 3192.0, 8, 8.0, 0.2
399, 3200.0, 8, 8.0, 0.2
400, 3208.0, 8, 8.0, 0.2
401, 3216.0, 8, 8.0, 0.2
402, 3224.0, 8, 8.0, 0.2
403, 3232.0, 8, 8.0, 0.2
404, 3240.0, 8, 8.0, 0.2
405, 3248.0, 8, 8.0, 0.2
406, 3256.0, 8, 8.0, 0.2
407, 3264.0, 8, 8.0, 0.2
408, 3272.0, 8, 8.0, 0.2
409, 3280.0, 8, 8.0, 0.2
410, 3288.0, 8, 8.0, 0.2
411, 3296.0, 8, 8.0, 0.2
412, 3304.0, 8, 8.0, 0.2
413, 3312.0, 8, 8.0, 0.2
414, 3320.0, 8, 8.0, 0.2
415, 3328.0, 8, 8.0, 0.2
416, 3336.0, 8, 8.0, 0.2
417, 3344.0, 8, 8.0, 0.2
418, 3352.0, 8, 8.0, 0.2
419, 3360.0, 8, 8.0, 0.2
420, 3368.0, 8, 8.0, 0.2
421, 3376.0, 8, 8.0, 0.2
422, 3384.0, 8, 8.0, 0.2
423, 3392.0, 8, 8.0, 0.2
424, 3400.0, 8, 8.0, 0.2
425, 3408.0, 8, 8.0, 0.2
426, 3416.0, 8, 8.0, 0.2
427, 3424.0, 8, 8.0, 0.2
428, 3432.0, 8, 8.0, 0.2
429, 3440.0, 8, 8.0, 0.2
430, 3448.0, 8, 8.0, 0.2
431, 3456.0, 8, 8.0, 0.2
432, 3464.0, 8, 8.0, 0.2
433, 3472.0, 8, 8.0, 0.2
434, 3480.0, 8, 8.0, 0.2
435, 3488.0, 8, 8.0, 0.2
436, 3496.0, 8, 8.0, 0.2
437, 3504.0, 8, 8.0, 0.2
438, 3512.0, 8, 8.0, 0.2
439, 3520.0, 8, 8.0, 0.2
440, 3528.0, 8, 8.0, 0.2
441, 3536.0, 8, 8.0, 0.2
442, 3544.0, 8, 8.0, 0.2
443, 3552.0, 8, 8.0, 0.2
444, 3560.0, 8, 8.0, 0.2
445, 3568.0, 8, 8.0, 0.2
446, 3576.0, 8, 8.0, 0.2
447, 3584.0, 8, 8.0, 0.2
448, 3592.0, 8, 8.0, 0.2
449, 3600.0, 8, 8.0, 0.2
450, 3608.0, 8, 8.0, 0.2
451, 3616.0, 8, 8.0, 0.2
452, 3624.0, 8, 8.0, 0.2
453, 3632.0, 8, 8.0, 0.2
454, 3640.0, 8, 8.0, 0.2
455, 3648.0, 8, 8.0, 0.2
456, 3656.0, 8, 8.0, 0.2
457, 3664.0, 8, 8.0, 0.2
458, 3672.0, 8, 8.0, 0.2
459, 3680.0, 8, 8.0, 0.2
460, 3688.0, 8, 8.0, 0.2
461, 3696.0, 8, 8.0, 0.2
462, 3704.0, 8, 8.0, 0.2
463, 3712.0, 8, 8.0, 0.2
464, 3720.0, 8, 8.0, 0.2
465, 3728.0, 8, 8.0, 0.2
466, 3736.0, 8, 8.0, 0.2
467, 3744.0, 8, 8.0, 0.2
468, 3752.0, 8, 8.0, 0.2
469, 3760.0, 8, 8.0, 0.2
470, 3768.0, 8, 8.0, 0.2
471, 3776.0, 8, 8.0, 0.2
472, 3784.0, 8, 8.0, 0.2
473, 3792.0, 8, 8.0, 0.2
474, 3800.0, 8, 8.0, 0.2
475, 3808.0, 8, 8.0, 0.2
476, 3816.0, 8, 8.0, 0.2
477, 3824.0, 8, 8.0, 0.2
478, 3832.0, 8, 8.0, 0.2
479, 3840.0, 8, 8.0, 0.2
480, 3848.0, 8, 8.0, 0.2
481, 3856.0, 8, 8.0, 0.2
482, 3864.0, 8, 8.0, 0.2
483, 3872.0, 8, 8.0, 0.2
484, 3880.0, 8, 8.0, 0.2
485, 3888.0, 8, 8.0, 0.2
486, 3896.0, 8, 8.0, 0.2
487, 3904.0, 8, 8.0, 0.2
488, 3912.0, 8, 8.0, 0.2
489, 3920.0, 8, 8.0, 0.2
490, 3928.0, 8, 8.0, 0.2
491, 3936.0, 8, 8.0, 0.2
492, 3944.0, 8, 8.0, 0.2
493, 3952.0, 8, 8.0, 0.2
494, 3960.0, 8, 8.0, 0.2
495, 3968.0, 8, 8.0, 0.2
496, 3976.0, 8, 8.0, 0.2
497, 3984.0, 8, 8.0, 0.2
498, 3992.0, 8, 8.0, 0.2
499, 4000.0, 8, 8.0, 0.2
500, 4008.0, 8, 8.0, 0.2
501, 4016.0, 8, 8.0, 0.2
502, 4024.0, 8, 8.0, 0.2
503, 4032.0, 8, 8.0, 0.2
504, 4040.0, 8, 8.0, 0.2
505, 4048.0, 8, 8.0, 0.2
506, 4056.0, 8, 8.0, 0.2
507, 4064.0, 8, 8.0, 0.2
508, 4072.0, 8, 8.0, 0.2
509, 4080.0, 8, 8.0, 0.2
510, 4088.0, 8, 8.0, 0.2
511, 4096.0, 8, 8.0, 0.2
512, 4104.0, 8, 8.0, 0.2
513, 4112.0, 8, 8.0, 0.2
514, 4120.0, 8, 8.0, 0.2
515, 4128.0, 8, 8.0, 0.2
516, 4136.0, 8, 8.0, 0.2
517, 4144.0, 8, 8.0, 0.2
518, 4152.0, 8, 8.0, 0.2
519, 4160.0, 8, 8.0, 0.2
520, 4168.0, 8, 8.0, 0.2
521, 4176.0, 8, 8.0, 0.2
522, 4184.0, 8, 8.0, 0.2
523, 4192.0, 8, 8.0, 0.2
524, 4200.0, 8, 8.0, 0.2
525, 4208.0, 8, 8.0, 0.2
526, 4216.0, 8, 8.0, 0.2
527, 4224.0, 8, 8.0, 0.2
528, 4232.0, 8, 8.0, 0.2
529, 4240.0, 8, 8.0, 0.2
530, 4248.0, 8, 8.0, 0.2
531, 4256.0, 8, 8.0, 0.2
532, 4264.0, 8, 8.0, 0.2
533, 4272.0, 8, 8.0, 0.2
534, 4280.0, 8, 8.0, 0.2
535, 4288.0, 8, 8.0, 0.2
536, 4296.0, 8, 8.0, 0.2
537, 4304.0, 8, 8.0, 0.2
538, 4312.0, 8, 8.0, 0.2
539, 4320.0, 8, 8.0, 0.2
540, 4328.0, 8, 8.0, 0.2
541, 4336.0, 8, 8.0, 0.2
542, 4344.0, 8, 8.0, 0.2
543, 4352.0, 8, 8.0, 0.2
544, 4360.0, 8, 8.0, 0.2
545, 4368.0, 8, 8.0, 0.2
546, 4376.0, 8, 8.0, 0.2
547, 4384.0, 8, 8.0, 0.2
548, 4392.0, 8, 8.0, 0.2
549, 4400.0, 8, 8.0, 0.2
550, 4408.0, 8, 8.0, 0.2
551, 4416.0, 8, 8.0, 0.2
552, 4424.0, 8, 8.0, 0.2
553, 4432.0, 8, 8.0, 0.2
554, 4440.0, 8, 8.0, 0.2
555, 4448.0, 8, 8.0, 0.2
556, 4456.0, 8, 8.0, 0.2
557, 4464.0, 8, 8.0, 0.2
558, 4472.0, 8, 8.0, 0.2
559, 4480.0, 8, 8.0, 0.2
560, 4488.0, 8, 8.0, 0.2
561, 4496.0, 8, 8.0, 0.2
562, 4504.0, 8, 8.0, 0.2
563, 4512.0, 8, 8.0, 0.2
564, 4520.0, 8, 8.0, 0.2
565, 4528.0, 8, 8.0, 0.2
566, 4536.0, 8, 8.0, 0.2
567, 4544.0, 8, 8.0, 0.2
568, 4552.0, 8, 8.0, 0.2
569, 4560.0, 8, 8.0, 0.2
570, 4568.0, 8, 8.0, 0.2
571, 4576.0, 8, 8.0, 0.2
572, 4584.0, 8, 8.0, 0.2
573, 4592.0, 8, 8.0, 0.2
574, 4600.0, 8, 8.0, 0.2
575, 4608.0, 8, 8.0, 0.2
576, 4616.0, 8, 8.0, 0.2
577, 4624.0, 8, 8.0, 0.2
578, 4632.0, 8, 8.0, 0.2
579, 4640.0, 8, 8.0, 0.2
580, 4648.0, 8, 8.0, 0.2
581, 4656.0, 8, 8.0, 0.2
582, 4664.0, 8, 8.0, 0.2
583, 4672.0, 8, 8.0, 0.2
584, 4680.0, 8, 8.0, 0.2
585, 4688.0, 8, 8.0, 0.2
586, 4696.0, 8, 8.0, 0.2
587, 4704.0, 8, 8.0, 0.2
588, 4712.0, 8, 8.0, 0.2
589, 4720.0, 8, 8.0, 0.2
590, 4728.0, 8, 8.0, 0.2
591, 4736.0, 8, 8.0, 0.2
592, 4744.0, 8, 8.0, 0.2
593, 4752.0, 8, 8.0, 0.2
594, 4760.0, 8, 8.0, 0.2
595, 4768.0, 8, 8.0, 0.2
596, 4776.0, 8, 8.0, 0.2
597, 4784.0, 8, 8.0, 0.2
598, 4792.0, 8, 8.0, 0.2
599, 4800.0, 8, 8.0, 0.2
600, 4808.0, 8, 8.0, 0.2
601, 4816.0, 8, 8.0, 0.2
602, 4824.0, 8, 8.0, 0.2
603, 4832.0, 8, 8.0, 0.2
604, 4840.0, 8, 8.0, 0.2
605, 4848.0, 8, 8.0, 0.2
606, 4856.0, 8, 8.0, 0.2
607, 4864.0, 8, 8.0, 0.2
608, 4872.0, 8, 8.0, 0.2
609, 4880.0, 8, 8.0, 0.2
610, 4888.0, 8, 8.0, 0.2
611, 4896.0, 8, 8.0, 0.2
612, 4904.0, 8, 8.0, 0.2
613, 4912.0, 8, 8.0, 0.2
614, 4920.0, 8, 8.0, 0.2
615, 4928.0, 8, 8.0, 0.2
616, 4936.0, 8, 8.0, 0.2
617, 4944.0, 8, 8.0, 0.2
618, 4952.0, 8, 8.0, 0.2
619, 4960.0, 8, 8.0, 0.2
620, 4968.0, 8, 8.0, 0.2
621, 4976.0, 8, 8.0, 0.2
622, 4984.0, 8, 8.0, 0.2
623, 4992.0, 8, 8.0, 0.2
624, 5000.0, 8, 8.0, 0.2
625, 5008.0, 8, 8.0, 0.2
626, 5016.0, 8, 8.0, 0.2
627, 5024.0, 8, 8.0, 0.2
628, 5032.0, 8, 8.0, 0.2
629, 5040.0, 8, 8.0, 0.2
630, 5048.0, 8, 8.0, 0.2
631, 5056.0, 8, 8.0, 0.2
632, 5064.0, 8, 8.0, 0.2
633, 5072.0, 8, 8.0, 0.2
634, 5080.0, 8, 8.0, 0.2
635, 5088.0, 8, 8.0, 0.2
636, 5096.0, 8, 8.0, 0.2
637, 5104.0, 8, 8.0, 0.2
638, 5112.0, 8, 8.0, 0.2
639, 5120.0, 8, 8.0, 0.2
640, 5128.0, 8, 8.0, 0.2
641, 5136.0, 8, 8.0, 0.2
642, 5144.0, 8, 8.0, 0.2
643, 5152.0, 8, 8.0, 0.2
644, 5160.0, 8, 8.0, 0.2
645, 5168.0, 8, 8.0, 0.2
646, 5176.0, 8, 8.0, 0.2
647, 5184.0, 8, 8.0, 0.2
648, 5192.0, 8, 8.0, 0.2
649, 5200.0, 8, 8.0, 0.2
650, 5208.0, 8, 8.0, 0.2
651, 5216.0, 8, 8.0, 0.2
652, 5224.0, 8, 8.0, 0.2
653, 5232.0, 8, 8.0, 0.2
654, 5240.0, 8, 8.0, 0.2
655, 5248.0, 8, 8.0, 0.2
656, 5256.0, 8, 8.0, 0.2
657, 5264.0, 8, 8.0, 0.2
658, 5272.0, 8, 8.0, 0.2
659, 5280.0, 8, 8.0, 0.2
660, 5288.0, 8, 8.0, 0.2
661, 5296.0, 8, 8.0, 0.2
662, 5304.0, 8, 8.0, 0.2
663, 5312.0, 8, 8.0, 0.2
664, 5320.0, 8, 8.0, 0.2
665, 5328.0, 8, 8.0, 0.2
666, 5336.0, 8, 8.0, 0.2
667, 5344.0, 8, 8.0, 0.2
668, 5352.0, 8, 8.0, 0.2
669, 5360.0, 8, 8.0, 0.2
670, 5368.0, 8, 8.0, 0.2
671, 5376.0, 8, 8.0, 0.2
672, 5384.0, 8, 8.0, 0.2
673, 5392.0, 8, 8.0, 0.2
674, 5400.0, 8, 8.0, 0.2
675, 5408.0, 8, 8.0, 0.2
676, 5416.0, 8, 8.0, 0.2
677, 5424.0, 8, 8.0, 0.2
678, 5432.0, 8, 8.0, 0.2
679, 5440.0, 8, 8.0, 0.2
680, 5448.0, 8, 8.0, 0.2
681, 5456.0, 8, 8.0, 0.2
682, 5464.0, 8, 8.0, 0.2
683, 5472.0, 8, 8.0, 0.2
684, 5480.0, 8, 8.0, 0.2
685, 5488.0, 8, 8.0, 0.2
686, 5496.0, 8, 8.0, 0.2
687, 5504.0, 8, 8.0, 0.2
688, 5512.0, 8, 8.0, 0.2
689, 5520.0, 8, 8.0, 0.2
690, 5528.0, 8, 8.0, 0.2
691, 5536.0, 8, 8.0, 0.2
692, 5544.0, 8, 8.0, 0.2
693, 5552.0, 8, 8.0, 0.2
694, 5560.0, 8, 8.0, 0.2
695, 5568.0, 8, 8.0, 0.2
696, 5576.0, 8, 8.0, 0.2
697, 5584.0, 8, 8.0, 0.2
698, 5592.0, 8, 8.0, 0.2
699, 5600.0, 8, 8.0, 0.2
700, 5608.0, 8, 8.0, 0.2
701, 5616.0, 8, 8.0, 0.2
702, 5624.0, 8, 8.0, 0.2
703, 5632.0, 8, 8.0, 0.2
704, 5640.0, 8, 8.0, 0.2
705, 5648.0, 8, 8.0, 0.2
706, 5656.0, 8, 8.0, 0.2
707, 5664.0, 8, 8.0, 0.2
708, 5672.0, 8, 8.0, 0.2
709, 5680.0, 8, 8.0, 0.2
710, 5688.0, 8, 8.0, 0.2
711, 5696.0, 8, 8.0, 0.2
712, 5704.0, 8, 8.0, 0.2
713, 5712.0, 8, 8.0, 0.2
714, 5720.0, 8, 8.0, 0.2
715, 5728.0, 8, 8.0, 0.2
716, 5736.0, 8, 8.0, 0.2
717, 5744.0, 8, 8.0, 0.2
718, 5752.0, 8, 8.0, 0.2
719, 5760.0, 8, 8.0, 0.2
720, 5768.0, 8, 8.0, 0.2
721, 5776.0, 8, 8.0, 0.2
722, 5784.0, 8, 8.0, 0.2
723, 5792.0, 8, 8.0, 0.2
724, 5800.0, 8, 8.0, 0.2
725, 5808.0, 8, 8.0, 0.2
726, 5816.0, 8, 8.0, 0.2
727, 5824.0, 8, 8.0, 0.2
728, 5832.0, 8, 8.0, 0.2
729, 5840.0, 8, 8.0, 0.2
730, 5848.0, 8, 8.0, 0.2
731, 5856.0, 8, 8.0, 0.2
732, 5864.0, 8, 8.0, 0.2
733, 5872.0, 8, 8.0, 0.2
734, 5880.0, 8, 8.0, 0.2
735, 5888.0, 8, 8.0, 0.2
736, 5896.0, 8, 8.0, 0.2
737, 5904.0, 8, 8.0, 0.2
738, 5912.0, 8, 8.0, 0.2
739, 5920.0, 8, 8.0, 0.2
740, 5928.0, 8, 8.0, 0.2
741, 5936.0, 8, 8.0, 0.2
742, 5944.0, 8, 8.0, 0.2
743, 5952.0, 8, 8.0, 0.2
744, 5960.0, 8, 8.0, 0.2
745, 5968.0, 8, 8.0, 0.2
746, 5976.0, 8, 8.0, 0.2
747, 5984.0, 8, 8.0, 0.2
748, 5992.0, 8, 8.0, 0.2
749, 6000.0, 8, 8.0, 0.2
750, 6008.0, 8, 8.0, 0.2
751, 6016.0, 8, 8.0, 0.2
752, 6024.0, 8, 8.0, 0.2
753, 6032.0, 8, 8.0, 0.2
754, 6040.0, 8, 8.0, 0.2
755, 6048.0, 8, 8.0, 0.2
756, 6056.0, 8, 8.0, 0.2
757, 6064.0, 8, 8.0, 0.2
758, 6072.0, 8, 8.0, 0.2
759, 6080.0, 8, 8.0, 0.2
760, 6088.0, 8, 8.0, 0.2
761, 6096.0, 8, 8.0, 0.2
762, 6104.0, 8, 8.0, 0.2
763, 6112.0, 8, 8.0, 0.2
764, 6120.0, 8, 8.0, 0.2
765, 6128.0, 8, 8.0, 0.2
766, 6136.0, 8, 8.0, 0.2
767, 6144.0, 8, 8.0, 0.2
768, 6152.0, 8, 8.0, 0.2
769, 6160.0, 8, 8.0, 0.2
770, 6168.0, 8, 8.0, 0.2
771, 6176.0, 8, 8.0, 0.2
772, 6184.0, 8, 8.0, 0.2
773, 6192.0, 8, 8.0, 0.2
774, 6200.0, 8, 8.0, 0.2
775, 6208.0, 8, 8.0, 0.2
776, 6216.0, 8, 8.0, 0.2
777, 6224.0, 8, 8.0, 0.2
778, 6232.0, 8, 8.0, 0.2
779, 6240.0, 8, 8.0, 0.2
780, 6248.0, 8, 8.0, 0.2
781, 6256.0, 8, 8.0, 0.2
782, 6264.0, 8, 8.0, 0.2
783, 6272.0, 8, 8.0, 0.2
784, 6280.0, 8, 8.0, 0.2
785, 6288.0, 8, 8.0, 0.2
786, 6296.0, 8, 8.0, 0.2
787, 6304.0, 8, 8.0, 0.2
788, 6312.0, 8, 8.0, 0.2
789, 6320.0, 8, 8.0, 0.2
790, 6328.0, 8, 8.0, 0.2
791, 6336.0, 8, 8.0, 0.2
792, 6344.0, 8, 8.0, 0.2
793, 6352.0, 8, 8.0, 0.2
794, 6360.0, 8, 8.0, 0.2
795, 6368.0, 8, 8.0, 0.2
796, 6376.0, 8, 8.0, 0.2
797, 6384.0, 8, 8.0, 0.2
798, 6392.0, 8, 8.0, 0.2
799, 6400.0, 8, 8.0, 0.2
800, 6408.0, 8, 8.0, 0.2
801, 6416.0, 8, 8.0, 0.2
802, 6424.0, 8, 8.0, 0.2
803, 6432.0, 8, 8.0, 0.2
804, 6440.0, 8, 8.0, 0.2
805, 6448.0, 8, 8.0, 0.2
806, 6456.0, 8, 8.0, 0.2
807, 6464.0, 8, 8.0, 0.2
808, 6472.0, 8, 8.0, 0.2
809, 6480.0, 8, 8.0, 0.2
810, 6488.0, 8, 8.0, 0.2
811, 6496.0, 8, 8.0, 0.2
812, 6504.0, 8, 8.0, 0.2
813, 6512.0, 8, 8.0, 0.2
814, 6520.0, 8, 8.0, 0.2
815, 6528.0, 8, 8.0, 0.2
816, 6536.0, 8, 8.0, 0.2
817, 6544.0, 8, 8.0, 0.2
818, 6552.0, 8, 8.0, 0.2
819, 6560.0, 8, 8.0, 0.2
820, 6568.0, 8, 8.0, 0.2
821, 6576.0, 8, 8.0, 0.2
822, 6584.0, 8, 8.0, 0.2
823, 6592.0, 8, 8.0, 0.2
824, 6600.0, 8, 8.0, 0.2
825, 6608.0, 8, 8.0, 0.2
826, 6616.0, 8, 8.0, 0.2
827, 6624.0, 8, 8.0, 0.2
828, 6632.0, 8, 8.0, 0.2
829, 6640.0, 8, 8.0, 0.2
830, 6648.0, 8, 8.0, 0.2
831, 6656.0, 8, 8.0, 0.2
832, 6664.0, 8, 8.0, 0.2
833, 6672.0, 8, 8.0, 0.2
834, 6680.0, 8, 8.0, 0.2
835, 6688.0, 8, 8.0, 0.2
836, 6696.0, 8, 8.0, 0.2
837, 6704.0, 8, 8.0, 0.2
838, 6712.0, 8, 8.0, 0.2
839, 6720.0, 8, 8.0, 0.2
840, 6728.0, 8, 8.0, 0.2
841, 6736.0, 8, 8.0, 0.2
842, 6744.0, 8, 8.0, 0.2
843, 6752.0, 8, 8.0, 0.2
844, 6760.0, 8, 8.0, 0.2
845, 6768.0, 8, 8.0, 0.2
846, 6776.0, 8, 8.0, 0.2
847, 6784.0, 8, 8.0, 0.2
848, 6792.0, 8, 8.0, 0.2
849, 6800.0, 8, 8.0, 0.2
850, 6808.0, 8, 8.0, 0.2
851, 6816.0, 8, 8.0, 0.2
852, 6824.0, 8, 8.0, 0.2
853, 6832.0, 8, 8.0, 0.2
854, 6840.0, 8, 8.0, 0.2
855, 6848.0, 8, 8.0, 0.2
856, 6856.0, 8, 8.0, 0.2
857, 6864.0, 8, 8.0, 0.2
858, 6872.0, 8, 8.0, 0.2
859, 6880.0, 8, 8.0, 0.2
860, 6888.0, 8, 8.0, 0.2
861, 6896.0, 8, 8.0, 0.2
862, 6904.0, 8, 8.0, 0.2
863, 6912.0, 8, 8.0, 0.2
864, 6920.0, 8, 8.0, 0.2
865, 6928.0, 8, 8.0, 0.2
866, 6936.0, 8, 8.0, 0.2
867, 6944.0, 8, 8.0, 0.2
868, 6952.0, 8, 8.0, 0.2
869, 6960.0, 8, 8.0, 0.2
870, 6968.0, 8, 8.0, 0.2
871, 6976.0, 8, 8.0, 0.2
872, 6984.0, 8, 8.0, 0.2
873, 6992.0, 8, 8.0, 0.2
874, 7000.0, 8, 8.0, 0.2
875, 7008.0, 8, 8.0, 0.2
876, 7016.0, 8, 8.0, 0.2
877, 7024.0, 8, 8.0, 0.2
878, 7032.0, 8, 8.0, 0.2
879, 7040.0, 8, 8.0, 0.2
880, 7048.0, 8, 8.0, 0.2
881, 7056.0, 8, 8.0, 0.2
882, 7064.0, 8, 8.0, 0.2
883, 7072.0, 8, 8.0, 0.2
884, 7080.0, 8, 8.0, 0.2
885, 7088.0, 8, 8.0, 0.2
886, 7096.0, 8, 8.0, 0.2
887, 7104.0, 8, 8.0, 0.2
888, 7112.0, 8, 8.0, 0.2
889, 7120.0, 8, 8.0, 0.2
890, 7128.0, 8, 8.0, 0.2
891, 7136.0, 8, 8.0, 0.2
892, 7144.0, 8, 8.0, 0.2
893, 7152.0, 8, 8.0, 0.2
894, 7160.0, 8, 8.0, 0.2
895, 7168.0, 8, 8.0, 0.2
896, 7176.0, 8, 8.0, 0.2
897, 7184.0, 8, 8.0, 0.2
898, 7192.0, 8, 8.0, 0.2
899, 7200.0, 8, 8.0, 0.2
900, 7208.0, 8, 8.0, 0.2
901, 7216.0, 8, 8.0, 0.2
902, 7224.0, 8, 8.0, 0.2
903, 7232.0, 8, 8.0, 0.2
904, 7240.0, 8, 8.0, 0.2
905, 7248.0, 8, 8.0, 0.2
906, 7256.0, 8, 8.0, 0.2
907, 7264.0, 8, 8.0, 0.2
908, 7272.0, 8, 8.0, 0.2
909, 7280.0, 8, 8.0, 0.2
910, 7288.0, 8, 8.0, 0.2
911, 7294.0, 6, 7.99780701754386, 0.2
912, 7300.0, 6, 7.995618838992333, 0.2
913, 7307.0, 7, 7.9945295404814, 0.2
914, 7315.0, 8, 7.994535519125683, 0.2
915, 7322.0, 7, 7.993449781659389, 0.2
916, 7329.0, 7, 7.99236641221374, 0.2
917, 7335.0, 6, 7.990196078431373, 0.2
918, 7340.0, 5, 7.986942328618063, 0.2
919, 7346.0, 6, 7.984782608695652, 0.2
920, 7353.0, 7, 7.98371335504886, 0.2
921, 7358.0, 5, 7.980477223427332, 0.2
922, 7366.0, 8, 7.980498374864572, 0.2
923, 7372.0, 6, 7.978354978354979, 0.2
924, 7379.0, 7, 7.977297297297297, 0.2
925, 7386.0, 7, 7.976241900647948, 0.2
926, 7394.0, 8, 7.976267529665588, 0.2
927, 7401.0, 7, 7.975215517241379, 0.2
928, 7407.0, 6, 7.9730893433799785, 0.2
929, 7415.0, 8, 7.973118279569892, 0.2
930, 7422.0, 7, 7.972073039742213, 0.2
931, 7430.0, 8, 7.972103004291846, 0.2
932, 7438.0, 8, 7.972132904608789, 0.2
933, 7445.0, 7, 7.971092077087794, 0.2
934, 7453.0, 8, 7.971122994652406, 0.2
935, 7459.0, 6, 7.969017094017094, 0.2
936, 7465.0, 6, 7.966915688367129, 0.2
937, 7472.0, 7, 7.9658848614072495, 0.2
938, 7478.0, 6, 7.963791267305644, 0.2
939, 7484.0, 6, 7.961702127659574, 0.2
940, 7491.0, 7, 7.9606801275239105, 0.2
941, 7497.0, 6, 7.95859872611465, 0.2
942, 7504.0, 7, 7.957582184517498, 0.2
943, 7511.0, 7, 7.9565677966101696, 0.2
944, 7517.0, 6, 7.954497354497354, 0.2
945, 7523.0, 6, 7.952431289640592, 0.2
946, 7530.0, 7, 7.95142555438226, 0.2
947, 7532.0, 2, 7.9451476793248945, 0.2
948, 7538.0, 6, 7.943097997892519, 0.2
949, 7546.0, 8, 7.943157894736842, 0.2
950, 7553.0, 7, 7.942166140904312, 0.2
951, 7560.0, 7, 7.9411764705882355, 0.2
952, 7568.0, 8, 7.9412381951731374, 0.2
953, 7571.0, 3, 7.936058700209643, 0.2
954, 7579.0, 8, 7.936125654450262, 0.2
955, 7585.0, 6, 7.934100418410042, 0.2
956, 7592.0, 7, 7.933124346917451, 0.2
957, 7598.0, 6, 7.931106471816284, 0.2
958, 7604.0, 6, 7.929092805005213, 0.2
959, 7611.0, 7, 7.928125, 0.2
960, 7617.0, 6, 7.926118626430801, 0.2
961, 7622.0, 5, 7.923076923076923, 0.2
962, 7628.0, 6, 7.921079958463136, 0.2
963, 7635.0, 7, 7.920124481327801, 0.2
964, 7641.0, 6, 7.918134715025907, 0.2
965, 7648.0, 7, 7.917184265010352, 0.2
966, 7655.0, 7, 7.916235780765254, 0.2
967, 7662.0, 7, 7.9152892561983474, 0.2
968, 7670.0, 8, 7.915376676986584, 0.2
969, 7676.0, 6, 7.91340206185567, 0.2
970, 7684.0, 8, 7.913491246138002, 0.2
971, 7690.0, 6, 7.911522633744856, 0.2
972, 7697.0, 7, 7.910585817060637, 0.2
973, 7704.0, 7, 7.909650924024641, 0.2
974, 7708.0, 4, 7.905641025641025, 0.2
975, 7715.0, 7, 7.904713114754099, 0.2
976, 7722.0, 7, 7.903787103377687, 0.2
977, 7729.0, 7, 7.902862985685071, 0.2
978, 7734.0, 5, 7.899897854954035, 0.2
979, 7735.0, 1, 7.892857142857143, 0.2
980, 7743.0, 8, 7.892966360856269, 0.2
981, 7749.0, 6, 7.891038696537678, 0.2
982, 7756.0, 7, 7.890132248219736, 0.2
983, 7763.0, 7, 7.889227642276423, 0.2
984, 7768.0, 5, 7.886294416243655, 0.2
985, 7774.0, 6, 7.8843813387423936, 0.2
986, 7779.0, 5, 7.88145896656535, 0.2
987, 7785.0, 6, 7.879554655870446, 0.2
988, 7793.0, 8, 7.879676440849343, 0.2
989, 7799.0, 6, 7.877777777777778, 0.2
990, 7807.0, 8, 7.877901109989909, 0.2
991, 7813.0, 6, 7.876008064516129, 0.2
992, 7820.0, 7, 7.875125881168177, 0.2
993, 7827.0, 7, 7.874245472837022, 0.2
994, 7831.0, 4, 7.87035175879397, 0.2
995, 7838.0, 7, 7.8694779116465865, 0.2
996, 7844.0, 6, 7.867602808425276, 0.2
997, 7850.0, 6, 7.865731462925852, 0.2
998, 7855.0, 5, 7.862862862862863, 0.2
999, 7860.0, 5, 7.86, 0.2
1000, 7866.0, 6, 7.858141858141858, 0.2
1001, 7871.0, 5, 7.855289421157685, 0.2
1002, 7876.0, 5, 7.852442671984048, 0.2
1003, 7883.0, 7, 7.851593625498008, 0.2
1004, 7889.0, 6, 7.849751243781094, 0.2
1005, 7891.0, 2, 7.843936381709741, 0.2
1006, 7897.0, 6, 7.842105263157895, 0.2
1007, 7902.0, 5, 7.839285714285714, 0.2
1008, 7909.0, 7, 7.838453914767096, 0.2
1009, 7916.0, 7, 7.8376237623762375, 0.2
1010, 7923.0, 7, 7.836795252225519, 0.2
1011, 7929.0, 6, 7.83498023715415, 0.2
1012, 7936.0, 7, 7.834155972359329, 0.2
1013, 7940.0, 4, 7.830374753451676, 0.2
1014, 7947.0, 7, 7.829556650246305, 0.2
1015, 7954.0, 7, 7.828740157480315, 0.2
1016, 7961.0, 7, 7.827925270403147, 0.2
1017, 7968.0, 7, 7.827111984282908, 0.2
1018, 7975.0, 7, 7.8263002944062805, 0.2
1019, 7981.0, 6, 7.824509803921568, 0.2
1020, 7987.0, 6, 7.822722820763957, 0.2
1021, 7992.0, 5, 7.819960861056751, 0.2
1022, 7999.0, 7, 7.819159335288368, 0.2
1023, 8007.0, 8, 7.8193359375, 0.2
1024, 8009.0, 2, 7.813658536585366, 0.2
1025, 8015.0, 6, 7.811890838206628, 0.2
1026, 8019.0, 4, 7.808179162609543, 0.2
1027, 8026.0, 7, 7.807392996108949, 0.2
1028, 8032.0, 6, 7.8056365403304175, 0.2
1029, 8039.0, 7, 7.804854368932038, 0.2
1030, 8042.0, 3, 7.80019398642095, 0.2
1031, 8050.0, 8, 7.800387596899225, 0.2
1032, 8057.0, 7, 7.799612778315586, 0.2
1033, 8064.0, 7, 7.7988394584139265, 0.2
1034, 8072.0, 8, 7.799033816425121, 0.2
1035, 8078.0, 6, 7.797297297297297, 0.2
1036, 8084.0, 6, 7.795564127290261, 0.2
1037, 8092.0, 8, 7.795761078998074, 0.2
1038, 8100.0, 8, 7.795957651588066, 0.2
1039, 8108.0, 8, 7.796153846153846, 0.2
1040, 8110.0, 2, 7.790585975024015, 0.2
1041, 8116.0, 6, 7.788867562380038, 0.2
1042, 8120.0, 4, 7.785234899328859, 0.2
1043, 8126.0, 6, 7.783524904214559, 0.2
1044, 8133.0, 7, 7.782775119617225, 0.2
1045, 8139.0, 6, 7.781070745697897, 0.2
1046, 8144.0, 5, 7.778414517669532, 0.2
1047, 8150.0, 6, 7.776717557251908, 0.2
1048, 8156.0, 6, 7.775023832221163, 0.2
1049, 8158.0, 2, 7.769523809523809, 0.2
1050, 8164.0, 6, 7.767840152235966, 0.2
1051, 8170.0, 6, 7.766159695817491, 0.2
1052, 8176.0, 6, 7.764482431149098, 0.2
1053, 8183.0, 7, 7.7637571157495255, 0.2
1054, 8186.0, 3, 7.759241706161138, 0.2
1055, 8193.0, 7, 7.7585227272727275, 0.2
1056, 8200.0, 7, 7.757805108798486, 0.2
1057, 8208.0, 8, 7.758034026465029, 0.2
1058, 8215.0, 7, 7.757318224740321, 0.2
1059, 8222.0, 7, 7.756603773584906, 0.2
1060, 8228.0, 6, 7.754948162111216, 0.2
1061, 8235.0, 7, 7.754237288135593, 0.2
1062, 8243.0, 8, 7.754468485418626, 0.2
1063, 8250.0, 7, 7.753759398496241, 0.2
1064, 8256.0, 6, 7.752112676056338, 0.2
1065, 8262.0, 6, 7.75046904315197, 0.2
1066, 8267.0, 5, 7.747891283973758, 0.2
1067, 8274.0, 7, 7.747191011235955, 0.2
1068, 8281.0, 7, 7.746492048643592, 0.2
1069, 8283.0, 2, 7.741121495327103, 0.2
1070, 8288.0, 5, 7.738562091503268, 0.2
1071, 8294.0, 6, 7.736940298507463, 0.2
1072, 8301.0, 7, 7.736253494874185, 0.2
1073, 8306.0, 5, 7.733705772811918, 0.2
1074, 8314.0, 8, 7.733953488372093, 0.2
1075, 8322.0, 8, 7.734200743494424, 0.2
1076, 8325.0, 3, 7.729805013927576, 0.2
1077, 8332.0, 7, 7.729128014842301, 0.2
1078, 8338.0, 6, 7.727525486561631, 0.2
1079, 8345.0, 7, 7.726851851851852, 0.2
1080, 8353.0, 8, 7.727104532839963, 0.2
1081, 8360.0, 7, 7.726432532347505, 0.2
1082, 8367.0, 7, 7.725761772853185, 0.2
1083, 8373.0, 6, 7.724169741697417, 0.2
1084, 8380.0, 7, 7.723502304147465, 0.2
1085, 8385.0, 5, 7.720994475138122, 0.2
1086, 8390.0, 5, 7.718491260349586, 0.2
1087, 8395.0, 5, 7.715992647058823, 0.2
1088, 8402.0, 7, 7.715335169880625, 0.2
1089, 8409.0, 7, 7.7146788990825685, 0.2
1090, 8416.0, 7, 7.7140238313473874, 0.2
1091, 8420.0, 4, 7.710622710622711, 0.2
1092, 8426.0, 6, 7.709057639524246, 0.2
1093, 8426.0, 0, 7.70201096892139, 0.2
1094, 8433.0, 7, 7.701369863013698, 0.2
1095, 8439.0, 6, 7.699817518248175, 0.2
1096, 8446.0, 7, 7.699179580674567, 0.2
1097, 8453.0, 7, 7.698542805100182, 0.2
1098, 8458.0, 5, 7.696087352138307, 0.2
1099, 8460.0, 2, 7.6909090909090905, 0.2
1100, 8466.0, 6, 7.689373297002724, 0.2
1101, 8472.0, 6, 7.687840290381125, 0.2
1102, 8479.0, 7, 7.687216681776972, 0.2
1103, 8483.0, 4, 7.683876811594203, 0.2
1104, 8483.0, 0, 7.676923076923077, 0.2
1105, 8488.0, 5, 7.674502712477396, 0.2
1106, 8494.0, 6, 7.672990063233966, 0.2
1107, 8502.0, 8, 7.6732851985559565, 0.2
1108, 8510.0, 8, 7.673579801623084, 0.2
1109, 8517.0, 7, 7.672972972972973, 0.2
1110, 8524.0, 7, 7.672367236723672, 0.2
1111, 8529.0, 5, 7.669964028776978, 0.2
1112, 8530.0, 1, 7.663971248876909, 0.2
1113, 8536.0, 6, 7.662477558348295, 0.2
1114, 8538.0, 2, 7.657399103139014, 0.2
1115, 8539.0, 1, 7.651433691756273, 0.2
1116, 8544.0, 5, 7.649059982094897, 0.2
1117, 8551.0, 7, 7.648479427549195, 0.2
1118, 8552.0, 1, 7.642537980339589, 0.2
1119, 8559.0, 7, 7.641964285714286, 0.2
1120, 8567.0, 8, 7.64228367528992, 0.2
1121, 8571.0, 4, 7.63903743315508, 0.2
1122, 8579.0, 8, 7.6393588601959035, 0.2
1123, 8585.0, 6, 7.637900355871886, 0.2
1124, 8593.0, 8, 7.638222222222222, 0.2
1125, 8601.0, 8, 7.63854351687389, 0.2
1126, 8609.0, 8, 7.638864241348713, 0.2
1127, 8613.0, 4, 7.63563829787234, 0.2
1128, 8619.0, 6, 7.634189548272808, 0.2
1129, 8624.0, 5, 7.631858407079646, 0.2
1130, 8632.0, 8, 7.632183908045977, 0.2
1131, 8638.0, 6, 7.630742049469965, 0.2
1132, 8645.0, 7, 7.630185348631951, 0.2
1133, 8652.0, 7, 7.62962962962963, 0.2
1134, 8660.0, 8, 7.629955947136564, 0.2
1135, 8667.0, 7, 7.629401408450704, 0.2
1136, 8674.0, 7, 7.628847845206685, 0.2
1137, 8680.0, 6, 7.627416520210896, 0.2
1138, 8682.0, 2, 7.622475856014048, 0.2
1139, 8686.0, 4, 7.6192982456140355, 0.2
1140, 8693.0, 7, 7.618755477651183, 0.2
1141, 8699.0, 6, 7.617338003502627, 0.2
1142, 8706.0, 7, 7.616797900262467, 0.2
1143, 8710.0, 4, 7.613636363636363, 0.2
1144, 8715.0, 5, 7.611353711790393, 0.2
1145, 8715.0, 0, 7.604712041884817, 0.2
1146, 8719.0, 4, 7.60156931124673, 0.2
1147, 8726.0, 7, 7.601045296167247, 0.2
1148, 8733.0, 7, 7.600522193211488, 0.2
1149, 8739.0, 6, 7.599130434782609, 0.2
1150, 8747.0, 8, 7.599478714161599, 0.2
1151, 8754.0, 7, 7.598958333333333, 0.2
1152, 8761.0, 7, 7.598438855160451, 0.2
1153, 8767.0, 6, 7.597053726169844, 0.2
1154, 8774.0, 7, 7.596536796536797, 0.2
1155, 8780.0, 6, 7.595155709342561, 0.2
1156, 8786.0, 6, 7.593777009507346, 0.2
1157, 8792.0, 6, 7.592400690846286, 0.2
1158, 8800.0, 8, 7.5927523727351165, 0.2
1159, 8807.0, 7, 7.5922413793103445, 0.2
1160, 8812.0, 5, 7.590008613264427, 0.2
1161, 8816.0, 4, 7.586919104991394, 0.2
1162, 8816.0, 0, 7.580395528804815, 0.2
1163, 8821.0, 5, 7.578178694158075, 0.2
1164, 8829.0, 8, 7.578540772532189, 0.2
1165, 8837.0, 8, 7.578902229845626, 0.2
1166, 8845.0, 8, 7.579263067694944, 0.2
1167, 8850.0, 5, 7.5770547945205475, 0.2
1168, 8856.0, 6, 7.575705731394354, 0.2
1169, 8863.0, 7, 7.575213675213675, 0.2
1170, 8867.0, 4, 7.572160546541418, 0.2
1171, 8873.0, 6, 7.570819112627986, 0.2
1172, 8880.0, 7, 7.570332480818414, 0.2
1173, 8886.0, 6, 7.5689948892674614, 0.2
1174, 8891.0, 5, 7.566808510638298, 0.2
1175, 8899.0, 8, 7.567176870748299, 0.2
1176, 8906.0, 7, 7.566694987255735, 0.2
1177, 8913.0, 7, 7.566213921901528, 0.2
1178, 8921.0, 8, 7.5665818490245975, 0.2
1179, 8924.0, 3, 7.562711864406779, 0.2
1180, 8930.0, 6, 7.561388653683319, 0.2
1181, 8938.0, 8, 7.56175972927242, 0.2
1182, 8944.0, 6, 7.56043956043956, 0.2
1183, 8951.0, 7, 7.559966216216216, 0.2
1184, 8957.0, 6, 7.558649789029536, 0.2
1185, 8964.0, 7, 7.558178752107926, 0.2
1186, 8966.0, 2, 7.553496208930076, 0.2
1187, 8970.0, 4, 7.55050505050505, 0.2
1188, 8977.0, 7, 7.55004205214466, 0.2
1189, 8984.0, 7, 7.549579831932773, 0.2
1190, 8991.0, 7, 7.54911838790932, 0.2
1191, 8996.0, 5, 7.546979865771812, 0.2
1192, 9003.0, 7, 7.546521374685667, 0.2
1193, 9009.0, 6, 7.545226130653266, 0.2
1194, 9011.0, 2, 7.540585774058577, 0.2
1195, 9017.0, 6, 7.539297658862877, 0.2
1196, 9024.0, 7, 7.538847117794486, 0.2
1197, 9032.0, 8, 7.539232053422371, 0.2
1198, 9036.0, 4, 7.53628023352794, 0.2
1199, 9044.0, 8, 7.536666666666667, 0.2
1200, 9051.0, 7, 7.536219816819317, 0.2
1201, 9056.0, 5, 7.534109816971714, 0.2
1202, 9061.0, 5, 7.532003325020781, 0.2
1203, 9069.0, 8, 7.532392026578073, 0.2
1204, 9074.0, 5, 7.530290456431535, 0.2
1205, 9079.0, 5, 7.528192371475954, 0.2
1206, 9086.0, 7, 7.527754763877382, 0.2
1207, 9094.0, 8, 7.5281456953642385, 0.2
1208, 9101.0, 7, 7.527708850289495, 0.2
1209, 9107.0, 6, 7.526446280991736, 0.2
1210, 9113.0, 6, 7.525185796862098, 0.2
1211, 9120.0, 7, 7.524752475247524, 0.2
1212, 9126.0, 6, 7.523495465787304, 0.2
1213, 9132.0, 6, 7.522240527182866, 0.2
1214, 9138.0, 6, 7.5209876543209875, 0.2
1215, 9146.0, 8, 7.521381578947368, 0.2
1216, 9153.0, 7, 7.520953163516845, 0.2
1217, 9160.0, 7, 7.5205254515599345, 0.2
1218, 9166.0, 6, 7.519278096800656, 0.2
1219, 9172.0, 6, 7.518032786885246, 0.2
1220, 9179.0, 7, 7.517608517608518, 0.2
1221, 9185.0, 6, 7.516366612111293, 0.2
1222, 9190.0, 5, 7.514309076042518, 0.2
1223, 9196.0, 6, 7.5130718954248366, 0.2
1224, 9203.0, 7, 7.51265306122449, 0.2
1225, 9209.0, 6, 7.511419249592169, 0.2
1226, 9215.0, 6, 7.510187449062754, 0.2
1227, 9217.0, 2, 7.505700325732899, 0.2
1228, 9223.0, 6, 7.504475183075671, 0.2
1229, 9227.0, 4, 7.501626016260163, 0.2
1230, 9235.0, 8, 7.502030869212023, 0.2
1231, 9243.0, 8, 7.502435064935065, 0.2
1232, 9245.0, 2, 7.497972424979724, 0.2
1233, 9252.0, 7, 7.4975688816855754, 0.2
1234, 9260.0, 8, 7.497975708502024, 0.2
1235, 9268.0, 8, 7.498381877022654, 0.2
1236, 9275.0, 7, 7.497978981406629, 0.2
1237, 9282.0, 7, 7.497576736672052, 0.2
1238, 9287.0, 5, 7.495560936238903, 0.2
1239, 9295.0, 8, 7.495967741935484, 0.2
1240, 9303.0, 8, 7.496373892022563, 0.2
1241, 9310.0, 7, 7.49597423510467, 0.2
1242, 9317.0, 7, 7.495575221238938, 0.2
1243, 9324.0, 7, 7.495176848874598, 0.2
1244, 9324.0, 0, 7.489156626506024, 0.2
1245, 9327.0, 3, 7.485553772070626, 0.2
1246, 9333.0, 6, 7.484362469927826, 0.2
1247, 9340.0, 7, 7.483974358974359, 0.2
1248, 9346.0, 6, 7.482786228983186, 0.2
1249, 9353.0, 7, 7.4824, 0.2
1250, 9359.0, 6, 7.481215027977618, 0.2
1251, 9365.0, 6, 7.4800319488817895, 0.2
1252, 9372.0, 7, 7.479648842777334, 0.2
1253, 9377.0, 5, 7.477671451355662, 0.2
1254, 9383.0, 6, 7.476494023904382, 0.2
1255, 9391.0, 8, 7.476910828025478, 0.2
1256, 9398.0, 7, 7.476531424025457, 0.2
1257, 9405.0, 7, 7.476152623211447, 0.2
1258, 9411.0, 6, 7.474980142970612, 0.2
1259, 9417.0, 6, 7.473809523809524, 0.2
1260, 9423.0, 6, 7.472640761300555, 0.2
1261, 9430.0, 7, 7.472266244057052, 0.2
1262, 9437.0, 7, 7.471892319873318, 0.2
1263, 9440.0, 3, 7.468354430379747, 0.2
1264, 9445.0, 5, 7.466403162055336, 0.2
1265, 9452.0, 7, 7.466034755134281, 0.2
1266, 9458.0, 6, 7.4648776637726915, 0.2
1267, 9466.0, 8, 7.465299684542587, 0.2
1268, 9471.0, 5, 7.463356973995272, 0.2
1269, 9477.0, 6, 7.462204724409449, 0.2
1270, 9483.0, 6, 7.461054287962234, 0.2
1271, 9491.0, 8, 7.461477987421383, 0.2
1272, 9497.0, 6, 7.4603299293008645, 0.2
1273, 9498.0, 1, 7.455259026687598, 0.2
1274, 9504.0, 6, 7.4541176470588235, 0.2
1275, 9511.0, 7, 7.4537617554858935, 0.2
1276, 9518.0, 7, 7.453406421299921, 0.2
1277, 9521.0, 3, 7.449921752738654, 0.2
1278, 9528.0, 7, 7.449569976544175, 0.2
1279, 9528.0, 0, 7.44375, 0.2
1280, 9535.0, 7, 7.443403590944574, 0.2
1281, 9542.0, 7, 7.443057722308892, 0.2
1282, 9548.0, 6, 7.441932969602494, 0.2
1283, 9554.0, 6, 7.440809968847352, 0.2
1284, 9562.0, 8, 7.441245136186771, 0.2
1285, 9563.0, 1, 7.436236391912908, 0.2
1286, 9571.0, 8, 7.436674436674437, 0.2
1287, 9579.0, 8, 7.437111801242236, 0.2
1288, 9587.0, 8, 7.437548487199379, 0.2
1289, 9593.0, 6, 7.4364341085271315, 0.2
1290, 9600.0, 7, 7.436096049573973, 0.2
1291, 9607.0, 7, 7.435758513931889, 0.2
1292, 9608.0, 1, 7.430781129156999, 0.2
1293, 9614.0, 6, 7.42967542503864, 0.2
1294, 9617.0, 3, 7.4262548262548265, 0.2
1295, 9622.0, 5, 7.424382716049383, 0.2
1296, 9629.0, 7, 7.424055512721665, 0.2
1297, 9635.0, 6, 7.422958397534669, 0.2
1298, 9642.0, 7, 7.422632794457275, 0.2
1299, 9648.0, 6, 7.421538461538462, 0.2
1300, 9653.0, 5, 7.41967717140661, 0.2
1301, 9659.0, 6, 7.418586789554531, 0.2
1302, 9665.0, 6, 7.417498081350729, 0.2
1303, 9671.0, 6, 7.416411042944786, 0.2
1304, 9674.0, 3, 7.413026819923371, 0.2
1305, 9680.0, 6, 7.411944869831546, 0.2
1306, 9688.0, 8, 7.412394797245601, 0.2
1307, 9695.0, 7, 7.412079510703364, 0.2
1308, 9701.0, 6, 7.41100076394194, 0.2
1309, 9706.0, 5, 7.409160305343511, 0.2
1310, 9710.0, 4, 7.406559877955759, 0.2
1311, 9713.0, 3, 7.403201219512195, 0.2
1312, 9719.0, 6, 7.402132520944402, 0.2
1313, 9725.0, 6, 7.401065449010654, 0.2
1314, 9731.0, 6, 7.4, 0.2
1315, 9737.0, 6, 7.398936170212766, 0.2
1316, 9743.0, 6, 7.397873955960517, 0.2
1317, 9747.0, 4, 7.395295902883157, 0.2
1318, 9753.0, 6, 7.394238059135709, 0.2
1319, 9758.0, 5, 7.392424242424243, 0.2
1320, 9760.0, 2, 7.388342165026495, 0.2
1321, 9767.0, 7, 7.3880484114977305, 0.2
1322, 9773.0, 6, 7.3869992441421015, 0.2
1323, 9780.0, 7, 7.386706948640484, 0.2
1324, 9784.0, 4, 7.384150943396226, 0.2
1325, 9789.0, 5, 7.382352941176471, 0.2
1326, 9795.0, 6, 7.38131122833459, 0.2
1327, 9803.0, 8, 7.381777108433735, 0.2
1328, 9808.0, 5, 7.379984951091046, 0.2
1329, 9816.0, 8, 7.380451127819549, 0.2
1330, 9821.0, 5, 7.378662659654395, 0.2
1331, 9828.0, 7, 7.378378378378378, 0.2
1332, 9832.0, 4, 7.375843960990248, 0.2
1333, 9839.0, 7, 7.375562218890555, 0.2
1334, 9843.0, 4, 7.373033707865169, 0.2
1335, 9845.0, 2, 7.369011976047904, 0.2
1336, 9850.0, 5, 7.367240089753179, 0.2
1337, 9855.0, 5, 7.365470852017937, 0.2
1338, 9862.0, 7, 7.36519790888723, 0.2
1339, 9865.0, 3, 7.361940298507463, 0.2
1340, 9869.0, 4, 7.359433258762118, 0.2
1341, 9872.0, 3, 7.35618479880775, 0.2
1342, 9877.0, 5, 7.3544303797468356, 0.2
1343, 9882.0, 5, 7.352678571428571, 0.2
1344, 9890.0, 8, 7.353159851301116, 0.2
1345, 9897.0, 7, 7.352897473997028, 0.2
1346, 9901.0, 4, 7.350408314773571, 0.2
1347, 9909.0, 8, 7.350890207715134, 0.2
1348, 9914.0, 5, 7.349147516679022, 0.2
1349, 9920.0, 6, 7.348148148148148, 0.2
1350, 9926.0, 6, 7.347150259067358, 0.2
1351, 9933.0, 7, 7.34689349112426, 0.2
1352, 9939.0, 6, 7.34589800443459, 0.2
1353, 9945.0, 6, 7.344903988183161, 0.2
1354, 9953.0, 8, 7.3453874538745385, 0.2
1355, 9961.0, 8, 7.345870206489676, 0.2
1356, 9966.0, 5, 7.344141488577745, 0.2
1357, 9973.0, 7, 7.343888070692194, 0.2
1358, 9979.0, 6, 7.34289919058131, 0.2
1359, 9986.0, 7, 7.3426470588235295, 0.2
1360, 9993.0, 7, 7.342395297575313, 0.2
1361, 10000.0, 7, 7.342143906020558, 0.2
1362, 10000.0, 0, 7.336757153338224, 0.2
1363, 10008.0, 8, 7.3372434017595305, 0.2
1364, 10014.0, 6, 7.336263736263736, 0.2
1365, 10019.0, 5, 7.3345534407027815, 0.2
1366, 10026.0, 7, 7.334308705193855, 0.2
1367, 10033.0, 7, 7.33406432748538, 0.2
1368, 10040.0, 7, 7.33382030679328, 0.2
1369, 10046.0, 6, 7.3328467153284675, 0.2
1370, 10053.0, 7, 7.332603938730854, 0.2
1371, 10061.0, 8, 7.3330903790087465, 0.2
1372, 10069.0, 8, 7.333576110706482, 0.2
1373, 10076.0, 7, 7.333333333333333, 0.2
1374, 10082.0, 6, 7.332363636363636, 0.2
1375, 10088.0, 6, 7.3313953488372094, 0.2
1376, 10094.0, 6, 7.33042846768337, 0.2
1377, 10099.0, 5, 7.328737300435414, 0.2
1378, 10107.0, 8, 7.329224075416969, 0.2
1379, 10114.0, 7, 7.328985507246377, 0.2
1380, 10122.0, 8, 7.329471397538016, 0.2
1381, 10129.0, 7, 7.329232995658466, 0.2
1382, 10136.0, 7, 7.328994938539407, 0.2
1383, 10138.0, 2, 7.32514450867052, 0.2
1384, 10145.0, 7, 7.324909747292419, 0.2
1385, 10151.0, 6, 7.323953823953824, 0.2
1386, 10156.0, 5, 7.322278298485941, 0.2
1387, 10163.0, 7, 7.322046109510087, 0.2
1388, 10170.0, 7, 7.3218142548596115, 0.2
1389, 10177.0, 7, 7.321582733812949, 0.2
1390, 10181.0, 4, 7.319194823867721, 0.2
1391, 10185.0, 4, 7.316810344827586, 0.2
1392, 10192.0, 7, 7.316582914572864, 0.2
1393, 10199.0, 7, 7.31635581061693, 0.2
1394, 10204.0, 5, 7.3146953405017925, 0.2
1395, 10210.0, 6, 7.313753581661891, 0.2
1396, 10217.0, 7, 7.313528990694345, 0.2
1397, 10222.0, 5, 7.311874105865522, 0.2
1398, 10227.0, 5, 7.3102215868477485, 0.2
1399, 10234.0, 7, 7.31, 0.2
1400, 10240.0, 6, 7.309064953604568, 0.2
1401, 10247.0, 7, 7.308844507845935, 0.2
1402, 10253.0, 6, 7.307911617961511, 0.2
1403, 10260.0, 7, 7.3076923076923075, 0.2
1404, 10267.0, 7, 7.307473309608541, 0.2
1405, 10273.0, 6, 7.3065433854907536, 0.2
1406, 10278.0, 5, 7.3049040511727075, 0.2
1407, 10280.0, 2, 7.301136363636363, 0.2
1408, 10286.0, 6, 7.300212916962384, 0.2
1409, 10292.0, 6, 7.299290780141844, 0.2
1410, 10298.0, 6, 7.2983699503897945, 0.2
1411, 10306.0, 8, 7.298866855524079, 0.2
1412, 10313.0, 7, 7.298655343241331, 0.2
1413, 10319.0, 6, 7.297736916548797, 0.2
1414, 10324.0, 5, 7.296113074204947, 0.2
1415, 10329.0, 5, 7.294491525423729, 0.2
1416, 10333.0, 4, 7.292166549047283, 0.2
1417, 10338.0, 5, 7.290550070521862, 0.2
1418, 10342.0, 4, 7.288231148696265, 0.2
1419, 10348.0, 6, 7.2873239436619714, 0.2
1420, 10356.0, 8, 7.287825475017593, 0.2
1421, 10360.0, 4, 7.285513361462729, 0.2
1422, 10365.0, 5, 7.2839072382290935, 0.2
1423, 10368.0, 3, 7.280898876404494, 0.2
1424, 10375.0, 7, 7.280701754385965, 0.2
1425, 10380.0, 5, 7.2791023842917255, 0.2
1426, 10383.0, 3, 7.276103714085494, 0.2
1427, 10391.0, 8, 7.276610644257703, 0.2
1428, 10396.0, 5, 7.275017494751575, 0.2
1429, 10404.0, 8, 7.275524475524476, 0.2
1430, 10412.0, 8, 7.276030747728861, 0.2
1431, 10417.0, 5, 7.274441340782123, 0.2
1432, 10424.0, 7, 7.2742498255408234, 0.2
1433, 10428.0, 4, 7.2719665271966525, 0.2
1434, 10436.0, 8, 7.272473867595819, 0.2
1435, 10443.0, 7, 7.272284122562674, 0.2
1436, 10449.0, 6, 7.271398747390396, 0.2
1437, 10456.0, 7, 7.271210013908206, 0.2
1438, 10464.0, 8, 7.271716469770674, 0.2
1439, 10470.0, 6, 7.270833333333333, 0.2
1440, 10473.0, 3, 7.267869535045108, 0.2
1441, 10480.0, 7, 7.267683772538142, 0.2
1442, 10487.0, 7, 7.267498267498268, 0.2
1443, 10492.0, 5, 7.265927977839335, 0.2
1444, 10499.0, 7, 7.265743944636678, 0.2
1445, 10505.0, 6, 7.264868603042877, 0.2
1446, 10513.0, 8, 7.265376641326883, 0.2
1447, 10519.0, 6, 7.264502762430939, 0.2
1448, 10524.0, 5, 7.262939958592132, 0.2
1449, 10532.0, 8, 7.263448275862069, 0.2
1450, 10540.0, 8, 7.26395589248794, 0.2
1451, 10547.0, 7, 7.263774104683195, 0.2
1452, 10551.0, 4, 7.261527873365451, 0.2
1453, 10558.0, 7, 7.261348005502064, 0.2
1454, 10563.0, 5, 7.25979381443299, 0.2
1455, 10569.0, 6, 7.258928571428571, 0.2
1456, 10576.0, 7, 7.2587508579272475, 0.2
1457, 10582.0, 6, 7.257887517146776, 0.2
1458, 10588.0, 6, 7.257025359835504, 0.2
1459, 10594.0, 6, 7.256164383561644, 0.2
1460, 10597.0, 3, 7.253251197809719, 0.2
1461, 10603.0, 6, 7.2523939808481535, 0.2
1462, 10610.0, 7, 7.252221462747778, 0.2
1463, 10617.0, 7, 7.252049180327869, 0.2
1464, 10624.0, 7, 7.251877133105802, 0.2
1465, 10632.0, 8, 7.252387448840382, 0.2
1466, 10637.0, 5, 7.250852079072938, 0.2
1467, 10645.0, 8, 7.251362397820164, 0.2
1468, 10650.0, 5, 7.249829816201498, 0.2
1469, 10652.0, 2, 7.246258503401361, 0.2
1470, 10659.0, 7, 7.246091094493542, 0.2
1471, 10667.0, 8, 7.246603260869565, 0.2
1472, 10675.0, 8, 7.247114731839782, 0.2
1473, 10681.0, 6, 7.246268656716418, 0.2
1474, 10687.0, 6, 7.2454237288135594, 0.2
1475, 10691.0, 4, 7.243224932249323, 0.2
1476, 10698.0, 7, 7.243060257278267, 0.2
1477, 10706.0, 8, 7.243572395128552, 0.2
1478, 10713.0, 7, 7.243407707910751, 0.2
1479, 10719.0, 6, 7.242567567567567, 0.2
1480, 10726.0, 7, 7.2424037812289, 0.2
1481, 10734.0, 8, 7.242914979757085, 0.2
1482, 10740.0, 6, 7.242076871207013, 0.2
1483, 10741.0, 1, 7.237870619946092, 0.2
1484, 10747.0, 6, 7.237037037037037, 0.2
1485, 10755.0, 8, 7.237550471063257, 0.2
1486, 10761.0, 6, 7.236718224613315, 0.2
1487, 10767.0, 6, 7.235887096774194, 0.2
1488, 10775.0, 8, 7.236400268636669, 0.2
1489, 10781.0, 6, 7.235570469798658, 0.2
1490, 10783.0, 2, 7.232059020791415, 0.2
1491, 10789.0, 6, 7.231233243967829, 0.2
1492, 10795.0, 6, 7.230408573342264, 0.2
1493, 10800.0, 5, 7.228915662650603, 0.2
1494, 10806.0, 6, 7.22809364548495, 0.2
1495, 10811.0, 5, 7.226604278074866, 0.2
1496, 10818.0, 7, 7.226452905811623, 0.2
1497, 10825.0, 7, 7.22630173564753, 0.2
1498, 10832.0, 7, 7.226150767178119, 0.2
1499, 10838.0, 6, 7.225333333333333, 0.2
1500, 10843.0, 5, 7.223850766155896, 0.2
1501, 10847.0, 4, 7.221704394141145, 0.2
1502, 10853.0, 6, 7.220891550232867, 0.2
1503, 10858.0, 5, 7.219414893617022, 0.2
1504, 10866.0, 8, 7.219933554817276, 0.2
1505, 10873.0, 7, 7.219787516600266, 0.2
1506, 10881.0, 8, 7.220305242203052, 0.2
1507, 10888.0, 7, 7.220159151193634, 0.2
1508, 10894.0, 6, 7.219350563286945, 0.2
1509, 10898.0, 4, 7.217218543046358, 0.2
1510, 10904.0, 6, 7.2164129715420255, 0.2
1511, 10911.0, 7, 7.216269841269841, 0.2
1512, 10919.0, 8, 7.216787838730998, 0.2
1513, 10926.0, 7, 7.21664464993395, 0.2
1514, 10931.0, 5, 7.215181518151815, 0.2
1515, 10939.0, 8, 7.215699208443271, 0.2
1516, 10947.0, 8, 7.216216216216216, 0.2
1517, 10953.0, 6, 7.215415019762846, 0.2
1518, 10960.0, 7, 7.215273206056616, 0.2
1519, 10960.0, 0, 7.2105263157894735, 0.2
1520, 10967.0, 7, 7.210387902695595, 0.2
1521, 10973.0, 6, 7.209592641261498, 0.2
1522, 10980.0, 7, 7.209455022980959, 0.2
1523, 10981.0, 1, 7.205380577427822, 0.2
1524, 10981.0, 0, 7.200655737704918, 0.2
1525, 10989.0, 8, 7.2011795543905635, 0.2
1526, 10996.0, 7, 7.201047806155861, 0.2
1527, 11003.0, 7, 7.200916230366492, 0.2
1528, 11010.0, 7, 7.2007848266841075, 0.2
1529, 11017.0, 7, 7.200653594771242, 0.2
1530, 11023.0, 6, 7.199869366427172, 0.2
1531, 11030.0, 7, 7.199738903394256, 0.2
1532, 11036.0, 6, 7.198956294846706, 0.2
1533, 11041.0, 5, 7.197522816166884, 0.2
1534, 11047.0, 6, 7.196742671009772, 0.2
1535, 11053.0, 6, 7.195963541666667, 0.2
1536, 11061.0, 8, 7.196486662329213, 0.2
1537, 11069.0, 8, 7.197009102730819, 0.2
1538, 11071.0, 2, 7.193632228719948, 0.2
1539, 11077.0, 6, 7.192857142857143, 0.2
1540, 11083.0, 6, 7.192083062946139, 0.2
1541, 11090.0, 7, 7.191958495460441, 0.2
1542, 11098.0, 8, 7.19248217757615, 0.2
1543, 11106.0, 8, 7.19300518134715, 0.2
1544, 11113.0, 7, 7.1928802588996765, 0.2
1545, 11119.0, 6, 7.192108667529108, 0.2
1546, 11126.0, 7, 7.191984486102133, 0.2
1547, 11133.0, 7, 7.191860465116279, 0.2
1548, 11139.0, 6, 7.19109102646869, 0.2
1549, 11145.0, 6, 7.190322580645161, 0.2
1550, 11151.0, 6, 7.189555125725338, 0.2
1551, 11155.0, 4, 7.1875, 0.2
1552, 11163.0, 8, 7.188023180940116, 0.2
1553, 11166.0, 3, 7.185328185328185, 0.2
1554, 11172.0, 6, 7.1845659163987134, 0.2
1555, 11177.0, 5, 7.183161953727506, 0.2
1556, 11184.0, 7, 7.1830443159922925, 0.2
1557, 11191.0, 7, 7.182926829268292, 0.2
1558, 11196.0, 5, 7.181526619627967, 0.2
1559, 11203.0, 7, 7.181410256410256, 0.2
1560, 11210.0, 7, 7.181294042280589, 0.2
1561, 11216.0, 6, 7.180537772087068, 0.2
1562, 11221.0, 5, 7.1791426743442095, 0.2
1563, 11229.0, 8, 7.179667519181586, 0.2
1564, 11236.0, 7, 7.179552715654952, 0.2
1565, 11244.0, 8, 7.180076628352491, 0.2
1566, 11249.0, 5, 7.178685386088066, 0.2
1567, 11256.0, 7, 7.178571428571429, 0.2
1568, 11259.0, 3, 7.175908221797323, 0.2
1569, 11266.0, 7, 7.1757961783439494, 0.2
1570, 11266.0, 0, 7.171228516868236, 0.2
1571, 11273.0, 7, 7.171119592875318, 0.2
1572, 11279.0, 6, 7.170375079465988, 0.2
1573, 11282.0, 3, 7.167725540025413, 0.2
1574, 11289.0, 7, 7.167619047619048, 0.2
1575, 11296.0, 7, 7.16751269035533, 0.2
1576, 11304.0, 8, 7.168040583386176, 0.2
1577, 11310.0, 6, 7.167300380228137, 0.2
1578, 11311.0, 1, 7.163394553514883, 0.2
1579, 11317.0, 6, 7.162658227848102, 0.2
1580, 11321.0, 4, 7.160657811511702, 0.2
1581, 11329.0, 8, 7.1611883691529705, 0.2
1582, 11335.0, 6, 7.160454832596336, 0.2
1583, 11341.0, 6, 7.159722222222222, 0.2
1584, 11346.0, 5, 7.158359621451104, 0.2
1585, 11354.0, 8, 7.158890290037831, 0.2
1586, 11361.0, 7, 7.158790170132325, 0.2
1587, 11368.0, 7, 7.158690176322418, 0.2
1588, 11375.0, 7, 7.158590308370044, 0.2
1589, 11383.0, 8, 7.159119496855346, 0.2
1590, 11391.0, 8, 7.159648020113137, 0.2
1591, 11395.0, 4, 7.157663316582915, 0.2
1592, 11402.0, 7, 7.157564344005022, 0.2
1593, 11410.0, 8, 7.158092848180678, 0.2
1594, 11416.0, 6, 7.157366771159874, 0.2
1595, 11423.0, 7, 7.1572681704260654, 0.2
1596, 11429.0, 6, 7.156543519098309, 0.2
1597, 11435.0, 6, 7.155819774718398, 0.2
1598, 11440.0, 5, 7.154471544715447, 0.2
1599, 11446.0, 6, 7.15375, 0.2
1600, 11452.0, 6, 7.153029356652093, 0.2
1601, 11458.0, 6, 7.15230961298377, 0.2
1602, 11463.0, 5, 7.150966936993138, 0.2
1603, 11469.0, 6, 7.1502493765586035, 0.2
1604, 11473.0, 4, 7.14828660436137, 0.2
1605, 11478.0, 5, 7.146948941469489, 0.2
1606, 11484.0, 6, 7.146235220908525, 0.2
1607, 11491.0, 7, 7.1461442786069655, 0.2
1608, 11496.0, 5, 7.144810441267868, 0.2
1609, 11499.0, 3, 7.1422360248447205, 0.2
1610, 11506.0, 7, 7.142147734326505, 0.2
1611, 11507.0, 1, 7.13833746898263, 0.2
1612, 11507.0, 0, 7.133911965282083, 0.2
1613, 11514.0, 7, 7.133828996282528, 0.2
1614, 11522.0, 8, 7.1343653250773995, 0.2
1615, 11529.0, 7, 7.134282178217822, 0.2
1616, 11536.0, 7, 7.134199134199134, 0.2
1617, 11543.0, 7, 7.134116192830655, 0.2
1618, 11550.0, 7, 7.134033353922174, 0.2
1619, 11556.0, 6, 7.133333333333334, 0.2
1620, 11562.0, 6, 7.1326341764342995, 0.2
1621, 11567.0, 5, 7.131319358816276, 0.2
1622, 11573.0, 6, 7.130622304374615, 0.2
1623, 11579.0, 6, 7.129926108374384, 0.2
1624, 11582.0, 3, 7.127384615384615, 0.2
1625, 11589.0, 7, 7.127306273062731, 0.2
1626, 11591.0, 2, 7.124154886293792, 0.2
1627, 11595.0, 4, 7.122235872235872, 0.2
1628, 11602.0, 7, 7.122160834868017, 0.2
1629, 11610.0, 8, 7.122699386503068, 0.2
1630, 11617.0, 7, 7.122624156958921, 0.2
1631, 11625.0, 8, 7.123161764705882, 0.2
1632, 11631.0, 6, 7.1224739742804655, 0.2
1633, 11638.0, 7, 7.122399020807833, 0.2
1634, 11645.0, 7, 7.122324159021407, 0.2
1635, 11653.0, 8, 7.122860635696822, 0.2
1636, 11658.0, 5, 7.121563836285889, 0.2
1637, 11659.0, 1, 7.117826617826617, 0.2
1638, 11661.0, 2, 7.11470408785845, 0.2
1639, 11668.0, 7, 7.114634146341463, 0.2
1640, 11673.0, 5, 7.113345521023766, 0.2
1641, 11679.0, 6, 7.112667478684531, 0.2
1642, 11684.0, 5, 7.111381618989653, 0.2
1643, 11690.0, 6, 7.1107055961070555, 0.2
1644, 11690.0, 0, 7.1063829787234045, 0.2
1645, 11697.0, 7, 7.106318347509113, 0.2
1646, 11697.0, 0, 7.10200364298725, 0.2
1647, 11704.0, 7, 7.101941747572815, 0.2
1648, 11709.0, 5, 7.100667070952092, 0.2
1649, 11716.0, 7, 7.100606060606061, 0.2
1650, 11718.0, 2, 7.097516656571774, 0.2
1651, 11725.0, 7, 7.0974576271186445, 0.2
1652, 11733.0, 8, 7.098003629764065, 0.2
1653, 11740.0, 7, 7.097944377267231, 0.2
1654, 11746.0, 6, 7.0972809667673715, 0.2
1655, 11751.0, 5, 7.096014492753623, 0.2
1656, 11758.0, 7, 7.095956547978274, 0.2
1657, 11763.0, 5, 7.094692400482509, 0.2
1658, 11768.0, 5, 7.093429776974081, 0.2
1659, 11772.0, 4, 7.091566265060241, 0.2
1660, 11777.0, 5, 7.090307043949428, 0.2
1661, 11785.0, 8, 7.090854392298436, 0.2
1662, 11792.0, 7, 7.090799759470836, 0.2
1663, 11796.0, 4, 7.0889423076923075, 0.2
1664, 11801.0, 5, 7.087687687687688, 0.2
1665, 11809.0, 8, 7.088235294117647, 0.2
1666, 11810.0, 1, 7.084583083383324, 0.2
1667, 11815.0, 5, 7.083333333333333, 0.2
1668, 11822.0, 7, 7.083283403235471, 0.2
1669, 11828.0, 6, 7.082634730538922, 0.2
1670, 11828.0, 0, 7.078396169958109, 0.2
1671, 11834.0, 6, 7.077751196172249, 0.2
1672, 11842.0, 8, 7.078302450687388, 0.2
1673, 11850.0, 8, 7.078853046594982, 0.2
1674, 11858.0, 8, 7.079402985074627, 0.2
1675, 11865.0, 7, 7.079355608591886, 0.2
1676, 11865.0, 0, 7.075134168157424, 0.2
1677, 11871.0, 6, 7.074493444576877, 0.2
1678, 11875.0, 4, 7.072662298987493, 0.2
1679, 11876.0, 1, 7.069047619047619, 0.2
1680, 11884.0, 8, 7.069601427721595, 0.2
1681, 11892.0, 8, 7.070154577883472, 0.2
1682, 11894.0, 2, 7.067142008318479, 0.2
1683, 11899.0, 5, 7.065914489311164, 0.2
1684, 11899.0, 0, 7.061721068249258, 0.2
1685, 11905.0, 6, 7.061091340450771, 0.2
1686, 11911.0, 6, 7.060462359217546, 0.2
1687, 11919.0, 8, 7.061018957345971, 0.2
1688, 11926.0, 7, 7.060982830076969, 0.2
1689, 11933.0, 7, 7.06094674556213, 0.2
1690, 11937.0, 4, 7.059136605558841, 0.2
1691, 11944.0, 7, 7.0591016548463354, 0.2
1692, 11952.0, 8, 7.05965741287655, 0.2
1693, 11957.0, 5, 7.058441558441558, 0.2
1694, 11958.0, 1, 7.054867256637168, 0.2
1695, 11966.0, 8, 7.055424528301887, 0.2
1696, 11973.0, 7, 7.055391868002357, 0.2
1697, 11981.0, 8, 7.055948174322733, 0.2
1698, 11986.0, 5, 7.05473808122425, 0.2
1699, 11993.0, 7, 7.054705882352941, 0.2
1700, 12000.0, 7, 7.054673721340388, 0.2
1701, 12007.0, 7, 7.054641598119859, 0.2
1702, 12012.0, 5, 7.0534351145038165, 0.2
1703, 12020.0, 8, 7.053990610328638, 0.2
1704, 12026.0, 6, 7.053372434017596, 0.2
1705, 12033.0, 7, 7.053341148886283, 0.2
1706, 12040.0, 7, 7.053309900410076, 0.2
1707, 12046.0, 6, 7.052693208430913, 0.2
1708, 12052.0, 6, 7.052077238150965, 0.2
1709, 12058.0, 6, 7.051461988304093, 0.2
1710, 12064.0, 6, 7.0508474576271185, 0.2
1711, 12066.0, 2, 7.047897196261682, 0.2
1712, 12073.0, 7, 7.047869235259778, 0.2
1713, 12079.0, 6, 7.0472578763127185, 0.2
1714, 12085.0, 6, 7.0466472303206995, 0.2
1715, 12091.0, 6, 7.046037296037296, 0.2
1716, 12098.0, 7, 7.0460104834012816, 0.2
1717, 12104.0, 6, 7.045401629802096, 0.2
1718, 12107.0, 3, 7.04304828388598, 0.2
1719, 12115.0, 8, 7.0436046511627906, 0.2
1720, 12122.0, 7, 7.043579314352121, 0.2
1721, 12128.0, 6, 7.042973286875726, 0.2
1722, 12134.0, 6, 7.042367962855485, 0.2
1723, 12142.0, 8, 7.0429234338747095, 0.2
1724, 12146.0, 4, 7.041159420289855, 0.2
1725, 12151.0, 5, 7.039976825028969, 0.2
1726, 12158.0, 7, 7.039953676896352, 0.2
1727, 12165.0, 7, 7.039930555555555, 0.2
1728, 12168.0, 3, 7.037593984962406, 0.2
1729, 12175.0, 7, 7.03757225433526, 0.2
1730, 12181.0, 6, 7.0369728480647025, 0.2
1731, 12187.0, 6, 7.036374133949192, 0.2
1732, 12195.0, 8, 7.036930178880554, 0.2
1733, 12202.0, 7, 7.036908881199539, 0.2
1734, 12208.0, 6, 7.0363112391930835, 0.2
1735, 12215.0, 7, 7.036290322580645, 0.2
1736, 12222.0, 7, 7.036269430051814, 0.2
1737, 12228.0, 6, 7.035673187571922, 0.2
1738, 12236.0, 8, 7.036227717078781, 0.2
1739, 12243.0, 7, 7.036206896551724, 0.2
1740, 12249.0, 6, 7.035611717403791, 0.2
1741, 12249.0, 0, 7.031572904707233, 0.2
1742, 12252.0, 3, 7.029259896729776, 0.2
1743, 12256.0, 4, 7.027522935779817, 0.2
1744, 12263.0, 7, 7.027507163323782, 0.2
1745, 12267.0, 4, 7.025773195876289, 0.2
1746, 12273.0, 6, 7.025186033199771, 0.2
1747, 12281.0, 8, 7.025743707093821, 0.2
1748, 12287.0, 6, 7.0251572327044025, 0.2
1749, 12294.0, 7, 7.025142857142857, 0.2
1750, 12300.0, 6, 7.024557395773844, 0.2
1751, 12301.0, 1, 7.021118721461187, 0.2
1752, 12307.0, 6, 7.0205362236166575, 0.2
1753, 12313.0, 6, 7.019954389965792, 0.2
1754, 12320.0, 7, 7.01994301994302, 0.2
1755, 12320.0, 0, 7.015945330296128, 0.2
1756, 12327.0, 7, 7.01593625498008, 0.2
1757, 12333.0, 6, 7.015358361774744, 0.2
1758, 12339.0, 6, 7.014781125639568, 0.2
1759, 12347.0, 8, 7.015340909090909, 0.2
1760, 12352.0, 5, 7.01419647927314, 0.2
1761, 12359.0, 7, 7.014188422247446, 0.2
1762, 12366.0, 7, 7.014180374361883, 0.2
1763, 12373.0, 7, 7.014172335600907, 0.2
1764, 12380.0, 7, 7.014164305949008, 0.2
1765, 12384.0, 4, 7.012457531143828, 0.2
1766, 12391.0, 7, 7.012450481041313, 0.2
1767, 12399.0, 8, 7.013009049773756, 0.2
1768, 12404.0, 5, 7.011871113623516, 0.2
1769, 12412.0, 8, 7.012429378531073, 0.2
1770, 12413.0, 1, 7.009034443817052, 0.2
1771, 12420.0, 7, 7.00902934537246, 0.2
1772, 12423.0, 3, 7.006768189509306, 0.2
1773, 12424.0, 1, 7.003382187147689, 0.2
1774, 12431.0, 7, 7.0033802816901405, 0.2
1775, 12438.0, 7, 7.003378378378378, 0.2
1776, 12444.0, 6, 7.002813731007316, 0.2
1777, 12449.0, 5, 7.0016872890888635, 0.2
1778, 12455.0, 6, 7.001124227093873, 0.2
1779, 12461.0, 6, 7.000561797752809, 0.2
1780, 12468.0, 7, 7.000561482313307, 0.2
1781, 12473.0, 5, 6.999438832772166, 0.2
1782, 12481.0, 8, 7.0, 0.2
1783, 12486.0, 5, 6.998878923766816, 0.2
1784, 12491.0, 5, 6.997759103641457, 0.2
1785, 12494.0, 3, 6.995520716685331, 0.2
1786, 12501.0, 7, 6.995523223279239, 0.2
1787, 12508.0, 7, 6.995525727069351, 0.2
1788, 12508.0, 0, 6.991615427613191, 0.2
1789, 12514.0, 6, 6.991061452513966, 0.2
1790, 12520.0, 6, 6.990508096035734, 0.2
1791, 12526.0, 6, 6.989955357142857, 0.2
1792, 12532.0, 6, 6.989403234802007, 0.2
1793, 12538.0, 6, 6.988851727982163, 0.2
1794, 12543.0, 5, 6.98774373259053, 0.2
1795, 12551.0, 8, 6.9883073496659245, 0.2
1796, 12557.0, 6, 6.987757373400111, 0.2
1797, 12563.0, 6, 6.987208008898777, 0.2
1798, 12569.0, 6, 6.9866592551417455, 0.2
1799, 12577.0, 8, 6.987222222222222, 0.2
1800, 12583.0, 6, 6.986674069961133, 0.2
1801, 12591.0, 8, 6.987236403995561, 0.2
1802, 12598.0, 7, 6.987243483083749, 0.2
1803, 12602.0, 4, 6.9855875831485585, 0.2
1804, 12606.0, 4, 6.98393351800554, 0.2
1805, 12613.0, 7, 6.983942414174972, 0.2
1806, 12620.0, 7, 6.983951300498063, 0.2
1807, 12628.0, 8, 6.984513274336283, 0.2
1808, 12634.0, 6, 6.983969043670537, 0.2
1809, 12641.0, 7, 6.983977900552486, 0.2
1810, 12647.0, 6, 6.983434566537825, 0.2
1811, 12652.0, 5, 6.9823399558498895, 0.2
1812, 12660.0, 8, 6.982901268615555, 0.2
1813, 12667.0, 7, 6.9829106945975745, 0.2
1814, 12673.0, 6, 6.982369146005509, 0.2
1815, 12678.0, 5, 6.9812775330396475, 0.2
1816, 12684.0, 6, 6.980737479361585, 0.2
1817, 12690.0, 6, 6.98019801980198, 0.2
1818, 12698.0, 8, 6.980758658603628, 0.2
1819, 12706.0, 8, 6.981318681318681, 0.2
1820, 12714.0, 8, 6.981878088962109, 0.2
1821, 12722.0, 8, 6.982436882546652, 0.2
1822, 12728.0, 6, 6.981897970378497, 0.2
1823, 12730.0, 2, 6.979166666666667, 0.2
1824, 12733.0, 3, 6.976986301369863, 0.2
1825, 12739.0, 6, 6.97645125958379, 0.2
1826, 12745.0, 6, 6.975916803503011, 0.2
1827, 12751.0, 6, 6.975382932166302, 0.2
1828, 12758.0, 7, 6.975396391470749, 0.2
1829, 12764.0, 6, 6.974863387978142, 0.2
1830, 12770.0, 6, 6.974330966684872, 0.2
1831, 12771.0, 1, 6.971069868995633, 0.2
1832, 12779.0, 8, 6.971631205673759, 0.2
1833, 12787.0, 8, 6.972191930207197, 0.2
1834, 12795.0, 8, 6.9727520435967305, 0.2
1835, 12798.0, 3, 6.970588235294118, 0.2
1836, 12805.0, 7, 6.970604246053348, 0.2
1837, 12811.0, 6, 6.970076169749728, 0.2
1838, 12819.0, 8, 6.970636215334421, 0.2
1839, 12826.0, 7, 6.970652173913043, 0.2
1840, 12830.0, 4, 6.969038565996741, 0.2
1841, 12834.0, 4, 6.96742671009772, 0.2
1842, 12842.0, 8, 6.967986977753663, 0.2
1843, 12842.0, 0, 6.964208242950108, 0.2
1844, 12848.0, 6, 6.963685636856368, 0.2
1845, 12854.0, 6, 6.963163596966414, 0.2
1846, 12859.0, 5, 6.962100703844071, 0.2
1847, 12863.0, 4, 6.9604978354978355, 0.2
1848, 12869.0, 6, 6.959978366684695, 0.2
1849, 12874.0, 5, 6.958918918918919, 0.2
1850, 12880.0, 6, 6.958400864397623, 0.2
1851, 12887.0, 7, 6.958423326133909, 0.2
1852, 12893.0, 6, 6.957906098219104, 0.2
1853, 12898.0, 5, 6.9568500539374325, 0.2
1854, 12901.0, 3, 6.9547169811320755, 0.2
1855, 12901.0, 0, 6.950969827586207, 0.2
1856, 12909.0, 8, 6.951534733441034, 0.2
1857, 12915.0, 6, 6.951022604951561, 0.2
1858, 12921.0, 6, 6.950511027434104, 0.2
1859, 12928.0, 7, 6.950537634408602, 0.2
1860, 12933.0, 5, 6.9494895217624935, 0.2
1861, 12941.0, 8, 6.950053705692803, 0.2
1862, 12949.0, 8, 6.950617283950617, 0.2
1863, 12955.0, 6, 6.950107296137339, 0.2
1864, 12962.0, 7, 6.950134048257373, 0.2
1865, 12970.0, 8, 6.95069667738478, 0.2
1866, 12978.0, 8, 6.951258703802893, 0.2
1867, 12986.0, 8, 6.951820128479658, 0.2
1868, 12993.0, 7, 6.951845906902086, 0.2
1869, 12999.0, 6, 6.951336898395722, 0.2
1870, 13004.0, 5, 6.950293960448958, 0.2
1871, 13008.0, 4, 6.948717948717949, 0.2
1872, 13014.0, 6, 6.948211425520555, 0.2
1873, 13020.0, 6, 6.9477054429028815, 0.2
1874, 13027.0, 7, 6.947733333333334, 0.2
1875, 13034.0, 7, 6.947761194029851, 0.2
1876, 13038.0, 4, 6.946190729888119, 0.2
1877, 13045.0, 7, 6.946219382321619, 0.2
1878, 13052.0, 7, 6.946248004257584, 0.2
1879, 13060.0, 8, 6.946808510638298, 0.2
1880, 13063.0, 3, 6.944710260499734, 0.2
1881, 13069.0, 6, 6.944208289054198, 0.2
1882, 13073.0, 4, 6.942644715878917, 0.2
1883, 13076.0, 3, 6.940552016985138, 0.2
1884, 13083.0, 7, 6.940583554376658, 0.2
1885, 13088.0, 5, 6.9395546129374335, 0.2
1886, 13094.0, 6, 6.939056703762586, 0.2
1887, 13101.0, 7, 6.939088983050848, 0.2
1888, 13109.0, 8, 6.939650608787718, 0.2
1889, 13114.0, 5, 6.938624338624338, 0.2
1890, 13120.0, 6, 6.938127974616605, 0.2
1891, 13120.0, 0, 6.93446088794926, 0.2
1892, 13128.0, 8, 6.935023771790808, 0.2
1893, 13134.0, 6, 6.934530095036958, 0.2
1894, 13141.0, 7, 6.934564643799472, 0.2
1895, 13147.0, 6, 6.934071729957806, 0.2
1896, 13153.0, 6, 6.9335793357933575, 0.2
1897, 13158.0, 5, 6.932560590094837, 0.2
1898, 13165.0, 7, 6.932596103212217, 0.2
1899, 13172.0, 7, 6.932631578947368, 0.2
1900, 13179.0, 7, 6.932667017359284, 0.2
1901, 13185.0, 6, 6.9321766561514195, 0.2
1902, 13187.0, 2, 6.929584866001051, 0.2
1903, 13194.0, 7, 6.929621848739496, 0.2
1904, 13199.0, 5, 6.928608923884514, 0.2
1905, 13206.0, 7, 6.928646379853095, 0.2
1906, 13214.0, 8, 6.929208180388044, 0.2
1907, 13219.0, 5, 6.928197064989518, 0.2
1908, 13226.0, 7, 6.928234677841802, 0.2
1909, 13234.0, 8, 6.928795811518325, 0.2
1910, 13240.0, 6, 6.928309785452643, 0.2
1911, 13245.0, 5, 6.927301255230126, 0.2
1912, 13253.0, 8, 6.927861996863565, 0.2
1913, 13261.0, 8, 6.928422152560084, 0.2
1914, 13268.0, 7, 6.928459530026109, 0.2
1915, 13273.0, 5, 6.927453027139875, 0.2
1916, 13280.0, 7, 6.927490871152843, 0.2
1917, 13287.0, 7, 6.927528675703858, 0.2
1918, 13293.0, 6, 6.927045336112559, 0.2
1919, 13298.0, 5, 6.926041666666666, 0.2
1920, 13304.0, 6, 6.925559604372722, 0.2
1921, 13311.0, 7, 6.925598335067638, 0.2
1922, 13319.0, 8, 6.926157046281851, 0.2
1923, 13325.0, 6, 6.925675675675675, 0.2
1924, 13333.0, 8, 6.926233766233766, 0.2
1925, 13340.0, 7, 6.926272066458982, 0.2
1926, 13347.0, 7, 6.926310326933057, 0.2
1927, 13355.0, 8, 6.926867219917012, 0.2
1928, 13362.0, 7, 6.926905132192846, 0.2
1929, 13369.0, 7, 6.926943005181347, 0.2
1930, 13376.0, 7, 6.926980838943552, 0.2
1931, 13382.0, 6, 6.926501035196687, 0.2
1932, 13389.0, 7, 6.926539058458355, 0.2
1933, 13393.0, 4, 6.925025853154085, 0.2
1934, 13400.0, 7, 6.925064599483204, 0.2
1935, 13408.0, 8, 6.925619834710743, 0.2
1936, 13414.0, 6, 6.925141972121838, 0.2
1937, 13415.0, 1, 6.9220846233230136, 0.2
1938, 13423.0, 8, 6.922640536358948, 0.2
1939, 13429.0, 6, 6.9221649484536085, 0.2
1940, 13435.0, 6, 6.921689850592478, 0.2
1941, 13442.0, 7, 6.92173017507724, 0.2
1942, 13448.0, 6, 6.92125579001544, 0.2
1943, 13455.0, 7, 6.921296296296297, 0.2
1944, 13463.0, 8, 6.921850899742931, 0.2
1945, 13471.0, 8, 6.9224049331963, 0.2
1946, 13478.0, 7, 6.922444786851567, 0.2
1947, 13483.0, 5, 6.921457905544147, 0.2
1948, 13490.0, 7, 6.9214982042072855, 0.2
1949, 13495.0, 5, 6.920512820512821, 0.2
1950, 13502.0, 7, 6.920553562275756, 0.2
1951, 13510.0, 8, 6.921106557377049, 0.2
1952, 13515.0, 5, 6.9201228878648235, 0.2
1953, 13521.0, 6, 6.919651995905834, 0.2
1954, 13526.0, 5, 6.918670076726343, 0.2
1955, 13532.0, 6, 6.918200408997955, 0.2
1956, 13537.0, 5, 6.917220235053653, 0.2
1957, 13544.0, 7, 6.917262512768131, 0.2
1958, 13550.0, 6, 6.916794282797346, 0.2
1959, 13557.0, 7, 6.916836734693877, 0.2
1960, 13563.0, 6, 6.916369199388067, 0.2
1961, 13568.0, 5, 6.9153924566768605, 0.2
1962, 13574.0, 6, 6.91492613346918, 0.2
1963, 13581.0, 7, 6.914969450101833, 0.2
1964, 13586.0, 5, 6.913994910941476, 0.2
1965, 13587.0, 1, 6.910986775178026, 0.2
1966, 13591.0, 4, 6.909506863243518, 0.2
1967, 13598.0, 7, 6.909552845528455, 0.2
1968, 13604.0, 6, 6.909090909090909, 0.2
1969, 13611.0, 7, 6.909137055837563, 0.2
1970, 13617.0, 6, 6.908675799086758, 0.2
1971, 13623.0, 6, 6.908215010141988, 0.2
1972, 13630.0, 7, 6.908261530663964, 0.2
1973, 13635.0, 5, 6.907294832826747, 0.2
1974, 13640.0, 5, 6.906329113924051, 0.2
1975, 13648.0, 8, 6.906882591093117, 0.2
1976, 13656.0, 8, 6.907435508345979, 0.2
1977, 13663.0, 7, 6.907482305358949, 0.2
1978, 13666.0, 3, 6.905507832238504, 0.2
1979, 13673.0, 7, 6.905555555555556, 0.2
1980, 13680.0, 7, 6.90560323069157, 0.2
1981, 13688.0, 8, 6.906155398587286, 0.2
1982, 13695.0, 7, 6.906202723146747, 0.2
1983, 13701.0, 6, 6.905745967741935, 0.2
1984, 13707.0, 6, 6.905289672544081, 0.2
1985, 13713.0, 6, 6.904833836858006, 0.2
1986, 13721.0, 8, 6.905385002516356, 0.2
1987, 13728.0, 7, 6.905432595573441, 0.2
1988, 13735.0, 7, 6.905480140774259, 0.2
1989, 13742.0, 7, 6.9055276381909545, 0.2
1990, 13750.0, 8, 6.906077348066298, 0.2
1991, 13757.0, 7, 6.906124497991968, 0.2
1992, 13763.0, 6, 6.905669844455595, 0.2
1993, 13771.0, 8, 6.906218655967904, 0.2
1994, 13777.0, 6, 6.905764411027569, 0.2
1995, 13784.0, 7, 6.905811623246493, 0.2
1996, 13791.0, 7, 6.9058587881822735, 0.2
1997, 13798.0, 7, 6.905905905905906, 0.2
1998, 13802.0, 4, 6.904452226113056, 0.2
1999, 13809.0, 7, 6.9045, 0.2
