0, 8.0, 8, 8.0, 0.1
1, 16.0, 8, 8.0, 0.1
2, 24.0, 8, 8.0, 0.1
3, 32.0, 8, 8.0, 0.1
4, 40.0, 8, 8.0, 0.1
5, 48.0, 8, 8.0, 0.1
6, 56.0, 8, 8.0, 0.1
7, 64.0, 8, 8.0, 0.1
8, 72.0, 8, 8.0, 0.1
9, 80.0, 8, 8.0, 0.1
10, 88.0, 8, 8.0, 0.1
11, 96.0, 8, 8.0, 0.1
12, 104.0, 8, 8.0, 0.1
13, 112.0, 8, 8.0, 0.1
14, 120.0, 8, 8.0, 0.1
15, 128.0, 8, 8.0, 0.1
16, 136.0, 8, 8.0, 0.1
17, 144.0, 8, 8.0, 0.1
18, 152.0, 8, 8.0, 0.1
19, 160.0, 8, 8.0, 0.1
20, 168.0, 8, 8.0, 0.1
21, 176.0, 8, 8.0, 0.1
22, 184.0, 8, 8.0, 0.1
23, 192.0, 8, 8.0, 0.1
24, 200.0, 8, 8.0, 0.1
25, 208.0, 8, 8.0, 0.1
26, 216.0, 8, 8.0, 0.1
27, 224.0, 8, 8.0, 0.1
28, 232.0, 8, 8.0, 0.1
29, 240.0, 8, 8.0, 0.1
30, 248.0, 8, 8.0, 0.1
31, 256.0, 8, 8.0, 0.1
32, 264.0, 8, 8.0, 0.1
33, 272.0, 8, 8.0, 0.1
34, 280.0, 8, 8.0, 0.1
35, 288.0, 8, 8.0, 0.1
36, 296.0, 8, 8.0, 0.1
37, 304.0, 8, 8.0, 0.1
38, 312.0, 8, 8.0, 0.1
39, 320.0, 8, 8.0, 0.1
40, 328.0, 8, 8.0, 0.1
41, 336.0, 8, 8.0, 0.1
42, 344.0, 8, 8.0, 0.1
43, 352.0, 8, 8.0, 0.1
44, 360.0, 8, 8.0, 0.1
45, 368.0, 8, 8.0, 0.1
46, 376.0, 8, 8.0, 0.1
47, 384.0, 8, 8.0, 0.1
48, 392.0, 8, 8.0, 0.1
49, 400.0, 8, 8.0, 0.1
50, 408.0, 8, 8.0, 0.1
51, 416.0, 8, 8.0, 0.1
52, 424.0, 8, 8.0, 0.1
53, 432.0, 8, 8.0, 0.1
54, 440.0, 8, 8.0, 0.1
55, 448.0, 8, 8.0, 0.1
56, 456.0, 8, 8.0, 0.1
57, 464.0, 8, 8.0, 0.1
58, 472.0, 8, 8.0, 0.1
59, 480.0, 8, 8.0, 0.1
60, 488.0, 8, 8.0, 0.1
61, 496.0, 8, 8.0, 0.1
62, 504.0, 8, 8.0, 0.1
63, 512.0, 8, 8.0, 0.1
64, 520.0, 8, 8.0, 0.1
65, 528.0, 8, 8.0, 0.1
66, 536.0, 8, 8.0, 0.1
67, 544.0, 8, 8.0, 0.1
68, 552.0, 8, 8.0, 0.1
69, 560.0, 8, 8.0, 0.1
70, 568.0, 8, 8.0, 0.1
71, 576.0, 8, 8.0, 0.1
72, 584.0, 8, 8.0, 0.1
73, 592.0, 8, 8.0, 0.1
74, 600.0, 8, 8.0, 0.1
75, 608.0, 8, 8.0, 0.1
76, 616.0, 8, 8.0, 0.1
77, 624.0, 8, 8.0, 0.1
78, 632.0, 8, 8.0, 0.1
79, 640.0, 8, 8.0, 0.1
80, 648.0, 8, 8.0, 0.1
81, 656.0, 8, 8.0, 0.1
82, 664.0, 8, 8.0, 0.1
83, 672.0, 8, 8.0, 0.1
84, 680.0, 8, 8.0, 0.1
85, 688.0, 8, 8.0, 0.1
86, 696.0, 8, 8.0, 0.1
87, 704.0, 8, 8.0, 0.1
88, 712.0, 8, 8.0, 0.1
89, 720.0, 8, 8.0, 0.1
90, 728.0, 8, 8.0, 0.1
91, 736.0, 8, 8.0, 0.1
92, 744.0, 8, 8.0, 0.1
93, 752.0, 8, 8.0, 0.1
94, 760.0, 8, 8.0, 0.1
95, 768.0, 8, 8.0, 0.1
96, 776.0, 8, 8.0, 0.1
97, 784.0, 8, 8.0, 0.1
98, 792.0, 8, 8.0, 0.1
99, 800.0, 8, 8.0, 0.1
100, 808.0, 8, 8.0, 0.1
101, 816.0, 8, 8.0, 0.1
102, 824.0, 8, 8.0, 0.1
103, 832.0, 8, 8.0, 0.1
104, 840.0, 8, 8.0, 0.1
105, 848.0, 8, 8.0, 0.1
106, 856.0, 8, 8.0, 0.1
107, 864.0, 8, 8.0, 0.1
108, 872.0, 8, 8.0, 0.1
109, 880.0, 8, 8.0, 0.1
110, 888.0, 8, 8.0, 0.1
111, 896.0, 8, 8.0, 0.1
112, 904.0, 8, 8.0, 0.1
113, 912.0, 8, 8.0, 0.1
114, 918.0, 6, 7.982608695652174, 0.1
115, 926.0, 8, 7.982758620689655, 0.1
116, 932.0, 6, 7.965811965811966, 0.1
117, 932.0, 0, 7.898305084745763, 0.1
118, 940.0, 8, 7.899159663865547, 0.1
119, 947.0, 7, 7.891666666666667, 0.1
120, 953.0, 6, 7.87603305785124, 0.1
121, 960.0, 7, 7.868852459016393, 0.1
122, 968.0, 8, 7.869918699186992, 0.1
123, 974.0, 6, 7.854838709677419, 0.1
124, 981.0, 7, 7.848, 0.1
125, 989.0, 8, 7.849206349206349, 0.1
126, 996.0, 7, 7.84251968503937, 0.1
127, 1004.0, 8, 7.84375, 0.1
128, 1011.0, 7, 7.837209302325581, 0.1
129, 1018.0, 7, 7.8307692307692305, 0.1
130, 1026.0, 8, 7.8320610687022905, 0.1
131, 1034.0, 8, 7.833333333333333, 0.1
132, 1042.0, 8, 7.834586466165414, 0.1
133, 1049.0, 7, 7.8283582089552235, 0.1
134, 1057.0, 8, 7.82962962962963, 0.1
135, 1064.0, 7, 7.823529411764706, 0.1
136, 1071.0, 7, 7.817518248175182, 0.1
137, 1079.0, 8, 7.818840579710145, 0.1
138, 1086.0, 7, 7.81294964028777, 0.1
139, 1093.0, 7, 7.807142857142857, 0.1
140, 1100.0, 7, 7.801418439716312, 0.1
141, 1107.0, 7, 7.795774647887324, 0.1
142, 1114.0, 7, 7.79020979020979, 0.1
143, 1120.0, 6, 7.777777777777778, 0.1
144, 1128.0, 8, 7.779310344827586, 0.1
145, 1135.0, 7, 7.773972602739726, 0.1
146, 1142.0, 7, 7.7687074829931975, 0.1
147, 1148.0, 6, 7.756756756756757, 0.1
148, 1155.0, 7, 7.751677852348993, 0.1
149, 1163.0, 8, 7.753333333333333, 0.1
150, 1171.0, 8, 7.754966887417218, 0.1
151, 1179.0, 8, 7.756578947368421, 0.1
152, 1186.0, 7, 7.751633986928105, 0.1
153, 1194.0, 8, 7.753246753246753, 0.1
154, 1201.0, 7, 7.748387096774193, 0.1
155, 1209.0, 8, 7.75, 0.1
156, 1213.0, 4, 7.726114649681529, 0.1
157, 1219.0, 6, 7.715189873417722, 0.1
158, 1227.0, 8, 7.716981132075472, 0.1
159, 1234.0, 7, 7.7125, 0.1
160, 1240.0, 6, 7.701863354037267, 0.1
161, 1248.0, 8, 7.703703703703703, 0.1
162, 1256.0, 8, 7.705521472392638, 0.1
163, 1264.0, 8, 7.7073170731707314, 0.1
164, 1269.0, 5, 7.6909090909090905, 0.1
165, 1277.0, 8, 7.692771084337349, 0.1
166, 1284.0, 7, 7.688622754491018, 0.1
167, 1292.0, 8, 7.690476190476191, 0.1
168, 1299.0, 7, 7.686390532544379, 0.1
169, 1305.0, 6, 7.676470588235294, 0.1
170, 1313.0, 8, 7.678362573099415, 0.1
171, 1319.0, 6, 7.6686046511627906, 0.1
172, 1327.0, 8, 7.670520231213873, 0.1
173, 1335.0, 8, 7.672413793103448, 0.1
174, 1342.0, 7, 7.668571428571428, 0.1
175, 1350.0, 8, 7.670454545454546, 0.1
176, 1357.0, 7, 7.666666666666667, 0.1
177, 1362.0, 5, 7.651685393258427, 0.1
178, 1370.0, 8, 7.653631284916201, 0.1
179, 1373.0, 3, 7.627777777777778, 0.1
180, 1380.0, 7, 7.624309392265193, 0.1
181, 1385.0, 5, 7.6098901098901095, 0.1
182, 1393.0, 8, 7.612021857923497, 0.1
183, 1400.0, 7, 7.608695652173913, 0.1
184, 1408.0, 8, 7.610810810810811, 0.1
185, 1416.0, 8, 7.612903225806452, 0.1
186, 1424.0, 8, 7.614973262032086, 0.1
187, 1432.0, 8, 7.617021276595745, 0.1
188, 1440.0, 8, 7.619047619047619, 0.1
189, 1448.0, 8, 7.621052631578947, 0.1
190, 1453.0, 5, 7.607329842931938, 0.1
191, 1460.0, 7, 7.604166666666667, 0.1
192, 1468.0, 8, 7.606217616580311, 0.1
193, 1475.0, 7, 7.603092783505154, 0.1
194, 1483.0, 8, 7.605128205128205, 0.1
195, 1490.0, 7, 7.6020408163265305, 0.1
196, 1496.0, 6, 7.593908629441624, 0.1
197, 1503.0, 7, 7.590909090909091, 0.1
198, 1510.0, 7, 7.5879396984924625, 0.1
199, 1517.0, 7, 7.585, 0.1
200, 1524.0, 7, 7.582089552238806, 0.1
201, 1532.0, 8, 7.584158415841584, 0.1
202, 1539.0, 7, 7.58128078817734, 0.1
203, 1546.0, 7, 7.578431372549019, 0.1
204, 1553.0, 7, 7.575609756097561, 0.1
205, 1556.0, 3, 7.553398058252427, 0.1
206, 1564.0, 8, 7.555555555555555, 0.1
207, 1566.0, 2, 7.528846153846154, 0.1
208, 1574.0, 8, 7.5311004784688995, 0.1
209, 1580.0, 6, 7.523809523809524, 0.1
210, 1586.0, 6, 7.516587677725118, 0.1
211, 1594.0, 8, 7.518867924528302, 0.1
212, 1601.0, 7, 7.516431924882629, 0.1
213, 1609.0, 8, 7.518691588785047, 0.1
214, 1616.0, 7, 7.5162790697674415, 0.1
215, 1620.0, 4, 7.5, 0.1
216, 1627.0, 7, 7.497695852534562, 0.1
217, 1633.0, 6, 7.490825688073395, 0.1
218, 1640.0, 7, 7.488584474885845, 0.1
219, 1646.0, 6, 7.4818181818181815, 0.1
220, 1654.0, 8, 7.484162895927602, 0.1
221, 1661.0, 7, 7.481981981981982, 0.1
222, 1669.0, 8, 7.484304932735426, 0.1
223, 1676.0, 7, 7.482142857142857, 0.1
224, 1680.0, 4, 7.466666666666667, 0.1
225, 1687.0, 7, 7.464601769911504, 0.1
226, 1694.0, 7, 7.462555066079295, 0.1
227, 1702.0, 8, 7.464912280701754, 0.1
228, 1710.0, 8, 7.467248908296943, 0.1
229, 1718.0, 8, 7.469565217391304, 0.1
230, 1724.0, 6, 7.463203463203463, 0.1
231, 1731.0, 7, 7.461206896551724, 0.1
232, 1734.0, 3, 7.44206008583691, 0.1
233, 1741.0, 7, 7.44017094017094, 0.1
234, 1749.0, 8, 7.4425531914893615, 0.1
235, 1757.0, 8, 7.444915254237288, 0.1
236, 1765.0, 8, 7.447257383966245, 0.1
237, 1773.0, 8, 7.449579831932773, 0.1
238, 1779.0, 6, 7.443514644351464, 0.1
239, 1786.0, 7, 7.441666666666666, 0.1
240, 1793.0, 7, 7.439834024896266, 0.1
241, 1799.0, 6, 7.433884297520661, 0.1
242, 1807.0, 8, 7.436213991769547, 0.1
243, 1813.0, 6, 7.430327868852459, 0.1
244, 1820.0, 7, 7.428571428571429, 0.1
245, 1827.0, 7, 7.426829268292683, 0.1
246, 1835.0, 8, 7.42914979757085, 0.1
247, 1843.0, 8, 7.431451612903226, 0.1
248, 1851.0, 8, 7.433734939759036, 0.1
249, 1856.0, 5, 7.424, 0.1
250, 1863.0, 7, 7.422310756972111, 0.1
251, 1870.0, 7, 7.420634920634921, 0.1
252, 1878.0, 8, 7.4229249011857705, 0.1
253, 1885.0, 7, 7.421259842519685, 0.1
254, 1888.0, 3, 7.403921568627451, 0.1
255, 1895.0, 7, 7.40234375, 0.1
256, 1901.0, 6, 7.396887159533074, 0.1
257, 1909.0, 8, 7.39922480620155, 0.1
258, 1916.0, 7, 7.397683397683398, 0.1
259, 1924.0, 8, 7.4, 0.1
260, 1932.0, 8, 7.402298850574713, 0.1
261, 1937.0, 5, 7.393129770992366, 0.1
262, 1942.0, 5, 7.38403041825095, 0.1
263, 1948.0, 6, 7.378787878787879, 0.1
264, 1956.0, 8, 7.381132075471698, 0.1
265, 1964.0, 8, 7.383458646616542, 0.1
266, 1972.0, 8, 7.385767790262173, 0.1
267, 1979.0, 7, 7.384328358208955, 0.1
268, 1986.0, 7, 7.382899628252788, 0.1
269, 1993.0, 7, 7.381481481481481, 0.1
270, 2001.0, 8, 7.3837638376383765, 0.1
271, 2008.0, 7, 7.382352941176471, 0.1
272, 2016.0, 8, 7.384615384615385, 0.1
273, 2023.0, 7, 7.383211678832117, 0.1
274, 2031.0, 8, 7.385454545454546, 0.1
275, 2038.0, 7, 7.384057971014493, 0.1
276, 2045.0, 7, 7.382671480144404, 0.1
277, 2053.0, 8, 7.384892086330935, 0.1
278, 2061.0, 8, 7.387096774193548, 0.1
279, 2069.0, 8, 7.389285714285714, 0.1
280, 2075.0, 6, 7.384341637010676, 0.1
281, 2082.0, 7, 7.382978723404255, 0.1
282, 2090.0, 8, 7.385159010600707, 0.1
283, 2097.0, 7, 7.383802816901408, 0.1
284, 2103.0, 6, 7.378947368421053, 0.1
285, 2110.0, 7, 7.3776223776223775, 0.1
286, 2117.0, 7, 7.376306620209059, 0.1
287, 2125.0, 8, 7.378472222222222, 0.1
288, 2132.0, 7, 7.377162629757786, 0.1
289, 2139.0, 7, 7.375862068965517, 0.1
290, 2147.0, 8, 7.378006872852234, 0.1
291, 2153.0, 6, 7.373287671232877, 0.1
292, 2159.0, 6, 7.368600682593857, 0.1
293, 2167.0, 8, 7.370748299319728, 0.1
294, 2175.0, 8, 7.372881355932203, 0.1
295, 2182.0, 7, 7.371621621621622, 0.1
296, 2190.0, 8, 7.373737373737374, 0.1
297, 2198.0, 8, 7.375838926174497, 0.1
298, 2206.0, 8, 7.377926421404682, 0.1
299, 2214.0, 8, 7.38, 0.1
300, 2221.0, 7, 7.378737541528239, 0.1
301, 2228.0, 7, 7.377483443708609, 0.1
302, 2236.0, 8, 7.37953795379538, 0.1
303, 2243.0, 7, 7.378289473684211, 0.1
304, 2251.0, 8, 7.380327868852459, 0.1
305, 2259.0, 8, 7.382352941176471, 0.1
306, 2267.0, 8, 7.384364820846906, 0.1
307, 2274.0, 7, 7.383116883116883, 0.1
308, 2280.0, 6, 7.378640776699029, 0.1
309, 2288.0, 8, 7.380645161290323, 0.1
310, 2296.0, 8, 7.382636655948553, 0.1
311, 2304.0, 8, 7.384615384615385, 0.1
312, 2312.0, 8, 7.386581469648562, 0.1
313, 2320.0, 8, 7.388535031847134, 0.1
314, 2328.0, 8, 7.390476190476191, 0.1
315, 2334.0, 6, 7.386075949367089, 0.1
316, 2339.0, 5, 7.378548895899054, 0.1
317, 2346.0, 7, 7.377358490566038, 0.1
318, 2354.0, 8, 7.379310344827586, 0.1
319, 2362.0, 8, 7.38125, 0.1
320, 2368.0, 6, 7.376947040498442, 0.1
321, 2371.0, 3, 7.363354037267081, 0.1
322, 2379.0, 8, 7.365325077399381, 0.1
323, 2385.0, 6, 7.361111111111111, 0.1
324, 2392.0, 7, 7.36, 0.1
325, 2400.0, 8, 7.361963190184049, 0.1
326, 2406.0, 6, 7.3577981651376145, 0.1
327, 2411.0, 5, 7.350609756097561, 0.1
328, 2418.0, 7, 7.349544072948328, 0.1
329, 2426.0, 8, 7.351515151515152, 0.1
330, 2434.0, 8, 7.353474320241692, 0.1
331, 2442.0, 8, 7.355421686746988, 0.1
332, 2449.0, 7, 7.354354354354355, 0.1
333, 2455.0, 6, 7.350299401197605, 0.1
334, 2462.0, 7, 7.349253731343284, 0.1
335, 2469.0, 7, 7.348214285714286, 0.1
336, 2476.0, 7, 7.347181008902077, 0.1
337, 2484.0, 8, 7.349112426035503, 0.1
338, 2490.0, 6, 7.345132743362832, 0.1
339, 2498.0, 8, 7.347058823529411, 0.1
340, 2504.0, 6, 7.343108504398827, 0.1
341, 2512.0, 8, 7.345029239766082, 0.1
342, 2512.0, 0, 7.3236151603498545, 0.1
343, 2519.0, 7, 7.3226744186046515, 0.1
344, 2526.0, 7, 7.321739130434783, 0.1
345, 2530.0, 4, 7.312138728323699, 0.1
346, 2538.0, 8, 7.314121037463977, 0.1
347, 2543.0, 5, 7.307471264367816, 0.1
348, 2544.0, 1, 7.289398280802292, 0.1
349, 2545.0, 1, 7.271428571428571, 0.1
350, 2552.0, 7, 7.27065527065527, 0.1
351, 2554.0, 2, 7.255681818181818, 0.1
352, 2557.0, 3, 7.243626062322946, 0.1
353, 2562.0, 5, 7.237288135593221, 0.1
354, 2570.0, 8, 7.23943661971831, 0.1
355, 2578.0, 8, 7.241573033707865, 0.1
356, 2585.0, 7, 7.240896358543417, 0.1
357, 2593.0, 8, 7.243016759776537, 0.1
358, 2601.0, 8, 7.245125348189415, 0.1
359, 2609.0, 8, 7.247222222222222, 0.1
360, 2611.0, 2, 7.232686980609419, 0.1
361, 2618.0, 7, 7.232044198895028, 0.1
362, 2626.0, 8, 7.234159779614325, 0.1
363, 2634.0, 8, 7.236263736263736, 0.1
364, 2640.0, 6, 7.232876712328767, 0.1
365, 2647.0, 7, 7.23224043715847, 0.1
366, 2655.0, 8, 7.23433242506812, 0.1
367, 2663.0, 8, 7.236413043478261, 0.1
368, 2669.0, 6, 7.233062330623306, 0.1
369, 2677.0, 8, 7.235135135135135, 0.1
370, 2684.0, 7, 7.234501347708895, 0.1
371, 2690.0, 6, 7.231182795698925, 0.1
372, 2697.0, 7, 7.230563002680965, 0.1
373, 2702.0, 5, 7.224598930481283, 0.1
374, 2710.0, 8, 7.226666666666667, 0.1
375, 2717.0, 7, 7.226063829787234, 0.1
376, 2724.0, 7, 7.225464190981432, 0.1
377, 2732.0, 8, 7.227513227513228, 0.1
378, 2737.0, 5, 7.221635883905013, 0.1
379, 2745.0, 8, 7.223684210526316, 0.1
380, 2753.0, 8, 7.225721784776903, 0.1
381, 2760.0, 7, 7.225130890052356, 0.1
382, 2766.0, 6, 7.221932114882507, 0.1
383, 2772.0, 6, 7.21875, 0.1
384, 2780.0, 8, 7.220779220779221, 0.1
385, 2787.0, 7, 7.22020725388601, 0.1
386, 2794.0, 7, 7.219638242894057, 0.1
387, 2796.0, 2, 7.206185567010309, 0.1
388, 2802.0, 6, 7.203084832904884, 0.1
389, 2804.0, 2, 7.18974358974359, 0.1
390, 2812.0, 8, 7.1918158567774935, 0.1
391, 2819.0, 7, 7.191326530612245, 0.1
392, 2827.0, 8, 7.193384223918575, 0.1
393, 2835.0, 8, 7.195431472081219, 0.1
394, 2841.0, 6, 7.192405063291139, 0.1
395, 2849.0, 8, 7.194444444444445, 0.1
396, 2855.0, 6, 7.1914357682619645, 0.1
397, 2856.0, 1, 7.175879396984925, 0.1
398, 2864.0, 8, 7.177944862155388, 0.1
399, 2872.0, 8, 7.18, 0.1
400, 2879.0, 7, 7.179551122194514, 0.1
401, 2884.0, 5, 7.174129353233831, 0.1
402, 2892.0, 8, 7.176178660049628, 0.1
403, 2899.0, 7, 7.175742574257426, 0.1
404, 2907.0, 8, 7.177777777777778, 0.1
405, 2915.0, 8, 7.179802955665025, 0.1
406, 2922.0, 7, 7.179361179361179, 0.1
407, 2929.0, 7, 7.178921568627451, 0.1
408, 2937.0, 8, 7.180929095354523, 0.1
409, 2942.0, 5, 7.175609756097561, 0.1
410, 2950.0, 8, 7.177615571776156, 0.1
411, 2958.0, 8, 7.179611650485437, 0.1
412, 2966.0, 8, 7.181598062953995, 0.1
413, 2973.0, 7, 7.181159420289855, 0.1
414, 2981.0, 8, 7.183132530120482, 0.1
415, 2981.0, 0, 7.165865384615385, 0.1
416, 2988.0, 7, 7.16546762589928, 0.1
417, 2994.0, 6, 7.162679425837321, 0.1
418, 3001.0, 7, 7.162291169451074, 0.1
419, 3002.0, 1, 7.147619047619048, 0.1
420, 3010.0, 8, 7.149643705463183, 0.1
421, 3018.0, 8, 7.151658767772512, 0.1
422, 3025.0, 7, 7.15130023640662, 0.1
423, 3033.0, 8, 7.153301886792453, 0.1
424, 3041.0, 8, 7.155294117647059, 0.1
425, 3047.0, 6, 7.152582159624413, 0.1
426, 3055.0, 8, 7.154566744730679, 0.1
427, 3061.0, 6, 7.151869158878505, 0.1
428, 3068.0, 7, 7.151515151515151, 0.1
429, 3075.0, 7, 7.151162790697675, 0.1
430, 3081.0, 6, 7.148491879350348, 0.1
431, 3089.0, 8, 7.150462962962963, 0.1
432, 3096.0, 7, 7.150115473441109, 0.1
433, 3104.0, 8, 7.152073732718894, 0.1
434, 3111.0, 7, 7.151724137931034, 0.1
435, 3118.0, 7, 7.151376146788991, 0.1
436, 3125.0, 7, 7.151029748283753, 0.1
437, 3131.0, 6, 7.148401826484018, 0.1
438, 3138.0, 7, 7.148063781321184, 0.1
439, 3145.0, 7, 7.1477272727272725, 0.1
440, 3149.0, 4, 7.140589569160998, 0.1
441, 3157.0, 8, 7.142533936651584, 0.1
442, 3162.0, 5, 7.1376975169300225, 0.1
443, 3170.0, 8, 7.13963963963964, 0.1
444, 3177.0, 7, 7.139325842696629, 0.1
445, 3182.0, 5, 7.134529147982063, 0.1
446, 3190.0, 8, 7.136465324384788, 0.1
447, 3198.0, 8, 7.138392857142857, 0.1
448, 3204.0, 6, 7.135857461024499, 0.1
449, 3210.0, 6, 7.133333333333334, 0.1
450, 3216.0, 6, 7.130820399113082, 0.1
451, 3217.0, 1, 7.117256637168142, 0.1
452, 3222.0, 5, 7.112582781456954, 0.1
453, 3229.0, 7, 7.112334801762114, 0.1
454, 3236.0, 7, 7.112087912087912, 0.1
455, 3243.0, 7, 7.1118421052631575, 0.1
456, 3251.0, 8, 7.113785557986871, 0.1
457, 3253.0, 2, 7.102620087336245, 0.1
458, 3260.0, 7, 7.10239651416122, 0.1
459, 3268.0, 8, 7.104347826086957, 0.1
460, 3276.0, 8, 7.106290672451193, 0.1
461, 3282.0, 6, 7.103896103896104, 0.1
462, 3289.0, 7, 7.103671706263499, 0.1
463, 3296.0, 7, 7.103448275862069, 0.1
464, 3303.0, 7, 7.103225806451613, 0.1
465, 3310.0, 7, 7.103004291845494, 0.1
466, 3317.0, 7, 7.102783725910064, 0.1
467, 3324.0, 7, 7.102564102564102, 0.1
468, 3331.0, 7, 7.1023454157782515, 0.1
469, 3339.0, 8, 7.104255319148936, 0.1
470, 3347.0, 8, 7.10615711252654, 0.1
471, 3351.0, 4, 7.09957627118644, 0.1
472, 3358.0, 7, 7.099365750528541, 0.1
473, 3366.0, 8, 7.10126582278481, 0.1
474, 3374.0, 8, 7.103157894736842, 0.1
475, 3381.0, 7, 7.102941176470588, 0.1
476, 3388.0, 7, 7.10272536687631, 0.1
477, 3396.0, 8, 7.104602510460251, 0.1
478, 3404.0, 8, 7.106471816283925, 0.1
479, 3410.0, 6, 7.104166666666667, 0.1
480, 3418.0, 8, 7.106029106029106, 0.1
481, 3426.0, 8, 7.1078838174273855, 0.1
482, 3434.0, 8, 7.109730848861283, 0.1
483, 3440.0, 6, 7.107438016528926, 0.1
484, 3445.0, 5, 7.103092783505154, 0.1
485, 3453.0, 8, 7.104938271604938, 0.1
486, 3461.0, 8, 7.1067761806981515, 0.1
487, 3468.0, 7, 7.10655737704918, 0.1
488, 3474.0, 6, 7.104294478527607, 0.1
489, 3482.0, 8, 7.106122448979592, 0.1
490, 3489.0, 7, 7.1059063136456215, 0.1
491, 3497.0, 8, 7.107723577235772, 0.1
492, 3504.0, 7, 7.1075050709939145, 0.1
493, 3512.0, 8, 7.109311740890688, 0.1
494, 3518.0, 6, 7.107070707070707, 0.1
495, 3525.0, 7, 7.106854838709677, 0.1
496, 3533.0, 8, 7.1086519114688125, 0.1
497, 3540.0, 7, 7.108433734939759, 0.1
498, 3548.0, 8, 7.110220440881764, 0.1
499, 3556.0, 8, 7.112, 0.1
500, 3564.0, 8, 7.11377245508982, 0.1
501, 3569.0, 5, 7.109561752988048, 0.1
502, 3574.0, 5, 7.105367793240557, 0.1
503, 3581.0, 7, 7.10515873015873, 0.1
504, 3588.0, 7, 7.104950495049505, 0.1
505, 3595.0, 7, 7.104743083003952, 0.1
506, 3602.0, 7, 7.104536489151874, 0.1
507, 3610.0, 8, 7.106299212598425, 0.1
508, 3611.0, 1, 7.094302554027505, 0.1
509, 3618.0, 7, 7.094117647058823, 0.1
510, 3624.0, 6, 7.091976516634051, 0.1
511, 3631.0, 7, 7.091796875, 0.1
512, 3637.0, 6, 7.089668615984405, 0.1
513, 3644.0, 7, 7.089494163424124, 0.1
514, 3652.0, 8, 7.09126213592233, 0.1
515, 3658.0, 6, 7.089147286821706, 0.1
516, 3665.0, 7, 7.088974854932302, 0.1
517, 3670.0, 5, 7.084942084942085, 0.1
518, 3678.0, 8, 7.086705202312139, 0.1
519, 3686.0, 8, 7.088461538461538, 0.1
520, 3694.0, 8, 7.09021113243762, 0.1
521, 3702.0, 8, 7.091954022988506, 0.1
522, 3707.0, 5, 7.087954110898662, 0.1
523, 3715.0, 8, 7.0896946564885495, 0.1
524, 3722.0, 7, 7.08952380952381, 0.1
525, 3728.0, 6, 7.08745247148289, 0.1
526, 3735.0, 7, 7.087286527514231, 0.1
527, 3741.0, 6, 7.0852272727272725, 0.1
528, 3748.0, 7, 7.085066162570889, 0.1
529, 3754.0, 6, 7.083018867924529, 0.1
530, 3760.0, 6, 7.080979284369115, 0.1
531, 3766.0, 6, 7.078947368421052, 0.1
532, 3774.0, 8, 7.080675422138837, 0.1
533, 3782.0, 8, 7.082397003745318, 0.1
534, 3783.0, 1, 7.0710280373831775, 0.1
535, 3791.0, 8, 7.072761194029851, 0.1
536, 3797.0, 6, 7.070763500931099, 0.1
537, 3805.0, 8, 7.0724907063197024, 0.1
538, 3809.0, 4, 7.066790352504638, 0.1
539, 3815.0, 6, 7.064814814814815, 0.1
540, 3822.0, 7, 7.064695009242144, 0.1
541, 3829.0, 7, 7.064575645756458, 0.1
542, 3833.0, 4, 7.058931860036832, 0.1
543, 3840.0, 7, 7.0588235294117645, 0.1
544, 3848.0, 8, 7.060550458715596, 0.1
545, 3855.0, 7, 7.06043956043956, 0.1
546, 3863.0, 8, 7.062157221206581, 0.1
547, 3870.0, 7, 7.062043795620438, 0.1
548, 3875.0, 5, 7.058287795992714, 0.1
549, 3879.0, 4, 7.052727272727273, 0.1
550, 3885.0, 6, 7.0508166969147, 0.1
551, 3893.0, 8, 7.052536231884058, 0.1
552, 3900.0, 7, 7.052441229656419, 0.1
553, 3907.0, 7, 7.052346570397112, 0.1
554, 3907.0, 0, 7.039639639639639, 0.1
555, 3915.0, 8, 7.0413669064748206, 0.1
556, 3923.0, 8, 7.043087971274685, 0.1
557, 3931.0, 8, 7.044802867383512, 0.1
558, 3939.0, 8, 7.046511627906977, 0.1
559, 3945.0, 6, 7.044642857142857, 0.1
560, 3951.0, 6, 7.042780748663102, 0.1
561, 3959.0, 8, 7.044483985765124, 0.1
562, 3965.0, 6, 7.042628774422735, 0.1
563, 3973.0, 8, 7.044326241134752, 0.1
564, 3980.0, 7, 7.04424778761062, 0.1
565, 3985.0, 5, 7.040636042402827, 0.1
566, 3991.0, 6, 7.038800705467372, 0.1
567, 3998.0, 7, 7.038732394366197, 0.1
568, 4006.0, 8, 7.040421792618629, 0.1
569, 4014.0, 8, 7.042105263157895, 0.1
570, 4021.0, 7, 7.042031523642732, 0.1
571, 4026.0, 5, 7.038461538461538, 0.1
572, 4032.0, 6, 7.036649214659686, 0.1
573, 4040.0, 8, 7.038327526132404, 0.1
574, 4048.0, 8, 7.04, 0.1
575, 4054.0, 6, 7.038194444444445, 0.1
576, 4062.0, 8, 7.0398613518197575, 0.1
577, 4068.0, 6, 7.038062283737024, 0.1
578, 4075.0, 7, 7.037996545768567, 0.1
579, 4082.0, 7, 7.037931034482758, 0.1
580, 4089.0, 7, 7.037865748709122, 0.1
581, 4097.0, 8, 7.0395189003436425, 0.1
582, 4104.0, 7, 7.039451114922813, 0.1
583, 4112.0, 8, 7.041095890410959, 0.1
584, 4119.0, 7, 7.041025641025641, 0.1
585, 4125.0, 6, 7.039249146757679, 0.1
586, 4132.0, 7, 7.039182282793867, 0.1
587, 4139.0, 7, 7.039115646258503, 0.1
588, 4146.0, 7, 7.039049235993208, 0.1
589, 4154.0, 8, 7.040677966101695, 0.1
590, 4159.0, 5, 7.037225042301184, 0.1
591, 4165.0, 6, 7.035472972972973, 0.1
592, 4173.0, 8, 7.0370994940978076, 0.1
593, 4179.0, 6, 7.0353535353535355, 0.1
594, 4185.0, 6, 7.033613445378151, 0.1
595, 4191.0, 6, 7.031879194630872, 0.1
596, 4199.0, 8, 7.033500837520938, 0.1
597, 4205.0, 6, 7.031772575250836, 0.1
598, 4208.0, 3, 7.025041736227045, 0.1
599, 4211.0, 3, 7.0183333333333335, 0.1
600, 4218.0, 7, 7.018302828618968, 0.1
601, 4226.0, 8, 7.019933554817276, 0.1
602, 4234.0, 8, 7.021558872305141, 0.1
603, 4242.0, 8, 7.02317880794702, 0.1
604, 4242.0, 0, 7.011570247933884, 0.1
605, 4249.0, 7, 7.011551155115511, 0.1
606, 4257.0, 8, 7.013179571663921, 0.1
607, 4265.0, 8, 7.014802631578948, 0.1
608, 4272.0, 7, 7.014778325123153, 0.1
609, 4280.0, 8, 7.016393442622951, 0.1
610, 4286.0, 6, 7.014729950900164, 0.1
611, 4293.0, 7, 7.014705882352941, 0.1
612, 4300.0, 7, 7.014681892332789, 0.1
613, 4306.0, 6, 7.013029315960912, 0.1
614, 4314.0, 8, 7.014634146341463, 0.1
615, 4319.0, 5, 7.011363636363637, 0.1
616, 4327.0, 8, 7.012965964343598, 0.1
617, 4335.0, 8, 7.014563106796117, 0.1
618, 4341.0, 6, 7.012924071082391, 0.1
619, 4348.0, 7, 7.012903225806451, 0.1
620, 4355.0, 7, 7.012882447665056, 0.1
621, 4363.0, 8, 7.014469453376206, 0.1
622, 4369.0, 6, 7.012841091492777, 0.1
623, 4377.0, 8, 7.014423076923077, 0.1
624, 4385.0, 8, 7.016, 0.1
625, 4393.0, 8, 7.017571884984026, 0.1
626, 4401.0, 8, 7.019138755980861, 0.1
627, 4409.0, 8, 7.020700636942675, 0.1
628, 4416.0, 7, 7.020667726550079, 0.1
629, 4423.0, 7, 7.020634920634921, 0.1
630, 4429.0, 6, 7.019017432646593, 0.1
631, 4436.0, 7, 7.018987341772152, 0.1
632, 4444.0, 8, 7.0205371248025275, 0.1
633, 4452.0, 8, 7.022082018927445, 0.1
634, 4453.0, 1, 7.012598425196851, 0.1
635, 4461.0, 8, 7.014150943396227, 0.1
636, 4466.0, 5, 7.010989010989011, 0.1
637, 4471.0, 5, 7.007836990595611, 0.1
638, 4476.0, 5, 7.004694835680751, 0.1
639, 4483.0, 7, 7.0046875, 0.1
640, 4488.0, 5, 7.001560062402496, 0.1
641, 4496.0, 8, 7.003115264797508, 0.1
642, 4503.0, 7, 7.003110419906688, 0.1
643, 4511.0, 8, 7.004658385093168, 0.1
644, 4519.0, 8, 7.006201550387597, 0.1
645, 4527.0, 8, 7.007739938080495, 0.1
646, 4533.0, 6, 7.006182380216384, 0.1
647, 4541.0, 8, 7.007716049382716, 0.1
648, 4549.0, 8, 7.00924499229584, 0.1
649, 4557.0, 8, 7.010769230769231, 0.1
650, 4565.0, 8, 7.012288786482335, 0.1
651, 4572.0, 7, 7.012269938650307, 0.1
652, 4580.0, 8, 7.013782542113323, 0.1
653, 4585.0, 5, 7.010703363914373, 0.1
654, 4592.0, 7, 7.010687022900763, 0.1
655, 4599.0, 7, 7.010670731707317, 0.1
656, 4606.0, 7, 7.010654490106545, 0.1
657, 4614.0, 8, 7.0121580547112465, 0.1
658, 4621.0, 7, 7.0121396054628224, 0.1
659, 4628.0, 7, 7.012121212121212, 0.1
660, 4633.0, 5, 7.009077155824508, 0.1
661, 4641.0, 8, 7.0105740181268885, 0.1
662, 4649.0, 8, 7.012066365007541, 0.1
663, 4656.0, 7, 7.0120481927710845, 0.1
664, 4663.0, 7, 7.01203007518797, 0.1
665, 4671.0, 8, 7.013513513513513, 0.1
666, 4679.0, 8, 7.014992503748126, 0.1
667, 4686.0, 7, 7.014970059880239, 0.1
668, 4693.0, 7, 7.014947683109118, 0.1
669, 4695.0, 2, 7.007462686567164, 0.1
670, 4703.0, 8, 7.008941877794337, 0.1
671, 4710.0, 7, 7.008928571428571, 0.1
672, 4712.0, 2, 7.00148588410104, 0.1
673, 4720.0, 8, 7.002967359050445, 0.1
674, 4727.0, 7, 7.002962962962963, 0.1
675, 4733.0, 6, 7.0014792899408285, 0.1
676, 4741.0, 8, 7.002954209748892, 0.1
677, 4748.0, 7, 7.002949852507375, 0.1
678, 4755.0, 7, 7.002945508100147, 0.1
679, 4759.0, 4, 6.998529411764705, 0.1
680, 4767.0, 8, 7.0, 0.1
681, 4774.0, 7, 7.0, 0.1
682, 4781.0, 7, 7.0, 0.1
683, 4786.0, 5, 6.997076023391813, 0.1
684, 4792.0, 6, 6.995620437956204, 0.1
685, 4800.0, 8, 6.997084548104956, 0.1
686, 4807.0, 7, 6.9970887918486175, 0.1
687, 4815.0, 8, 6.998546511627907, 0.1
688, 4823.0, 8, 7.0, 0.1
689, 4830.0, 7, 7.0, 0.1
690, 4837.0, 7, 7.0, 0.1
691, 4844.0, 7, 7.0, 0.1
692, 4846.0, 2, 6.992784992784993, 0.1
693, 4853.0, 7, 6.992795389048991, 0.1
694, 4859.0, 6, 6.99136690647482, 0.1
695, 4861.0, 2, 6.984195402298851, 0.1
696, 4867.0, 6, 6.982783357245337, 0.1
697, 4875.0, 8, 6.984240687679083, 0.1
698, 4882.0, 7, 6.984263233190272, 0.1
699, 4890.0, 8, 6.985714285714286, 0.1
700, 4897.0, 7, 6.985734664764622, 0.1
701, 4904.0, 7, 6.985754985754986, 0.1
702, 4911.0, 7, 6.985775248933144, 0.1
703, 4915.0, 4, 6.981534090909091, 0.1
704, 4923.0, 8, 6.982978723404256, 0.1
705, 4929.0, 6, 6.981586402266289, 0.1
706, 4935.0, 6, 6.98019801980198, 0.1
707, 4942.0, 7, 6.980225988700565, 0.1
708, 4948.0, 6, 6.9788434414668545, 0.1
709, 4954.0, 6, 6.977464788732394, 0.1
710, 4961.0, 7, 6.977496483825598, 0.1
711, 4967.0, 6, 6.976123595505618, 0.1
712, 4975.0, 8, 6.977559607293127, 0.1
713, 4982.0, 7, 6.977591036414566, 0.1
714, 4984.0, 2, 6.9706293706293705, 0.1
715, 4987.0, 3, 6.965083798882682, 0.1
716, 4992.0, 5, 6.96234309623431, 0.1
717, 5000.0, 8, 6.963788300835654, 0.1
718, 5007.0, 7, 6.963838664812239, 0.1
719, 5014.0, 7, 6.963888888888889, 0.1
720, 5020.0, 6, 6.9625520110957, 0.1
721, 5028.0, 8, 6.96398891966759, 0.1
722, 5031.0, 3, 6.95850622406639, 0.1
723, 5037.0, 6, 6.957182320441989, 0.1
724, 5044.0, 7, 6.957241379310345, 0.1
725, 5051.0, 7, 6.957300275482094, 0.1
726, 5057.0, 6, 6.955983493810179, 0.1
727, 5065.0, 8, 6.957417582417582, 0.1
728, 5066.0, 1, 6.949245541838135, 0.1
729, 5071.0, 5, 6.946575342465754, 0.1
730, 5078.0, 7, 6.946648426812586, 0.1
731, 5081.0, 3, 6.941256830601093, 0.1
732, 5089.0, 8, 6.942701227830832, 0.1
733, 5097.0, 8, 6.944141689373297, 0.1
734, 5105.0, 8, 6.945578231292517, 0.1
735, 5112.0, 7, 6.945652173913044, 0.1
736, 5119.0, 7, 6.94572591587517, 0.1
737, 5126.0, 7, 6.94579945799458, 0.1
738, 5134.0, 8, 6.94722598105548, 0.1
739, 5140.0, 6, 6.945945945945946, 0.1
740, 5147.0, 7, 6.946018893387315, 0.1
741, 5155.0, 8, 6.94743935309973, 0.1
742, 5163.0, 8, 6.94885598923284, 0.1
743, 5170.0, 7, 6.948924731182796, 0.1
744, 5177.0, 7, 6.948993288590604, 0.1
745, 5184.0, 7, 6.949061662198392, 0.1
746, 5191.0, 7, 6.949129852744311, 0.1
747, 5196.0, 5, 6.946524064171123, 0.1
748, 5201.0, 5, 6.94392523364486, 0.1
749, 5207.0, 6, 6.942666666666667, 0.1
750, 5214.0, 7, 6.942743009320905, 0.1
751, 5221.0, 7, 6.94281914893617, 0.1
752, 5229.0, 8, 6.944223107569721, 0.1
753, 5237.0, 8, 6.945623342175066, 0.1
754, 5239.0, 2, 6.9390728476821195, 0.1
755, 5244.0, 5, 6.936507936507937, 0.1
756, 5251.0, 7, 6.936591809775429, 0.1
757, 5259.0, 8, 6.937994722955145, 0.1
758, 5261.0, 2, 6.9314888010540185, 0.1
759, 5265.0, 4, 6.927631578947368, 0.1
760, 5271.0, 6, 6.926412614980289, 0.1
761, 5274.0, 3, 6.921259842519685, 0.1
762, 5282.0, 8, 6.922673656618611, 0.1
763, 5289.0, 7, 6.922774869109948, 0.1
764, 5295.0, 6, 6.921568627450981, 0.1
765, 5301.0, 6, 6.920365535248042, 0.1
766, 5305.0, 4, 6.916558018252934, 0.1
767, 5311.0, 6, 6.915364583333333, 0.1
768, 5319.0, 8, 6.916775032509753, 0.1
769, 5321.0, 2, 6.91038961038961, 0.1
770, 5328.0, 7, 6.910505836575876, 0.1
771, 5336.0, 8, 6.9119170984455955, 0.1
772, 5336.0, 0, 6.902975420439844, 0.1
773, 5336.0, 0, 6.89405684754522, 0.1
774, 5337.0, 1, 6.886451612903226, 0.1
775, 5343.0, 6, 6.885309278350515, 0.1
776, 5351.0, 8, 6.886743886743886, 0.1
777, 5358.0, 7, 6.886889460154242, 0.1
778, 5363.0, 5, 6.884467265725289, 0.1
779, 5370.0, 7, 6.884615384615385, 0.1
780, 5378.0, 8, 6.886043533930858, 0.1
781, 5384.0, 6, 6.884910485933504, 0.1
782, 5392.0, 8, 6.886334610472542, 0.1
783, 5399.0, 7, 6.886479591836735, 0.1
784, 5406.0, 7, 6.886624203821656, 0.1
785, 5414.0, 8, 6.888040712468193, 0.1
786, 5416.0, 2, 6.881829733163913, 0.1
787, 5416.0, 0, 6.873096446700508, 0.1
788, 5424.0, 8, 6.8745247148288975, 0.1
789, 5431.0, 7, 6.874683544303798, 0.1
790, 5439.0, 8, 6.876106194690266, 0.1
791, 5445.0, 6, 6.875, 0.1
792, 5448.0, 3, 6.870113493064313, 0.1
793, 5455.0, 7, 6.870277078085643, 0.1
794, 5461.0, 6, 6.869182389937107, 0.1
795, 5464.0, 3, 6.864321608040201, 0.1
796, 5471.0, 7, 6.864491844416562, 0.1
797, 5479.0, 8, 6.865914786967418, 0.1
798, 5485.0, 6, 6.864831038798498, 0.1
799, 5492.0, 7, 6.865, 0.1
800, 5498.0, 6, 6.863920099875156, 0.1
801, 5501.0, 3, 6.859102244389027, 0.1
802, 5508.0, 7, 6.859277708592777, 0.1
803, 5510.0, 2, 6.853233830845771, 0.1
804, 5516.0, 6, 6.852173913043479, 0.1
805, 5524.0, 8, 6.8535980148883375, 0.1
806, 5531.0, 7, 6.8537794299876085, 0.1
807, 5534.0, 3, 6.849009900990099, 0.1
808, 5542.0, 8, 6.850432632880099, 0.1
809, 5549.0, 7, 6.850617283950617, 0.1
810, 5557.0, 8, 6.8520345252774355, 0.1
811, 5565.0, 8, 6.853448275862069, 0.1
812, 5573.0, 8, 6.854858548585486, 0.1
813, 5581.0, 8, 6.856265356265356, 0.1
814, 5589.0, 8, 6.857668711656442, 0.1
815, 5592.0, 3, 6.852941176470588, 0.1
816, 5600.0, 8, 6.854345165238678, 0.1
817, 5604.0, 4, 6.8508557457212715, 0.1
818, 5612.0, 8, 6.852258852258852, 0.1
819, 5620.0, 8, 6.853658536585366, 0.1
820, 5627.0, 7, 6.853836784409257, 0.1
821, 5634.0, 7, 6.854014598540146, 0.1
822, 5638.0, 4, 6.850546780072904, 0.1
823, 5645.0, 7, 6.850728155339806, 0.1
824, 5653.0, 8, 6.8521212121212125, 0.1
825, 5657.0, 4, 6.848668280871671, 0.1
826, 5664.0, 7, 6.848851269649335, 0.1
827, 5672.0, 8, 6.85024154589372, 0.1
828, 5680.0, 8, 6.851628468033776, 0.1
829, 5687.0, 7, 6.851807228915662, 0.1
830, 5689.0, 2, 6.845968712394705, 0.1
831, 5696.0, 7, 6.846153846153846, 0.1
832, 5704.0, 8, 6.847539015606243, 0.1
833, 5711.0, 7, 6.847721822541966, 0.1
834, 5717.0, 6, 6.846706586826348, 0.1
835, 5724.0, 7, 6.84688995215311, 0.1
836, 5731.0, 7, 6.847072879330944, 0.1
837, 5739.0, 8, 6.848448687350835, 0.1
838, 5747.0, 8, 6.849821215733016, 0.1
839, 5755.0, 8, 6.851190476190476, 0.1
840, 5763.0, 8, 6.8525564803805, 0.1
841, 5770.0, 7, 6.852731591448931, 0.1
842, 5773.0, 3, 6.8481613285883745, 0.1
843, 5779.0, 6, 6.847156398104265, 0.1
844, 5787.0, 8, 6.848520710059171, 0.1
845, 5795.0, 8, 6.849881796690307, 0.1
846, 5795.0, 0, 6.8417945690672965, 0.1
847, 5803.0, 8, 6.84316037735849, 0.1
848, 5811.0, 8, 6.84452296819788, 0.1
849, 5812.0, 1, 6.83764705882353, 0.1
850, 5820.0, 8, 6.839012925969448, 0.1
851, 5828.0, 8, 6.84037558685446, 0.1
852, 5836.0, 8, 6.8417350527549825, 0.1
853, 5844.0, 8, 6.843091334894614, 0.1
854, 5844.0, 0, 6.8350877192982455, 0.1
855, 5851.0, 7, 6.835280373831775, 0.1
856, 5857.0, 6, 6.834305717619603, 0.1
857, 5860.0, 3, 6.82983682983683, 0.1
858, 5866.0, 6, 6.828870779976717, 0.1
859, 5871.0, 5, 6.826744186046511, 0.1
860, 5878.0, 7, 6.826945412311266, 0.1
861, 5886.0, 8, 6.82830626450116, 0.1
862, 5891.0, 5, 6.826187717265354, 0.1
863, 5899.0, 8, 6.827546296296297, 0.1
864, 5905.0, 6, 6.826589595375722, 0.1
865, 5912.0, 7, 6.826789838337183, 0.1
866, 5920.0, 8, 6.828143021914649, 0.1
867, 5927.0, 7, 6.828341013824885, 0.1
868, 5934.0, 7, 6.828538550057537, 0.1
869, 5940.0, 6, 6.827586206896552, 0.1
870, 5948.0, 8, 6.828932261768083, 0.1
871, 5956.0, 8, 6.830275229357798, 0.1
872, 5964.0, 8, 6.831615120274914, 0.1
873, 5969.0, 5, 6.829519450800915, 0.1
874, 5975.0, 6, 6.828571428571428, 0.1
875, 5979.0, 4, 6.825342465753424, 0.1
876, 5987.0, 8, 6.826681870011402, 0.1
877, 5994.0, 7, 6.826879271070615, 0.1
878, 6000.0, 6, 6.825938566552901, 0.1
879, 6003.0, 3, 6.821590909090909, 0.1
880, 6010.0, 7, 6.821793416572077, 0.1
881, 6018.0, 8, 6.8231292517006805, 0.1
882, 6026.0, 8, 6.8244620611551525, 0.1
883, 6028.0, 2, 6.819004524886878, 0.1
884, 6035.0, 7, 6.8192090395480225, 0.1
885, 6043.0, 8, 6.820541760722348, 0.1
886, 6051.0, 8, 6.821871476888388, 0.1
887, 6058.0, 7, 6.822072072072072, 0.1
888, 6066.0, 8, 6.8233970753655795, 0.1
889, 6068.0, 2, 6.817977528089887, 0.1
890, 6076.0, 8, 6.819304152637486, 0.1
891, 6082.0, 6, 6.818385650224215, 0.1
892, 6089.0, 7, 6.818589025755879, 0.1
893, 6097.0, 8, 6.819910514541387, 0.1
894, 6103.0, 6, 6.818994413407821, 0.1
895, 6111.0, 8, 6.8203125, 0.1
896, 6119.0, 8, 6.821627647714604, 0.1
897, 6127.0, 8, 6.82293986636971, 0.1
898, 6135.0, 8, 6.824249165739711, 0.1
899, 6143.0, 8, 6.825555555555556, 0.1
900, 6151.0, 8, 6.826859045504994, 0.1
901, 6158.0, 7, 6.827050997782705, 0.1
902, 6165.0, 7, 6.827242524916944, 0.1
903, 6173.0, 8, 6.82853982300885, 0.1
904, 6179.0, 6, 6.827624309392265, 0.1
905, 6187.0, 8, 6.828918322295806, 0.1
906, 6194.0, 7, 6.829106945975744, 0.1
907, 6202.0, 8, 6.830396475770925, 0.1
908, 6207.0, 5, 6.8283828382838285, 0.1
909, 6207.0, 0, 6.820879120879121, 0.1
910, 6212.0, 5, 6.818880351262349, 0.1
911, 6220.0, 8, 6.8201754385964914, 0.1
912, 6227.0, 7, 6.8203723986856515, 0.1
913, 6234.0, 7, 6.820568927789934, 0.1
914, 6236.0, 2, 6.815300546448087, 0.1
915, 6243.0, 7, 6.815502183406114, 0.1
916, 6250.0, 7, 6.815703380588877, 0.1
917, 6254.0, 4, 6.812636165577342, 0.1
918, 6260.0, 6, 6.811751904243743, 0.1
919, 6268.0, 8, 6.8130434782608695, 0.1
920, 6275.0, 7, 6.813246471226927, 0.1
921, 6283.0, 8, 6.814533622559653, 0.1
922, 6290.0, 7, 6.8147345612134345, 0.1
923, 6298.0, 8, 6.816017316017316, 0.1
924, 6301.0, 3, 6.811891891891892, 0.1
925, 6309.0, 8, 6.813174946004319, 0.1
926, 6317.0, 8, 6.81445523193096, 0.1
927, 6324.0, 7, 6.814655172413793, 0.1
928, 6332.0, 8, 6.815931108719052, 0.1
929, 6340.0, 8, 6.817204301075269, 0.1
930, 6346.0, 6, 6.816326530612245, 0.1
931, 6348.0, 2, 6.8111587982832615, 0.1
932, 6354.0, 6, 6.810289389067524, 0.1
933, 6358.0, 4, 6.80728051391863, 0.1
934, 6366.0, 8, 6.80855614973262, 0.1
935, 6373.0, 7, 6.808760683760684, 0.1
936, 6381.0, 8, 6.810032017075773, 0.1
937, 6388.0, 7, 6.810234541577826, 0.1
938, 6395.0, 7, 6.810436634717785, 0.1
939, 6401.0, 6, 6.809574468085106, 0.1
940, 6409.0, 8, 6.810839532412327, 0.1
941, 6417.0, 8, 6.812101910828026, 0.1
942, 6422.0, 5, 6.8101802757158, 0.1
943, 6426.0, 4, 6.807203389830509, 0.1
944, 6433.0, 7, 6.807407407407408, 0.1
945, 6438.0, 5, 6.805496828752642, 0.1
946, 6445.0, 7, 6.805702217529039, 0.1
947, 6452.0, 7, 6.805907172995781, 0.1
948, 6458.0, 6, 6.805057955742887, 0.1
949, 6464.0, 6, 6.8042105263157895, 0.1
950, 6471.0, 7, 6.804416403785489, 0.1
951, 6478.0, 7, 6.804621848739496, 0.1
952, 6485.0, 7, 6.8048268625393495, 0.1
953, 6493.0, 8, 6.80607966457023, 0.1
954, 6499.0, 6, 6.805235602094241, 0.1
955, 6507.0, 8, 6.806485355648536, 0.1
956, 6514.0, 7, 6.806687565308255, 0.1
957, 6521.0, 7, 6.806889352818372, 0.1
958, 6522.0, 1, 6.800834202294056, 0.1
959, 6530.0, 8, 6.802083333333333, 0.1
960, 6538.0, 8, 6.803329864724246, 0.1
961, 6545.0, 7, 6.803534303534303, 0.1
962, 6550.0, 5, 6.801661474558671, 0.1
963, 6552.0, 2, 6.796680497925311, 0.1
964, 6555.0, 3, 6.7927461139896375, 0.1
965, 6562.0, 7, 6.79296066252588, 0.1
966, 6566.0, 4, 6.790072388831438, 0.1
967, 6572.0, 6, 6.789256198347108, 0.1
968, 6579.0, 7, 6.7894736842105265, 0.1
969, 6583.0, 4, 6.78659793814433, 0.1
970, 6589.0, 6, 6.785787847579814, 0.1
971, 6597.0, 8, 6.787037037037037, 0.1
972, 6604.0, 7, 6.787255909558068, 0.1
973, 6612.0, 8, 6.788501026694045, 0.1
974, 6618.0, 6, 6.787692307692308, 0.1
975, 6624.0, 6, 6.786885245901639, 0.1
976, 6632.0, 8, 6.788126919140225, 0.1
977, 6640.0, 8, 6.789366053169734, 0.1
978, 6648.0, 8, 6.790602655771195, 0.1
979, 6656.0, 8, 6.791836734693877, 0.1
980, 6663.0, 7, 6.792048929663609, 0.1
981, 6670.0, 7, 6.7922606924643585, 0.1
982, 6678.0, 8, 6.793489318413021, 0.1
983, 6682.0, 4, 6.790650406504065, 0.1
984, 6688.0, 6, 6.78984771573604, 0.1
985, 6696.0, 8, 6.7910750507099396, 0.1
986, 6701.0, 5, 6.789260385005066, 0.1
987, 6706.0, 5, 6.787449392712551, 0.1
988, 6712.0, 6, 6.786653185035389, 0.1
989, 6718.0, 6, 6.785858585858586, 0.1
990, 6725.0, 7, 6.786074672048436, 0.1
991, 6732.0, 7, 6.786290322580645, 0.1
992, 6740.0, 8, 6.787512588116818, 0.1
993, 6748.0, 8, 6.788732394366197, 0.1
994, 6750.0, 2, 6.78391959798995, 0.1
995, 6756.0, 6, 6.783132530120482, 0.1
996, 6760.0, 4, 6.780341023069208, 0.1
997, 6764.0, 4, 6.777555110220441, 0.1
998, 6772.0, 8, 6.778778778778779, 0.1
999, 6779.0, 7, 6.779, 0.1
1000, 6782.0, 3, 6.775224775224776, 0.1
1001, 6789.0, 7, 6.775449101796407, 0.1
1002, 6797.0, 8, 6.7766699900299106, 0.1
1003, 6805.0, 8, 6.777888446215139, 0.1
1004, 6811.0, 6, 6.777114427860696, 0.1
1005, 6812.0, 1, 6.7713717693836974, 0.1
1006, 6818.0, 6, 6.7706057596822244, 0.1
1007, 6825.0, 7, 6.770833333333333, 0.1
1008, 6832.0, 7, 6.771060455896928, 0.1
1009, 6839.0, 7, 6.7712871287128715, 0.1
1010, 6846.0, 7, 6.771513353115727, 0.1
1011, 6854.0, 8, 6.7727272727272725, 0.1
1012, 6861.0, 7, 6.772951628825272, 0.1
1013, 6867.0, 6, 6.772189349112426, 0.1
1014, 6875.0, 8, 6.773399014778325, 0.1
1015, 6879.0, 4, 6.770669291338582, 0.1
1016, 6887.0, 8, 6.7718780727630286, 0.1
1017, 6894.0, 7, 6.772102161100197, 0.1
1018, 6895.0, 1, 6.766437684003925, 0.1
1019, 6903.0, 8, 6.767647058823529, 0.1
1020, 6910.0, 7, 6.767874632713027, 0.1
1021, 6918.0, 8, 6.76908023483366, 0.1
1022, 6925.0, 7, 6.76930596285435, 0.1
1023, 6933.0, 8, 6.7705078125, 0.1
1024, 6936.0, 3, 6.766829268292683, 0.1
1025, 6943.0, 7, 6.7670565302144245, 0.1
1026, 6949.0, 6, 6.766309639727361, 0.1
1027, 6956.0, 7, 6.766536964980545, 0.1
1028, 6962.0, 6, 6.765792031098154, 0.1
1029, 6969.0, 7, 6.766019417475728, 0.1
1030, 6971.0, 2, 6.761396702230844, 0.1
1031, 6979.0, 8, 6.762596899224806, 0.1
1032, 6987.0, 8, 6.763794772507261, 0.1
1033, 6993.0, 6, 6.7630560928433265, 0.1
1034, 7000.0, 7, 6.763285024154589, 0.1
1035, 7007.0, 7, 6.763513513513513, 0.1
1036, 7013.0, 6, 6.762777242044359, 0.1
1037, 7021.0, 8, 6.763969171483622, 0.1
1038, 7029.0, 8, 6.765158806544755, 0.1
1039, 7036.0, 7, 6.765384615384615, 0.1
1040, 7043.0, 7, 6.765609990393852, 0.1
1041, 7046.0, 3, 6.7619961612284065, 0.1
1042, 7051.0, 5, 6.760306807286673, 0.1
1043, 7051.0, 0, 6.753831417624521, 0.1
1044, 7059.0, 8, 6.755023923444976, 0.1
1045, 7066.0, 7, 6.755258126195029, 0.1
1046, 7073.0, 7, 6.75549188156638, 0.1
1047, 7080.0, 7, 6.755725190839694, 0.1
1048, 7086.0, 6, 6.755004766444233, 0.1
1049, 7094.0, 8, 6.7561904761904765, 0.1
1050, 7102.0, 8, 6.757373929590866, 0.1
1051, 7110.0, 8, 6.758555133079848, 0.1
1052, 7118.0, 8, 6.759734093067427, 0.1
1053, 7125.0, 7, 6.759962049335863, 0.1
1054, 7132.0, 7, 6.760189573459716, 0.1
1055, 7140.0, 8, 6.761363636363637, 0.1
1056, 7147.0, 7, 6.76158940397351, 0.1
1057, 7151.0, 4, 6.758979206049149, 0.1
1058, 7159.0, 8, 6.760151085930123, 0.1
1059, 7160.0, 1, 6.754716981132075, 0.1
1060, 7167.0, 7, 6.754948162111216, 0.1
1061, 7173.0, 6, 6.754237288135593, 0.1
1062, 7178.0, 5, 6.7525870178739416, 0.1
1063, 7180.0, 2, 6.7481203007518795, 0.1
1064, 7187.0, 7, 6.748356807511737, 0.1
1065, 7195.0, 8, 6.74953095684803, 0.1
1066, 7201.0, 6, 6.748828491096532, 0.1
1067, 7207.0, 6, 6.74812734082397, 0.1
1068, 7213.0, 6, 6.747427502338634, 0.1
1069, 7220.0, 7, 6.747663551401869, 0.1
1070, 7227.0, 7, 6.7478991596638656, 0.1
1071, 7235.0, 8, 6.749067164179104, 0.1
1072, 7238.0, 3, 6.745573159366263, 0.1
1073, 7245.0, 7, 6.745810055865922, 0.1
1074, 7252.0, 7, 6.746046511627907, 0.1
1075, 7252.0, 0, 6.739776951672862, 0.1
1076, 7256.0, 4, 6.737233054781801, 0.1
1077, 7264.0, 8, 6.738404452690167, 0.1
1078, 7269.0, 5, 6.736793327154773, 0.1
1079, 7277.0, 8, 6.737962962962963, 0.1
1080, 7285.0, 8, 6.739130434782608, 0.1
1081, 7293.0, 8, 6.740295748613678, 0.1
1082, 7296.0, 3, 6.7368421052631575, 0.1
1083, 7304.0, 8, 6.7380073800738005, 0.1
1084, 7310.0, 6, 6.7373271889400925, 0.1
1085, 7318.0, 8, 6.738489871086556, 0.1
1086, 7325.0, 7, 6.7387304507819685, 0.1
1087, 7332.0, 7, 6.738970588235294, 0.1
1088, 7336.0, 4, 6.736455463728191, 0.1
1089, 7344.0, 8, 6.7376146788990825, 0.1
1090, 7352.0, 8, 6.738771769019248, 0.1
1091, 7360.0, 8, 6.73992673992674, 0.1
1092, 7363.0, 3, 6.736505032021958, 0.1
1093, 7370.0, 7, 6.736745886654479, 0.1
1094, 7378.0, 8, 6.737899543378996, 0.1
1095, 7385.0, 7, 6.738138686131387, 0.1
1096, 7389.0, 4, 6.735642661804922, 0.1
1097, 7396.0, 7, 6.735883424408015, 0.1
1098, 7404.0, 8, 6.737033666969973, 0.1
1099, 7409.0, 5, 6.735454545454545, 0.1
1100, 7416.0, 7, 6.735694822888283, 0.1
1101, 7423.0, 7, 6.735934664246824, 0.1
1102, 7428.0, 5, 6.734360834088848, 0.1
1103, 7436.0, 8, 6.7355072463768115, 0.1
1104, 7442.0, 6, 6.734841628959276, 0.1
1105, 7448.0, 6, 6.734177215189874, 0.1
1106, 7456.0, 8, 6.735320686540199, 0.1
1107, 7462.0, 6, 6.734657039711191, 0.1
1108, 7470.0, 8, 6.735798016230839, 0.1
1109, 7478.0, 8, 6.736936936936937, 0.1
1110, 7486.0, 8, 6.738073807380738, 0.1
1111, 7494.0, 8, 6.739208633093525, 0.1
1112, 7501.0, 7, 6.739442946990117, 0.1
1113, 7508.0, 7, 6.73967684021544, 0.1
1114, 7514.0, 6, 6.739013452914798, 0.1
1115, 7522.0, 8, 6.740143369175628, 0.1
1116, 7530.0, 8, 6.741271262309758, 0.1
1117, 7538.0, 8, 6.742397137745975, 0.1
1118, 7544.0, 6, 6.741733690795353, 0.1
1119, 7550.0, 6, 6.741071428571429, 0.1
1120, 7557.0, 7, 6.741302408563782, 0.1
1121, 7565.0, 8, 6.742424242424242, 0.1
1122, 7573.0, 8, 6.7435440783615315, 0.1
1123, 7581.0, 8, 6.744661921708185, 0.1
1124, 7582.0, 1, 6.7395555555555555, 0.1
1125, 7590.0, 8, 6.7406749555950265, 0.1
1126, 7598.0, 8, 6.741792369121562, 0.1
1127, 7606.0, 8, 6.74290780141844, 0.1
1128, 7612.0, 6, 6.742249778565101, 0.1
1129, 7618.0, 6, 6.741592920353982, 0.1
1130, 7626.0, 8, 6.742705570291777, 0.1
1131, 7633.0, 7, 6.742932862190813, 0.1
1132, 7639.0, 6, 6.742277140335393, 0.1
1133, 7646.0, 7, 6.742504409171076, 0.1
1134, 7654.0, 8, 6.743612334801762, 0.1
1135, 7656.0, 2, 6.73943661971831, 0.1
1136, 7664.0, 8, 6.740545294635004, 0.1
1137, 7667.0, 3, 6.73725834797891, 0.1
1138, 7673.0, 6, 6.736611062335382, 0.1
1139, 7679.0, 6, 6.735964912280702, 0.1
1140, 7687.0, 8, 6.737072743207713, 0.1
1141, 7694.0, 7, 6.7373029772329245, 0.1
1142, 7702.0, 8, 6.73840769903762, 0.1
1143, 7702.0, 0, 6.7325174825174825, 0.1
1144, 7705.0, 3, 6.729257641921397, 0.1
1145, 7713.0, 8, 6.730366492146596, 0.1
1146, 7716.0, 3, 6.727114210985179, 0.1
1147, 7723.0, 7, 6.727351916376307, 0.1
1148, 7725.0, 2, 6.723237597911227, 0.1
1149, 7730.0, 5, 6.721739130434782, 0.1
1150, 7734.0, 4, 6.719374456993918, 0.1
1151, 7742.0, 8, 6.720486111111111, 0.1
1152, 7750.0, 8, 6.7215958369470945, 0.1
1153, 7756.0, 6, 6.720970537261699, 0.1
1154, 7764.0, 8, 6.722077922077922, 0.1
1155, 7772.0, 8, 6.72318339100346, 0.1
1156, 7779.0, 7, 6.7234226447709595, 0.1
1157, 7787.0, 8, 6.724525043177893, 0.1
1158, 7794.0, 7, 6.724762726488352, 0.1
1159, 7801.0, 7, 6.725, 0.1
1160, 7809.0, 8, 6.72609819121447, 0.1
1161, 7816.0, 7, 6.726333907056799, 0.1
1162, 7822.0, 6, 6.725709372312983, 0.1
1163, 7828.0, 6, 6.725085910652921, 0.1
1164, 7828.0, 0, 6.71931330472103, 0.1
1165, 7835.0, 7, 6.719554030874786, 0.1
1166, 7842.0, 7, 6.719794344473008, 0.1
1167, 7843.0, 1, 6.714897260273973, 0.1
1168, 7850.0, 7, 6.715141146278871, 0.1
1169, 7858.0, 8, 6.716239316239316, 0.1
1170, 7858.0, 0, 6.710503842869342, 0.1
1171, 7864.0, 6, 6.709897610921502, 0.1
1172, 7870.0, 6, 6.709292412617221, 0.1
1173, 7875.0, 5, 6.707836456558773, 0.1
1174, 7881.0, 6, 6.707234042553192, 0.1
1175, 7888.0, 7, 6.707482993197279, 0.1
1176, 7894.0, 6, 6.706881903143586, 0.1
1177, 7902.0, 8, 6.707979626485569, 0.1
1178, 7908.0, 6, 6.707379134860051, 0.1
1179, 7910.0, 2, 6.703389830508475, 0.1
1180, 7911.0, 1, 6.698560541913633, 0.1
1181, 7919.0, 8, 6.699661590524535, 0.1
1182, 7925.0, 6, 6.699070160608622, 0.1
1183, 7933.0, 8, 6.700168918918919, 0.1
1184, 7934.0, 1, 6.695358649789029, 0.1
1185, 7941.0, 7, 6.695615514333896, 0.1
1186, 7949.0, 8, 6.696714406065712, 0.1
1187, 7957.0, 8, 6.697811447811448, 0.1
1188, 7964.0, 7, 6.698065601345669, 0.1
1189, 7970.0, 6, 6.697478991596639, 0.1
1190, 7970.0, 0, 6.691855583543241, 0.1
1191, 7978.0, 8, 6.692953020134228, 0.1
1192, 7981.0, 3, 6.689857502095557, 0.1
1193, 7984.0, 3, 6.686767169179229, 0.1
1194, 7991.0, 7, 6.687029288702929, 0.1
1195, 7994.0, 3, 6.683946488294314, 0.1
1196, 7999.0, 5, 6.682539682539683, 0.1
1197, 8007.0, 8, 6.683639398998331, 0.1
1198, 8015.0, 8, 6.684737281067556, 0.1
1199, 8020.0, 5, 6.683333333333334, 0.1
1200, 8027.0, 7, 6.683597002497918, 0.1
1201, 8034.0, 7, 6.683860232945092, 0.1
1202, 8040.0, 6, 6.683291770573566, 0.1
1203, 8046.0, 6, 6.6827242524916945, 0.1
1204, 8053.0, 7, 6.68298755186722, 0.1
1205, 8061.0, 8, 6.6840796019900495, 0.1
1206, 8063.0, 2, 6.68019884009942, 0.1
1207, 8071.0, 8, 6.681291390728477, 0.1
1208, 8077.0, 6, 6.680727874276261, 0.1
1209, 8083.0, 6, 6.680165289256198, 0.1
1210, 8091.0, 8, 6.681255161023947, 0.1
1211, 8099.0, 8, 6.682343234323432, 0.1
1212, 8100.0, 1, 6.677658697444353, 0.1
1213, 8103.0, 3, 6.674629324546952, 0.1
1214, 8107.0, 4, 6.6724279835390945, 0.1
1215, 8115.0, 8, 6.673519736842105, 0.1
1216, 8123.0, 8, 6.674609695973706, 0.1
1217, 8129.0, 6, 6.674055829228243, 0.1
1218, 8136.0, 7, 6.674323215750615, 0.1
1219, 8143.0, 7, 6.674590163934426, 0.1
1220, 8143.0, 0, 6.669123669123669, 0.1
1221, 8151.0, 8, 6.670212765957447, 0.1
1222, 8158.0, 7, 6.670482420278005, 0.1
1223, 8164.0, 6, 6.669934640522876, 0.1
1224, 8172.0, 8, 6.671020408163265, 0.1
1225, 8179.0, 7, 6.671288743882545, 0.1
1226, 8187.0, 8, 6.67237163814181, 0.1
1227, 8195.0, 8, 6.673452768729642, 0.1
1228, 8203.0, 8, 6.67453213995118, 0.1
1229, 8208.0, 5, 6.673170731707317, 0.1
1230, 8216.0, 8, 6.674248578391552, 0.1
1231, 8222.0, 6, 6.673701298701299, 0.1
1232, 8223.0, 1, 6.669099756690998, 0.1
1233, 8229.0, 6, 6.668557536466775, 0.1
1234, 8237.0, 8, 6.669635627530364, 0.1
1235, 8243.0, 6, 6.669093851132686, 0.1
1236, 8251.0, 8, 6.670169765561843, 0.1
1237, 8258.0, 7, 6.670436187399031, 0.1
1238, 8265.0, 7, 6.670702179176756, 0.1
1239, 8271.0, 6, 6.67016129032258, 0.1
1240, 8279.0, 8, 6.671232876712328, 0.1
1241, 8286.0, 7, 6.671497584541063, 0.1
1242, 8293.0, 7, 6.671761866452132, 0.1
1243, 8301.0, 8, 6.672829581993569, 0.1
1244, 8307.0, 6, 6.672289156626506, 0.1
1245, 8315.0, 8, 6.673354735152488, 0.1
1246, 8322.0, 7, 6.673616680032077, 0.1
1247, 8330.0, 8, 6.674679487179487, 0.1
1248, 8337.0, 7, 6.674939951961569, 0.1
1249, 8344.0, 7, 6.6752, 0.1
1250, 8352.0, 8, 6.676258992805756, 0.1
1251, 8359.0, 7, 6.676517571884984, 0.1
1252, 8367.0, 8, 6.677573822825219, 0.1
1253, 8371.0, 4, 6.675438596491228, 0.1
1254, 8379.0, 8, 6.676494023904382, 0.1
1255, 8385.0, 6, 6.675955414012739, 0.1
1256, 8392.0, 7, 6.676213206046142, 0.1
1257, 8399.0, 7, 6.676470588235294, 0.1
1258, 8407.0, 8, 6.677521842732327, 0.1
1259, 8414.0, 7, 6.677777777777778, 0.1
1260, 8421.0, 7, 6.6780333068992865, 0.1
1261, 8428.0, 7, 6.678288431061807, 0.1
1262, 8434.0, 6, 6.677751385589866, 0.1
1263, 8441.0, 7, 6.6780063291139244, 0.1
1264, 8443.0, 2, 6.674308300395257, 0.1
1265, 8443.0, 0, 6.6690363349131125, 0.1
1266, 8447.0, 4, 6.666929755327545, 0.1
1267, 8451.0, 4, 6.664826498422713, 0.1
1268, 8458.0, 7, 6.665090622537431, 0.1
1269, 8464.0, 6, 6.6645669291338585, 0.1
1270, 8472.0, 8, 6.665617623918175, 0.1
1271, 8474.0, 2, 6.661949685534591, 0.1
1272, 8482.0, 8, 6.663000785545955, 0.1
1273, 8488.0, 6, 6.662480376766091, 0.1
1274, 8496.0, 8, 6.6635294117647055, 0.1
1275, 8504.0, 8, 6.664576802507837, 0.1
1276, 8510.0, 6, 6.664056382145654, 0.1
1277, 8517.0, 7, 6.664319248826291, 0.1
1278, 8523.0, 6, 6.663799843627834, 0.1
1279, 8531.0, 8, 6.66484375, 0.1
1280, 8536.0, 5, 6.663544106167057, 0.1
1281, 8540.0, 4, 6.661466458658347, 0.1
1282, 8548.0, 8, 6.662509742790335, 0.1
1283, 8556.0, 8, 6.663551401869159, 0.1
1284, 8561.0, 5, 6.662256809338522, 0.1
1285, 8568.0, 7, 6.6625194401244165, 0.1
1286, 8573.0, 5, 6.661227661227661, 0.1
1287, 8581.0, 8, 6.662267080745342, 0.1
1288, 8588.0, 7, 6.662529092319628, 0.1
1289, 8596.0, 8, 6.663565891472868, 0.1
1290, 8604.0, 8, 6.664601084430674, 0.1
1291, 8610.0, 6, 6.664086687306502, 0.1
1292, 8618.0, 8, 6.665119876256767, 0.1
1293, 8626.0, 8, 6.666151468315301, 0.1
1294, 8631.0, 5, 6.664864864864865, 0.1
1295, 8639.0, 8, 6.665895061728395, 0.1
1296, 8647.0, 8, 6.66692367000771, 0.1
1297, 8655.0, 8, 6.667950693374422, 0.1
1298, 8658.0, 3, 6.66512702078522, 0.1
1299, 8666.0, 8, 6.666153846153846, 0.1
1300, 8674.0, 8, 6.66717909300538, 0.1
1301, 8682.0, 8, 6.668202764976958, 0.1
1302, 8690.0, 8, 6.669224865694551, 0.1
1303, 8696.0, 6, 6.668711656441718, 0.1
1304, 8704.0, 8, 6.669731800766283, 0.1
1305, 8712.0, 8, 6.670750382848392, 0.1
1306, 8712.0, 0, 6.665646518745218, 0.1
1307, 8719.0, 7, 6.665902140672783, 0.1
1308, 8727.0, 8, 6.666921313980137, 0.1
1309, 8734.0, 7, 6.667175572519084, 0.1
1310, 8742.0, 8, 6.668192219679634, 0.1
1311, 8749.0, 7, 6.668445121951219, 0.1
1312, 8750.0, 1, 6.664127951256664, 0.1
1313, 8758.0, 8, 6.665144596651446, 0.1
1314, 8764.0, 6, 6.664638783269962, 0.1
1315, 8767.0, 3, 6.661854103343465, 0.1
1316, 8767.0, 0, 6.656795747911921, 0.1
1317, 8774.0, 7, 6.6570561456752655, 0.1
1318, 8780.0, 6, 6.6565579984837, 0.1
1319, 8788.0, 8, 6.657575757575757, 0.1
1320, 8796.0, 8, 6.658591975775927, 0.1
1321, 8802.0, 6, 6.6580937972768535, 0.1
1322, 8810.0, 8, 6.659108087679516, 0.1
1323, 8818.0, 8, 6.66012084592145, 0.1
1324, 8821.0, 3, 6.657358490566038, 0.1
1325, 8829.0, 8, 6.658371040723982, 0.1
1326, 8835.0, 6, 6.657874905802562, 0.1
1327, 8842.0, 7, 6.658132530120482, 0.1
1328, 8848.0, 6, 6.657637321294207, 0.1
1329, 8855.0, 7, 6.657894736842105, 0.1
1330, 8862.0, 7, 6.658151765589782, 0.1
1331, 8870.0, 8, 6.6591591591591595, 0.1
1332, 8875.0, 5, 6.657914478619655, 0.1
1333, 8882.0, 7, 6.658170914542729, 0.1
1334, 8890.0, 8, 6.659176029962547, 0.1
1335, 8897.0, 7, 6.6594311377245505, 0.1
1336, 8905.0, 8, 6.660433807030666, 0.1
1337, 8908.0, 3, 6.657698056801196, 0.1
1338, 8913.0, 5, 6.65646004480956, 0.1
1339, 8921.0, 8, 6.657462686567164, 0.1
1340, 8927.0, 6, 6.656972408650261, 0.1
1341, 8932.0, 5, 6.655737704918033, 0.1
1342, 8935.0, 3, 6.6530156366344, 0.1
1343, 8943.0, 8, 6.654017857142857, 0.1
1344, 8948.0, 5, 6.652788104089219, 0.1
1345, 8953.0, 5, 6.6515601783060925, 0.1
1346, 8959.0, 6, 6.651076466221232, 0.1
1347, 8965.0, 6, 6.650593471810089, 0.1
1348, 8965.0, 0, 6.645663454410674, 0.1
1349, 8973.0, 8, 6.6466666666666665, 0.1
1350, 8979.0, 6, 6.6461880088823095, 0.1
1351, 8987.0, 8, 6.647189349112426, 0.1
1352, 8989.0, 2, 6.643754619364375, 0.1
1353, 8997.0, 8, 6.644756277695716, 0.1
1354, 9004.0, 7, 6.6450184501845015, 0.1
1355, 9012.0, 8, 6.646017699115045, 0.1
1356, 9018.0, 6, 6.64554163596168, 0.1
1357, 9025.0, 7, 6.6458026509572905, 0.1
1358, 9026.0, 1, 6.641648270787344, 0.1
1359, 9034.0, 8, 6.642647058823529, 0.1
1360, 9040.0, 6, 6.642174871418075, 0.1
1361, 9048.0, 8, 6.643171806167401, 0.1
1362, 9052.0, 4, 6.6412325752017605, 0.1
1363, 9058.0, 6, 6.640762463343108, 0.1
1364, 9064.0, 6, 6.640293040293041, 0.1
1365, 9071.0, 7, 6.6405563689604685, 0.1
1366, 9078.0, 7, 6.640819312362838, 0.1
1367, 9085.0, 7, 6.641081871345029, 0.1
1368, 9085.0, 0, 6.636230825420014, 0.1
1369, 9093.0, 8, 6.637226277372263, 0.1
1370, 9101.0, 8, 6.638220277169949, 0.1
1371, 9109.0, 8, 6.639212827988338, 0.1
1372, 9117.0, 8, 6.640203932993445, 0.1
1373, 9125.0, 8, 6.641193595342067, 0.1
1374, 9126.0, 1, 6.637090909090909, 0.1
1375, 9134.0, 8, 6.638081395348837, 0.1
1376, 9141.0, 7, 6.6383442265795205, 0.1
1377, 9148.0, 7, 6.638606676342525, 0.1
1378, 9154.0, 6, 6.638143582306019, 0.1
1379, 9160.0, 6, 6.63768115942029, 0.1
1380, 9168.0, 8, 6.638667632150615, 0.1
1381, 9175.0, 7, 6.638929088277858, 0.1
1382, 9182.0, 7, 6.639190166305133, 0.1
1383, 9186.0, 4, 6.63728323699422, 0.1
1384, 9193.0, 7, 6.637545126353791, 0.1
1385, 9201.0, 8, 6.638528138528138, 0.1
1386, 9208.0, 7, 6.638788752703677, 0.1
1387, 9210.0, 2, 6.6354466858789625, 0.1
1388, 9217.0, 7, 6.635709143268539, 0.1
1389, 9220.0, 3, 6.633093525179856, 0.1
1390, 9221.0, 1, 6.629043853342918, 0.1
1391, 9226.0, 5, 6.627873563218391, 0.1
1392, 9233.0, 7, 6.628140703517588, 0.1
1393, 9233.0, 0, 6.62338593974175, 0.1
1394, 9235.0, 2, 6.620071684587813, 0.1
1395, 9237.0, 2, 6.61676217765043, 0.1
1396, 9242.0, 5, 6.615604867573372, 0.1
1397, 9248.0, 6, 6.61516452074392, 0.1
1398, 9256.0, 8, 6.616154395997141, 0.1
1399, 9264.0, 8, 6.617142857142857, 0.1
1400, 9266.0, 2, 6.613847251962883, 0.1
1401, 9266.0, 0, 6.609129814550642, 0.1
1402, 9273.0, 7, 6.6094084105488236, 0.1
1403, 9280.0, 7, 6.60968660968661, 0.1
1404, 9287.0, 7, 6.6099644128113875, 0.1
1405, 9288.0, 1, 6.605974395448079, 0.1
1406, 9295.0, 7, 6.606254442075338, 0.1
1407, 9302.0, 7, 6.606534090909091, 0.1
1408, 9310.0, 8, 6.6075230660042585, 0.1
1409, 9317.0, 7, 6.607801418439716, 0.1
1410, 9322.0, 5, 6.6066619418851875, 0.1
1411, 9330.0, 8, 6.6076487252124645, 0.1
1412, 9338.0, 8, 6.608634111818825, 0.1
1413, 9344.0, 6, 6.608203677510608, 0.1
1414, 9351.0, 7, 6.608480565371025, 0.1
1415, 9355.0, 4, 6.606638418079096, 0.1
1416, 9361.0, 6, 6.60621030345801, 0.1
1417, 9369.0, 8, 6.607193229901269, 0.1
1418, 9375.0, 6, 6.606765327695561, 0.1
1419, 9383.0, 8, 6.607746478873239, 0.1
1420, 9387.0, 4, 6.605911330049261, 0.1
1421, 9391.0, 4, 6.60407876230661, 0.1
1422, 9393.0, 2, 6.6008432888264235, 0.1
1423, 9401.0, 8, 6.60182584269663, 0.1
1424, 9408.0, 7, 6.6021052631578945, 0.1
1425, 9415.0, 7, 6.602384291725105, 0.1
1426, 9422.0, 7, 6.602662929222144, 0.1
1427, 9424.0, 2, 6.599439775910364, 0.1
1428, 9428.0, 4, 6.597620713785864, 0.1
1429, 9435.0, 7, 6.5979020979020975, 0.1
1430, 9443.0, 8, 6.598881900768693, 0.1
1431, 9448.0, 5, 6.597765363128492, 0.1
1432, 9456.0, 8, 6.5987438939288205, 0.1
1433, 9463.0, 7, 6.599023709902371, 0.1
1434, 9464.0, 1, 6.595121951219512, 0.1
1435, 9471.0, 7, 6.595403899721449, 0.1
1436, 9478.0, 7, 6.595685455810717, 0.1
1437, 9486.0, 8, 6.596662030598053, 0.1
1438, 9494.0, 8, 6.597637248088951, 0.1
1439, 9502.0, 8, 6.598611111111111, 0.1
1440, 9508.0, 6, 6.598195697432339, 0.1
1441, 9514.0, 6, 6.597780859916782, 0.1
1442, 9521.0, 7, 6.598059598059598, 0.1
1443, 9527.0, 6, 6.597645429362881, 0.1
1444, 9531.0, 4, 6.595847750865052, 0.1
1445, 9536.0, 5, 6.594744121715076, 0.1
1446, 9538.0, 2, 6.591568762957844, 0.1
1447, 9546.0, 8, 6.592541436464089, 0.1
1448, 9552.0, 6, 6.592132505175983, 0.1
1449, 9559.0, 7, 6.592413793103448, 0.1
1450, 9566.0, 7, 6.5926946933149555, 0.1
1451, 9573.0, 7, 6.5929752066115705, 0.1
1452, 9574.0, 1, 6.589125946317963, 0.1
1453, 9576.0, 2, 6.585969738651994, 0.1
1454, 9584.0, 8, 6.586941580756013, 0.1
1455, 9584.0, 0, 6.582417582417582, 0.1
1456, 9592.0, 8, 6.583390528483185, 0.1
1457, 9599.0, 7, 6.583676268861454, 0.1
1458, 9603.0, 4, 6.58190541466758, 0.1
1459, 9611.0, 8, 6.582876712328767, 0.1
1460, 9617.0, 6, 6.582477754962355, 0.1
1461, 9625.0, 8, 6.583447332421341, 0.1
1462, 9628.0, 3, 6.580997949419002, 0.1
1463, 9634.0, 6, 6.580601092896175, 0.1
1464, 9642.0, 8, 6.581569965870307, 0.1
1465, 9649.0, 7, 6.581855388813097, 0.1
1466, 9657.0, 8, 6.58282208588957, 0.1
1467, 9665.0, 8, 6.583787465940055, 0.1
1468, 9672.0, 7, 6.584070796460177, 0.1
1469, 9680.0, 8, 6.585034013605442, 0.1
1470, 9688.0, 8, 6.58599592114208, 0.1
1471, 9695.0, 7, 6.586277173913044, 0.1
1472, 9702.0, 7, 6.586558044806518, 0.1
1473, 9710.0, 8, 6.587516960651289, 0.1
1474, 9715.0, 5, 6.5864406779661016, 0.1
1475, 9716.0, 1, 6.582655826558265, 0.1
1476, 9723.0, 7, 6.5829383886255926, 0.1
1477, 9729.0, 6, 6.58254397834912, 0.1
1478, 9736.0, 7, 6.582826233941852, 0.1
1479, 9743.0, 7, 6.583108108108108, 0.1
1480, 9748.0, 5, 6.582039162727886, 0.1
1481, 9756.0, 8, 6.582995951417004, 0.1
1482, 9763.0, 7, 6.583277140930546, 0.1
1483, 9771.0, 8, 6.584231805929919, 0.1
1484, 9777.0, 6, 6.583838383838384, 0.1
1485, 9777.0, 0, 6.579407806191117, 0.1
1486, 9784.0, 7, 6.5796906523201075, 0.1
1487, 9787.0, 3, 6.577284946236559, 0.1
1488, 9791.0, 4, 6.575554063129617, 0.1
1489, 9797.0, 6, 6.5751677852349, 0.1
1490, 9799.0, 2, 6.5720992622401075, 0.1
1491, 9806.0, 7, 6.572386058981233, 0.1
1492, 9808.0, 2, 6.569323509711989, 0.1
1493, 9815.0, 7, 6.569611780455154, 0.1
1494, 9821.0, 6, 6.569230769230769, 0.1
1495, 9829.0, 8, 6.570187165775401, 0.1
1496, 9830.0, 1, 6.566466265865063, 0.1
1497, 9836.0, 6, 6.566088117489986, 0.1
1498, 9843.0, 7, 6.5663775850567045, 0.1
1499, 9847.0, 4, 6.564666666666667, 0.1
1500, 9852.0, 5, 6.563624250499667, 0.1
1501, 9859.0, 7, 6.563914780292943, 0.1
1502, 9862.0, 3, 6.561543579507651, 0.1
1503, 9868.0, 6, 6.5611702127659575, 0.1
1504, 9874.0, 6, 6.560797342192691, 0.1
1505, 9879.0, 5, 6.559760956175299, 0.1
1506, 9886.0, 7, 6.560053085600531, 0.1
1507, 9889.0, 3, 6.5576923076923075, 0.1
1508, 9897.0, 8, 6.558648111332008, 0.1
1509, 9904.0, 7, 6.558940397350994, 0.1
1510, 9911.0, 7, 6.5592322964923895, 0.1
1511, 9919.0, 8, 6.560185185185185, 0.1
1512, 9925.0, 6, 6.559814937210839, 0.1
1513, 9933.0, 8, 6.560766182298547, 0.1
1514, 9938.0, 5, 6.55973597359736, 0.1
1515, 9945.0, 7, 6.560026385224274, 0.1
1516, 9953.0, 8, 6.560975609756097, 0.1
1517, 9961.0, 8, 6.561923583662714, 0.1
1518, 9965.0, 4, 6.560236998025016, 0.1
1519, 9972.0, 7, 6.560526315789474, 0.1
1520, 9979.0, 7, 6.560815253122946, 0.1
1521, 9987.0, 8, 6.561760840998686, 0.1
1522, 9992.0, 5, 6.560735390676297, 0.1
1523, 9996.0, 4, 6.559055118110236, 0.1
1524, 10003.0, 7, 6.559344262295082, 0.1
1525, 10010.0, 7, 6.559633027522936, 0.1
1526, 10018.0, 8, 6.560576293385724, 0.1
1527, 10021.0, 3, 6.558246073298429, 0.1
1528, 10028.0, 7, 6.558534990189666, 0.1
1529, 10036.0, 8, 6.559477124183006, 0.1
1530, 10044.0, 8, 6.56041802743305, 0.1
1531, 10052.0, 8, 6.561357702349869, 0.1
1532, 10056.0, 4, 6.559686888454012, 0.1
1533, 10060.0, 4, 6.558018252933508, 0.1
1534, 10064.0, 4, 6.556351791530945, 0.1
1535, 10067.0, 3, 6.554036458333333, 0.1
1536, 10075.0, 8, 6.5549772283669485, 0.1
1537, 10083.0, 8, 6.55591677503251, 0.1
1538, 10085.0, 2, 6.552956465237167, 0.1
1539, 10088.0, 3, 6.55064935064935, 0.1
1540, 10089.0, 1, 6.54704737183647, 0.1
1541, 10092.0, 3, 6.544747081712062, 0.1
1542, 10099.0, 7, 6.545042125729099, 0.1
1543, 10106.0, 7, 6.545336787564767, 0.1
1544, 10113.0, 7, 6.545631067961165, 0.1
1545, 10114.0, 1, 6.542043984476067, 0.1
1546, 10121.0, 7, 6.542340012928248, 0.1
1547, 10123.0, 2, 6.539405684754522, 0.1
1548, 10131.0, 8, 6.5403486120077465, 0.1
1549, 10139.0, 8, 6.541290322580645, 0.1
1550, 10147.0, 8, 6.542230818826564, 0.1
1551, 10155.0, 8, 6.543170103092783, 0.1
1552, 10163.0, 8, 6.544108177720541, 0.1
1553, 10171.0, 8, 6.545045045045045, 0.1
1554, 10179.0, 8, 6.545980707395499, 0.1
1555, 10183.0, 4, 6.544344473007712, 0.1
1556, 10190.0, 7, 6.544637122671805, 0.1
1557, 10191.0, 1, 6.541078305519897, 0.1
1558, 10198.0, 7, 6.541372674791533, 0.1
1559, 10205.0, 7, 6.541666666666667, 0.1
1560, 10213.0, 8, 6.542600896860987, 0.1
1561, 10221.0, 8, 6.543533930857874, 0.1
1562, 10229.0, 8, 6.544465770953295, 0.1
1563, 10237.0, 8, 6.54539641943734, 0.1
1564, 10242.0, 5, 6.544408945686901, 0.1
1565, 10245.0, 3, 6.542145593869732, 0.1
1566, 10253.0, 8, 6.5430759412890875, 0.1
1567, 10261.0, 8, 6.544005102040816, 0.1
1568, 10268.0, 7, 6.544295729764181, 0.1
1569, 10276.0, 8, 6.545222929936306, 0.1
1570, 10284.0, 8, 6.546148949713558, 0.1
1571, 10292.0, 8, 6.5470737913486, 0.1
1572, 10300.0, 8, 6.547997457088366, 0.1
1573, 10303.0, 3, 6.5457433290978395, 0.1
1574, 10310.0, 7, 6.546031746031746, 0.1
1575, 10318.0, 8, 6.5469543147208125, 0.1
1576, 10325.0, 7, 6.547241597970831, 0.1
1577, 10332.0, 7, 6.547528517110266, 0.1
1578, 10340.0, 8, 6.548448385053832, 0.1
1579, 10345.0, 5, 6.5474683544303796, 0.1
1580, 10353.0, 8, 6.548387096774194, 0.1
1581, 10360.0, 7, 6.548672566371682, 0.1
1582, 10368.0, 8, 6.549589387239418, 0.1
1583, 10376.0, 8, 6.55050505050505, 0.1
1584, 10382.0, 6, 6.550157728706624, 0.1
1585, 10389.0, 7, 6.550441361916771, 0.1
1586, 10395.0, 6, 6.550094517958412, 0.1
1587, 10403.0, 8, 6.551007556675063, 0.1
1588, 10411.0, 8, 6.551919446192574, 0.1
1589, 10419.0, 8, 6.552830188679246, 0.1
1590, 10422.0, 3, 6.5505971087366435, 0.1
1591, 10423.0, 1, 6.547110552763819, 0.1
1592, 10429.0, 6, 6.54676710608914, 0.1
1593, 10429.0, 0, 6.542659974905897, 0.1
1594, 10435.0, 6, 6.5423197492163006, 0.1
1595, 10442.0, 7, 6.542606516290727, 0.1
1596, 10444.0, 2, 6.53976205385097, 0.1
1597, 10449.0, 5, 6.538798498122653, 0.1
1598, 10455.0, 6, 6.538461538461538, 0.1
1599, 10462.0, 7, 6.53875, 0.1
1600, 10470.0, 8, 6.539662710805747, 0.1
1601, 10477.0, 7, 6.539950062421973, 0.1
1602, 10483.0, 6, 6.539613225202745, 0.1
1603, 10490.0, 7, 6.539900249376559, 0.1
1604, 10498.0, 8, 6.540809968847352, 0.1
1605, 10498.0, 0, 6.536737235367372, 0.1
1606, 10506.0, 8, 6.537647790914748, 0.1
1607, 10514.0, 8, 6.538557213930348, 0.1
1608, 10519.0, 5, 6.537600994406463, 0.1
1609, 10527.0, 8, 6.538509316770186, 0.1
1610, 10534.0, 7, 6.538795779019242, 0.1
1611, 10542.0, 8, 6.539702233250621, 0.1
1612, 10549.0, 7, 6.539987600743955, 0.1
1613, 10557.0, 8, 6.54089219330855, 0.1
1614, 10564.0, 7, 6.541176470588235, 0.1
1615, 10572.0, 8, 6.542079207920792, 0.1
1616, 10577.0, 5, 6.541125541125541, 0.1
1617, 10584.0, 7, 6.541409147095179, 0.1
1618, 10591.0, 7, 6.541692402717727, 0.1
1619, 10599.0, 8, 6.542592592592593, 0.1
1620, 10606.0, 7, 6.54287476866132, 0.1
1621, 10610.0, 4, 6.541307028360049, 0.1
1622, 10616.0, 6, 6.540973505853358, 0.1
1623, 10623.0, 7, 6.541256157635468, 0.1
1624, 10629.0, 6, 6.540923076923077, 0.1
1625, 10635.0, 6, 6.540590405904059, 0.1
1626, 10643.0, 8, 6.541487400122926, 0.1
1627, 10649.0, 6, 6.541154791154791, 0.1
1628, 10657.0, 8, 6.542050337630448, 0.1
1629, 10657.0, 0, 6.538036809815951, 0.1
1630, 10659.0, 2, 6.53525444512569, 0.1
1631, 10660.0, 1, 6.5318627450980395, 0.1
1632, 10663.0, 3, 6.529699938763013, 0.1
1633, 10671.0, 8, 6.530599755201958, 0.1
1634, 10676.0, 5, 6.529663608562691, 0.1
1635, 10682.0, 6, 6.529339853300733, 0.1
1636, 10688.0, 6, 6.529016493585828, 0.1
1637, 10696.0, 8, 6.52991452991453, 0.1
1638, 10698.0, 2, 6.527150701647346, 0.1
1639, 10699.0, 1, 6.523780487804878, 0.1
1640, 10707.0, 8, 6.5246800731261425, 0.1
1641, 10711.0, 4, 6.523142509135201, 0.1
1642, 10719.0, 8, 6.524041387705417, 0.1
1643, 10723.0, 4, 6.5225060827250605, 0.1
1644, 10730.0, 7, 6.522796352583587, 0.1
1645, 10737.0, 7, 6.523086269744836, 0.1
1646, 10744.0, 7, 6.523375834851245, 0.1
1647, 10750.0, 6, 6.523058252427185, 0.1
1648, 10758.0, 8, 6.523953911461492, 0.1
1649, 10765.0, 7, 6.524242424242424, 0.1
1650, 10765.0, 0, 6.520290732889158, 0.1
1651, 10773.0, 8, 6.521186440677966, 0.1
1652, 10781.0, 8, 6.522081064730792, 0.1
1653, 10789.0, 8, 6.5229746070133015, 0.1
1654, 10790.0, 1, 6.519637462235649, 0.1
1655, 10796.0, 6, 6.519323671497585, 0.1
1656, 10802.0, 6, 6.51901025950513, 0.1
1657, 10805.0, 3, 6.5168878166465625, 0.1
1658, 10813.0, 8, 6.517781796262809, 0.1
1659, 10816.0, 3, 6.51566265060241, 0.1
1660, 10823.0, 7, 6.515954244431065, 0.1
1661, 10830.0, 7, 6.516245487364621, 0.1
1662, 10837.0, 7, 6.516536380036079, 0.1
1663, 10845.0, 8, 6.517427884615385, 0.1
1664, 10852.0, 7, 6.5177177177177175, 0.1
1665, 10859.0, 7, 6.518007202881153, 0.1
1666, 10865.0, 6, 6.5176964607078585, 0.1
1667, 10873.0, 8, 6.5185851318944845, 0.1
1668, 10881.0, 8, 6.5194727381665665, 0.1
1669, 10887.0, 6, 6.519161676646706, 0.1
1670, 10895.0, 8, 6.520047875523638, 0.1
1671, 10900.0, 5, 6.519138755980861, 0.1
1672, 10908.0, 8, 6.520023909145248, 0.1
1673, 10916.0, 8, 6.520908004778972, 0.1
1674, 10924.0, 8, 6.521791044776119, 0.1
1675, 10924.0, 0, 6.5178997613365155, 0.1
1676, 10931.0, 7, 6.518187239117472, 0.1
1677, 10938.0, 7, 6.5184743742550655, 0.1
1678, 10946.0, 8, 6.519356759976176, 0.1
1679, 10954.0, 8, 6.520238095238096, 0.1
1680, 10962.0, 8, 6.521118381915526, 0.1
1681, 10970.0, 8, 6.5219976218787155, 0.1
1682, 10974.0, 4, 6.520499108734403, 0.1
1683, 10982.0, 8, 6.521377672209026, 0.1
1684, 10982.0, 0, 6.517507418397626, 0.1
1685, 10990.0, 8, 6.518386714116252, 0.1
1686, 10992.0, 2, 6.515708358032009, 0.1
1687, 11000.0, 8, 6.516587677725118, 0.1
1688, 11008.0, 8, 6.517465956187093, 0.1
1689, 11016.0, 8, 6.518343195266272, 0.1
1690, 11024.0, 8, 6.519219396806624, 0.1
1691, 11030.0, 6, 6.5189125295508275, 0.1
1692, 11030.0, 0, 6.515062020082693, 0.1
1693, 11037.0, 7, 6.515348288075561, 0.1
1694, 11038.0, 1, 6.512094395280236, 0.1
1695, 11046.0, 8, 6.5129716981132075, 0.1
1696, 11054.0, 8, 6.513847967000589, 0.1
1697, 11058.0, 4, 6.512367491166078, 0.1
1698, 11066.0, 8, 6.513243084167157, 0.1
1699, 11069.0, 3, 6.511176470588235, 0.1
1700, 11075.0, 6, 6.5108759553204, 0.1
1701, 11082.0, 7, 6.511163337250294, 0.1
1702, 11089.0, 7, 6.511450381679389, 0.1
1703, 11097.0, 8, 6.512323943661972, 0.1
1704, 11103.0, 6, 6.512023460410557, 0.1
1705, 11108.0, 5, 6.511137162954279, 0.1
1706, 11116.0, 8, 6.5120093731693025, 0.1
1707, 11122.0, 6, 6.5117096018735365, 0.1
1708, 11124.0, 2, 6.509069631363371, 0.1
1709, 11132.0, 8, 6.509941520467836, 0.1
1710, 11140.0, 8, 6.510812390414962, 0.1
1711, 11148.0, 8, 6.511682242990654, 0.1
1712, 11156.0, 8, 6.5125510799766495, 0.1
1713, 11162.0, 6, 6.512252042007002, 0.1
1714, 11169.0, 7, 6.512536443148688, 0.1
1715, 11176.0, 7, 6.512820512820513, 0.1
1716, 11182.0, 6, 6.512521840419336, 0.1
1717, 11189.0, 7, 6.512805587892899, 0.1
1718, 11196.0, 7, 6.513089005235602, 0.1
1719, 11201.0, 5, 6.512209302325582, 0.1
1720, 11208.0, 7, 6.512492736780941, 0.1
1721, 11216.0, 8, 6.51335656213705, 0.1
1722, 11224.0, 8, 6.5142193847939645, 0.1
1723, 11232.0, 8, 6.51508120649652, 0.1
1724, 11240.0, 8, 6.515942028985507, 0.1
1725, 11248.0, 8, 6.516801853997682, 0.1
1726, 11253.0, 5, 6.515923566878981, 0.1
1727, 11260.0, 7, 6.516203703703703, 0.1
1728, 11265.0, 5, 6.515326778484673, 0.1
1729, 11272.0, 7, 6.515606936416185, 0.1
1730, 11280.0, 8, 6.516464471403813, 0.1
1731, 11286.0, 6, 6.516166281755196, 0.1
1732, 11293.0, 7, 6.516445470282747, 0.1
1733, 11301.0, 8, 6.517301038062284, 0.1
1734, 11308.0, 7, 6.517579250720461, 0.1
1735, 11308.0, 0, 6.513824884792626, 0.1
1736, 11315.0, 7, 6.514104778353483, 0.1
1737, 11321.0, 6, 6.5138089758342925, 0.1
1738, 11328.0, 7, 6.514088556641748, 0.1
1739, 11333.0, 5, 6.513218390804598, 0.1
1740, 11341.0, 8, 6.514072372199885, 0.1
1741, 11348.0, 7, 6.514351320321469, 0.1
1742, 11356.0, 8, 6.515203671830178, 0.1
1743, 11359.0, 3, 6.513188073394495, 0.1
1744, 11367.0, 8, 6.514040114613181, 0.1
1745, 11375.0, 8, 6.514891179839633, 0.1
1746, 11379.0, 4, 6.51345163136806, 0.1
1747, 11387.0, 8, 6.5143020594965675, 0.1
1748, 11388.0, 1, 6.5111492281303605, 0.1
1749, 11395.0, 7, 6.511428571428572, 0.1
1750, 11400.0, 5, 6.510565391205025, 0.1
1751, 11407.0, 7, 6.510844748858448, 0.1
1752, 11415.0, 8, 6.511694238448374, 0.1
1753, 11419.0, 4, 6.510262257696693, 0.1
1754, 11427.0, 8, 6.511111111111111, 0.1
1755, 11432.0, 5, 6.510250569476082, 0.1
1756, 11438.0, 6, 6.50996015936255, 0.1
1757, 11445.0, 7, 6.510238907849829, 0.1
1758, 11448.0, 3, 6.50824332006822, 0.1
1759, 11454.0, 6, 6.507954545454545, 0.1
1760, 11455.0, 1, 6.504826802952867, 0.1
1761, 11461.0, 6, 6.504540295119183, 0.1
1762, 11466.0, 5, 6.50368689733409, 0.1
1763, 11474.0, 8, 6.50453514739229, 0.1
1764, 11481.0, 7, 6.504815864022663, 0.1
1765, 11488.0, 7, 6.505096262740657, 0.1
1766, 11496.0, 8, 6.505942275042445, 0.1
1767, 11502.0, 6, 6.505656108597285, 0.1
1768, 11502.0, 0, 6.5019785189372525, 0.1
1769, 11502.0, 0, 6.498305084745763, 0.1
1770, 11508.0, 6, 6.4980237154150196, 0.1
1771, 11515.0, 7, 6.498306997742664, 0.1
1772, 11523.0, 8, 6.499153976311336, 0.1
1773, 11530.0, 7, 6.499436302142052, 0.1
1774, 11538.0, 8, 6.500281690140845, 0.1
1775, 11546.0, 8, 6.501126126126126, 0.1
1776, 11552.0, 6, 6.500844119302195, 0.1
1777, 11554.0, 2, 6.4983127109111365, 0.1
1778, 11561.0, 7, 6.498594716132659, 0.1
1779, 11568.0, 7, 6.498876404494382, 0.1
1780, 11571.0, 3, 6.49691184727681, 0.1
1781, 11579.0, 8, 6.497755331088665, 0.1
1782, 11585.0, 6, 6.497476163768929, 0.1
1783, 11593.0, 8, 6.498318385650224, 0.1
1784, 11601.0, 8, 6.499159663865546, 0.1
1785, 11608.0, 7, 6.499440089585666, 0.1
1786, 11615.0, 7, 6.499720201454952, 0.1
1787, 11618.0, 3, 6.497762863534676, 0.1
1788, 11626.0, 8, 6.498602571268865, 0.1
1789, 11631.0, 5, 6.497765363128492, 0.1
1790, 11636.0, 5, 6.496929089893914, 0.1
1791, 11644.0, 8, 6.497767857142857, 0.1
1792, 11650.0, 6, 6.497490239821528, 0.1
1793, 11657.0, 7, 6.497770345596432, 0.1
1794, 11664.0, 7, 6.498050139275766, 0.1
1795, 11671.0, 7, 6.498329621380846, 0.1
1796, 11671.0, 0, 6.494713411240957, 0.1
1797, 11679.0, 8, 6.495550611790879, 0.1
1798, 11687.0, 8, 6.496386881600889, 0.1
1799, 11694.0, 7, 6.496666666666667, 0.1
1800, 11702.0, 8, 6.497501388117712, 0.1
1801, 11707.0, 5, 6.496670366259711, 0.1
1802, 11713.0, 6, 6.496394897393233, 0.1
1803, 11720.0, 7, 6.496674057649668, 0.1
1804, 11727.0, 7, 6.496952908587257, 0.1
1805, 11733.0, 6, 6.496677740863787, 0.1
1806, 11740.0, 7, 6.496956281128943, 0.1
1807, 11748.0, 8, 6.497787610619469, 0.1
1808, 11750.0, 2, 6.495301271420675, 0.1
1809, 11754.0, 4, 6.493922651933701, 0.1
1810, 11755.0, 1, 6.490889011595804, 0.1
1811, 11763.0, 8, 6.491721854304636, 0.1
1812, 11771.0, 8, 6.492553778268064, 0.1
1813, 11779.0, 8, 6.493384785005513, 0.1
1814, 11784.0, 5, 6.492561983471075, 0.1
1815, 11790.0, 6, 6.492290748898679, 0.1
1816, 11798.0, 8, 6.4931205283434235, 0.1
1817, 11805.0, 7, 6.493399339933993, 0.1
1818, 11813.0, 8, 6.494227597581088, 0.1
1819, 11815.0, 2, 6.491758241758242, 0.1
1820, 11822.0, 7, 6.492037342119715, 0.1
1821, 11830.0, 8, 6.492864983534577, 0.1
1822, 11838.0, 8, 6.4936917169500825, 0.1
1823, 11845.0, 7, 6.493969298245614, 0.1
1824, 11852.0, 7, 6.494246575342466, 0.1
1825, 11858.0, 6, 6.493975903614458, 0.1
1826, 11865.0, 7, 6.494252873563219, 0.1
1827, 11869.0, 4, 6.4928884026258205, 0.1
1828, 11876.0, 7, 6.493165664297431, 0.1
1829, 11884.0, 8, 6.493989071038252, 0.1
1830, 11891.0, 7, 6.494265428727472, 0.1
1831, 11898.0, 7, 6.494541484716157, 0.1
1832, 11906.0, 8, 6.495362793235134, 0.1
1833, 11909.0, 3, 6.493456924754635, 0.1
1834, 11913.0, 4, 6.492098092643052, 0.1
1835, 11916.0, 3, 6.490196078431373, 0.1
1836, 11920.0, 4, 6.488840500816549, 0.1
1837, 11927.0, 7, 6.4891186071817195, 0.1
1838, 11933.0, 6, 6.488852637302882, 0.1
1839, 11939.0, 6, 6.488586956521739, 0.1
1840, 11946.0, 7, 6.48886474741988, 0.1
1841, 11951.0, 5, 6.488056460369164, 0.1
1842, 11958.0, 7, 6.488334237655995, 0.1
1843, 11964.0, 6, 6.488069414316703, 0.1
1844, 11970.0, 6, 6.487804878048781, 0.1
1845, 11977.0, 7, 6.4880823401950165, 0.1
1846, 11985.0, 8, 6.488900920411478, 0.1
1847, 11993.0, 8, 6.4897186147186146, 0.1
1848, 12000.0, 7, 6.489994591671174, 0.1
1849, 12007.0, 7, 6.49027027027027, 0.1
1850, 12015.0, 8, 6.491085899513776, 0.1
1851, 12015.0, 0, 6.487580993520519, 0.1
1852, 12020.0, 5, 6.486778197517539, 0.1
1853, 12026.0, 6, 6.486515641855448, 0.1
1854, 12030.0, 4, 6.485175202156334, 0.1
1855, 12038.0, 8, 6.485991379310345, 0.1
1856, 12046.0, 8, 6.486806677436726, 0.1
1857, 12047.0, 1, 6.483853606027987, 0.1
1858, 12049.0, 2, 6.481441635287789, 0.1
1859, 12056.0, 7, 6.481720430107527, 0.1
1860, 12063.0, 7, 6.481998925308973, 0.1
1861, 12071.0, 8, 6.4828141783029, 0.1
1862, 12076.0, 5, 6.4820182501341925, 0.1
1863, 12079.0, 3, 6.480150214592275, 0.1
1864, 12082.0, 3, 6.47828418230563, 0.1
1865, 12089.0, 7, 6.478563772775991, 0.1
1866, 12097.0, 8, 6.4793786823781465, 0.1
1867, 12104.0, 7, 6.4796573875803, 0.1
1868, 12109.0, 5, 6.4788657035848045, 0.1
1869, 12116.0, 7, 6.479144385026738, 0.1
1870, 12120.0, 4, 6.477819347942277, 0.1
1871, 12127.0, 7, 6.4780982905982905, 0.1
1872, 12134.0, 7, 6.478376935397757, 0.1
1873, 12142.0, 8, 6.479188900747065, 0.1
1874, 12146.0, 4, 6.477866666666666, 0.1
1875, 12153.0, 7, 6.478144989339019, 0.1
1876, 12160.0, 7, 6.478423015450186, 0.1
1877, 12161.0, 1, 6.475505857294995, 0.1
1878, 12161.0, 0, 6.472059606173497, 0.1
1879, 12166.0, 5, 6.471276595744681, 0.1
1880, 12174.0, 8, 6.4720893141945774, 0.1
1881, 12175.0, 1, 6.469181721572795, 0.1
1882, 12181.0, 6, 6.468932554434413, 0.1
1883, 12188.0, 7, 6.469214437367303, 0.1
1884, 12196.0, 8, 6.470026525198939, 0.1
1885, 12203.0, 7, 6.470307529162248, 0.1
1886, 12209.0, 6, 6.470058293587705, 0.1
1887, 12211.0, 2, 6.467690677966102, 0.1
1888, 12219.0, 8, 6.468501852832186, 0.1
1889, 12219.0, 0, 6.465079365079365, 0.1
1890, 12227.0, 8, 6.465891062929667, 0.1
1891, 12233.0, 6, 6.465644820295983, 0.1
1892, 12241.0, 8, 6.466455361859483, 0.1
1893, 12248.0, 7, 6.466737064413938, 0.1
1894, 12252.0, 4, 6.465435356200528, 0.1
1895, 12254.0, 2, 6.463080168776371, 0.1
1896, 12262.0, 8, 6.463890353189246, 0.1
1897, 12269.0, 7, 6.464172813487882, 0.1
1898, 12273.0, 4, 6.4628751974723535, 0.1
1899, 12281.0, 8, 6.463684210526316, 0.1
1900, 12288.0, 7, 6.463966333508679, 0.1
1901, 12295.0, 7, 6.464248159831756, 0.1
1902, 12298.0, 3, 6.46242774566474, 0.1
1903, 12305.0, 7, 6.462710084033613, 0.1
1904, 12313.0, 8, 6.463517060367454, 0.1
1905, 12314.0, 1, 6.460650577124869, 0.1
1906, 12322.0, 8, 6.461457787100158, 0.1
1907, 12329.0, 7, 6.461740041928721, 0.1
1908, 12336.0, 7, 6.462022001047669, 0.1
1909, 12342.0, 6, 6.461780104712042, 0.1
1910, 12345.0, 3, 6.459968602825746, 0.1
1911, 12353.0, 8, 6.460774058577406, 0.1
1912, 12361.0, 8, 6.461578672242551, 0.1
1913, 12361.0, 0, 6.458202716823407, 0.1
1914, 12367.0, 6, 6.457963446475196, 0.1
1915, 12374.0, 7, 6.458246346555324, 0.1
1916, 12382.0, 8, 6.45905059989567, 0.1
1917, 12387.0, 5, 6.458289885297185, 0.1
1918, 12393.0, 6, 6.458051068264721, 0.1
1919, 12394.0, 1, 6.455208333333333, 0.1
1920, 12401.0, 7, 6.455491931285788, 0.1
1921, 12406.0, 5, 6.454734651404786, 0.1
1922, 12410.0, 4, 6.453458138325533, 0.1
1923, 12418.0, 8, 6.454261954261955, 0.1
1924, 12425.0, 7, 6.454545454545454, 0.1
1925, 12431.0, 6, 6.454309449636552, 0.1
1926, 12438.0, 7, 6.4545926310326935, 0.1
1927, 12442.0, 4, 6.453319502074689, 0.1
1928, 12450.0, 8, 6.4541213063763605, 0.1
1929, 12452.0, 2, 6.45181347150259, 0.1
1930, 12459.0, 7, 6.452097358881408, 0.1
1931, 12467.0, 8, 6.452898550724638, 0.1
1932, 12473.0, 6, 6.45266425245732, 0.1
1933, 12481.0, 8, 6.453464322647363, 0.1
1934, 12484.0, 3, 6.451679586563308, 0.1
1935, 12492.0, 8, 6.452479338842975, 0.1
1936, 12492.0, 0, 6.449148167268973, 0.1
1937, 12498.0, 6, 6.4489164086687305, 0.1
1938, 12505.0, 7, 6.449200618875709, 0.1
1939, 12513.0, 8, 6.45, 0.1
1940, 12518.0, 5, 6.449252962390521, 0.1
1941, 12524.0, 6, 6.449021627188466, 0.1
1942, 12529.0, 5, 6.448275862068965, 0.1
1943, 12537.0, 8, 6.449074074074074, 0.1
1944, 12541.0, 4, 6.4478149100257065, 0.1
1945, 12548.0, 7, 6.448098663926002, 0.1
1946, 12556.0, 8, 6.4488957370313305, 0.1
1947, 12564.0, 8, 6.449691991786447, 0.1
1948, 12571.0, 7, 6.449974345818369, 0.1
1949, 12578.0, 7, 6.450256410256411, 0.1
1950, 12585.0, 7, 6.450538185545874, 0.1
1951, 12593.0, 8, 6.451331967213115, 0.1
1952, 12599.0, 6, 6.45110087045571, 0.1
1953, 12606.0, 7, 6.451381780962129, 0.1
1954, 12613.0, 7, 6.451662404092072, 0.1
1955, 12615.0, 2, 6.449386503067485, 0.1
1956, 12623.0, 8, 6.45017884517118, 0.1
1957, 12631.0, 8, 6.45097037793667, 0.1
1958, 12638.0, 7, 6.451250638080653, 0.1
1959, 12640.0, 2, 6.448979591836735, 0.1
1960, 12648.0, 8, 6.449770525242223, 0.1
1961, 12651.0, 3, 6.448012232415902, 0.1
1962, 12654.0, 3, 6.446255731023943, 0.1
1963, 12660.0, 6, 6.446028513238289, 0.1
1964, 12668.0, 8, 6.446819338422392, 0.1
1965, 12676.0, 8, 6.447609359104781, 0.1
1966, 12681.0, 5, 6.446873411286223, 0.1
1967, 12685.0, 4, 6.445630081300813, 0.1
1968, 12693.0, 8, 6.4464195022854245, 0.1
1969, 12701.0, 8, 6.447208121827411, 0.1
1970, 12708.0, 7, 6.447488584474886, 0.1
1971, 12709.0, 1, 6.444726166328601, 0.1
1972, 12716.0, 7, 6.44500760263558, 0.1
1973, 12723.0, 7, 6.445288753799392, 0.1
1974, 12731.0, 8, 6.4460759493670885, 0.1
1975, 12739.0, 8, 6.446862348178137, 0.1
1976, 12746.0, 7, 6.447142134547294, 0.1
1977, 12754.0, 8, 6.447927199191102, 0.1
1978, 12762.0, 8, 6.448711470439616, 0.1
1979, 12768.0, 6, 6.448484848484848, 0.1
1980, 12776.0, 8, 6.449268046441191, 0.1
1981, 12780.0, 4, 6.44803229061554, 0.1
1982, 12787.0, 7, 6.448310640443772, 0.1
1983, 12794.0, 7, 6.448588709677419, 0.1
1984, 12794.0, 0, 6.445340050377834, 0.1
1985, 12801.0, 7, 6.445619335347432, 0.1
1986, 12804.0, 3, 6.443885254151988, 0.1
1987, 12811.0, 7, 6.444164989939638, 0.1
1988, 12811.0, 0, 6.440925087983912, 0.1
1989, 12817.0, 6, 6.44070351758794, 0.1
1990, 12825.0, 8, 6.441486690105474, 0.1
1991, 12826.0, 1, 6.438755020080321, 0.1
1992, 12827.0, 1, 6.436026091319619, 0.1
1993, 12834.0, 7, 6.436308926780341, 0.1
1994, 12842.0, 8, 6.437092731829574, 0.1
1995, 12848.0, 6, 6.43687374749499, 0.1
1996, 12852.0, 4, 6.4356534802203305, 0.1
1997, 12859.0, 7, 6.435935935935936, 0.1
1998, 12864.0, 5, 6.435217608804402, 0.1
1999, 12870.0, 6, 6.435, 0.1
