0, 8.0, 8, 8.0, 0.1
1, 16.0, 8, 8.0, 0.1
2, 24.0, 8, 8.0, 0.1
3, 32.0, 8, 8.0, 0.1
4, 40.0, 8, 8.0, 0.1
5, 48.0, 8, 8.0, 0.1
6, 56.0, 8, 8.0, 0.1
7, 64.0, 8, 8.0, 0.1
8, 72.0, 8, 8.0, 0.1
9, 80.0, 8, 8.0, 0.1
10, 88.0, 8, 8.0, 0.1
11, 96.0, 8, 8.0, 0.1
12, 104.0, 8, 8.0, 0.1
13, 112.0, 8, 8.0, 0.1
14, 120.0, 8, 8.0, 0.1
15, 128.0, 8, 8.0, 0.1
16, 136.0, 8, 8.0, 0.1
17, 144.0, 8, 8.0, 0.1
18, 152.0, 8, 8.0, 0.1
19, 160.0, 8, 8.0, 0.1
20, 168.0, 8, 8.0, 0.1
21, 176.0, 8, 8.0, 0.1
22, 184.0, 8, 8.0, 0.1
23, 192.0, 8, 8.0, 0.1
24, 200.0, 8, 8.0, 0.1
25, 208.0, 8, 8.0, 0.1
26, 216.0, 8, 8.0, 0.1
27, 224.0, 8, 8.0, 0.1
28, 232.0, 8, 8.0, 0.1
29, 240.0, 8, 8.0, 0.1
30, 248.0, 8, 8.0, 0.1
31, 256.0, 8, 8.0, 0.1
32, 264.0, 8, 8.0, 0.1
33, 272.0, 8, 8.0, 0.1
34, 280.0, 8, 8.0, 0.1
35, 288.0, 8, 8.0, 0.1
36, 296.0, 8, 8.0, 0.1
37, 304.0, 8, 8.0, 0.1
38, 312.0, 8, 8.0, 0.1
39, 320.0, 8, 8.0, 0.1
40, 328.0, 8, 8.0, 0.1
41, 336.0, 8, 8.0, 0.1
42, 344.0, 8, 8.0, 0.1
43, 352.0, 8, 8.0, 0.1
44, 360.0, 8, 8.0, 0.1
45, 368.0, 8, 8.0, 0.1
46, 376.0, 8, 8.0, 0.1
47, 384.0, 8, 8.0, 0.1
48, 392.0, 8, 8.0, 0.1
49, 400.0, 8, 8.0, 0.1
50, 408.0, 8, 8.0, 0.1
51, 416.0, 8, 8.0, 0.1
52, 424.0, 8, 8.0, 0.1
53, 432.0, 8, 8.0, 0.1
54, 440.0, 8, 8.0, 0.1
55, 448.0, 8, 8.0, 0.1
56, 456.0, 8, 8.0, 0.1
57, 464.0, 8, 8.0, 0.1
58, 472.0, 8, 8.0, 0.1
59, 480.0, 8, 8.0, 0.1
60, 488.0, 8, 8.0, 0.1
61, 496.0, 8, 8.0, 0.1
62, 504.0, 8, 8.0, 0.1
63, 512.0, 8, 8.0, 0.1
64, 520.0, 8, 8.0, 0.1
65, 528.0, 8, 8.0, 0.1
66, 536.0, 8, 8.0, 0.1
67, 544.0, 8, 8.0, 0.1
68, 552.0, 8, 8.0, 0.1
69, 560.0, 8, 8.0, 0.1
70, 568.0, 8, 8.0, 0.1
71, 576.0, 8, 8.0, 0.1
72, 584.0, 8, 8.0, 0.1
73, 592.0, 8, 8.0, 0.1
74, 600.0, 8, 8.0, 0.1
75, 608.0, 8, 8.0, 0.1
76, 616.0, 8, 8.0, 0.1
77, 624.0, 8, 8.0, 0.1
78, 632.0, 8, 8.0, 0.1
79, 640.0, 8, 8.0, 0.1
80, 648.0, 8, 8.0, 0.1
81, 656.0, 8, 8.0, 0.1
82, 664.0, 8, 8.0, 0.1
83, 672.0, 8, 8.0, 0.1
84, 680.0, 8, 8.0, 0.1
85, 688.0, 8, 8.0, 0.1
86, 696.0, 8, 8.0, 0.1
87, 704.0, 8, 8.0, 0.1
88, 712.0, 8, 8.0, 0.1
89, 720.0, 8, 8.0, 0.1
90, 728.0, 8, 8.0, 0.1
91, 736.0, 8, 8.0, 0.1
92, 744.0, 8, 8.0, 0.1
93, 752.0, 8, 8.0, 0.1
94, 760.0, 8, 8.0, 0.1
95, 768.0, 8, 8.0, 0.1
96, 776.0, 8, 8.0, 0.1
97, 784.0, 8, 8.0, 0.1
98, 792.0, 8, 8.0, 0.1
99, 800.0, 8, 8.0, 0.1
100, 808.0, 8, 8.0, 0.1
101, 816.0, 8, 8.0, 0.1
102, 824.0, 8, 8.0, 0.1
103, 832.0, 8, 8.0, 0.1
104, 840.0, 8, 8.0, 0.1
105, 848.0, 8, 8.0, 0.1
106, 856.0, 8, 8.0, 0.1
107, 864.0, 8, 8.0, 0.1
108, 872.0, 8, 8.0, 0.1
109, 880.0, 8, 8.0, 0.1
110, 888.0, 8, 8.0, 0.1
111, 896.0, 8, 8.0, 0.1
112, 904.0, 8, 8.0, 0.1
113, 912.0, 8, 8.0, 0.1
114, 920.0, 8, 8.0, 0.1
115, 928.0, 8, 8.0, 0.1
116, 936.0, 8, 8.0, 0.1
117, 944.0, 8, 8.0, 0.1
118, 952.0, 8, 8.0, 0.1
119, 960.0, 8, 8.0, 0.1
120, 968.0, 8, 8.0, 0.1
121, 976.0, 8, 8.0, 0.1
122, 984.0, 8, 8.0, 0.1
123, 992.0, 8, 8.0, 0.1
124, 1000.0, 8, 8.0, 0.1
125, 1008.0, 8, 8.0, 0.1
126, 1016.0, 8, 8.0, 0.1
127, 1024.0, 8, 8.0, 0.1
128, 1032.0, 8, 8.0, 0.1
129, 1040.0, 8, 8.0, 0.1
130, 1048.0, 8, 8.0, 0.1
131, 1056.0, 8, 8.0, 0.1
132, 1064.0, 8, 8.0, 0.1
133, 1072.0, 8, 8.0, 0.1
134, 1080.0, 8, 8.0, 0.1
135, 1088.0, 8, 8.0, 0.1
136, 1096.0, 8, 8.0, 0.1
137, 1104.0, 8, 8.0, 0.1
138, 1112.0, 8, 8.0, 0.1
139, 1120.0, 8, 8.0, 0.1
140, 1128.0, 8, 8.0, 0.1
141, 1136.0, 8, 8.0, 0.1
142, 1144.0, 8, 8.0, 0.1
143, 1152.0, 8, 8.0, 0.1
144, 1160.0, 8, 8.0, 0.1
145, 1168.0, 8, 8.0, 0.1
146, 1176.0, 8, 8.0, 0.1
147, 1184.0, 8, 8.0, 0.1
148, 1192.0, 8, 8.0, 0.1
149, 1200.0, 8, 8.0, 0.1
150, 1208.0, 8, 8.0, 0.1
151, 1216.0, 8, 8.0, 0.1
152, 1224.0, 8, 8.0, 0.1
153, 1232.0, 8, 8.0, 0.1
154, 1240.0, 8, 8.0, 0.1
155, 1248.0, 8, 8.0, 0.1
156, 1256.0, 8, 8.0, 0.1
157, 1264.0, 8, 8.0, 0.1
158, 1272.0, 8, 8.0, 0.1
159, 1280.0, 8, 8.0, 0.1
160, 1288.0, 8, 8.0, 0.1
161, 1296.0, 8, 8.0, 0.1
162, 1304.0, 8, 8.0, 0.1
163, 1312.0, 8, 8.0, 0.1
164, 1320.0, 8, 8.0, 0.1
165, 1328.0, 8, 8.0, 0.1
166, 1336.0, 8, 8.0, 0.1
167, 1344.0, 8, 8.0, 0.1
168, 1352.0, 8, 8.0, 0.1
169, 1360.0, 8, 8.0, 0.1
170, 1368.0, 8, 8.0, 0.1
171, 1376.0, 8, 8.0, 0.1
172, 1384.0, 8, 8.0, 0.1
173, 1392.0, 8, 8.0, 0.1
174, 1400.0, 8, 8.0, 0.1
175, 1408.0, 8, 8.0, 0.1
176, 1416.0, 8, 8.0, 0.1
177, 1424.0, 8, 8.0, 0.1
178, 1432.0, 8, 8.0, 0.1
179, 1440.0, 8, 8.0, 0.1
180, 1448.0, 8, 8.0, 0.1
181, 1456.0, 8, 8.0, 0.1
182, 1464.0, 8, 8.0, 0.1
183, 1472.0, 8, 8.0, 0.1
184, 1480.0, 8, 8.0, 0.1
185, 1488.0, 8, 8.0, 0.1
186, 1496.0, 8, 8.0, 0.1
187, 1504.0, 8, 8.0, 0.1
188, 1512.0, 8, 8.0, 0.1
189, 1520.0, 8, 8.0, 0.1
190, 1528.0, 8, 8.0, 0.1
191, 1536.0, 8, 8.0, 0.1
192, 1544.0, 8, 8.0, 0.1
193, 1552.0, 8, 8.0, 0.1
194, 1560.0, 8, 8.0, 0.1
195, 1568.0, 8, 8.0, 0.1
196, 1576.0, 8, 8.0, 0.1
197, 1584.0, 8, 8.0, 0.1
198, 1592.0, 8, 8.0, 0.1
199, 1600.0, 8, 8.0, 0.1
200, 1608.0, 8, 8.0, 0.1
201, 1616.0, 8, 8.0, 0.1
202, 1624.0, 8, 8.0, 0.1
203, 1632.0, 8, 8.0, 0.1
204, 1640.0, 8, 8.0, 0.1
205, 1648.0, 8, 8.0, 0.1
206, 1656.0, 8, 8.0, 0.1
207, 1664.0, 8, 8.0, 0.1
208, 1672.0, 8, 8.0, 0.1
209, 1680.0, 8, 8.0, 0.1
210, 1688.0, 8, 8.0, 0.1
211, 1696.0, 8, 8.0, 0.1
212, 1704.0, 8, 8.0, 0.1
213, 1712.0, 8, 8.0, 0.1
214, 1720.0, 8, 8.0, 0.1
215, 1728.0, 8, 8.0, 0.1
216, 1736.0, 8, 8.0, 0.1
217, 1744.0, 8, 8.0, 0.1
218, 1752.0, 8, 8.0, 0.1
219, 1760.0, 8, 8.0, 0.1
220, 1768.0, 8, 8.0, 0.1
221, 1776.0, 8, 8.0, 0.1
222, 1784.0, 8, 8.0, 0.1
223, 1792.0, 8, 8.0, 0.1
224, 1800.0, 8, 8.0, 0.1
225, 1808.0, 8, 8.0, 0.1
226, 1816.0, 8, 8.0, 0.1
227, 1824.0, 8, 8.0, 0.1
228, 1832.0, 8, 8.0, 0.1
229, 1840.0, 8, 8.0, 0.1
230, 1848.0, 8, 8.0, 0.1
231, 1856.0, 8, 8.0, 0.1
232, 1864.0, 8, 8.0, 0.1
233, 1872.0, 8, 8.0, 0.1
234, 1880.0, 8, 8.0, 0.1
235, 1888.0, 8, 8.0, 0.1
236, 1896.0, 8, 8.0, 0.1
237, 1904.0, 8, 8.0, 0.1
238, 1912.0, 8, 8.0, 0.1
239, 1920.0, 8, 8.0, 0.1
240, 1928.0, 8, 8.0, 0.1
241, 1936.0, 8, 8.0, 0.1
242, 1944.0, 8, 8.0, 0.1
243, 1952.0, 8, 8.0, 0.1
244, 1960.0, 8, 8.0, 0.1
245, 1968.0, 8, 8.0, 0.1
246, 1976.0, 8, 8.0, 0.1
247, 1984.0, 8, 8.0, 0.1
248, 1992.0, 8, 8.0, 0.1
249, 2000.0, 8, 8.0, 0.1
250, 2008.0, 8, 8.0, 0.1
251, 2016.0, 8, 8.0, 0.1
252, 2024.0, 8, 8.0, 0.1
253, 2032.0, 8, 8.0, 0.1
254, 2040.0, 8, 8.0, 0.1
255, 2048.0, 8, 8.0, 0.1
256, 2056.0, 8, 8.0, 0.1
257, 2064.0, 8, 8.0, 0.1
258, 2072.0, 8, 8.0, 0.1
259, 2080.0, 8, 8.0, 0.1
260, 2088.0, 8, 8.0, 0.1
261, 2096.0, 8, 8.0, 0.1
262, 2104.0, 8, 8.0, 0.1
263, 2112.0, 8, 8.0, 0.1
264, 2120.0, 8, 8.0, 0.1
265, 2128.0, 8, 8.0, 0.1
266, 2136.0, 8, 8.0, 0.1
267, 2144.0, 8, 8.0, 0.1
268, 2152.0, 8, 8.0, 0.1
269, 2160.0, 8, 8.0, 0.1
270, 2168.0, 8, 8.0, 0.1
271, 2176.0, 8, 8.0, 0.1
272, 2184.0, 8, 8.0, 0.1
273, 2192.0, 8, 8.0, 0.1
274, 2200.0, 8, 8.0, 0.1
275, 2208.0, 8, 8.0, 0.1
276, 2216.0, 8, 8.0, 0.1
277, 2224.0, 8, 8.0, 0.1
278, 2232.0, 8, 8.0, 0.1
279, 2240.0, 8, 8.0, 0.1
280, 2248.0, 8, 8.0, 0.1
281, 2256.0, 8, 8.0, 0.1
282, 2264.0, 8, 8.0, 0.1
283, 2272.0, 8, 8.0, 0.1
284, 2280.0, 8, 8.0, 0.1
285, 2288.0, 8, 8.0, 0.1
286, 2296.0, 8, 8.0, 0.1
287, 2304.0, 8, 8.0, 0.1
288, 2312.0, 8, 8.0, 0.1
289, 2320.0, 8, 8.0, 0.1
290, 2328.0, 8, 8.0, 0.1
291, 2336.0, 8, 8.0, 0.1
292, 2344.0, 8, 8.0, 0.1
293, 2352.0, 8, 8.0, 0.1
294, 2360.0, 8, 8.0, 0.1
295, 2368.0, 8, 8.0, 0.1
296, 2376.0, 8, 8.0, 0.1
297, 2384.0, 8, 8.0, 0.1
298, 2392.0, 8, 8.0, 0.1
299, 2400.0, 8, 8.0, 0.1
300, 2408.0, 8, 8.0, 0.1
301, 2416.0, 8, 8.0, 0.1
302, 2424.0, 8, 8.0, 0.1
303, 2432.0, 8, 8.0, 0.1
304, 2440.0, 8, 8.0, 0.1
305, 2448.0, 8, 8.0, 0.1
306, 2456.0, 8, 8.0, 0.1
307, 2464.0, 8, 8.0, 0.1
308, 2472.0, 8, 8.0, 0.1
309, 2480.0, 8, 8.0, 0.1
310, 2488.0, 8, 8.0, 0.1
311, 2496.0, 8, 8.0, 0.1
312, 2504.0, 8, 8.0, 0.1
313, 2512.0, 8, 8.0, 0.1
314, 2520.0, 8, 8.0, 0.1
315, 2528.0, 8, 8.0, 0.1
316, 2536.0, 8, 8.0, 0.1
317, 2544.0, 8, 8.0, 0.1
318, 2552.0, 8, 8.0, 0.1
319, 2560.0, 8, 8.0, 0.1
320, 2568.0, 8, 8.0, 0.1
321, 2576.0, 8, 8.0, 0.1
322, 2584.0, 8, 8.0, 0.1
323, 2592.0, 8, 8.0, 0.1
324, 2600.0, 8, 8.0, 0.1
325, 2608.0, 8, 8.0, 0.1
326, 2616.0, 8, 8.0, 0.1
327, 2624.0, 8, 8.0, 0.1
328, 2632.0, 8, 8.0, 0.1
329, 2640.0, 8, 8.0, 0.1
330, 2648.0, 8, 8.0, 0.1
331, 2656.0, 8, 8.0, 0.1
332, 2664.0, 8, 8.0, 0.1
333, 2672.0, 8, 8.0, 0.1
334, 2680.0, 8, 8.0, 0.1
335, 2688.0, 8, 8.0, 0.1
336, 2696.0, 8, 8.0, 0.1
337, 2704.0, 8, 8.0, 0.1
338, 2712.0, 8, 8.0, 0.1
339, 2720.0, 8, 8.0, 0.1
340, 2728.0, 8, 8.0, 0.1
341, 2736.0, 8, 8.0, 0.1
342, 2744.0, 8, 8.0, 0.1
343, 2752.0, 8, 8.0, 0.1
344, 2760.0, 8, 8.0, 0.1
345, 2768.0, 8, 8.0, 0.1
346, 2776.0, 8, 8.0, 0.1
347, 2784.0, 8, 8.0, 0.1
348, 2792.0, 8, 8.0, 0.1
349, 2800.0, 8, 8.0, 0.1
350, 2808.0, 8, 8.0, 0.1
351, 2816.0, 8, 8.0, 0.1
352, 2824.0, 8, 8.0, 0.1
353, 2832.0, 8, 8.0, 0.1
354, 2840.0, 8, 8.0, 0.1
355, 2848.0, 8, 8.0, 0.1
356, 2856.0, 8, 8.0, 0.1
357, 2864.0, 8, 8.0, 0.1
358, 2872.0, 8, 8.0, 0.1
359, 2880.0, 8, 8.0, 0.1
360, 2888.0, 8, 8.0, 0.1
361, 2896.0, 8, 8.0, 0.1
362, 2904.0, 8, 8.0, 0.1
363, 2912.0, 8, 8.0, 0.1
364, 2920.0, 8, 8.0, 0.1
365, 2928.0, 8, 8.0, 0.1
366, 2936.0, 8, 8.0, 0.1
367, 2944.0, 8, 8.0, 0.1
368, 2952.0, 8, 8.0, 0.1
369, 2960.0, 8, 8.0, 0.1
370, 2968.0, 8, 8.0, 0.1
371, 2976.0, 8, 8.0, 0.1
372, 2984.0, 8, 8.0, 0.1
373, 2992.0, 8, 8.0, 0.1
374, 3000.0, 8, 8.0, 0.1
375, 3008.0, 8, 8.0, 0.1
376, 3016.0, 8, 8.0, 0.1
377, 3024.0, 8, 8.0, 0.1
378, 3032.0, 8, 8.0, 0.1
379, 3040.0, 8, 8.0, 0.1
380, 3048.0, 8, 8.0, 0.1
381, 3056.0, 8, 8.0, 0.1
382, 3064.0, 8, 8.0, 0.1
383, 3072.0, 8, 8.0, 0.1
384, 3080.0, 8, 8.0, 0.1
385, 3088.0, 8, 8.0, 0.1
386, 3096.0, 8, 8.0, 0.1
387, 3104.0, 8, 8.0, 0.1
388, 3112.0, 8, 8.0, 0.1
389, 3120.0, 8, 8.0, 0.1
390, 3128.0, 8, 8.0, 0.1
391, 3136.0, 8, 8.0, 0.1
392, 3144.0, 8, 8.0, 0.1
393, 3152.0, 8, 8.0, 0.1
394, 3160.0, 8, 8.0, 0.1
395, 3168.0, 8, 8.0, 0.1
396, 3176.0, 8, 8.0, 0.1
397, 3184.0, 8, 8.0, 0.1
398, 3192.0, 8, 8.0, 0.1
399, 3200.0, 8, 8.0, 0.1
400, 3208.0, 8, 8.0, 0.1
401, 3216.0, 8, 8.0, 0.1
402, 3224.0, 8, 8.0, 0.1
403, 3232.0, 8, 8.0, 0.1
404, 3240.0, 8, 8.0, 0.1
405, 3248.0, 8, 8.0, 0.1
406, 3256.0, 8, 8.0, 0.1
407, 3264.0, 8, 8.0, 0.1
408, 3272.0, 8, 8.0, 0.1
409, 3280.0, 8, 8.0, 0.1
410, 3288.0, 8, 8.0, 0.1
411, 3296.0, 8, 8.0, 0.1
412, 3304.0, 8, 8.0, 0.1
413, 3312.0, 8, 8.0, 0.1
414, 3320.0, 8, 8.0, 0.1
415, 3328.0, 8, 8.0, 0.1
416, 3336.0, 8, 8.0, 0.1
417, 3344.0, 8, 8.0, 0.1
418, 3352.0, 8, 8.0, 0.1
419, 3360.0, 8, 8.0, 0.1
420, 3368.0, 8, 8.0, 0.1
421, 3376.0, 8, 8.0, 0.1
422, 3384.0, 8, 8.0, 0.1
423, 3392.0, 8, 8.0, 0.1
424, 3400.0, 8, 8.0, 0.1
425, 3408.0, 8, 8.0, 0.1
426, 3416.0, 8, 8.0, 0.1
427, 3424.0, 8, 8.0, 0.1
428, 3432.0, 8, 8.0, 0.1
429, 3440.0, 8, 8.0, 0.1
430, 3448.0, 8, 8.0, 0.1
431, 3456.0, 8, 8.0, 0.1
432, 3464.0, 8, 8.0, 0.1
433, 3472.0, 8, 8.0, 0.1
434, 3480.0, 8, 8.0, 0.1
435, 3488.0, 8, 8.0, 0.1
436, 3496.0, 8, 8.0, 0.1
437, 3504.0, 8, 8.0, 0.1
438, 3512.0, 8, 8.0, 0.1
439, 3520.0, 8, 8.0, 0.1
440, 3528.0, 8, 8.0, 0.1
441, 3536.0, 8, 8.0, 0.1
442, 3544.0, 8, 8.0, 0.1
443, 3552.0, 8, 8.0, 0.1
444, 3560.0, 8, 8.0, 0.1
445, 3568.0, 8, 8.0, 0.1
446, 3576.0, 8, 8.0, 0.1
447, 3584.0, 8, 8.0, 0.1
448, 3592.0, 8, 8.0, 0.1
449, 3600.0, 8, 8.0, 0.1
450, 3608.0, 8, 8.0, 0.1
451, 3616.0, 8, 8.0, 0.1
452, 3624.0, 8, 8.0, 0.1
453, 3632.0, 8, 8.0, 0.1
454, 3640.0, 8, 8.0, 0.1
455, 3648.0, 8, 8.0, 0.1
456, 3655.0, 7, 7.99781181619256, 0.1
457, 3663.0, 8, 7.997816593886463, 0.1
458, 3669.0, 6, 7.993464052287582, 0.1
459, 3676.0, 7, 7.991304347826087, 0.1
460, 3683.0, 7, 7.989154013015185, 0.1
461, 3691.0, 8, 7.989177489177489, 0.1
462, 3699.0, 8, 7.989200863930885, 0.1
463, 3707.0, 8, 7.989224137931035, 0.1
464, 3714.0, 7, 7.987096774193549, 0.1
465, 3722.0, 8, 7.987124463519313, 0.1
466, 3729.0, 7, 7.985010706638116, 0.1
467, 3737.0, 8, 7.985042735042735, 0.1
468, 3744.0, 7, 7.982942430703624, 0.1
469, 3752.0, 8, 7.982978723404256, 0.1
470, 3759.0, 7, 7.980891719745223, 0.1
471, 3767.0, 8, 7.9809322033898304, 0.1
472, 3775.0, 8, 7.980972515856236, 0.1
473, 3783.0, 8, 7.981012658227848, 0.1
474, 3790.0, 7, 7.978947368421053, 0.1
475, 3798.0, 8, 7.9789915966386555, 0.1
476, 3805.0, 7, 7.976939203354298, 0.1
477, 3813.0, 8, 7.976987447698745, 0.1
478, 3821.0, 8, 7.977035490605428, 0.1
479, 3829.0, 8, 7.977083333333334, 0.1
480, 3836.0, 7, 7.975051975051975, 0.1
481, 3838.0, 2, 7.962655601659751, 0.1
482, 3839.0, 1, 7.94824016563147, 0.1
483, 3846.0, 7, 7.946280991735537, 0.1
484, 3852.0, 6, 7.942268041237114, 0.1
485, 3860.0, 8, 7.94238683127572, 0.1
486, 3862.0, 2, 7.930184804928132, 0.1
487, 3870.0, 8, 7.930327868852459, 0.1
488, 3877.0, 7, 7.928425357873211, 0.1
489, 3884.0, 7, 7.926530612244898, 0.1
490, 3892.0, 8, 7.9266802443991855, 0.1
491, 3897.0, 5, 7.920731707317073, 0.1
492, 3903.0, 6, 7.9168356997971605, 0.1
493, 3910.0, 7, 7.91497975708502, 0.1
494, 3918.0, 8, 7.915151515151515, 0.1
495, 3924.0, 6, 7.911290322580645, 0.1
496, 3931.0, 7, 7.909456740442656, 0.1
497, 3938.0, 7, 7.907630522088353, 0.1
498, 3945.0, 7, 7.905811623246493, 0.1
499, 3953.0, 8, 7.906, 0.1
500, 3961.0, 8, 7.906187624750499, 0.1
501, 3967.0, 6, 7.902390438247012, 0.1
502, 3975.0, 8, 7.90258449304175, 0.1
503, 3983.0, 8, 7.902777777777778, 0.1
504, 3991.0, 8, 7.902970297029703, 0.1
505, 3998.0, 7, 7.901185770750988, 0.1
506, 4006.0, 8, 7.90138067061144, 0.1
507, 4014.0, 8, 7.9015748031496065, 0.1
508, 4021.0, 7, 7.899803536345776, 0.1
509, 4029.0, 8, 7.9, 0.1
510, 4036.0, 7, 7.898238747553816, 0.1
511, 4043.0, 7, 7.896484375, 0.1
512, 4050.0, 7, 7.894736842105263, 0.1
513, 4058.0, 8, 7.8949416342412455, 0.1
514, 4065.0, 7, 7.893203883495145, 0.1
515, 4071.0, 6, 7.8895348837209305, 0.1
516, 4079.0, 8, 7.889748549323017, 0.1
517, 4086.0, 7, 7.888030888030888, 0.1
518, 4094.0, 8, 7.8882466281310215, 0.1
519, 4102.0, 8, 7.888461538461539, 0.1
520, 4110.0, 8, 7.888675623800384, 0.1
521, 4118.0, 8, 7.888888888888889, 0.1
522, 4126.0, 8, 7.8891013384321225, 0.1
523, 4133.0, 7, 7.887404580152672, 0.1
524, 4141.0, 8, 7.887619047619047, 0.1
525, 4147.0, 6, 7.88403041825095, 0.1
526, 4153.0, 6, 7.88045540796964, 0.1
527, 4157.0, 4, 7.8731060606060606, 0.1
528, 4165.0, 8, 7.873345935727788, 0.1
529, 4172.0, 7, 7.871698113207547, 0.1
530, 4180.0, 8, 7.8719397363465164, 0.1
531, 4188.0, 8, 7.87218045112782, 0.1
532, 4195.0, 7, 7.870544090056285, 0.1
533, 4203.0, 8, 7.870786516853933, 0.1
534, 4211.0, 8, 7.871028037383177, 0.1
535, 4217.0, 6, 7.867537313432836, 0.1
536, 4224.0, 7, 7.865921787709497, 0.1
537, 4232.0, 8, 7.866171003717472, 0.1
538, 4240.0, 8, 7.866419294990724, 0.1
539, 4248.0, 8, 7.866666666666666, 0.1
540, 4256.0, 8, 7.866913123844732, 0.1
541, 4263.0, 7, 7.865313653136531, 0.1
542, 4270.0, 7, 7.863720073664825, 0.1
543, 4278.0, 8, 7.863970588235294, 0.1
544, 4286.0, 8, 7.864220183486238, 0.1
545, 4293.0, 7, 7.862637362637362, 0.1
546, 4301.0, 8, 7.862888482632541, 0.1
547, 4307.0, 6, 7.859489051094891, 0.1
548, 4314.0, 7, 7.85792349726776, 0.1
549, 4321.0, 7, 7.856363636363636, 0.1
550, 4329.0, 8, 7.856624319419238, 0.1
551, 4337.0, 8, 7.856884057971015, 0.1
552, 4345.0, 8, 7.857142857142857, 0.1
553, 4353.0, 8, 7.85740072202166, 0.1
554, 4359.0, 6, 7.854054054054054, 0.1
555, 4365.0, 6, 7.850719424460432, 0.1
556, 4372.0, 7, 7.8491921005386, 0.1
557, 4379.0, 7, 7.847670250896058, 0.1
558, 4386.0, 7, 7.846153846153846, 0.1
559, 4394.0, 8, 7.8464285714285715, 0.1
560, 4401.0, 7, 7.8449197860962565, 0.1
561, 4409.0, 8, 7.845195729537367, 0.1
562, 4416.0, 7, 7.843694493783303, 0.1
563, 4422.0, 6, 7.840425531914893, 0.1
564, 4430.0, 8, 7.84070796460177, 0.1
565, 4438.0, 8, 7.840989399293286, 0.1
566, 4445.0, 7, 7.839506172839506, 0.1
567, 4450.0, 5, 7.834507042253521, 0.1
568, 4458.0, 8, 7.8347978910369065, 0.1
569, 4466.0, 8, 7.8350877192982455, 0.1
570, 4473.0, 7, 7.833625218914186, 0.1
571, 4479.0, 6, 7.830419580419581, 0.1
572, 4487.0, 8, 7.830715532286213, 0.1
573, 4487.0, 0, 7.817073170731708, 0.1
574, 4494.0, 7, 7.815652173913043, 0.1
575, 4502.0, 8, 7.815972222222222, 0.1
576, 4510.0, 8, 7.816291161178509, 0.1
577, 4516.0, 6, 7.813148788927336, 0.1
578, 4523.0, 7, 7.8117443868739205, 0.1
579, 4530.0, 7, 7.810344827586207, 0.1
580, 4537.0, 7, 7.80895008605852, 0.1
581, 4544.0, 7, 7.8075601374570445, 0.1
582, 4552.0, 8, 7.807890222984563, 0.1
583, 4559.0, 7, 7.806506849315069, 0.1
584, 4566.0, 7, 7.805128205128205, 0.1
585, 4573.0, 7, 7.803754266211604, 0.1
586, 4580.0, 7, 7.802385008517888, 0.1
587, 4587.0, 7, 7.801020408163265, 0.1
588, 4595.0, 8, 7.8013582342954155, 0.1
589, 4603.0, 8, 7.801694915254237, 0.1
590, 4611.0, 8, 7.802030456852792, 0.1
591, 4619.0, 8, 7.802364864864865, 0.1
592, 4627.0, 8, 7.802698145025295, 0.1
593, 4635.0, 8, 7.803030303030303, 0.1
594, 4643.0, 8, 7.803361344537815, 0.1
595, 4650.0, 7, 7.802013422818792, 0.1
596, 4658.0, 8, 7.802345058626465, 0.1
597, 4665.0, 7, 7.801003344481606, 0.1
598, 4672.0, 7, 7.799666110183639, 0.1
599, 4680.0, 8, 7.8, 0.1
600, 4687.0, 7, 7.798668885191348, 0.1
601, 4691.0, 4, 7.792358803986711, 0.1
602, 4699.0, 8, 7.792703150912106, 0.1
603, 4707.0, 8, 7.793046357615894, 0.1
604, 4715.0, 8, 7.793388429752066, 0.1
605, 4719.0, 4, 7.787128712871287, 0.1
606, 4726.0, 7, 7.785831960461285, 0.1
607, 4733.0, 7, 7.784539473684211, 0.1
608, 4740.0, 7, 7.783251231527093, 0.1
609, 4747.0, 7, 7.781967213114754, 0.1
610, 4754.0, 7, 7.780687397708674, 0.1
611, 4761.0, 7, 7.779411764705882, 0.1
612, 4768.0, 7, 7.778140293637847, 0.1
613, 4776.0, 8, 7.778501628664495, 0.1
614, 4783.0, 7, 7.777235772357724, 0.1
615, 4789.0, 6, 7.77435064935065, 0.1
616, 4796.0, 7, 7.773095623987034, 0.1
617, 4803.0, 7, 7.771844660194175, 0.1
618, 4805.0, 2, 7.762520193861066, 0.1
619, 4813.0, 8, 7.762903225806451, 0.1
620, 4820.0, 7, 7.761674718196457, 0.1
621, 4827.0, 7, 7.760450160771704, 0.1
622, 4835.0, 8, 7.76083467094703, 0.1
623, 4842.0, 7, 7.759615384615385, 0.1
624, 4850.0, 8, 7.76, 0.1
625, 4855.0, 5, 7.755591054313099, 0.1
626, 4861.0, 6, 7.752791068580542, 0.1
627, 4867.0, 6, 7.75, 0.1
628, 4874.0, 7, 7.748807631160572, 0.1
629, 4882.0, 8, 7.749206349206349, 0.1
630, 4888.0, 6, 7.746434231378764, 0.1
631, 4895.0, 7, 7.745253164556962, 0.1
632, 4903.0, 8, 7.74565560821485, 0.1
633, 4911.0, 8, 7.746056782334385, 0.1
634, 4918.0, 7, 7.7448818897637794, 0.1
635, 4926.0, 8, 7.745283018867925, 0.1
636, 4933.0, 7, 7.744113029827315, 0.1
637, 4940.0, 7, 7.74294670846395, 0.1
638, 4946.0, 6, 7.740219092331769, 0.1
639, 4954.0, 8, 7.740625, 0.1
640, 4962.0, 8, 7.741029641185648, 0.1
641, 4970.0, 8, 7.741433021806854, 0.1
642, 4978.0, 8, 7.741835147744945, 0.1
643, 4986.0, 8, 7.74223602484472, 0.1
644, 4992.0, 6, 7.73953488372093, 0.1
645, 5000.0, 8, 7.739938080495356, 0.1
646, 5002.0, 2, 7.731066460587326, 0.1
647, 5009.0, 7, 7.729938271604938, 0.1
648, 5017.0, 8, 7.730354391371341, 0.1
649, 5024.0, 7, 7.729230769230769, 0.1
650, 5030.0, 6, 7.7265745007680495, 0.1
651, 5038.0, 8, 7.726993865030675, 0.1
652, 5046.0, 8, 7.727411944869831, 0.1
653, 5054.0, 8, 7.72782874617737, 0.1
654, 5062.0, 8, 7.72824427480916, 0.1
655, 5070.0, 8, 7.728658536585366, 0.1
656, 5077.0, 7, 7.7275494672754945, 0.1
657, 5085.0, 8, 7.727963525835866, 0.1
658, 5092.0, 7, 7.726858877086495, 0.1
659, 5098.0, 6, 7.724242424242425, 0.1
660, 5106.0, 8, 7.724659606656581, 0.1
661, 5114.0, 8, 7.7250755287009065, 0.1
662, 5121.0, 7, 7.723981900452489, 0.1
663, 5129.0, 8, 7.724397590361446, 0.1
664, 5137.0, 8, 7.724812030075188, 0.1
665, 5143.0, 6, 7.722222222222222, 0.1
666, 5151.0, 8, 7.72263868065967, 0.1
667, 5158.0, 7, 7.721556886227545, 0.1
668, 5166.0, 8, 7.721973094170403, 0.1
669, 5174.0, 8, 7.722388059701492, 0.1
670, 5181.0, 7, 7.721311475409836, 0.1
671, 5187.0, 6, 7.71875, 0.1
672, 5190.0, 3, 7.711738484398217, 0.1
673, 5197.0, 7, 7.710682492581602, 0.1
674, 5205.0, 8, 7.711111111111111, 0.1
675, 5211.0, 6, 7.708579881656805, 0.1
676, 5218.0, 7, 7.7075332348596755, 0.1
677, 5223.0, 5, 7.70353982300885, 0.1
678, 5230.0, 7, 7.702503681885125, 0.1
679, 5238.0, 8, 7.702941176470588, 0.1
680, 5245.0, 7, 7.701908957415565, 0.1
681, 5253.0, 8, 7.702346041055718, 0.1
682, 5261.0, 8, 7.702781844802343, 0.1
683, 5269.0, 8, 7.703216374269005, 0.1
684, 5277.0, 8, 7.703649635036497, 0.1
685, 5284.0, 7, 7.702623906705539, 0.1
686, 5291.0, 7, 7.701601164483261, 0.1
687, 5298.0, 7, 7.700581395348837, 0.1
688, 5306.0, 8, 7.701015965166909, 0.1
689, 5313.0, 7, 7.7, 0.1
690, 5321.0, 8, 7.7004341534008685, 0.1
691, 5329.0, 8, 7.7008670520231215, 0.1
692, 5335.0, 6, 7.698412698412699, 0.1
693, 5342.0, 7, 7.697406340057637, 0.1
694, 5349.0, 7, 7.6964028776978415, 0.1
695, 5357.0, 8, 7.69683908045977, 0.1
696, 5364.0, 7, 7.69583931133429, 0.1
697, 5371.0, 7, 7.69484240687679, 0.1
698, 5377.0, 6, 7.69241773962804, 0.1
699, 5384.0, 7, 7.691428571428571, 0.1
700, 5391.0, 7, 7.690442225392297, 0.1
701, 5398.0, 7, 7.689458689458689, 0.1
702, 5406.0, 8, 7.689900426742532, 0.1
703, 5412.0, 6, 7.6875, 0.1
704, 5420.0, 8, 7.6879432624113475, 0.1
705, 5427.0, 7, 7.686968838526912, 0.1
706, 5434.0, 7, 7.685997171145686, 0.1
707, 5441.0, 7, 7.685028248587571, 0.1
708, 5449.0, 8, 7.685472496473907, 0.1
709, 5456.0, 7, 7.6845070422535215, 0.1
710, 5463.0, 7, 7.6835443037974684, 0.1
711, 5471.0, 8, 7.683988764044944, 0.1
712, 5479.0, 8, 7.6844319775596075, 0.1
713, 5486.0, 7, 7.6834733893557425, 0.1
714, 5492.0, 6, 7.6811188811188815, 0.1
715, 5500.0, 8, 7.681564245810056, 0.1
716, 5503.0, 3, 7.675034867503487, 0.1
717, 5510.0, 7, 7.674094707520891, 0.1
718, 5517.0, 7, 7.6731571627260085, 0.1
719, 5523.0, 6, 7.670833333333333, 0.1
720, 5531.0, 8, 7.67128987517337, 0.1
721, 5536.0, 5, 7.667590027700831, 0.1
722, 5544.0, 8, 7.668049792531121, 0.1
723, 5551.0, 7, 7.667127071823204, 0.1
724, 5559.0, 8, 7.6675862068965515, 0.1
725, 5567.0, 8, 7.6680440771349865, 0.1
726, 5574.0, 7, 7.667125171939477, 0.1
727, 5582.0, 8, 7.667582417582418, 0.1
728, 5588.0, 6, 7.665294924554184, 0.1
729, 5596.0, 8, 7.6657534246575345, 0.1
730, 5604.0, 8, 7.666210670314637, 0.1
731, 5611.0, 7, 7.665300546448087, 0.1
732, 5618.0, 7, 7.664392905866303, 0.1
733, 5626.0, 8, 7.664850136239782, 0.1
734, 5627.0, 1, 7.65578231292517, 0.1
735, 5633.0, 6, 7.653532608695652, 0.1
736, 5641.0, 8, 7.654002713704206, 0.1
737, 5645.0, 4, 7.649051490514905, 0.1
738, 5652.0, 7, 7.648173207036536, 0.1
739, 5660.0, 8, 7.648648648648648, 0.1
740, 5665.0, 5, 7.6450742240215925, 0.1
741, 5673.0, 8, 7.6455525606469, 0.1
742, 5681.0, 8, 7.646029609690444, 0.1
743, 5688.0, 7, 7.645161290322581, 0.1
744, 5696.0, 8, 7.645637583892618, 0.1
745, 5704.0, 8, 7.646112600536193, 0.1
746, 5712.0, 8, 7.646586345381526, 0.1
747, 5719.0, 7, 7.64572192513369, 0.1
748, 5727.0, 8, 7.646194926568758, 0.1
749, 5735.0, 8, 7.6466666666666665, 0.1
750, 5743.0, 8, 7.647137150466046, 0.1
751, 5750.0, 7, 7.6462765957446805, 0.1
752, 5757.0, 7, 7.645418326693227, 0.1
753, 5763.0, 6, 7.643236074270557, 0.1
754, 5770.0, 7, 7.642384105960265, 0.1
755, 5778.0, 8, 7.642857142857143, 0.1
756, 5782.0, 4, 7.638044914134743, 0.1
757, 5788.0, 6, 7.635883905013193, 0.1
758, 5796.0, 8, 7.636363636363637, 0.1
759, 5804.0, 8, 7.636842105263158, 0.1
760, 5812.0, 8, 7.637319316688568, 0.1
761, 5820.0, 8, 7.637795275590551, 0.1
762, 5827.0, 7, 7.636959370904325, 0.1
763, 5835.0, 8, 7.637434554973822, 0.1
764, 5842.0, 7, 7.636601307189543, 0.1
765, 5850.0, 8, 7.637075718015666, 0.1
766, 5857.0, 7, 7.636245110821382, 0.1
767, 5865.0, 8, 7.63671875, 0.1
768, 5873.0, 8, 7.637191157347204, 0.1
769, 5881.0, 8, 7.637662337662338, 0.1
770, 5882.0, 1, 7.62905317769131, 0.1
771, 5890.0, 8, 7.629533678756476, 0.1
772, 5898.0, 8, 7.630012936610608, 0.1
773, 5906.0, 8, 7.630490956072351, 0.1
774, 5913.0, 7, 7.629677419354839, 0.1
775, 5921.0, 8, 7.630154639175258, 0.1
776, 5928.0, 7, 7.629343629343629, 0.1
777, 5934.0, 6, 7.627249357326479, 0.1
778, 5942.0, 8, 7.62772785622593, 0.1
779, 5950.0, 8, 7.628205128205129, 0.1
780, 5958.0, 8, 7.6286811779769526, 0.1
781, 5965.0, 7, 7.627877237851663, 0.1
782, 5971.0, 6, 7.625798212005108, 0.1
783, 5979.0, 8, 7.626275510204081, 0.1
784, 5987.0, 8, 7.626751592356688, 0.1
785, 5994.0, 7, 7.625954198473282, 0.1
786, 6001.0, 7, 7.625158831003812, 0.1
787, 6003.0, 2, 7.618020304568528, 0.1
788, 6010.0, 7, 7.61723700887199, 0.1
789, 6017.0, 7, 7.616455696202531, 0.1
790, 6024.0, 7, 7.615676359039191, 0.1
791, 6031.0, 7, 7.61489898989899, 0.1
792, 6038.0, 7, 7.614123581336696, 0.1
793, 6045.0, 7, 7.613350125944584, 0.1
794, 6052.0, 7, 7.612578616352201, 0.1
795, 6059.0, 7, 7.61180904522613, 0.1
796, 6067.0, 8, 7.612296110414053, 0.1
797, 6073.0, 6, 7.610275689223058, 0.1
798, 6081.0, 8, 7.6107634543178975, 0.1
799, 6087.0, 6, 7.60875, 0.1
800, 6094.0, 7, 7.607990012484395, 0.1
801, 6096.0, 2, 7.600997506234414, 0.1
802, 6104.0, 8, 7.601494396014944, 0.1
803, 6112.0, 8, 7.601990049751244, 0.1
804, 6119.0, 7, 7.601242236024845, 0.1
805, 6121.0, 2, 7.594292803970223, 0.1
806, 6127.0, 6, 7.592317224287484, 0.1
807, 6134.0, 7, 7.591584158415841, 0.1
808, 6141.0, 7, 7.590852904820767, 0.1
809, 6145.0, 4, 7.58641975308642, 0.1
810, 6153.0, 8, 7.586929716399506, 0.1
811, 6160.0, 7, 7.586206896551724, 0.1
812, 6160.0, 0, 7.576875768757688, 0.1
813, 6167.0, 7, 7.576167076167076, 0.1
814, 6175.0, 8, 7.576687116564417, 0.1
815, 6182.0, 7, 7.575980392156863, 0.1
816, 6190.0, 8, 7.576499388004896, 0.1
817, 6197.0, 7, 7.575794621026895, 0.1
818, 6203.0, 6, 7.573870573870574, 0.1
819, 6210.0, 7, 7.573170731707317, 0.1
820, 6216.0, 6, 7.571254567600487, 0.1
821, 6224.0, 8, 7.571776155717761, 0.1
822, 6226.0, 2, 7.565006075334144, 0.1
823, 6226.0, 0, 7.555825242718447, 0.1
824, 6234.0, 8, 7.556363636363637, 0.1
825, 6234.0, 0, 7.547215496368039, 0.1
826, 6242.0, 8, 7.547762998790811, 0.1
827, 6250.0, 8, 7.548309178743962, 0.1
828, 6257.0, 7, 7.547647768395658, 0.1
829, 6264.0, 7, 7.546987951807229, 0.1
830, 6269.0, 5, 7.543922984356198, 0.1
831, 6276.0, 7, 7.543269230769231, 0.1
832, 6283.0, 7, 7.5426170468187275, 0.1
833, 6290.0, 7, 7.541966426858513, 0.1
834, 6297.0, 7, 7.541317365269461, 0.1
835, 6304.0, 7, 7.54066985645933, 0.1
836, 6312.0, 8, 7.541218637992832, 0.1
837, 6319.0, 7, 7.540572792362768, 0.1
838, 6327.0, 8, 7.5411203814064365, 0.1
839, 6335.0, 8, 7.541666666666667, 0.1
840, 6343.0, 8, 7.542211652794292, 0.1
841, 6343.0, 0, 7.533254156769596, 0.1
842, 6346.0, 3, 7.5278766310794785, 0.1
843, 6347.0, 1, 7.520142180094787, 0.1
844, 6354.0, 7, 7.5195266272189345, 0.1
845, 6362.0, 8, 7.520094562647754, 0.1
846, 6368.0, 6, 7.518299881936246, 0.1
847, 6371.0, 3, 7.5129716981132075, 0.1
848, 6379.0, 8, 7.513545347467609, 0.1
849, 6387.0, 8, 7.514117647058823, 0.1
850, 6395.0, 8, 7.5146886016451235, 0.1
851, 6403.0, 8, 7.515258215962441, 0.1
852, 6411.0, 8, 7.515826494724502, 0.1
853, 6419.0, 8, 7.516393442622951, 0.1
854, 6427.0, 8, 7.5169590643274855, 0.1
855, 6435.0, 8, 7.517523364485982, 0.1
856, 6442.0, 7, 7.516919486581097, 0.1
857, 6449.0, 7, 7.516317016317016, 0.1
858, 6456.0, 7, 7.515715948777649, 0.1
859, 6463.0, 7, 7.515116279069767, 0.1
860, 6470.0, 7, 7.51451800232288, 0.1
861, 6476.0, 6, 7.512761020881671, 0.1
862, 6483.0, 7, 7.512166859791425, 0.1
863, 6491.0, 8, 7.512731481481482, 0.1
864, 6496.0, 5, 7.5098265895953755, 0.1
865, 6502.0, 6, 7.5080831408775985, 0.1
866, 6509.0, 7, 7.507497116493656, 0.1
867, 6517.0, 8, 7.508064516129032, 0.1
868, 6525.0, 8, 7.508630609896433, 0.1
869, 6525.0, 0, 7.5, 0.1
870, 6532.0, 7, 7.499425947187142, 0.1
871, 6533.0, 1, 7.49197247706422, 0.1
872, 6540.0, 7, 7.491408934707904, 0.1
873, 6546.0, 6, 7.489702517162471, 0.1
874, 6552.0, 6, 7.488, 0.1
875, 6560.0, 8, 7.488584474885845, 0.1
876, 6567.0, 7, 7.488027366020525, 0.1
877, 6575.0, 8, 7.488610478359909, 0.1
878, 6583.0, 8, 7.489192263936292, 0.1
879, 6591.0, 8, 7.489772727272728, 0.1
880, 6598.0, 7, 7.489216799091941, 0.1
881, 6605.0, 7, 7.488662131519274, 0.1
882, 6613.0, 8, 7.489241223103058, 0.1
883, 6621.0, 8, 7.489819004524887, 0.1
884, 6623.0, 2, 7.48361581920904, 0.1
885, 6631.0, 8, 7.484198645598194, 0.1
886, 6637.0, 6, 7.482525366403608, 0.1
887, 6644.0, 7, 7.481981981981982, 0.1
888, 6651.0, 7, 7.481439820022497, 0.1
889, 6659.0, 8, 7.4820224719101125, 0.1
890, 6665.0, 6, 7.480359147025814, 0.1
891, 6673.0, 8, 7.4809417040358746, 0.1
892, 6679.0, 6, 7.479283314669653, 0.1
893, 6687.0, 8, 7.47986577181208, 0.1
894, 6694.0, 7, 7.4793296089385475, 0.1
895, 6701.0, 7, 7.478794642857143, 0.1
896, 6709.0, 8, 7.4793756967670015, 0.1
897, 6715.0, 6, 7.477728285077951, 0.1
898, 6721.0, 6, 7.476084538375973, 0.1
899, 6728.0, 7, 7.475555555555555, 0.1
900, 6735.0, 7, 7.475027746947836, 0.1
901, 6742.0, 7, 7.47450110864745, 0.1
902, 6750.0, 8, 7.475083056478406, 0.1
903, 6758.0, 8, 7.475663716814159, 0.1
904, 6766.0, 8, 7.476243093922652, 0.1
905, 6772.0, 6, 7.474613686534217, 0.1
906, 6779.0, 7, 7.474090407938258, 0.1
907, 6785.0, 6, 7.472466960352423, 0.1
908, 6792.0, 7, 7.471947194719472, 0.1
909, 6800.0, 8, 7.472527472527473, 0.1
910, 6808.0, 8, 7.473106476399561, 0.1
911, 6814.0, 6, 7.4714912280701755, 0.1
912, 6822.0, 8, 7.472070098576123, 0.1
913, 6828.0, 6, 7.470459518599562, 0.1
914, 6834.0, 6, 7.468852459016394, 0.1
915, 6841.0, 7, 7.468340611353712, 0.1
916, 6849.0, 8, 7.468920392584515, 0.1
917, 6857.0, 8, 7.469498910675381, 0.1
918, 6865.0, 8, 7.470076169749728, 0.1
919, 6873.0, 8, 7.470652173913043, 0.1
920, 6879.0, 6, 7.469055374592834, 0.1
921, 6886.0, 7, 7.468546637744034, 0.1
922, 6891.0, 5, 7.465872156013001, 0.1
923, 6898.0, 7, 7.465367965367966, 0.1
924, 6903.0, 5, 7.462702702702702, 0.1
925, 6911.0, 8, 7.463282937365011, 0.1
926, 6919.0, 8, 7.4638619201726, 0.1
927, 6926.0, 7, 7.463362068965517, 0.1
928, 6933.0, 7, 7.462863293864371, 0.1
929, 6940.0, 7, 7.462365591397849, 0.1
930, 6947.0, 7, 7.46186895810956, 0.1
931, 6955.0, 8, 7.46244635193133, 0.1
932, 6963.0, 8, 7.463022508038585, 0.1
933, 6971.0, 8, 7.463597430406852, 0.1
934, 6978.0, 7, 7.463101604278075, 0.1
935, 6985.0, 7, 7.462606837606837, 0.1
936, 6993.0, 8, 7.463180362860192, 0.1
937, 6999.0, 6, 7.461620469083155, 0.1
938, 7003.0, 4, 7.457933972310969, 0.1
939, 7009.0, 6, 7.456382978723404, 0.1
940, 7015.0, 6, 7.454835281615303, 0.1
941, 7022.0, 7, 7.4543524416135885, 0.1
942, 7030.0, 8, 7.454931071049841, 0.1
943, 7038.0, 8, 7.455508474576271, 0.1
944, 7039.0, 1, 7.448677248677249, 0.1
945, 7045.0, 6, 7.447145877378436, 0.1
946, 7051.0, 6, 7.445617740232312, 0.1
947, 7059.0, 8, 7.44620253164557, 0.1
948, 7067.0, 8, 7.446786090621707, 0.1
949, 7075.0, 8, 7.447368421052632, 0.1
950, 7083.0, 8, 7.44794952681388, 0.1
951, 7091.0, 8, 7.448529411764706, 0.1
952, 7099.0, 8, 7.4491080797481635, 0.1
953, 7107.0, 8, 7.449685534591195, 0.1
954, 7113.0, 6, 7.448167539267016, 0.1
955, 7120.0, 7, 7.447698744769874, 0.1
956, 7128.0, 8, 7.448275862068965, 0.1
957, 7136.0, 8, 7.448851774530271, 0.1
958, 7141.0, 5, 7.446298227320125, 0.1
959, 7148.0, 7, 7.445833333333334, 0.1
960, 7149.0, 1, 7.439125910509886, 0.1
961, 7155.0, 6, 7.4376299376299375, 0.1
962, 7163.0, 8, 7.438213914849429, 0.1
963, 7164.0, 1, 7.431535269709544, 0.1
964, 7171.0, 7, 7.431088082901554, 0.1
965, 7179.0, 8, 7.431677018633541, 0.1
966, 7187.0, 8, 7.432264736297828, 0.1
967, 7194.0, 7, 7.431818181818182, 0.1
968, 7198.0, 4, 7.42827657378741, 0.1
969, 7204.0, 6, 7.4268041237113405, 0.1
970, 7211.0, 7, 7.426364572605562, 0.1
971, 7217.0, 6, 7.424897119341564, 0.1
972, 7224.0, 7, 7.424460431654676, 0.1
973, 7225.0, 1, 7.417864476386037, 0.1
974, 7233.0, 8, 7.418461538461538, 0.1
975, 7237.0, 4, 7.414959016393443, 0.1
976, 7245.0, 8, 7.415557830092118, 0.1
977, 7250.0, 5, 7.413087934560327, 0.1
978, 7258.0, 8, 7.413687436159346, 0.1
979, 7264.0, 6, 7.412244897959184, 0.1
980, 7271.0, 7, 7.411824668705402, 0.1
981, 7279.0, 8, 7.412423625254583, 0.1
982, 7287.0, 8, 7.413021363173957, 0.1
983, 7295.0, 8, 7.413617886178862, 0.1
984, 7303.0, 8, 7.414213197969543, 0.1
985, 7311.0, 8, 7.414807302231237, 0.1
986, 7318.0, 7, 7.414387031408308, 0.1
987, 7322.0, 4, 7.410931174089069, 0.1
988, 7323.0, 1, 7.404448938321537, 0.1
989, 7329.0, 6, 7.403030303030303, 0.1
990, 7337.0, 8, 7.403632694248234, 0.1
991, 7345.0, 8, 7.404233870967742, 0.1
992, 7353.0, 8, 7.404833836858006, 0.1
993, 7360.0, 7, 7.4044265593561365, 0.1
994, 7365.0, 5, 7.402010050251256, 0.1
995, 7372.0, 7, 7.401606425702811, 0.1
996, 7378.0, 6, 7.400200601805416, 0.1
997, 7386.0, 8, 7.400801603206413, 0.1
998, 7393.0, 7, 7.4004004004004, 0.1
999, 7398.0, 5, 7.398, 0.1
1000, 7406.0, 8, 7.398601398601398, 0.1
1001, 7413.0, 7, 7.3982035928143715, 0.1
1002, 7421.0, 8, 7.398803589232303, 0.1
1003, 7425.0, 4, 7.395418326693227, 0.1
1004, 7432.0, 7, 7.395024875621891, 0.1
1005, 7440.0, 8, 7.395626242544732, 0.1
1006, 7446.0, 6, 7.394240317775571, 0.1
1007, 7453.0, 7, 7.3938492063492065, 0.1
1008, 7461.0, 8, 7.394449950445986, 0.1
1009, 7463.0, 2, 7.389108910891089, 0.1
1010, 7469.0, 6, 7.387734915924827, 0.1
1011, 7476.0, 7, 7.387351778656127, 0.1
1012, 7480.0, 4, 7.38400789733465, 0.1
1013, 7488.0, 8, 7.384615384615385, 0.1
1014, 7496.0, 8, 7.385221674876847, 0.1
1015, 7504.0, 8, 7.3858267716535435, 0.1
1016, 7512.0, 8, 7.386430678466077, 0.1
1017, 7520.0, 8, 7.3870333988212185, 0.1
1018, 7528.0, 8, 7.387634936211972, 0.1
1019, 7535.0, 7, 7.387254901960785, 0.1
1020, 7543.0, 8, 7.387855044074437, 0.1
1021, 7551.0, 8, 7.388454011741683, 0.1
1022, 7554.0, 3, 7.3841642228739, 0.1
1023, 7561.0, 7, 7.3837890625, 0.1
1024, 7568.0, 7, 7.383414634146342, 0.1
1025, 7575.0, 7, 7.383040935672515, 0.1
1026, 7582.0, 7, 7.382667964946446, 0.1
1027, 7590.0, 8, 7.383268482490273, 0.1
1028, 7597.0, 7, 7.382896015549076, 0.1
1029, 7605.0, 8, 7.383495145631068, 0.1
1030, 7613.0, 8, 7.384093113482057, 0.1
1031, 7620.0, 7, 7.383720930232558, 0.1
1032, 7628.0, 8, 7.384317521781219, 0.1
1033, 7635.0, 7, 7.3839458413926495, 0.1
1034, 7643.0, 8, 7.384541062801932, 0.1
1035, 7651.0, 8, 7.385135135135135, 0.1
1036, 7658.0, 7, 7.384763741562199, 0.1
1037, 7666.0, 8, 7.3853564547206165, 0.1
1038, 7674.0, 8, 7.38594802694899, 0.1
1039, 7681.0, 7, 7.385576923076923, 0.1
1040, 7689.0, 8, 7.3861671469740635, 0.1
1041, 7697.0, 8, 7.386756238003839, 0.1
1042, 7701.0, 4, 7.383509108341323, 0.1
1043, 7709.0, 8, 7.384099616858237, 0.1
1044, 7714.0, 5, 7.381818181818182, 0.1
1045, 7722.0, 8, 7.382409177820268, 0.1
1046, 7727.0, 5, 7.380133715377268, 0.1
1047, 7734.0, 7, 7.379770992366412, 0.1
1048, 7742.0, 8, 7.380362249761678, 0.1
1049, 7748.0, 6, 7.379047619047619, 0.1
1050, 7755.0, 7, 7.378686964795433, 0.1
1051, 7763.0, 8, 7.379277566539924, 0.1
1052, 7771.0, 8, 7.379867046533713, 0.1
1053, 7778.0, 7, 7.379506641366224, 0.1
1054, 7786.0, 8, 7.380094786729858, 0.1
1055, 7787.0, 1, 7.37405303030303, 0.1
1056, 7793.0, 6, 7.37275307473983, 0.1
1057, 7799.0, 6, 7.371455576559546, 0.1
1058, 7806.0, 7, 7.371104815864022, 0.1
1059, 7813.0, 7, 7.370754716981132, 0.1
1060, 7821.0, 8, 7.371347785108388, 0.1
1061, 7823.0, 2, 7.366290018832392, 0.1
1062, 7825.0, 2, 7.361241768579492, 0.1
1063, 7833.0, 8, 7.3618421052631575, 0.1
1064, 7839.0, 6, 7.3605633802816905, 0.1
1065, 7845.0, 6, 7.359287054409005, 0.1
1066, 7851.0, 6, 7.358013120899719, 0.1
1067, 7858.0, 7, 7.357677902621723, 0.1
1068, 7865.0, 7, 7.357343311506081, 0.1
1069, 7872.0, 7, 7.357009345794393, 0.1
1070, 7879.0, 7, 7.356676003734827, 0.1
1071, 7887.0, 8, 7.357276119402985, 0.1
1072, 7895.0, 8, 7.357875116495806, 0.1
1073, 7902.0, 7, 7.35754189944134, 0.1
1074, 7910.0, 8, 7.358139534883721, 0.1
1075, 7918.0, 8, 7.358736059479554, 0.1
1076, 7926.0, 8, 7.35933147632312, 0.1
1077, 7933.0, 7, 7.35899814471243, 0.1
1078, 7940.0, 7, 7.358665430954588, 0.1
1079, 7947.0, 7, 7.358333333333333, 0.1
1080, 7955.0, 8, 7.3589269195189635, 0.1
1081, 7963.0, 8, 7.359519408502773, 0.1
1082, 7970.0, 7, 7.359187442289936, 0.1
1083, 7978.0, 8, 7.3597785977859775, 0.1
1084, 7986.0, 8, 7.36036866359447, 0.1
1085, 7993.0, 7, 7.360036832412523, 0.1
1086, 7996.0, 3, 7.356025758969642, 0.1
1087, 7998.0, 2, 7.351102941176471, 0.1
1088, 8005.0, 7, 7.350780532598715, 0.1
1089, 8013.0, 8, 7.351376146788991, 0.1
1090, 8021.0, 8, 7.351970669110908, 0.1
1091, 8027.0, 6, 7.3507326007326, 0.1
1092, 8035.0, 8, 7.3513266239707225, 0.1
1093, 8043.0, 8, 7.351919561243144, 0.1
1094, 8048.0, 5, 7.349771689497717, 0.1
1095, 8056.0, 8, 7.350364963503649, 0.1
1096, 8064.0, 8, 7.350957155879672, 0.1
1097, 8072.0, 8, 7.351548269581056, 0.1
1098, 8080.0, 8, 7.352138307552321, 0.1
1099, 8087.0, 7, 7.351818181818182, 0.1
1100, 8095.0, 8, 7.3524069028156225, 0.1
1101, 8101.0, 6, 7.3511796733212345, 0.1
1102, 8109.0, 8, 7.351767905711696, 0.1
1103, 8117.0, 8, 7.3523550724637685, 0.1
1104, 8125.0, 8, 7.352941176470588, 0.1
1105, 8132.0, 7, 7.352622061482821, 0.1
1106, 8138.0, 6, 7.351400180668473, 0.1
1107, 8146.0, 8, 7.351985559566787, 0.1
1108, 8148.0, 2, 7.347159603246168, 0.1
1109, 8149.0, 1, 7.341441441441441, 0.1
1110, 8157.0, 8, 7.342034203420342, 0.1
1111, 8161.0, 4, 7.3390287769784175, 0.1
1112, 8162.0, 1, 7.333333333333333, 0.1
1113, 8170.0, 8, 7.333931777378815, 0.1
1114, 8177.0, 7, 7.333632286995516, 0.1
1115, 8184.0, 7, 7.333333333333333, 0.1
1116, 8191.0, 7, 7.333034914950761, 0.1
1117, 8199.0, 8, 7.333631484794275, 0.1
1118, 8207.0, 8, 7.334226988382484, 0.1
1119, 8214.0, 7, 7.333928571428571, 0.1
1120, 8221.0, 7, 7.333630686886709, 0.1
1121, 8229.0, 8, 7.334224598930481, 0.1
1122, 8237.0, 8, 7.334817453250222, 0.1
1123, 8245.0, 8, 7.335409252669039, 0.1
1124, 8252.0, 7, 7.335111111111111, 0.1
1125, 8259.0, 7, 7.334813499111901, 0.1
1126, 8266.0, 7, 7.334516415261757, 0.1
1127, 8272.0, 6, 7.333333333333333, 0.1
1128, 8279.0, 7, 7.33303808680248, 0.1
1129, 8280.0, 1, 7.327433628318584, 0.1
1130, 8286.0, 6, 7.326259946949602, 0.1
1131, 8293.0, 7, 7.325971731448763, 0.1
1132, 8293.0, 0, 7.319505736981466, 0.1
1133, 8300.0, 7, 7.319223985890653, 0.1
1134, 8306.0, 6, 7.318061674008811, 0.1
1135, 8314.0, 8, 7.318661971830986, 0.1
1136, 8320.0, 6, 7.31750219876869, 0.1
1137, 8327.0, 7, 7.317223198594025, 0.1
1138, 8334.0, 7, 7.31694468832309, 0.1
1139, 8341.0, 7, 7.316666666666666, 0.1
1140, 8348.0, 7, 7.316389132340053, 0.1
1141, 8355.0, 7, 7.316112084063048, 0.1
1142, 8363.0, 8, 7.3167104111986, 0.1
1143, 8370.0, 7, 7.316433566433567, 0.1
1144, 8377.0, 7, 7.316157205240175, 0.1
1145, 8385.0, 8, 7.316753926701571, 0.1
1146, 8393.0, 8, 7.317349607672188, 0.1
1147, 8400.0, 7, 7.317073170731708, 0.1
1148, 8406.0, 6, 7.315926892950392, 0.1
1149, 8412.0, 6, 7.314782608695652, 0.1
1150, 8418.0, 6, 7.313640312771503, 0.1
1151, 8426.0, 8, 7.314236111111111, 0.1
1152, 8433.0, 7, 7.313963573287078, 0.1
1153, 8440.0, 7, 7.31369150779896, 0.1
1154, 8446.0, 6, 7.312554112554112, 0.1
1155, 8451.0, 5, 7.310553633217993, 0.1
1156, 8459.0, 8, 7.311149524632671, 0.1
1157, 8466.0, 7, 7.310880829015544, 0.1
1158, 8473.0, 7, 7.310612597066436, 0.1
1159, 8480.0, 7, 7.310344827586207, 0.1
1160, 8487.0, 7, 7.310077519379845, 0.1
1161, 8494.0, 7, 7.309810671256455, 0.1
1162, 8500.0, 6, 7.308684436801376, 0.1
1163, 8508.0, 8, 7.309278350515464, 0.1
1164, 8514.0, 6, 7.308154506437768, 0.1
1165, 8522.0, 8, 7.308747855917667, 0.1
1166, 8528.0, 6, 7.307626392459297, 0.1
1167, 8536.0, 8, 7.308219178082192, 0.1
1168, 8541.0, 5, 7.306244653550043, 0.1
1169, 8542.0, 1, 7.300854700854701, 0.1
1170, 8550.0, 8, 7.301451750640478, 0.1
1171, 8552.0, 2, 7.296928327645051, 0.1
1172, 8560.0, 8, 7.297527706734868, 0.1
1173, 8568.0, 8, 7.298126064735945, 0.1
1174, 8573.0, 5, 7.296170212765958, 0.1
1175, 8577.0, 4, 7.293367346938775, 0.1
1176, 8585.0, 8, 7.2939677145284625, 0.1
1177, 8593.0, 8, 7.294567062818336, 0.1
1178, 8600.0, 7, 7.29431721798134, 0.1
1179, 8608.0, 8, 7.294915254237288, 0.1
1180, 8614.0, 6, 7.293818797629128, 0.1
1181, 8621.0, 7, 7.293570219966159, 0.1
1182, 8628.0, 7, 7.293322062552832, 0.1
1183, 8636.0, 8, 7.293918918918919, 0.1
1184, 8641.0, 5, 7.291983122362869, 0.1
1185, 8642.0, 1, 7.286677908937605, 0.1
1186, 8649.0, 7, 7.286436394271272, 0.1
1187, 8654.0, 5, 7.284511784511785, 0.1
1188, 8661.0, 7, 7.284272497897393, 0.1
1189, 8668.0, 7, 7.284033613445378, 0.1
1190, 8674.0, 6, 7.282955499580185, 0.1
1191, 8675.0, 1, 7.277684563758389, 0.1
1192, 8676.0, 1, 7.2724224643755235, 0.1
1193, 8683.0, 7, 7.272194304857622, 0.1
1194, 8685.0, 2, 7.2677824267782425, 0.1
1195, 8692.0, 7, 7.2675585284280935, 0.1
1196, 8696.0, 4, 7.264828738512949, 0.1
1197, 8699.0, 3, 7.26126878130217, 0.1
1198, 8705.0, 6, 7.260216847372811, 0.1
1199, 8711.0, 6, 7.259166666666666, 0.1
1200, 8719.0, 8, 7.259783513738551, 0.1
1201, 8726.0, 7, 7.259567387687188, 0.1
1202, 8733.0, 7, 7.259351620947631, 0.1
1203, 8741.0, 8, 7.259966777408638, 0.1
1204, 8748.0, 7, 7.259751037344398, 0.1
1205, 8756.0, 8, 7.260364842454394, 0.1
1206, 8762.0, 6, 7.259320629660315, 0.1
1207, 8765.0, 3, 7.255794701986755, 0.1
1208, 8770.0, 5, 7.2539288668320925, 0.1
1209, 8778.0, 8, 7.254545454545455, 0.1
1210, 8786.0, 8, 7.255161023947151, 0.1
1211, 8794.0, 8, 7.255775577557756, 0.1
1212, 8800.0, 6, 7.254740313272877, 0.1
1213, 8807.0, 7, 7.254530477759473, 0.1
1214, 8810.0, 3, 7.251028806584362, 0.1
1215, 8817.0, 7, 7.250822368421052, 0.1
1216, 8825.0, 8, 7.251437962202137, 0.1
1217, 8831.0, 6, 7.250410509031199, 0.1
1218, 8839.0, 8, 7.251025430680886, 0.1
1219, 8843.0, 4, 7.248360655737705, 0.1
1220, 8851.0, 8, 7.248976248976249, 0.1
1221, 8858.0, 7, 7.248772504091653, 0.1
1222, 8864.0, 6, 7.247751430907604, 0.1
1223, 8871.0, 7, 7.247549019607843, 0.1
1224, 8879.0, 8, 7.248163265306123, 0.1
1225, 8886.0, 7, 7.2479608482871125, 0.1
1226, 8893.0, 7, 7.247758761206194, 0.1
1227, 8901.0, 8, 7.248371335504886, 0.1
1228, 8909.0, 8, 7.248982912937348, 0.1
1229, 8917.0, 8, 7.24959349593496, 0.1
1230, 8925.0, 8, 7.250203086921203, 0.1
1231, 8931.0, 6, 7.249188311688312, 0.1
1232, 8938.0, 7, 7.2489862124898625, 0.1
1233, 8940.0, 2, 7.244732576985413, 0.1
1234, 8946.0, 6, 7.243724696356275, 0.1
1235, 8954.0, 8, 7.244336569579288, 0.1
1236, 8962.0, 8, 7.2449474535165725, 0.1
1237, 8970.0, 8, 7.245557350565428, 0.1
1238, 8978.0, 8, 7.246166263115415, 0.1
1239, 8984.0, 6, 7.245161290322581, 0.1
1240, 8992.0, 8, 7.245769540692989, 0.1
1241, 8998.0, 6, 7.244766505636071, 0.1
1242, 9006.0, 8, 7.245374094931617, 0.1
1243, 9014.0, 8, 7.245980707395498, 0.1
1244, 9020.0, 6, 7.244979919678715, 0.1
1245, 9028.0, 8, 7.245585874799358, 0.1
1246, 9032.0, 4, 7.242983159582999, 0.1
1247, 9039.0, 7, 7.242788461538462, 0.1
1248, 9046.0, 7, 7.242594075260208, 0.1
1249, 9046.0, 0, 7.2368, 0.1
1250, 9053.0, 7, 7.236610711430855, 0.1
1251, 9060.0, 7, 7.236421725239617, 0.1
1252, 9067.0, 7, 7.236233040702315, 0.1
1253, 9073.0, 6, 7.235247208931419, 0.1
1254, 9081.0, 8, 7.235856573705179, 0.1
1255, 9088.0, 7, 7.235668789808917, 0.1
1256, 9090.0, 2, 7.231503579952268, 0.1
1257, 9097.0, 7, 7.231319554848967, 0.1
1258, 9103.0, 6, 7.2303415409054805, 0.1
1259, 9111.0, 8, 7.230952380952381, 0.1
1260, 9119.0, 8, 7.231562252180809, 0.1
1261, 9122.0, 3, 7.228209191759112, 0.1
1262, 9129.0, 7, 7.228028503562945, 0.1
1263, 9137.0, 8, 7.228639240506329, 0.1
1264, 9145.0, 8, 7.229249011857707, 0.1
1265, 9152.0, 7, 7.229067930489731, 0.1
1266, 9159.0, 7, 7.228887134964483, 0.1
1267, 9166.0, 7, 7.228706624605678, 0.1
1268, 9174.0, 8, 7.2293144208037825, 0.1
1269, 9179.0, 5, 7.22755905511811, 0.1
1270, 9186.0, 7, 7.227380015735641, 0.1
1271, 9194.0, 8, 7.227987421383648, 0.1
1272, 9200.0, 6, 7.227022780832678, 0.1
1273, 9208.0, 8, 7.227629513343799, 0.1
1274, 9215.0, 7, 7.227450980392157, 0.1
1275, 9221.0, 6, 7.226489028213166, 0.1
1276, 9228.0, 7, 7.226311667971809, 0.1
1277, 9233.0, 5, 7.224569640062597, 0.1
1278, 9241.0, 8, 7.225175918686474, 0.1
1279, 9249.0, 8, 7.22578125, 0.1
1280, 9257.0, 8, 7.226385636221702, 0.1
1281, 9264.0, 7, 7.226209048361935, 0.1
1282, 9272.0, 8, 7.226812159002338, 0.1
1283, 9280.0, 8, 7.2274143302180685, 0.1
1284, 9287.0, 7, 7.227237354085603, 0.1
1285, 9295.0, 8, 7.227838258164852, 0.1
1286, 9301.0, 6, 7.226884226884227, 0.1
1287, 9308.0, 7, 7.226708074534161, 0.1
1288, 9315.0, 7, 7.226532195500388, 0.1
1289, 9322.0, 7, 7.2263565891472865, 0.1
1290, 9326.0, 4, 7.223857474825716, 0.1
1291, 9333.0, 7, 7.223684210526316, 0.1
1292, 9340.0, 7, 7.223511214230472, 0.1
1293, 9345.0, 5, 7.221792890262751, 0.1
1294, 9352.0, 7, 7.221621621621622, 0.1
1295, 9355.0, 3, 7.218364197530864, 0.1
1296, 9363.0, 8, 7.218966846569005, 0.1
1297, 9370.0, 7, 7.218798151001541, 0.1
1298, 9377.0, 7, 7.218629715165512, 0.1
1299, 9383.0, 6, 7.217692307692308, 0.1
1300, 9387.0, 4, 7.2152190622598, 0.1
1301, 9395.0, 8, 7.2158218125960065, 0.1
1302, 9402.0, 7, 7.2156561780506525, 0.1
1303, 9410.0, 8, 7.216257668711656, 0.1
1304, 9416.0, 6, 7.215325670498085, 0.1
1305, 9424.0, 8, 7.215926493108729, 0.1
1306, 9424.0, 0, 7.210405508798776, 0.1
1307, 9431.0, 7, 7.210244648318043, 0.1
1308, 9439.0, 8, 7.2108479755538575, 0.1
1309, 9446.0, 7, 7.210687022900763, 0.1
1310, 9453.0, 7, 7.2105263157894735, 0.1
1311, 9461.0, 8, 7.211128048780488, 0.1
1312, 9469.0, 8, 7.211728865194211, 0.1
1313, 9477.0, 8, 7.212328767123288, 0.1
1314, 9485.0, 8, 7.212927756653992, 0.1
1315, 9493.0, 8, 7.213525835866261, 0.1
1316, 9501.0, 8, 7.214123006833713, 0.1
1317, 9509.0, 8, 7.2147192716236725, 0.1
1318, 9517.0, 8, 7.215314632297195, 0.1
1319, 9524.0, 7, 7.215151515151515, 0.1
1320, 9532.0, 8, 7.2157456472369415, 0.1
1321, 9539.0, 7, 7.2155824508320725, 0.1
1322, 9547.0, 8, 7.216175359032502, 0.1
1323, 9551.0, 4, 7.2137462235649545, 0.1
1324, 9559.0, 8, 7.21433962264151, 0.1
1325, 9566.0, 7, 7.214177978883861, 0.1
1326, 9573.0, 7, 7.214016578749058, 0.1
1327, 9581.0, 8, 7.21460843373494, 0.1
1328, 9587.0, 6, 7.213694507148232, 0.1
1329, 9594.0, 7, 7.213533834586467, 0.1
1330, 9601.0, 7, 7.213373403456048, 0.1
1331, 9602.0, 1, 7.208708708708708, 0.1
1332, 9610.0, 8, 7.209302325581396, 0.1
1333, 9616.0, 6, 7.20839580209895, 0.1
1334, 9624.0, 8, 7.2089887640449435, 0.1
1335, 9631.0, 7, 7.208832335329341, 0.1
1336, 9637.0, 6, 7.207928197456993, 0.1
1337, 9644.0, 7, 7.207772795216742, 0.1
1338, 9652.0, 8, 7.208364451082898, 0.1
1339, 9654.0, 2, 7.204477611940298, 0.1
1340, 9660.0, 6, 7.203579418344519, 0.1
1341, 9668.0, 8, 7.204172876304024, 0.1
1342, 9676.0, 8, 7.204765450483991, 0.1
1343, 9684.0, 8, 7.205357142857143, 0.1
1344, 9691.0, 7, 7.205204460966542, 0.1
1345, 9694.0, 3, 7.202080237741456, 0.1
1346, 9702.0, 8, 7.202672605790646, 0.1
1347, 9708.0, 6, 7.201780415430267, 0.1
1348, 9715.0, 7, 7.201630837657524, 0.1
1349, 9723.0, 8, 7.202222222222222, 0.1
1350, 9728.0, 5, 7.20059215396003, 0.1
1351, 9735.0, 7, 7.200443786982248, 0.1
1352, 9742.0, 7, 7.2002956393200295, 0.1
1353, 9749.0, 7, 7.200147710487444, 0.1
1354, 9756.0, 7, 7.2, 0.1
1355, 9764.0, 8, 7.200589970501475, 0.1
1356, 9772.0, 8, 7.201179071481208, 0.1
1357, 9779.0, 7, 7.201030927835052, 0.1
1358, 9786.0, 7, 7.200883002207505, 0.1
1359, 9794.0, 8, 7.201470588235294, 0.1
1360, 9801.0, 7, 7.201322556943424, 0.1
1361, 9808.0, 7, 7.201174743024963, 0.1
1362, 9815.0, 7, 7.201027146001468, 0.1
1363, 9822.0, 7, 7.200879765395895, 0.1
1364, 9830.0, 8, 7.201465201465202, 0.1
1365, 9830.0, 0, 7.196193265007321, 0.1
1366, 9837.0, 7, 7.1960497439648865, 0.1
1367, 9844.0, 7, 7.195906432748538, 0.1
1368, 9852.0, 8, 7.196493791088385, 0.1
1369, 9855.0, 3, 7.193430656934306, 0.1
1370, 9863.0, 8, 7.194018964259665, 0.1
1371, 9870.0, 7, 7.1938775510204085, 0.1
1372, 9871.0, 1, 7.189366351056082, 0.1
1373, 9877.0, 6, 7.188500727802038, 0.1
1374, 9884.0, 7, 7.188363636363636, 0.1
1375, 9886.0, 2, 7.184593023255814, 0.1
1376, 9892.0, 6, 7.1837327523602035, 0.1
1377, 9899.0, 7, 7.183599419448476, 0.1
1378, 9906.0, 7, 7.18346627991298, 0.1
1379, 9914.0, 8, 7.184057971014493, 0.1
1380, 9920.0, 6, 7.18320057929037, 0.1
1381, 9927.0, 7, 7.183068017366136, 0.1
1382, 9930.0, 3, 7.18004338394794, 0.1
1383, 9936.0, 6, 7.179190751445087, 0.1
1384, 9944.0, 8, 7.179783393501805, 0.1
1385, 9952.0, 8, 7.18037518037518, 0.1
1386, 9960.0, 8, 7.180966113914924, 0.1
1387, 9966.0, 6, 7.1801152737752165, 0.1
1388, 9973.0, 7, 7.179985601151908, 0.1
1389, 9981.0, 8, 7.180575539568346, 0.1
1390, 9988.0, 7, 7.180445722501798, 0.1
1391, 9993.0, 5, 7.178879310344827, 0.1
1392, 9993.0, 0, 7.173725771715722, 0.1
1393, 10000.0, 7, 7.173601147776184, 0.1
1394, 10007.0, 7, 7.17347670250896, 0.1
1395, 10013.0, 6, 7.172636103151863, 0.1
1396, 10020.0, 7, 7.172512526843236, 0.1
1397, 10028.0, 8, 7.17310443490701, 0.1
1398, 10036.0, 8, 7.173695496783417, 0.1
1399, 10043.0, 7, 7.173571428571429, 0.1
1400, 10049.0, 6, 7.172733761598858, 0.1
1401, 10057.0, 8, 7.173323823109843, 0.1
1402, 10065.0, 8, 7.173913043478261, 0.1
1403, 10070.0, 5, 7.172364672364672, 0.1
1404, 10077.0, 7, 7.1722419928825625, 0.1
1405, 10084.0, 7, 7.172119487908962, 0.1
1406, 10092.0, 8, 7.1727078891258, 0.1
1407, 10098.0, 6, 7.171875, 0.1
1408, 10106.0, 8, 7.172462739531583, 0.1
1409, 10114.0, 8, 7.173049645390071, 0.1
1410, 10120.0, 6, 7.172218284904323, 0.1
1411, 10127.0, 7, 7.172096317280453, 0.1
1412, 10132.0, 5, 7.170559094125973, 0.1
1413, 10140.0, 8, 7.171145685997171, 0.1
1414, 10147.0, 7, 7.171024734982332, 0.1
1415, 10155.0, 8, 7.171610169491525, 0.1
1416, 10162.0, 7, 7.171489061397319, 0.1
1417, 10169.0, 7, 7.171368124118477, 0.1
1418, 10175.0, 6, 7.170542635658915, 0.1
1419, 10182.0, 7, 7.170422535211268, 0.1
1420, 10190.0, 8, 7.1710063335679095, 0.1
1421, 10196.0, 6, 7.170182841068917, 0.1
1422, 10201.0, 5, 7.16865776528461, 0.1
1423, 10209.0, 8, 7.169241573033708, 0.1
1424, 10216.0, 7, 7.169122807017544, 0.1
1425, 10222.0, 6, 7.1683029453015426, 0.1
1426, 10229.0, 7, 7.168185003503854, 0.1
1427, 10235.0, 6, 7.167366946778712, 0.1
1428, 10243.0, 8, 7.167949615115465, 0.1
1429, 10249.0, 6, 7.167132867132867, 0.1
1430, 10257.0, 8, 7.167714884696017, 0.1
1431, 10264.0, 7, 7.167597765363128, 0.1
1432, 10271.0, 7, 7.167480809490579, 0.1
1433, 10274.0, 3, 7.164574616457462, 0.1
1434, 10281.0, 7, 7.164459930313589, 0.1
1435, 10286.0, 5, 7.162952646239554, 0.1
1436, 10294.0, 8, 7.163535142658316, 0.1
1437, 10302.0, 8, 7.164116828929068, 0.1
1438, 10309.0, 7, 7.164002779708131, 0.1
1439, 10314.0, 5, 7.1625, 0.1
1440, 10320.0, 6, 7.161693268563497, 0.1
1441, 10327.0, 7, 7.161581137309293, 0.1
1442, 10335.0, 8, 7.162162162162162, 0.1
1443, 10343.0, 8, 7.162742382271468, 0.1
1444, 10350.0, 7, 7.162629757785467, 0.1
1445, 10351.0, 1, 7.158367911479945, 0.1
1446, 10358.0, 7, 7.158258465791293, 0.1
1447, 10362.0, 4, 7.156077348066298, 0.1
1448, 10370.0, 8, 7.156659765355418, 0.1
1449, 10378.0, 8, 7.157241379310345, 0.1
1450, 10382.0, 4, 7.155065472088215, 0.1
1451, 10389.0, 7, 7.154958677685951, 0.1
1452, 10396.0, 7, 7.154852030282175, 0.1
1453, 10403.0, 7, 7.1547455295735904, 0.1
1454, 10411.0, 8, 7.1553264604811, 0.1
1455, 10415.0, 4, 7.15315934065934, 0.1
1456, 10423.0, 8, 7.153740562800275, 0.1
1457, 10429.0, 6, 7.152949245541838, 0.1
1458, 10437.0, 8, 7.153529814941741, 0.1
1459, 10444.0, 7, 7.153424657534247, 0.1
1460, 10451.0, 7, 7.153319644079398, 0.1
1461, 10459.0, 8, 7.153898768809849, 0.1
1462, 10463.0, 4, 7.151742993848257, 0.1
1463, 10471.0, 8, 7.152322404371585, 0.1
1464, 10478.0, 7, 7.15221843003413, 0.1
1465, 10486.0, 8, 7.152796725784447, 0.1
1466, 10494.0, 8, 7.153374233128834, 0.1
1467, 10500.0, 6, 7.15258855585831, 0.1
1468, 10508.0, 8, 7.1531654186521445, 0.1
1469, 10516.0, 8, 7.15374149659864, 0.1
1470, 10523.0, 7, 7.153636981645139, 0.1
1471, 10530.0, 7, 7.153532608695652, 0.1
1472, 10538.0, 8, 7.154107264086898, 0.1
1473, 10545.0, 7, 7.154002713704206, 0.1
1474, 10553.0, 8, 7.154576271186441, 0.1
1475, 10560.0, 7, 7.154471544715447, 0.1
1476, 10567.0, 7, 7.154366960054164, 0.1
1477, 10575.0, 8, 7.154939106901218, 0.1
1478, 10582.0, 7, 7.154834347532116, 0.1
1479, 10588.0, 6, 7.154054054054054, 0.1
1480, 10595.0, 7, 7.153950033760973, 0.1
1481, 10597.0, 2, 7.150472334682861, 0.1
1482, 10604.0, 7, 7.150370869858395, 0.1
1483, 10607.0, 3, 7.1475741239892185, 0.1
1484, 10614.0, 7, 7.147474747474748, 0.1
1485, 10621.0, 7, 7.147375504710633, 0.1
1486, 10622.0, 1, 7.1432414256893075, 0.1
1487, 10629.0, 7, 7.143145161290323, 0.1
1488, 10634.0, 5, 7.141705842847549, 0.1
1489, 10642.0, 8, 7.1422818791946305, 0.1
1490, 10649.0, 7, 7.142186452045607, 0.1
1491, 10650.0, 1, 7.138069705093834, 0.1
1492, 10658.0, 8, 7.138647019423979, 0.1
1493, 10666.0, 8, 7.139223560910308, 0.1
1494, 10674.0, 8, 7.139799331103679, 0.1
1495, 10676.0, 2, 7.136363636363637, 0.1
1496, 10683.0, 7, 7.13627254509018, 0.1
1497, 10684.0, 1, 7.1321762349799736, 0.1
1498, 10692.0, 8, 7.132755170113409, 0.1
1499, 10696.0, 4, 7.1306666666666665, 0.1
1500, 10699.0, 3, 7.127914723517655, 0.1
1501, 10707.0, 8, 7.12849533954727, 0.1
1502, 10714.0, 7, 7.128409846972721, 0.1
1503, 10721.0, 7, 7.128324468085107, 0.1
1504, 10727.0, 6, 7.127574750830565, 0.1
1505, 10735.0, 8, 7.128154050464808, 0.1
1506, 10737.0, 2, 7.124751161247511, 0.1
1507, 10745.0, 8, 7.1253315649867375, 0.1
1508, 10749.0, 4, 7.1232604373757455, 0.1
1509, 10750.0, 1, 7.119205298013245, 0.1
1510, 10757.0, 7, 7.119126406353408, 0.1
1511, 10764.0, 7, 7.119047619047619, 0.1
1512, 10771.0, 7, 7.1189689358889625, 0.1
1513, 10777.0, 6, 7.118229854689564, 0.1
1514, 10785.0, 8, 7.118811881188119, 0.1
1515, 10793.0, 8, 7.119393139841689, 0.1
1516, 10800.0, 7, 7.119314436387607, 0.1
1517, 10808.0, 8, 7.119894598155468, 0.1
1518, 10815.0, 7, 7.119815668202765, 0.1
1519, 10822.0, 7, 7.119736842105263, 0.1
1520, 10829.0, 7, 7.119658119658119, 0.1
1521, 10833.0, 4, 7.117608409986859, 0.1
1522, 10841.0, 8, 7.1181877872619825, 0.1
1523, 10849.0, 8, 7.118766404199475, 0.1
1524, 10856.0, 7, 7.118688524590164, 0.1
1525, 10864.0, 8, 7.1192660550458715, 0.1
1526, 10871.0, 7, 7.1191879502292075, 0.1
1527, 10879.0, 8, 7.119764397905759, 0.1
1528, 10885.0, 6, 7.119032047089601, 0.1
1529, 10893.0, 8, 7.1196078431372545, 0.1
1530, 10901.0, 8, 7.12018288700196, 0.1
1531, 10908.0, 7, 7.120104438642298, 0.1
1532, 10915.0, 7, 7.120026092628833, 0.1
1533, 10921.0, 6, 7.119295958279009, 0.1
1534, 10927.0, 6, 7.118566775244299, 0.1
1535, 10935.0, 8, 7.119140625, 0.1
1536, 10943.0, 8, 7.119713728041639, 0.1
1537, 10951.0, 8, 7.1202860858257475, 0.1
1538, 10957.0, 6, 7.119558154645874, 0.1
1539, 10964.0, 7, 7.119480519480519, 0.1
1540, 10971.0, 7, 7.119402985074627, 0.1
1541, 10972.0, 1, 7.115434500648508, 0.1
1542, 10978.0, 6, 7.114711600777706, 0.1
1543, 10986.0, 8, 7.115284974093265, 0.1
1544, 10993.0, 7, 7.115210355987055, 0.1
1545, 11000.0, 7, 7.115135834411384, 0.1
1546, 11006.0, 6, 7.1144149967679375, 0.1
1547, 11014.0, 8, 7.114987080103359, 0.1
1548, 11022.0, 8, 7.115558424790187, 0.1
1549, 11023.0, 1, 7.111612903225806, 0.1
1550, 11024.0, 1, 7.107672469374597, 0.1
1551, 11024.0, 0, 7.103092783505154, 0.1
1552, 11031.0, 7, 7.103026400515132, 0.1
1553, 11039.0, 8, 7.103603603603603, 0.1
1554, 11045.0, 6, 7.102893890675241, 0.1
1555, 11054.0, 9, 7.104113110539846, 0.1
1556, 11059.0, 5, 7.102761721258831, 0.1
1557, 11067.0, 8, 7.103337612323491, 0.1
1558, 11072.0, 5, 7.101988454137268, 0.1
1559, 11079.0, 7, 7.101923076923077, 0.1
1560, 11087.0, 8, 7.102498398462524, 0.1
1561, 11087.0, 0, 7.097951344430218, 0.1
1562, 11095.0, 8, 7.098528470889315, 0.1
1563, 11102.0, 7, 7.09846547314578, 0.1
1564, 11109.0, 7, 7.0984025559105435, 0.1
1565, 11116.0, 7, 7.098339719029374, 0.1
1566, 11123.0, 7, 7.098276962348437, 0.1
1567, 11130.0, 7, 7.098214285714286, 0.1
1568, 11131.0, 1, 7.094327597195666, 0.1
1569, 11138.0, 7, 7.094267515923567, 0.1
1570, 11146.0, 8, 7.09484404837683, 0.1
1571, 11154.0, 8, 7.095419847328245, 0.1
1572, 11162.0, 8, 7.095994914176733, 0.1
1573, 11169.0, 7, 7.095933926302414, 0.1
1574, 11176.0, 7, 7.095873015873016, 0.1
1575, 11183.0, 7, 7.095812182741117, 0.1
1576, 11185.0, 2, 7.092580849714648, 0.1
1577, 11192.0, 7, 7.092522179974652, 0.1
1578, 11200.0, 8, 7.093096896770108, 0.1
1579, 11208.0, 8, 7.093670886075949, 0.1
1580, 11216.0, 8, 7.094244149272613, 0.1
1581, 11223.0, 7, 7.094184576485461, 0.1
1582, 11224.0, 1, 7.090334807327858, 0.1
1583, 11232.0, 8, 7.090909090909091, 0.1
1584, 11240.0, 8, 7.091482649842272, 0.1
1585, 11248.0, 8, 7.092055485498109, 0.1
1586, 11256.0, 8, 7.0926275992438566, 0.1
1587, 11264.0, 8, 7.093198992443325, 0.1
1588, 11272.0, 8, 7.093769666456891, 0.1
1589, 11280.0, 8, 7.09433962264151, 0.1
1590, 11288.0, 8, 7.094908862350723, 0.1
1591, 11295.0, 7, 7.094849246231155, 0.1
1592, 11301.0, 6, 7.094161958568738, 0.1
1593, 11309.0, 8, 7.094730238393978, 0.1
1594, 11315.0, 6, 7.094043887147335, 0.1
1595, 11323.0, 8, 7.094611528822055, 0.1
1596, 11330.0, 7, 7.094552285535379, 0.1
1597, 11337.0, 7, 7.094493116395494, 0.1
1598, 11344.0, 7, 7.0944340212632895, 0.1
1599, 11352.0, 8, 7.095, 0.1
1600, 11360.0, 8, 7.095565271705184, 0.1
1601, 11363.0, 3, 7.093008739076155, 0.1
1602, 11370.0, 7, 7.092950717404866, 0.1
1603, 11378.0, 8, 7.093516209476309, 0.1
1604, 11384.0, 6, 7.092834890965732, 0.1
1605, 11391.0, 7, 7.092777085927771, 0.1
1606, 11398.0, 7, 7.092719352831363, 0.1
1607, 11406.0, 8, 7.093283582089552, 0.1
1608, 11413.0, 7, 7.093225605966439, 0.1
1609, 11420.0, 7, 7.093167701863354, 0.1
1610, 11423.0, 3, 7.090626939788951, 0.1
1611, 11431.0, 8, 7.091191066997519, 0.1
1612, 11438.0, 7, 7.091134531928084, 0.1
1613, 11445.0, 7, 7.091078066914498, 0.1
1614, 11452.0, 7, 7.091021671826625, 0.1
1615, 11459.0, 7, 7.090965346534653, 0.1
1616, 11467.0, 8, 7.091527520098949, 0.1
1617, 11475.0, 8, 7.092088998763906, 0.1
1618, 11483.0, 8, 7.092649783817171, 0.1
1619, 11491.0, 8, 7.0932098765432094, 0.1
1620, 11499.0, 8, 7.093769278223319, 0.1
1621, 11505.0, 6, 7.093094944512947, 0.1
1622, 11512.0, 7, 7.093037584719655, 0.1
1623, 11517.0, 5, 7.091748768472907, 0.1
1624, 11524.0, 7, 7.091692307692307, 0.1
1625, 11531.0, 7, 7.091635916359164, 0.1
1626, 11533.0, 2, 7.088506453595575, 0.1
1627, 11541.0, 8, 7.089066339066339, 0.1
1628, 11549.0, 8, 7.08962553713935, 0.1
1629, 11555.0, 6, 7.088957055214724, 0.1
1630, 11563.0, 8, 7.089515634580012, 0.1
1631, 11570.0, 7, 7.089460784313726, 0.1
1632, 11578.0, 8, 7.090018371096142, 0.1
1633, 11579.0, 1, 7.086291309669523, 0.1
1634, 11579.0, 0, 7.081957186544343, 0.1
1635, 11586.0, 7, 7.081907090464548, 0.1
1636, 11593.0, 7, 7.081857055589493, 0.1
1637, 11600.0, 7, 7.0818070818070815, 0.1
1638, 11607.0, 7, 7.081757169005491, 0.1
1639, 11615.0, 8, 7.0823170731707314, 0.1
1640, 11623.0, 8, 7.082876294942109, 0.1
1641, 11623.0, 0, 7.0785627283800245, 0.1
1642, 11631.0, 8, 7.079123554473524, 0.1
1643, 11633.0, 2, 7.076034063260341, 0.1
1644, 11636.0, 3, 7.07355623100304, 0.1
1645, 11642.0, 6, 7.072904009720535, 0.1
1646, 11650.0, 8, 7.073466909532483, 0.1
1647, 11658.0, 8, 7.074029126213592, 0.1
1648, 11664.0, 6, 7.073377804730139, 0.1
1649, 11671.0, 7, 7.073333333333333, 0.1
1650, 11679.0, 8, 7.07389460932768, 0.1
1651, 11684.0, 5, 7.072639225181598, 0.1
1652, 11690.0, 6, 7.071990320629159, 0.1
1653, 11696.0, 6, 7.071342200725514, 0.1
1654, 11704.0, 8, 7.071903323262839, 0.1
1655, 11711.0, 7, 7.071859903381642, 0.1
1656, 11718.0, 7, 7.071816535908268, 0.1
1657, 11726.0, 8, 7.072376357056695, 0.1
1658, 11726.0, 0, 7.068113321277878, 0.1
1659, 11730.0, 4, 7.066265060240964, 0.1
1660, 11736.0, 6, 7.065623118603251, 0.1
1661, 11742.0, 6, 7.064981949458484, 0.1
1662, 11750.0, 8, 7.065544197233915, 0.1
1663, 11757.0, 7, 7.0655048076923075, 0.1
1664, 11765.0, 8, 7.066066066066066, 0.1
1665, 11772.0, 7, 7.066026410564226, 0.1
1666, 11776.0, 4, 7.064187162567486, 0.1
1667, 11783.0, 7, 7.064148681055156, 0.1
1668, 11789.0, 6, 7.063511084481726, 0.1
1669, 11795.0, 6, 7.062874251497006, 0.1
1670, 11802.0, 7, 7.062836624775583, 0.1
1671, 11809.0, 7, 7.062799043062201, 0.1
1672, 11817.0, 8, 7.063359234907352, 0.1
1673, 11823.0, 6, 7.062724014336918, 0.1
1674, 11831.0, 8, 7.063283582089552, 0.1
1675, 11836.0, 5, 7.062052505966587, 0.1
1676, 11844.0, 8, 7.062611806797853, 0.1
1677, 11849.0, 5, 7.061382598331347, 0.1
1678, 11852.0, 3, 7.058963668850506, 0.1
1679, 11860.0, 8, 7.059523809523809, 0.1
1680, 11867.0, 7, 7.059488399762047, 0.1
1681, 11873.0, 6, 7.0588585017835905, 0.1
1682, 11880.0, 7, 7.0588235294117645, 0.1
1683, 11888.0, 8, 7.059382422802851, 0.1
1684, 11895.0, 7, 7.059347181008902, 0.1
1685, 11903.0, 8, 7.059905100830368, 0.1
1686, 11909.0, 6, 7.0592768227623, 0.1
1687, 11916.0, 7, 7.059241706161138, 0.1
1688, 11916.0, 0, 7.0550621669627, 0.1
1689, 11923.0, 7, 7.055029585798817, 0.1
1690, 11931.0, 8, 7.055588409225311, 0.1
1691, 11933.0, 2, 7.052600472813239, 0.1
1692, 11938.0, 5, 7.051388068517425, 0.1
1693, 11945.0, 7, 7.051357733175915, 0.1
1694, 11952.0, 7, 7.051327433628319, 0.1
1695, 11960.0, 8, 7.05188679245283, 0.1
1696, 11960.0, 0, 7.04773129051267, 0.1
1697, 11962.0, 2, 7.044758539458186, 0.1
1698, 11969.0, 7, 7.044732195409064, 0.1
1699, 11976.0, 7, 7.044705882352941, 0.1
1700, 11982.0, 6, 7.044091710758377, 0.1
1701, 11990.0, 8, 7.044653349001175, 0.1
1702, 11998.0, 8, 7.045214327657075, 0.1
1703, 12003.0, 5, 7.044014084507042, 0.1
1704, 12011.0, 8, 7.044574780058651, 0.1
1705, 12019.0, 8, 7.0451348182883935, 0.1
1706, 12023.0, 4, 7.043350908025777, 0.1
1707, 12025.0, 2, 7.040398126463701, 0.1
1708, 12033.0, 8, 7.040959625511995, 0.1
1709, 12039.0, 6, 7.040350877192982, 0.1
1710, 12046.0, 7, 7.040327293980129, 0.1
1711, 12054.0, 8, 7.04088785046729, 0.1
1712, 12061.0, 7, 7.040863981319323, 0.1
1713, 12061.0, 0, 7.036756126021004, 0.1
1714, 12068.0, 7, 7.036734693877551, 0.1
1715, 12076.0, 8, 7.037296037296037, 0.1
1716, 12084.0, 8, 7.037856726849156, 0.1
1717, 12091.0, 7, 7.037834691501746, 0.1
1718, 12099.0, 8, 7.038394415357766, 0.1
1719, 12107.0, 8, 7.038953488372093, 0.1
1720, 12114.0, 7, 7.038930854154561, 0.1
1721, 12118.0, 4, 7.0371660859465734, 0.1
1722, 12123.0, 5, 7.035983749274521, 0.1
1723, 12131.0, 8, 7.036542923433875, 0.1
1724, 12134.0, 3, 7.034202898550725, 0.1
1725, 12141.0, 7, 7.034183082271147, 0.1
1726, 12149.0, 8, 7.034742327735958, 0.1
1727, 12157.0, 8, 7.035300925925926, 0.1
1728, 12163.0, 6, 7.034702139965298, 0.1
1729, 12166.0, 3, 7.0323699421965316, 0.1
1730, 12173.0, 7, 7.032351242056615, 0.1
1731, 12180.0, 7, 7.032332563510392, 0.1
1732, 12183.0, 3, 7.03000577034045, 0.1
1733, 12191.0, 8, 7.030565167243368, 0.1
1734, 12197.0, 6, 7.029971181556196, 0.1
1735, 12199.0, 2, 7.027073732718894, 0.1
1736, 12206.0, 7, 7.02705814622913, 0.1
1737, 12213.0, 7, 7.0270425776754895, 0.1
1738, 12215.0, 2, 7.024151811385854, 0.1
1739, 12223.0, 8, 7.024712643678161, 0.1
1740, 12229.0, 6, 7.024124066628374, 0.1
1741, 12237.0, 8, 7.024684270952927, 0.1
1742, 12245.0, 8, 7.025243832472748, 0.1
1743, 12247.0, 2, 7.022362385321101, 0.1
1744, 12253.0, 6, 7.0217765042979945, 0.1
1745, 12259.0, 6, 7.021191294387171, 0.1
1746, 12267.0, 8, 7.021751574127075, 0.1
1747, 12275.0, 8, 7.022311212814645, 0.1
1748, 12281.0, 6, 7.021726700971984, 0.1
1749, 12288.0, 7, 7.021714285714285, 0.1
1750, 12293.0, 5, 7.020559680182752, 0.1
1751, 12294.0, 1, 7.017123287671233, 0.1
1752, 12301.0, 7, 7.017113519680548, 0.1
1753, 12308.0, 7, 7.017103762827822, 0.1
1754, 12309.0, 1, 7.013675213675214, 0.1
1755, 12314.0, 5, 7.0125284738041005, 0.1
1756, 12321.0, 7, 7.012521343198634, 0.1
1757, 12329.0, 8, 7.013083048919226, 0.1
1758, 12335.0, 6, 7.012507106310403, 0.1
1759, 12339.0, 4, 7.0107954545454545, 0.1
1760, 12346.0, 7, 7.010789324247587, 0.1
1761, 12353.0, 7, 7.010783200908059, 0.1
1762, 12361.0, 8, 7.011344299489506, 0.1
1763, 12367.0, 6, 7.01077097505669, 0.1
1764, 12370.0, 3, 7.008498583569405, 0.1
1765, 12372.0, 2, 7.005662514156286, 0.1
1766, 12378.0, 6, 7.00509337860781, 0.1
1767, 12379.0, 1, 7.001696832579186, 0.1
1768, 12387.0, 8, 7.002261164499718, 0.1
1769, 12392.0, 5, 7.001129943502825, 0.1
1770, 12399.0, 7, 7.001129305477131, 0.1
1771, 12407.0, 8, 7.001693002257336, 0.1
1772, 12413.0, 6, 7.0011280315848845, 0.1
1773, 12417.0, 4, 6.999436302142052, 0.1
1774, 12425.0, 8, 7.0, 0.1
1775, 12432.0, 7, 7.0, 0.1
1776, 12438.0, 6, 6.999437253798537, 0.1
1777, 12445.0, 7, 6.999437570303712, 0.1
1778, 12453.0, 8, 7.0, 0.1
1779, 12459.0, 6, 6.999438202247191, 0.1
1780, 12463.0, 4, 6.997754070746772, 0.1
1781, 12467.0, 4, 6.996071829405163, 0.1
1782, 12475.0, 8, 6.996634885025238, 0.1
1783, 12482.0, 7, 6.996636771300448, 0.1
1784, 12490.0, 8, 6.997198879551821, 0.1
1785, 12496.0, 6, 6.996640537513998, 0.1
1786, 12497.0, 1, 6.9932848349188586, 0.1
1787, 12503.0, 6, 6.992729306487695, 0.1
1788, 12503.0, 0, 6.9888205701509225, 0.1
1789, 12510.0, 7, 6.988826815642458, 0.1
1790, 12518.0, 8, 6.989391401451703, 0.1
1791, 12526.0, 8, 6.989955357142857, 0.1
1792, 12534.0, 8, 6.990518683770217, 0.1
1793, 12540.0, 6, 6.989966555183947, 0.1
1794, 12548.0, 8, 6.990529247910864, 0.1
1795, 12556.0, 8, 6.991091314031181, 0.1
1796, 12563.0, 7, 6.991096271563717, 0.1
1797, 12570.0, 7, 6.991101223581757, 0.1
1798, 12577.0, 7, 6.991106170094497, 0.1
1799, 12583.0, 6, 6.990555555555556, 0.1
1800, 12590.0, 7, 6.990560799555802, 0.1
1801, 12597.0, 7, 6.990566037735849, 0.1
1802, 12604.0, 7, 6.99057127010538, 0.1
1803, 12606.0, 2, 6.987804878048781, 0.1
1804, 12613.0, 7, 6.987811634349031, 0.1
1805, 12619.0, 6, 6.987264673311185, 0.1
1806, 12626.0, 7, 6.987271721084671, 0.1
1807, 12633.0, 7, 6.987278761061947, 0.1
1808, 12641.0, 8, 6.9878385848535105, 0.1
1809, 12648.0, 7, 6.987845303867403, 0.1
1810, 12655.0, 7, 6.987852015461071, 0.1
1811, 12663.0, 8, 6.98841059602649, 0.1
1812, 12668.0, 5, 6.987313844456701, 0.1
1813, 12673.0, 5, 6.986218302094818, 0.1
1814, 12680.0, 7, 6.986225895316805, 0.1
1815, 12688.0, 8, 6.986784140969163, 0.1
1816, 12692.0, 4, 6.985140341221794, 0.1
1817, 12700.0, 8, 6.985698569856986, 0.1
1818, 12708.0, 8, 6.986256184716877, 0.1
1819, 12716.0, 8, 6.986813186813187, 0.1
1820, 12723.0, 7, 6.986820428336079, 0.1
1821, 12730.0, 7, 6.986827661909989, 0.1
1822, 12738.0, 8, 6.987383433900164, 0.1
1823, 12745.0, 7, 6.987390350877193, 0.1
1824, 12753.0, 8, 6.987945205479452, 0.1
1825, 12760.0, 7, 6.9879518072289155, 0.1
1826, 12761.0, 1, 6.984674329501916, 0.1
1827, 12769.0, 8, 6.985229759299781, 0.1
1828, 12776.0, 7, 6.985237834882449, 0.1
1829, 12783.0, 7, 6.9852459016393444, 0.1
1830, 12787.0, 4, 6.983615510649918, 0.1
1831, 12792.0, 5, 6.9825327510917035, 0.1
1832, 12793.0, 1, 6.979268957992362, 0.1
1833, 12801.0, 8, 6.979825517993457, 0.1
1834, 12809.0, 8, 6.980381471389646, 0.1
1835, 12817.0, 8, 6.980936819172113, 0.1
1836, 12824.0, 7, 6.980947196516059, 0.1
1837, 12831.0, 7, 6.980957562568009, 0.1
1838, 12839.0, 8, 6.981511691136487, 0.1
1839, 12841.0, 2, 6.978804347826087, 0.1
1840, 12845.0, 4, 6.977186311787072, 0.1
1841, 12847.0, 2, 6.974484256243214, 0.1
1842, 12854.0, 7, 6.974498100922409, 0.1
1843, 12861.0, 7, 6.974511930585683, 0.1
1844, 12867.0, 6, 6.973983739837398, 0.1
1845, 12875.0, 8, 6.97453954496208, 0.1
1846, 12882.0, 7, 6.974553329723877, 0.1
1847, 12889.0, 7, 6.9745670995671, 0.1
1848, 12896.0, 7, 6.974580854515954, 0.1
1849, 12904.0, 8, 6.975135135135135, 0.1
1850, 12912.0, 8, 6.975688816855754, 0.1
1851, 12919.0, 7, 6.975701943844492, 0.1
1852, 12919.0, 0, 6.971937398812736, 0.1
1853, 12927.0, 8, 6.972491909385114, 0.1
1854, 12929.0, 2, 6.969811320754717, 0.1
1855, 12935.0, 6, 6.969288793103448, 0.1
1856, 12941.0, 6, 6.968766828217555, 0.1
1857, 12948.0, 7, 6.968783638320775, 0.1
1858, 12955.0, 7, 6.9688004303388915, 0.1
1859, 12961.0, 6, 6.9682795698924735, 0.1
1860, 12968.0, 7, 6.9682966147232674, 0.1
1861, 12975.0, 7, 6.968313641245972, 0.1
1862, 12981.0, 6, 6.967793880837359, 0.1
1863, 12988.0, 7, 6.967811158798283, 0.1
1864, 12995.0, 7, 6.967828418230563, 0.1
1865, 12998.0, 3, 6.965702036441586, 0.1
1866, 13006.0, 8, 6.966256025709694, 0.1
1867, 13012.0, 6, 6.965738758029978, 0.1
1868, 13016.0, 4, 6.964151952915998, 0.1
1869, 13018.0, 2, 6.961497326203209, 0.1
1870, 13024.0, 6, 6.96098343132015, 0.1
1871, 13031.0, 7, 6.961004273504273, 0.1
1872, 13031.0, 0, 6.9572877736252, 0.1
1873, 13038.0, 7, 6.957310565635005, 0.1
1874, 13046.0, 8, 6.957866666666667, 0.1
1875, 13053.0, 7, 6.957889125799573, 0.1
1876, 13061.0, 8, 6.958444326052211, 0.1
1877, 13069.0, 8, 6.958998935037274, 0.1
1878, 13075.0, 6, 6.958488557743481, 0.1
1879, 13083.0, 8, 6.959042553191489, 0.1
1880, 13089.0, 6, 6.9585326953748, 0.1
1881, 13089.0, 0, 6.954835281615303, 0.1
1882, 13095.0, 6, 6.95432819968136, 0.1
1883, 13102.0, 7, 6.9543524416135885, 0.1
1884, 13110.0, 8, 6.954907161803714, 0.1
1885, 13117.0, 7, 6.954931071049841, 0.1
1886, 13124.0, 7, 6.954954954954955, 0.1
1887, 13132.0, 8, 6.955508474576271, 0.1
1888, 13139.0, 7, 6.955532027527792, 0.1
1889, 13145.0, 6, 6.955026455026455, 0.1
1890, 13152.0, 7, 6.955050237969329, 0.1
1891, 13160.0, 8, 6.955602536997886, 0.1
1892, 13160.0, 0, 6.9519281563655575, 0.1
1893, 13161.0, 1, 6.948785638859556, 0.1
1894, 13169.0, 8, 6.9493403693931395, 0.1
1895, 13175.0, 6, 6.9488396624472575, 0.1
1896, 13180.0, 5, 6.94781233526621, 0.1
1897, 13188.0, 8, 6.948366701791359, 0.1
1898, 13196.0, 8, 6.948920484465508, 0.1
1899, 13204.0, 8, 6.949473684210527, 0.1
1900, 13210.0, 6, 6.9489742240925825, 0.1
1901, 13216.0, 6, 6.948475289169296, 0.1
1902, 13218.0, 2, 6.945874934314241, 0.1
1903, 13225.0, 7, 6.945903361344538, 0.1
1904, 13232.0, 7, 6.945931758530183, 0.1
1905, 13239.0, 7, 6.945960125918154, 0.1
1906, 13245.0, 6, 6.945464079706345, 0.1
1907, 13252.0, 7, 6.945492662473795, 0.1
1908, 13260.0, 8, 6.946045049764274, 0.1
1909, 13266.0, 6, 6.945549738219896, 0.1
1910, 13274.0, 8, 6.946101517530089, 0.1
1911, 13281.0, 7, 6.946129707112971, 0.1
1912, 13286.0, 5, 6.94511238891793, 0.1
1913, 13294.0, 8, 6.945663531870428, 0.1
1914, 13302.0, 8, 6.94621409921671, 0.1
1915, 13310.0, 8, 6.946764091858038, 0.1
1916, 13316.0, 6, 6.946270213875848, 0.1
1917, 13319.0, 3, 6.944212721584984, 0.1
1918, 13322.0, 3, 6.9421573736321, 0.1
1919, 13330.0, 8, 6.942708333333333, 0.1
1920, 13338.0, 8, 6.943258719416971, 0.1
1921, 13346.0, 8, 6.943808532778356, 0.1
1922, 13354.0, 8, 6.944357774310973, 0.1
1923, 13361.0, 7, 6.9443866943866945, 0.1
1924, 13369.0, 8, 6.9449350649350645, 0.1
1925, 13376.0, 7, 6.944963655244029, 0.1
1926, 13381.0, 5, 6.943954333160353, 0.1
1927, 13387.0, 6, 6.943464730290456, 0.1
1928, 13394.0, 7, 6.9434940383618455, 0.1
1929, 13400.0, 6, 6.94300518134715, 0.1
1930, 13407.0, 7, 6.943034697048161, 0.1
1931, 13411.0, 4, 6.941511387163561, 0.1
1932, 13414.0, 3, 6.939472322814279, 0.1
1933, 13420.0, 6, 6.938986556359876, 0.1
1934, 13421.0, 1, 6.935917312661498, 0.1
1935, 13421.0, 0, 6.932334710743802, 0.1
1936, 13429.0, 8, 6.932885906040268, 0.1
1937, 13433.0, 4, 6.931372549019608, 0.1
1938, 13441.0, 8, 6.931923671995874, 0.1
1939, 13443.0, 2, 6.929381443298969, 0.1
1940, 13443.0, 0, 6.9258114374034, 0.1
1941, 13450.0, 7, 6.9258496395468585, 0.1
1942, 13457.0, 7, 6.925887802367473, 0.1
1943, 13460.0, 3, 6.923868312757202, 0.1
1944, 13467.0, 7, 6.923907455012854, 0.1
1945, 13474.0, 7, 6.923946557040082, 0.1
1946, 13481.0, 7, 6.923985618900873, 0.1
1947, 13488.0, 7, 6.924024640657084, 0.1
1948, 13494.0, 6, 6.923550538737814, 0.1
1949, 13502.0, 8, 6.924102564102564, 0.1
1950, 13508.0, 6, 6.923628908252178, 0.1
1951, 13516.0, 8, 6.924180327868853, 0.1
1952, 13521.0, 5, 6.923195084485407, 0.1
1953, 13529.0, 8, 6.923746161719549, 0.1
1954, 13536.0, 7, 6.9237851662404095, 0.1
1955, 13543.0, 7, 6.923824130879345, 0.1
1956, 13550.0, 7, 6.923863055697496, 0.1
1957, 13553.0, 3, 6.921859039836568, 0.1
1958, 13561.0, 8, 6.922409392547218, 0.1
1959, 13569.0, 8, 6.922959183673469, 0.1
1960, 13576.0, 7, 6.922998470168282, 0.1
1961, 13583.0, 7, 6.923037716615698, 0.1
1962, 13583.0, 0, 6.919510952623535, 0.1
1963, 13590.0, 7, 6.919551934826884, 0.1
1964, 13597.0, 7, 6.919592875318066, 0.1
1965, 13601.0, 4, 6.918107833163784, 0.1
1966, 13608.0, 7, 6.918149466192171, 0.1
1967, 13614.0, 6, 6.9176829268292686, 0.1
1968, 13620.0, 6, 6.91721686135094, 0.1
1969, 13626.0, 6, 6.916751269035533, 0.1
1970, 13634.0, 8, 6.917300862506342, 0.1
1971, 13639.0, 5, 6.91632860040568, 0.1
1972, 13645.0, 6, 6.915864166244298, 0.1
1973, 13653.0, 8, 6.916413373860182, 0.1
1974, 13660.0, 7, 6.916455696202532, 0.1
1975, 13668.0, 8, 6.917004048582996, 0.1
1976, 13676.0, 8, 6.917551846231664, 0.1
1977, 13683.0, 7, 6.917593528816987, 0.1
1978, 13691.0, 8, 6.918140474987367, 0.1
1979, 13698.0, 7, 6.918181818181818, 0.1
1980, 13699.0, 1, 6.915194346289753, 0.1
1981, 13707.0, 8, 6.915741675075681, 0.1
1982, 13714.0, 7, 6.915784165405951, 0.1
1983, 13721.0, 7, 6.915826612903226, 0.1
1984, 13727.0, 6, 6.915365239294711, 0.1
1985, 13733.0, 6, 6.9149043303121855, 0.1
1986, 13740.0, 7, 6.914947156517363, 0.1
1987, 13747.0, 7, 6.914989939637827, 0.1
1988, 13754.0, 7, 6.915032679738562, 0.1
1989, 13756.0, 2, 6.912562814070352, 0.1
1990, 13763.0, 7, 6.912606730286289, 0.1
1991, 13763.0, 0, 6.909136546184739, 0.1
1992, 13764.0, 1, 6.906171600602107, 0.1
1993, 13769.0, 5, 6.905215646940823, 0.1
1994, 13775.0, 6, 6.904761904761905, 0.1
1995, 13776.0, 1, 6.901803607214429, 0.1
1996, 13778.0, 2, 6.8993490235353025, 0.1
1997, 13786.0, 8, 6.8998998998999, 0.1
1998, 13788.0, 2, 6.897448724362181, 0.1
1999, 13795.0, 7, 6.8975, 0.1
