0, 8.0, 8, 8.0, 0.1
1, 16.0, 8, 8.0, 0.1
2, 24.0, 8, 8.0, 0.1
3, 32.0, 8, 8.0, 0.1
4, 40.0, 8, 8.0, 0.1
5, 48.0, 8, 8.0, 0.1
6, 56.0, 8, 8.0, 0.1
7, 64.0, 8, 8.0, 0.1
8, 72.0, 8, 8.0, 0.1
9, 80.0, 8, 8.0, 0.1
10, 88.0, 8, 8.0, 0.1
11, 96.0, 8, 8.0, 0.1
12, 104.0, 8, 8.0, 0.1
13, 112.0, 8, 8.0, 0.1
14, 120.0, 8, 8.0, 0.1
15, 128.0, 8, 8.0, 0.1
16, 136.0, 8, 8.0, 0.1
17, 144.0, 8, 8.0, 0.1
18, 152.0, 8, 8.0, 0.1
19, 160.0, 8, 8.0, 0.1
20, 168.0, 8, 8.0, 0.1
21, 176.0, 8, 8.0, 0.1
22, 184.0, 8, 8.0, 0.1
23, 192.0, 8, 8.0, 0.1
24, 200.0, 8, 8.0, 0.1
25, 208.0, 8, 8.0, 0.1
26, 216.0, 8, 8.0, 0.1
27, 224.0, 8, 8.0, 0.1
28, 232.0, 8, 8.0, 0.1
29, 240.0, 8, 8.0, 0.1
30, 248.0, 8, 8.0, 0.1
31, 256.0, 8, 8.0, 0.1
32, 264.0, 8, 8.0, 0.1
33, 272.0, 8, 8.0, 0.1
34, 280.0, 8, 8.0, 0.1
35, 288.0, 8, 8.0, 0.1
36, 296.0, 8, 8.0, 0.1
37, 304.0, 8, 8.0, 0.1
38, 312.0, 8, 8.0, 0.1
39, 320.0, 8, 8.0, 0.1
40, 328.0, 8, 8.0, 0.1
41, 336.0, 8, 8.0, 0.1
42, 344.0, 8, 8.0, 0.1
43, 352.0, 8, 8.0, 0.1
44, 360.0, 8, 8.0, 0.1
45, 368.0, 8, 8.0, 0.1
46, 376.0, 8, 8.0, 0.1
47, 384.0, 8, 8.0, 0.1
48, 392.0, 8, 8.0, 0.1
49, 400.0, 8, 8.0, 0.1
50, 408.0, 8, 8.0, 0.1
51, 416.0, 8, 8.0, 0.1
52, 424.0, 8, 8.0, 0.1
53, 432.0, 8, 8.0, 0.1
54, 440.0, 8, 8.0, 0.1
55, 448.0, 8, 8.0, 0.1
56, 456.0, 8, 8.0, 0.1
57, 464.0, 8, 8.0, 0.1
58, 472.0, 8, 8.0, 0.1
59, 480.0, 8, 8.0, 0.1
60, 488.0, 8, 8.0, 0.1
61, 496.0, 8, 8.0, 0.1
62, 504.0, 8, 8.0, 0.1
63, 512.0, 8, 8.0, 0.1
64, 520.0, 8, 8.0, 0.1
65, 528.0, 8, 8.0, 0.1
66, 536.0, 8, 8.0, 0.1
67, 544.0, 8, 8.0, 0.1
68, 552.0, 8, 8.0, 0.1
69, 560.0, 8, 8.0, 0.1
70, 568.0, 8, 8.0, 0.1
71, 576.0, 8, 8.0, 0.1
72, 584.0, 8, 8.0, 0.1
73, 592.0, 8, 8.0, 0.1
74, 600.0, 8, 8.0, 0.1
75, 608.0, 8, 8.0, 0.1
76, 616.0, 8, 8.0, 0.1
77, 624.0, 8, 8.0, 0.1
78, 632.0, 8, 8.0, 0.1
79, 640.0, 8, 8.0, 0.1
80, 648.0, 8, 8.0, 0.1
81, 656.0, 8, 8.0, 0.1
82, 664.0, 8, 8.0, 0.1
83, 672.0, 8, 8.0, 0.1
84, 680.0, 8, 8.0, 0.1
85, 688.0, 8, 8.0, 0.1
86, 696.0, 8, 8.0, 0.1
87, 704.0, 8, 8.0, 0.1
88, 712.0, 8, 8.0, 0.1
89, 720.0, 8, 8.0, 0.1
90, 728.0, 8, 8.0, 0.1
91, 736.0, 8, 8.0, 0.1
92, 744.0, 8, 8.0, 0.1
93, 752.0, 8, 8.0, 0.1
94, 760.0, 8, 8.0, 0.1
95, 768.0, 8, 8.0, 0.1
96, 776.0, 8, 8.0, 0.1
97, 784.0, 8, 8.0, 0.1
98, 792.0, 8, 8.0, 0.1
99, 800.0, 8, 8.0, 0.1
100, 808.0, 8, 8.0, 0.1
101, 816.0, 8, 8.0, 0.1
102, 824.0, 8, 8.0, 0.1
103, 832.0, 8, 8.0, 0.1
104, 840.0, 8, 8.0, 0.1
105, 848.0, 8, 8.0, 0.1
106, 856.0, 8, 8.0, 0.1
107, 864.0, 8, 8.0, 0.1
108, 872.0, 8, 8.0, 0.1
109, 880.0, 8, 8.0, 0.1
110, 888.0, 8, 8.0, 0.1
111, 896.0, 8, 8.0, 0.1
112, 904.0, 8, 8.0, 0.1
113, 912.0, 8, 8.0, 0.1
114, 920.0, 8, 8.0, 0.1
115, 928.0, 8, 8.0, 0.1
116, 934.0, 6, 7.982905982905983, 0.1
117, 942.0, 8, 7.983050847457627, 0.1
118, 950.0, 8, 7.983193277310924, 0.1
119, 958.0, 8, 7.983333333333333, 0.1
120, 966.0, 8, 7.983471074380165, 0.1
121, 973.0, 7, 7.975409836065574, 0.1
122, 981.0, 8, 7.975609756097561, 0.1
123, 987.0, 6, 7.959677419354839, 0.1
124, 993.0, 6, 7.944, 0.1
125, 996.0, 3, 7.904761904761905, 0.1
126, 1004.0, 8, 7.905511811023622, 0.1
127, 1011.0, 7, 7.8984375, 0.1
128, 1019.0, 8, 7.89922480620155, 0.1
129, 1027.0, 8, 7.9, 0.1
130, 1034.0, 7, 7.893129770992366, 0.1
131, 1041.0, 7, 7.886363636363637, 0.1
132, 1048.0, 7, 7.879699248120301, 0.1
133, 1056.0, 8, 7.880597014925373, 0.1
134, 1064.0, 8, 7.881481481481481, 0.1
135, 1072.0, 8, 7.882352941176471, 0.1
136, 1079.0, 7, 7.875912408759124, 0.1
137, 1086.0, 7, 7.869565217391305, 0.1
138, 1093.0, 7, 7.863309352517986, 0.1
139, 1101.0, 8, 7.864285714285714, 0.1
140, 1102.0, 1, 7.815602836879433, 0.1
141, 1109.0, 7, 7.809859154929577, 0.1
142, 1117.0, 8, 7.811188811188811, 0.1
143, 1125.0, 8, 7.8125, 0.1
144, 1131.0, 6, 7.8, 0.1
145, 1138.0, 7, 7.794520547945205, 0.1
146, 1144.0, 6, 7.782312925170068, 0.1
147, 1151.0, 7, 7.777027027027027, 0.1
148, 1154.0, 3, 7.74496644295302, 0.1
149, 1161.0, 7, 7.74, 0.1
150, 1167.0, 6, 7.728476821192053, 0.1
151, 1172.0, 5, 7.7105263157894735, 0.1
152, 1179.0, 7, 7.705882352941177, 0.1
153, 1187.0, 8, 7.707792207792208, 0.1
154, 1195.0, 8, 7.709677419354839, 0.1
155, 1203.0, 8, 7.711538461538462, 0.1
156, 1209.0, 6, 7.7006369426751595, 0.1
157, 1215.0, 6, 7.689873417721519, 0.1
158, 1222.0, 7, 7.685534591194968, 0.1
159, 1230.0, 8, 7.6875, 0.1
160, 1237.0, 7, 7.683229813664596, 0.1
161, 1243.0, 6, 7.672839506172839, 0.1
162, 1250.0, 7, 7.668711656441718, 0.1
163, 1257.0, 7, 7.664634146341464, 0.1
164, 1264.0, 7, 7.66060606060606, 0.1
165, 1271.0, 7, 7.656626506024097, 0.1
166, 1278.0, 7, 7.652694610778443, 0.1
167, 1285.0, 7, 7.648809523809524, 0.1
168, 1293.0, 8, 7.650887573964497, 0.1
169, 1301.0, 8, 7.652941176470589, 0.1
170, 1309.0, 8, 7.654970760233918, 0.1
171, 1317.0, 8, 7.656976744186046, 0.1
172, 1324.0, 7, 7.6531791907514455, 0.1
173, 1331.0, 7, 7.649425287356322, 0.1
174, 1338.0, 7, 7.645714285714286, 0.1
175, 1345.0, 7, 7.642045454545454, 0.1
176, 1353.0, 8, 7.6440677966101696, 0.1
177, 1360.0, 7, 7.640449438202247, 0.1
178, 1364.0, 4, 7.620111731843576, 0.1
179, 1371.0, 7, 7.616666666666666, 0.1
180, 1378.0, 7, 7.613259668508287, 0.1
181, 1385.0, 7, 7.6098901098901095, 0.1
182, 1392.0, 7, 7.60655737704918, 0.1
183, 1399.0, 7, 7.603260869565218, 0.1
184, 1407.0, 8, 7.605405405405405, 0.1
185, 1415.0, 8, 7.60752688172043, 0.1
186, 1421.0, 6, 7.598930481283422, 0.1
187, 1428.0, 7, 7.595744680851064, 0.1
188, 1436.0, 8, 7.597883597883598, 0.1
189, 1443.0, 7, 7.594736842105263, 0.1
190, 1449.0, 6, 7.5863874345549736, 0.1
191, 1456.0, 7, 7.583333333333333, 0.1
192, 1463.0, 7, 7.580310880829016, 0.1
193, 1471.0, 8, 7.582474226804123, 0.1
194, 1478.0, 7, 7.579487179487179, 0.1
195, 1483.0, 5, 7.566326530612245, 0.1
196, 1487.0, 4, 7.548223350253807, 0.1
197, 1494.0, 7, 7.545454545454546, 0.1
198, 1502.0, 8, 7.547738693467337, 0.1
199, 1510.0, 8, 7.55, 0.1
200, 1516.0, 6, 7.54228855721393, 0.1
201, 1524.0, 8, 7.544554455445544, 0.1
202, 1532.0, 8, 7.54679802955665, 0.1
203, 1540.0, 8, 7.549019607843137, 0.1
204, 1547.0, 7, 7.546341463414634, 0.1
205, 1555.0, 8, 7.548543689320389, 0.1
206, 1556.0, 1, 7.516908212560386, 0.1
207, 1562.0, 6, 7.509615384615385, 0.1
208, 1570.0, 8, 7.511961722488039, 0.1
209, 1576.0, 6, 7.504761904761905, 0.1
210, 1583.0, 7, 7.502369668246446, 0.1
211, 1589.0, 6, 7.495283018867925, 0.1
212, 1594.0, 5, 7.483568075117371, 0.1
213, 1602.0, 8, 7.485981308411215, 0.1
214, 1610.0, 8, 7.488372093023256, 0.1
215, 1616.0, 6, 7.481481481481482, 0.1
216, 1623.0, 7, 7.47926267281106, 0.1
217, 1629.0, 6, 7.472477064220183, 0.1
218, 1637.0, 8, 7.474885844748859, 0.1
219, 1643.0, 6, 7.468181818181818, 0.1
220, 1651.0, 8, 7.470588235294118, 0.1
221, 1658.0, 7, 7.468468468468468, 0.1
222, 1664.0, 6, 7.461883408071749, 0.1
223, 1670.0, 6, 7.455357142857143, 0.1
224, 1677.0, 7, 7.453333333333333, 0.1
225, 1685.0, 8, 7.45575221238938, 0.1
226, 1692.0, 7, 7.453744493392071, 0.1
227, 1700.0, 8, 7.456140350877193, 0.1
228, 1707.0, 7, 7.454148471615721, 0.1
229, 1715.0, 8, 7.456521739130435, 0.1
230, 1723.0, 8, 7.458874458874459, 0.1
231, 1729.0, 6, 7.452586206896552, 0.1
232, 1736.0, 7, 7.450643776824034, 0.1
233, 1743.0, 7, 7.448717948717949, 0.1
234, 1750.0, 7, 7.446808510638298, 0.1
235, 1758.0, 8, 7.4491525423728815, 0.1
236, 1766.0, 8, 7.451476793248945, 0.1
237, 1771.0, 5, 7.4411764705882355, 0.1
238, 1778.0, 7, 7.439330543933054, 0.1
239, 1786.0, 8, 7.441666666666666, 0.1
240, 1794.0, 8, 7.443983402489627, 0.1
241, 1802.0, 8, 7.446280991735537, 0.1
242, 1807.0, 5, 7.436213991769547, 0.1
243, 1815.0, 8, 7.438524590163935, 0.1
244, 1822.0, 7, 7.436734693877551, 0.1
245, 1830.0, 8, 7.439024390243903, 0.1
246, 1837.0, 7, 7.437246963562753, 0.1
247, 1844.0, 7, 7.435483870967742, 0.1
248, 1851.0, 7, 7.433734939759036, 0.1
249, 1859.0, 8, 7.436, 0.1
250, 1867.0, 8, 7.438247011952191, 0.1
251, 1873.0, 6, 7.432539682539683, 0.1
252, 1880.0, 7, 7.430830039525691, 0.1
253, 1888.0, 8, 7.433070866141732, 0.1
254, 1895.0, 7, 7.431372549019608, 0.1
255, 1901.0, 6, 7.42578125, 0.1
256, 1903.0, 2, 7.404669260700389, 0.1
257, 1911.0, 8, 7.406976744186046, 0.1
258, 1919.0, 8, 7.409266409266409, 0.1
259, 1926.0, 7, 7.407692307692308, 0.1
260, 1931.0, 5, 7.398467432950191, 0.1
261, 1939.0, 8, 7.400763358778626, 0.1
262, 1945.0, 6, 7.395437262357414, 0.1
263, 1951.0, 6, 7.390151515151516, 0.1
264, 1959.0, 8, 7.392452830188679, 0.1
265, 1966.0, 7, 7.390977443609023, 0.1
266, 1973.0, 7, 7.389513108614232, 0.1
267, 1981.0, 8, 7.391791044776119, 0.1
268, 1988.0, 7, 7.390334572490707, 0.1
269, 1995.0, 7, 7.388888888888889, 0.1
270, 2001.0, 6, 7.3837638376383765, 0.1
271, 2007.0, 6, 7.3786764705882355, 0.1
272, 2014.0, 7, 7.377289377289378, 0.1
273, 2022.0, 8, 7.37956204379562, 0.1
274, 2029.0, 7, 7.378181818181818, 0.1
275, 2037.0, 8, 7.380434782608695, 0.1
276, 2043.0, 6, 7.375451263537906, 0.1
277, 2050.0, 7, 7.374100719424461, 0.1
278, 2057.0, 7, 7.372759856630824, 0.1
279, 2064.0, 7, 7.371428571428571, 0.1
280, 2072.0, 8, 7.3736654804270465, 0.1
281, 2080.0, 8, 7.375886524822695, 0.1
282, 2088.0, 8, 7.3780918727915195, 0.1
283, 2096.0, 8, 7.380281690140845, 0.1
284, 2104.0, 8, 7.382456140350877, 0.1
285, 2112.0, 8, 7.384615384615385, 0.1
286, 2119.0, 7, 7.383275261324042, 0.1
287, 2127.0, 8, 7.385416666666667, 0.1
288, 2134.0, 7, 7.384083044982699, 0.1
289, 2142.0, 8, 7.386206896551724, 0.1
290, 2148.0, 6, 7.381443298969073, 0.1
291, 2154.0, 6, 7.376712328767123, 0.1
292, 2161.0, 7, 7.375426621160409, 0.1
293, 2168.0, 7, 7.374149659863946, 0.1
294, 2176.0, 8, 7.376271186440678, 0.1
295, 2183.0, 7, 7.375, 0.1
296, 2191.0, 8, 7.377104377104377, 0.1
297, 2193.0, 2, 7.359060402684563, 0.1
298, 2201.0, 8, 7.361204013377926, 0.1
299, 2207.0, 6, 7.3566666666666665, 0.1
300, 2213.0, 6, 7.352159468438538, 0.1
301, 2221.0, 8, 7.354304635761589, 0.1
302, 2228.0, 7, 7.353135313531353, 0.1
303, 2236.0, 8, 7.355263157894737, 0.1
304, 2242.0, 6, 7.350819672131148, 0.1
305, 2250.0, 8, 7.352941176470588, 0.1
306, 2258.0, 8, 7.355048859934853, 0.1
307, 2264.0, 6, 7.35064935064935, 0.1
308, 2271.0, 7, 7.349514563106796, 0.1
309, 2278.0, 7, 7.348387096774194, 0.1
310, 2286.0, 8, 7.35048231511254, 0.1
311, 2293.0, 7, 7.3493589743589745, 0.1
312, 2299.0, 6, 7.345047923322683, 0.1
313, 2306.0, 7, 7.343949044585988, 0.1
314, 2311.0, 5, 7.336507936507936, 0.1
315, 2319.0, 8, 7.3386075949367084, 0.1
316, 2327.0, 8, 7.340694006309148, 0.1
317, 2335.0, 8, 7.3427672955974845, 0.1
318, 2342.0, 7, 7.341692789968652, 0.1
319, 2346.0, 4, 7.33125, 0.1
320, 2354.0, 8, 7.333333333333333, 0.1
321, 2362.0, 8, 7.3354037267080745, 0.1
322, 2363.0, 1, 7.315789473684211, 0.1
323, 2369.0, 6, 7.311728395061729, 0.1
324, 2377.0, 8, 7.313846153846153, 0.1
325, 2385.0, 8, 7.315950920245399, 0.1
326, 2391.0, 6, 7.3119266055045875, 0.1
327, 2399.0, 8, 7.314024390243903, 0.1
328, 2406.0, 7, 7.313069908814589, 0.1
329, 2407.0, 1, 7.293939393939394, 0.1
330, 2414.0, 7, 7.293051359516617, 0.1
331, 2420.0, 6, 7.289156626506024, 0.1
332, 2421.0, 1, 7.27027027027027, 0.1
333, 2429.0, 8, 7.272455089820359, 0.1
334, 2437.0, 8, 7.2746268656716415, 0.1
335, 2442.0, 5, 7.267857142857143, 0.1
336, 2445.0, 3, 7.255192878338279, 0.1
337, 2453.0, 8, 7.257396449704142, 0.1
338, 2459.0, 6, 7.2536873156342185, 0.1
339, 2465.0, 6, 7.25, 0.1
340, 2472.0, 7, 7.249266862170088, 0.1
341, 2480.0, 8, 7.251461988304094, 0.1
342, 2488.0, 8, 7.253644314868804, 0.1
343, 2490.0, 2, 7.238372093023256, 0.1
344, 2496.0, 6, 7.234782608695652, 0.1
345, 2503.0, 7, 7.234104046242774, 0.1
346, 2510.0, 7, 7.23342939481268, 0.1
347, 2518.0, 8, 7.235632183908046, 0.1
348, 2525.0, 7, 7.234957020057307, 0.1
349, 2533.0, 8, 7.2371428571428575, 0.1
350, 2541.0, 8, 7.239316239316239, 0.1
351, 2549.0, 8, 7.2414772727272725, 0.1
352, 2557.0, 8, 7.243626062322946, 0.1
353, 2564.0, 7, 7.242937853107344, 0.1
354, 2571.0, 7, 7.24225352112676, 0.1
355, 2573.0, 2, 7.227528089887641, 0.1
356, 2581.0, 8, 7.2296918767507, 0.1
357, 2589.0, 8, 7.231843575418995, 0.1
358, 2596.0, 7, 7.231197771587744, 0.1
359, 2603.0, 7, 7.230555555555555, 0.1
360, 2611.0, 8, 7.232686980609419, 0.1
361, 2616.0, 5, 7.226519337016574, 0.1
362, 2623.0, 7, 7.225895316804408, 0.1
363, 2631.0, 8, 7.228021978021978, 0.1
364, 2639.0, 8, 7.23013698630137, 0.1
365, 2646.0, 7, 7.229508196721311, 0.1
366, 2654.0, 8, 7.231607629427793, 0.1
367, 2657.0, 3, 7.220108695652174, 0.1
368, 2665.0, 8, 7.222222222222222, 0.1
369, 2672.0, 7, 7.221621621621622, 0.1
370, 2679.0, 7, 7.2210242587601075, 0.1
371, 2686.0, 7, 7.220430107526882, 0.1
372, 2694.0, 8, 7.222520107238606, 0.1
373, 2702.0, 8, 7.224598930481283, 0.1
374, 2707.0, 5, 7.218666666666667, 0.1
375, 2715.0, 8, 7.220744680851064, 0.1
376, 2723.0, 8, 7.222811671087533, 0.1
377, 2730.0, 7, 7.222222222222222, 0.1
378, 2737.0, 7, 7.221635883905013, 0.1
379, 2745.0, 8, 7.223684210526316, 0.1
380, 2745.0, 0, 7.2047244094488185, 0.1
381, 2752.0, 7, 7.204188481675392, 0.1
382, 2757.0, 5, 7.198433420365535, 0.1
383, 2763.0, 6, 7.1953125, 0.1
384, 2766.0, 3, 7.184415584415585, 0.1
385, 2766.0, 0, 7.16580310880829, 0.1
386, 2773.0, 7, 7.165374677002584, 0.1
387, 2773.0, 0, 7.146907216494846, 0.1
388, 2780.0, 7, 7.146529562982005, 0.1
389, 2788.0, 8, 7.148717948717949, 0.1
390, 2796.0, 8, 7.150895140664962, 0.1
391, 2803.0, 7, 7.150510204081633, 0.1
392, 2807.0, 4, 7.142493638676845, 0.1
393, 2814.0, 7, 7.1421319796954315, 0.1
394, 2822.0, 8, 7.144303797468354, 0.1
395, 2822.0, 0, 7.126262626262626, 0.1
396, 2829.0, 7, 7.1259445843828715, 0.1
397, 2837.0, 8, 7.128140703517588, 0.1
398, 2844.0, 7, 7.12781954887218, 0.1
399, 2852.0, 8, 7.13, 0.1
400, 2852.0, 0, 7.112219451371571, 0.1
401, 2860.0, 8, 7.114427860696518, 0.1
402, 2867.0, 7, 7.1141439205955335, 0.1
403, 2874.0, 7, 7.1138613861386135, 0.1
404, 2881.0, 7, 7.11358024691358, 0.1
405, 2889.0, 8, 7.115763546798029, 0.1
406, 2896.0, 7, 7.115479115479116, 0.1
407, 2904.0, 8, 7.117647058823529, 0.1
408, 2911.0, 7, 7.117359413202934, 0.1
409, 2919.0, 8, 7.119512195121951, 0.1
410, 2925.0, 6, 7.116788321167883, 0.1
411, 2932.0, 7, 7.116504854368932, 0.1
412, 2939.0, 7, 7.116222760290557, 0.1
413, 2947.0, 8, 7.118357487922705, 0.1
414, 2955.0, 8, 7.120481927710843, 0.1
415, 2962.0, 7, 7.1201923076923075, 0.1
416, 2966.0, 4, 7.112709832134293, 0.1
417, 2974.0, 8, 7.114832535885167, 0.1
418, 2980.0, 6, 7.11217183770883, 0.1
419, 2987.0, 7, 7.1119047619047615, 0.1
420, 2993.0, 6, 7.109263657957245, 0.1
421, 2999.0, 6, 7.106635071090047, 0.1
422, 3006.0, 7, 7.1063829787234045, 0.1
423, 3014.0, 8, 7.1084905660377355, 0.1
424, 3022.0, 8, 7.110588235294117, 0.1
425, 3030.0, 8, 7.112676056338028, 0.1
426, 3038.0, 8, 7.114754098360656, 0.1
427, 3045.0, 7, 7.114485981308412, 0.1
428, 3053.0, 8, 7.116550116550116, 0.1
429, 3057.0, 4, 7.109302325581395, 0.1
430, 3064.0, 7, 7.109048723897912, 0.1
431, 3071.0, 7, 7.108796296296297, 0.1
432, 3078.0, 7, 7.108545034642033, 0.1
433, 3086.0, 8, 7.110599078341014, 0.1
434, 3092.0, 6, 7.1080459770114945, 0.1
435, 3099.0, 7, 7.1077981651376145, 0.1
436, 3104.0, 5, 7.102974828375286, 0.1
437, 3111.0, 7, 7.102739726027397, 0.1
438, 3117.0, 6, 7.100227790432802, 0.1
439, 3118.0, 1, 7.086363636363636, 0.1
440, 3125.0, 7, 7.086167800453515, 0.1
441, 3133.0, 8, 7.088235294117647, 0.1
442, 3139.0, 6, 7.085778781038375, 0.1
443, 3145.0, 6, 7.083333333333333, 0.1
444, 3152.0, 7, 7.08314606741573, 0.1
445, 3153.0, 1, 7.069506726457399, 0.1
446, 3160.0, 7, 7.069351230425056, 0.1
447, 3168.0, 8, 7.071428571428571, 0.1
448, 3174.0, 6, 7.0690423162583516, 0.1
449, 3176.0, 2, 7.057777777777778, 0.1
450, 3182.0, 6, 7.0554323725055434, 0.1
451, 3188.0, 6, 7.053097345132743, 0.1
452, 3196.0, 8, 7.0551876379690945, 0.1
453, 3204.0, 8, 7.057268722466961, 0.1
454, 3212.0, 8, 7.059340659340659, 0.1
455, 3220.0, 8, 7.06140350877193, 0.1
456, 3226.0, 6, 7.059080962800875, 0.1
457, 3234.0, 8, 7.06113537117904, 0.1
458, 3241.0, 7, 7.061002178649238, 0.1
459, 3246.0, 5, 7.056521739130435, 0.1
460, 3254.0, 8, 7.058568329718004, 0.1
461, 3262.0, 8, 7.0606060606060606, 0.1
462, 3268.0, 6, 7.058315334773218, 0.1
463, 3276.0, 8, 7.060344827586207, 0.1
464, 3283.0, 7, 7.060215053763441, 0.1
465, 3291.0, 8, 7.062231759656652, 0.1
466, 3299.0, 8, 7.06423982869379, 0.1
467, 3307.0, 8, 7.066239316239316, 0.1
468, 3314.0, 7, 7.066098081023454, 0.1
469, 3320.0, 6, 7.0638297872340425, 0.1
470, 3328.0, 8, 7.065817409766455, 0.1
471, 3336.0, 8, 7.067796610169491, 0.1
472, 3342.0, 6, 7.06553911205074, 0.1
473, 3349.0, 7, 7.065400843881856, 0.1
474, 3356.0, 7, 7.065263157894737, 0.1
475, 3363.0, 7, 7.065126050420168, 0.1
476, 3371.0, 8, 7.067085953878407, 0.1
477, 3377.0, 6, 7.064853556485356, 0.1
478, 3383.0, 6, 7.062630480167015, 0.1
479, 3391.0, 8, 7.064583333333333, 0.1
480, 3399.0, 8, 7.0665280665280665, 0.1
481, 3401.0, 2, 7.056016597510373, 0.1
482, 3408.0, 7, 7.055900621118012, 0.1
483, 3415.0, 7, 7.055785123966942, 0.1
484, 3423.0, 8, 7.057731958762886, 0.1
485, 3430.0, 7, 7.05761316872428, 0.1
486, 3436.0, 6, 7.055441478439425, 0.1
487, 3444.0, 8, 7.057377049180328, 0.1
488, 3452.0, 8, 7.059304703476482, 0.1
489, 3458.0, 6, 7.057142857142857, 0.1
490, 3462.0, 4, 7.05091649694501, 0.1
491, 3470.0, 8, 7.0528455284552845, 0.1
492, 3477.0, 7, 7.052738336713996, 0.1
493, 3485.0, 8, 7.054655870445344, 0.1
494, 3492.0, 7, 7.054545454545455, 0.1
495, 3499.0, 7, 7.054435483870968, 0.1
496, 3507.0, 8, 7.056338028169014, 0.1
497, 3514.0, 7, 7.056224899598393, 0.1
498, 3522.0, 8, 7.05811623246493, 0.1
499, 3529.0, 7, 7.058, 0.1
500, 3535.0, 6, 7.055888223552894, 0.1
501, 3541.0, 6, 7.053784860557769, 0.1
502, 3548.0, 7, 7.0536779324055665, 0.1
503, 3556.0, 8, 7.055555555555555, 0.1
504, 3564.0, 8, 7.0574257425742575, 0.1
505, 3564.0, 0, 7.043478260869565, 0.1
506, 3567.0, 3, 7.035502958579881, 0.1
507, 3567.0, 0, 7.021653543307087, 0.1
508, 3573.0, 6, 7.019646365422397, 0.1
509, 3581.0, 8, 7.02156862745098, 0.1
510, 3588.0, 7, 7.021526418786693, 0.1
511, 3596.0, 8, 7.0234375, 0.1
512, 3603.0, 7, 7.023391812865497, 0.1
513, 3611.0, 8, 7.025291828793774, 0.1
514, 3618.0, 7, 7.025242718446602, 0.1
515, 3625.0, 7, 7.025193798449612, 0.1
516, 3633.0, 8, 7.027079303675048, 0.1
517, 3640.0, 7, 7.027027027027027, 0.1
518, 3648.0, 8, 7.028901734104046, 0.1
519, 3656.0, 8, 7.030769230769231, 0.1
520, 3664.0, 8, 7.032629558541267, 0.1
521, 3672.0, 8, 7.0344827586206895, 0.1
522, 3680.0, 8, 7.036328871892925, 0.1
523, 3688.0, 8, 7.038167938931298, 0.1
524, 3696.0, 8, 7.04, 0.1
525, 3703.0, 7, 7.0399239543726235, 0.1
526, 3710.0, 7, 7.039848197343454, 0.1
527, 3718.0, 8, 7.041666666666667, 0.1
528, 3724.0, 6, 7.039697542533081, 0.1
529, 3731.0, 7, 7.039622641509434, 0.1
530, 3739.0, 8, 7.041431261770245, 0.1
531, 3744.0, 5, 7.037593984962406, 0.1
532, 3750.0, 6, 7.0356472795497185, 0.1
533, 3752.0, 2, 7.02621722846442, 0.1
534, 3760.0, 8, 7.02803738317757, 0.1
535, 3766.0, 6, 7.026119402985074, 0.1
536, 3773.0, 7, 7.026070763500931, 0.1
537, 3781.0, 8, 7.0278810408921935, 0.1
538, 3788.0, 7, 7.0278293135436, 0.1
539, 3796.0, 8, 7.029629629629629, 0.1
540, 3804.0, 8, 7.031423290203327, 0.1
541, 3811.0, 7, 7.031365313653136, 0.1
542, 3816.0, 5, 7.027624309392265, 0.1
543, 3821.0, 5, 7.023897058823529, 0.1
544, 3826.0, 5, 7.020183486238532, 0.1
545, 3830.0, 4, 7.014652014652015, 0.1
546, 3836.0, 6, 7.012797074954296, 0.1
547, 3844.0, 8, 7.014598540145985, 0.1
548, 3846.0, 2, 7.005464480874317, 0.1
549, 3853.0, 7, 7.005454545454546, 0.1
550, 3859.0, 6, 7.0036297640653356, 0.1
551, 3867.0, 8, 7.005434782608695, 0.1
552, 3875.0, 8, 7.007233273056058, 0.1
553, 3883.0, 8, 7.009025270758123, 0.1
554, 3891.0, 8, 7.010810810810811, 0.1
555, 3894.0, 3, 7.003597122302159, 0.1
556, 3901.0, 7, 7.003590664272891, 0.1
557, 3907.0, 6, 7.00179211469534, 0.1
558, 3911.0, 4, 6.996422182468694, 0.1
559, 3918.0, 7, 6.996428571428571, 0.1
560, 3920.0, 2, 6.9875222816399285, 0.1
561, 3923.0, 3, 6.980427046263345, 0.1
562, 3931.0, 8, 6.982238010657194, 0.1
563, 3939.0, 8, 6.98404255319149, 0.1
564, 3947.0, 8, 6.985840707964602, 0.1
565, 3953.0, 6, 6.9840989399293285, 0.1
566, 3958.0, 5, 6.980599647266314, 0.1
567, 3965.0, 7, 6.980633802816901, 0.1
568, 3972.0, 7, 6.980667838312829, 0.1
569, 3980.0, 8, 6.982456140350878, 0.1
570, 3987.0, 7, 6.982486865148862, 0.1
571, 3995.0, 8, 6.984265734265734, 0.1
572, 4001.0, 6, 6.982547993019197, 0.1
573, 4009.0, 8, 6.984320557491289, 0.1
574, 4016.0, 7, 6.984347826086957, 0.1
575, 4021.0, 5, 6.980902777777778, 0.1
576, 4029.0, 8, 6.982668977469671, 0.1
577, 4037.0, 8, 6.984429065743945, 0.1
578, 4045.0, 8, 6.986183074265976, 0.1
579, 4051.0, 6, 6.98448275862069, 0.1
580, 4057.0, 6, 6.982788296041308, 0.1
581, 4064.0, 7, 6.982817869415808, 0.1
582, 4071.0, 7, 6.982847341337908, 0.1
583, 4072.0, 1, 6.972602739726027, 0.1
584, 4078.0, 6, 6.970940170940171, 0.1
585, 4086.0, 8, 6.972696245733788, 0.1
586, 4094.0, 8, 6.974446337308348, 0.1
587, 4101.0, 7, 6.974489795918367, 0.1
588, 4108.0, 7, 6.97453310696095, 0.1
589, 4116.0, 8, 6.976271186440678, 0.1
590, 4123.0, 7, 6.976311336717428, 0.1
591, 4131.0, 8, 6.97804054054054, 0.1
592, 4138.0, 7, 6.978077571669477, 0.1
593, 4145.0, 7, 6.978114478114478, 0.1
594, 4150.0, 5, 6.974789915966387, 0.1
595, 4154.0, 4, 6.969798657718121, 0.1
596, 4154.0, 0, 6.958123953098827, 0.1
597, 4157.0, 3, 6.951505016722408, 0.1
598, 4164.0, 7, 6.951585976627713, 0.1
599, 4171.0, 7, 6.951666666666667, 0.1
600, 4179.0, 8, 6.953410981697171, 0.1
601, 4187.0, 8, 6.95514950166113, 0.1
602, 4195.0, 8, 6.9568822553897185, 0.1
603, 4202.0, 7, 6.956953642384106, 0.1
604, 4210.0, 8, 6.958677685950414, 0.1
605, 4216.0, 6, 6.957095709570957, 0.1
606, 4224.0, 8, 6.958813838550247, 0.1
607, 4230.0, 6, 6.957236842105263, 0.1
608, 4238.0, 8, 6.958949096880131, 0.1
609, 4246.0, 8, 6.960655737704918, 0.1
610, 4254.0, 8, 6.962356792144027, 0.1
611, 4261.0, 7, 6.962418300653595, 0.1
612, 4269.0, 8, 6.964110929853181, 0.1
613, 4276.0, 7, 6.964169381107492, 0.1
614, 4284.0, 8, 6.965853658536585, 0.1
615, 4291.0, 7, 6.965909090909091, 0.1
616, 4299.0, 8, 6.9675850891410045, 0.1
617, 4307.0, 8, 6.96925566343042, 0.1
618, 4314.0, 7, 6.969305331179322, 0.1
619, 4321.0, 7, 6.969354838709678, 0.1
620, 4329.0, 8, 6.971014492753623, 0.1
621, 4335.0, 6, 6.969453376205788, 0.1
622, 4342.0, 7, 6.969502407704655, 0.1
623, 4349.0, 7, 6.969551282051282, 0.1
624, 4355.0, 6, 6.968, 0.1
625, 4363.0, 8, 6.9696485623003195, 0.1
626, 4370.0, 7, 6.96969696969697, 0.1
627, 4377.0, 7, 6.969745222929936, 0.1
628, 4379.0, 2, 6.961844197138315, 0.1
629, 4386.0, 7, 6.961904761904762, 0.1
630, 4391.0, 5, 6.958795562599049, 0.1
631, 4397.0, 6, 6.957278481012659, 0.1
632, 4405.0, 8, 6.958925750394945, 0.1
633, 4412.0, 7, 6.958990536277603, 0.1
634, 4420.0, 8, 6.960629921259843, 0.1
635, 4427.0, 7, 6.960691823899371, 0.1
636, 4434.0, 7, 6.960753532182103, 0.1
637, 4442.0, 8, 6.962382445141066, 0.1
638, 4447.0, 5, 6.959311424100156, 0.1
639, 4455.0, 8, 6.9609375, 0.1
640, 4462.0, 7, 6.9609984399375975, 0.1
641, 4470.0, 8, 6.962616822429907, 0.1
642, 4477.0, 7, 6.962674961119752, 0.1
643, 4484.0, 7, 6.962732919254658, 0.1
644, 4491.0, 7, 6.962790697674419, 0.1
645, 4499.0, 8, 6.964396284829721, 0.1
646, 4506.0, 7, 6.964451313755796, 0.1
647, 4513.0, 7, 6.964506172839506, 0.1
648, 4514.0, 1, 6.955315870570108, 0.1
649, 4522.0, 8, 6.9569230769230765, 0.1
650, 4530.0, 8, 6.95852534562212, 0.1
651, 4532.0, 2, 6.950920245398773, 0.1
652, 4540.0, 8, 6.952526799387442, 0.1
653, 4548.0, 8, 6.954128440366972, 0.1
654, 4556.0, 8, 6.955725190839694, 0.1
655, 4564.0, 8, 6.9573170731707314, 0.1
656, 4571.0, 7, 6.957382039573821, 0.1
657, 4578.0, 7, 6.957446808510638, 0.1
658, 4585.0, 7, 6.957511380880121, 0.1
659, 4592.0, 7, 6.957575757575758, 0.1
660, 4600.0, 8, 6.959152798789712, 0.1
661, 4608.0, 8, 6.960725075528701, 0.1
662, 4615.0, 7, 6.96078431372549, 0.1
663, 4622.0, 7, 6.960843373493976, 0.1
664, 4630.0, 8, 6.962406015037594, 0.1
665, 4633.0, 3, 6.956456456456457, 0.1
666, 4641.0, 8, 6.958020989505247, 0.1
667, 4649.0, 8, 6.959580838323354, 0.1
668, 4657.0, 8, 6.961136023916293, 0.1
669, 4664.0, 7, 6.961194029850747, 0.1
670, 4670.0, 6, 6.959761549925484, 0.1
671, 4678.0, 8, 6.961309523809524, 0.1
672, 4682.0, 4, 6.956909361069837, 0.1
673, 4690.0, 8, 6.958456973293768, 0.1
674, 4696.0, 6, 6.957037037037037, 0.1
675, 4703.0, 7, 6.957100591715976, 0.1
676, 4711.0, 8, 6.958641063515509, 0.1
677, 4718.0, 7, 6.958702064896755, 0.1
678, 4724.0, 6, 6.957290132547865, 0.1
679, 4732.0, 8, 6.958823529411765, 0.1
680, 4740.0, 8, 6.960352422907489, 0.1
681, 4747.0, 7, 6.96041055718475, 0.1
682, 4755.0, 8, 6.961932650073207, 0.1
683, 4755.0, 0, 6.951754385964913, 0.1
684, 4763.0, 8, 6.953284671532847, 0.1
685, 4771.0, 8, 6.954810495626822, 0.1
686, 4778.0, 7, 6.954876273653566, 0.1
687, 4785.0, 7, 6.954941860465116, 0.1
688, 4792.0, 7, 6.955007256894049, 0.1
689, 4800.0, 8, 6.956521739130435, 0.1
690, 4806.0, 6, 6.955137481910275, 0.1
691, 4813.0, 7, 6.955202312138728, 0.1
692, 4821.0, 8, 6.956709956709957, 0.1
693, 4829.0, 8, 6.95821325648415, 0.1
694, 4836.0, 7, 6.958273381294964, 0.1
695, 4842.0, 6, 6.956896551724138, 0.1
696, 4849.0, 7, 6.956958393113343, 0.1
697, 4856.0, 7, 6.957020057306591, 0.1
698, 4864.0, 8, 6.958512160228898, 0.1
699, 4871.0, 7, 6.958571428571428, 0.1
700, 4878.0, 7, 6.958630527817403, 0.1
701, 4885.0, 7, 6.9586894586894585, 0.1
702, 4892.0, 7, 6.9587482219061165, 0.1
703, 4899.0, 7, 6.958806818181818, 0.1
704, 4907.0, 8, 6.960283687943263, 0.1
705, 4915.0, 8, 6.961756373937677, 0.1
706, 4922.0, 7, 6.961810466760962, 0.1
707, 4930.0, 8, 6.963276836158192, 0.1
708, 4935.0, 5, 6.9605077574047955, 0.1
709, 4942.0, 7, 6.96056338028169, 0.1
710, 4950.0, 8, 6.962025316455696, 0.1
711, 4958.0, 8, 6.963483146067416, 0.1
712, 4965.0, 7, 6.963534361851332, 0.1
713, 4970.0, 5, 6.96078431372549, 0.1
714, 4971.0, 1, 6.952447552447553, 0.1
715, 4978.0, 7, 6.9525139664804465, 0.1
716, 4984.0, 6, 6.951185495118549, 0.1
717, 4992.0, 8, 6.952646239554317, 0.1
718, 5000.0, 8, 6.954102920723226, 0.1
719, 5008.0, 8, 6.955555555555556, 0.1
720, 5015.0, 7, 6.955617198335645, 0.1
721, 5020.0, 5, 6.9529085872576175, 0.1
722, 5028.0, 8, 6.954356846473029, 0.1
723, 5035.0, 7, 6.954419889502763, 0.1
724, 5042.0, 7, 6.954482758620689, 0.1
725, 5050.0, 8, 6.9559228650137745, 0.1
726, 5055.0, 5, 6.953232462173315, 0.1
727, 5063.0, 8, 6.954670329670329, 0.1
728, 5070.0, 7, 6.954732510288066, 0.1
729, 5078.0, 8, 6.956164383561644, 0.1
730, 5084.0, 6, 6.954856361149111, 0.1
731, 5092.0, 8, 6.956284153005464, 0.1
732, 5098.0, 6, 6.954979536152797, 0.1
733, 5106.0, 8, 6.956403269754769, 0.1
734, 5110.0, 4, 6.9523809523809526, 0.1
735, 5117.0, 7, 6.952445652173913, 0.1
736, 5121.0, 4, 6.948439620081411, 0.1
737, 5129.0, 8, 6.9498644986449865, 0.1
738, 5135.0, 6, 6.948579161028417, 0.1
739, 5143.0, 8, 6.95, 0.1
740, 5148.0, 5, 6.947368421052632, 0.1
741, 5156.0, 8, 6.948787061994609, 0.1
742, 5163.0, 7, 6.94885598923284, 0.1
743, 5170.0, 7, 6.948924731182796, 0.1
744, 5178.0, 8, 6.950335570469798, 0.1
745, 5185.0, 7, 6.950402144772118, 0.1
746, 5192.0, 7, 6.950468540829987, 0.1
747, 5200.0, 8, 6.951871657754011, 0.1
748, 5202.0, 2, 6.945260347129506, 0.1
749, 5208.0, 6, 6.944, 0.1
750, 5215.0, 7, 6.944074567243675, 0.1
751, 5220.0, 5, 6.941489361702128, 0.1
752, 5228.0, 8, 6.942895086321381, 0.1
753, 5234.0, 6, 6.941644562334218, 0.1
754, 5235.0, 1, 6.933774834437086, 0.1
755, 5243.0, 8, 6.935185185185185, 0.1
756, 5246.0, 3, 6.9299867899603695, 0.1
757, 5253.0, 7, 6.930079155672823, 0.1
758, 5260.0, 7, 6.930171277997365, 0.1
759, 5268.0, 8, 6.931578947368421, 0.1
760, 5275.0, 7, 6.931668856767411, 0.1
761, 5275.0, 0, 6.92257217847769, 0.1
762, 5282.0, 7, 6.922673656618611, 0.1
763, 5290.0, 8, 6.924083769633508, 0.1
764, 5297.0, 7, 6.924183006535948, 0.1
765, 5305.0, 8, 6.9255874673629245, 0.1
766, 5312.0, 7, 6.925684485006519, 0.1
767, 5314.0, 2, 6.919270833333333, 0.1
768, 5320.0, 6, 6.918075422626788, 0.1
769, 5328.0, 8, 6.919480519480519, 0.1
770, 5335.0, 7, 6.91958495460441, 0.1
771, 5341.0, 6, 6.918393782383419, 0.1
772, 5349.0, 8, 6.9197930142302715, 0.1
773, 5357.0, 8, 6.921188630490956, 0.1
774, 5365.0, 8, 6.922580645161291, 0.1
775, 5373.0, 8, 6.923969072164948, 0.1
776, 5379.0, 6, 6.922779922779923, 0.1
777, 5386.0, 7, 6.922879177377892, 0.1
778, 5394.0, 8, 6.924261874197689, 0.1
779, 5394.0, 0, 6.915384615384616, 0.1
780, 5402.0, 8, 6.916773367477592, 0.1
781, 5408.0, 6, 6.915601023017903, 0.1
782, 5416.0, 8, 6.91698595146871, 0.1
783, 5422.0, 6, 6.915816326530612, 0.1
784, 5430.0, 8, 6.917197452229299, 0.1
785, 5437.0, 7, 6.917302798982188, 0.1
786, 5445.0, 8, 6.918678526048285, 0.1
787, 5452.0, 7, 6.918781725888325, 0.1
788, 5460.0, 8, 6.920152091254753, 0.1
789, 5467.0, 7, 6.920253164556962, 0.1
790, 5475.0, 8, 6.921618204804045, 0.1
791, 5483.0, 8, 6.922979797979798, 0.1
792, 5491.0, 8, 6.924337957124842, 0.1
793, 5498.0, 7, 6.924433249370277, 0.1
794, 5506.0, 8, 6.925786163522012, 0.1
795, 5514.0, 8, 6.92713567839196, 0.1
796, 5522.0, 8, 6.928481806775408, 0.1
797, 5528.0, 6, 6.927318295739348, 0.1
798, 5536.0, 8, 6.928660826032541, 0.1
799, 5543.0, 7, 6.92875, 0.1
800, 5550.0, 7, 6.928838951310861, 0.1
801, 5557.0, 7, 6.928927680798005, 0.1
802, 5557.0, 0, 6.9202988792029885, 0.1
803, 5563.0, 6, 6.919154228855722, 0.1
804, 5570.0, 7, 6.919254658385094, 0.1
805, 5575.0, 5, 6.916873449131514, 0.1
806, 5582.0, 7, 6.916976456009913, 0.1
807, 5590.0, 8, 6.9183168316831685, 0.1
808, 5596.0, 6, 6.917181705809641, 0.1
809, 5602.0, 6, 6.916049382716049, 0.1
810, 5609.0, 7, 6.916152897657214, 0.1
811, 5617.0, 8, 6.917487684729064, 0.1
812, 5624.0, 7, 6.9175891758917585, 0.1
813, 5624.0, 0, 6.909090909090909, 0.1
814, 5631.0, 7, 6.90920245398773, 0.1
815, 5639.0, 8, 6.910539215686274, 0.1
816, 5646.0, 7, 6.910648714810281, 0.1
817, 5652.0, 6, 6.909535452322738, 0.1
818, 5660.0, 8, 6.910866910866911, 0.1
819, 5667.0, 7, 6.910975609756098, 0.1
820, 5675.0, 8, 6.912302070645554, 0.1
821, 5683.0, 8, 6.913625304136253, 0.1
822, 5689.0, 6, 6.912515188335359, 0.1
823, 5697.0, 8, 6.913834951456311, 0.1
824, 5705.0, 8, 6.915151515151515, 0.1
825, 5712.0, 7, 6.915254237288136, 0.1
826, 5719.0, 7, 6.915356711003628, 0.1
827, 5726.0, 7, 6.915458937198068, 0.1
828, 5733.0, 7, 6.915560916767189, 0.1
829, 5739.0, 6, 6.914457831325302, 0.1
830, 5747.0, 8, 6.915764139590855, 0.1
831, 5755.0, 8, 6.9170673076923075, 0.1
832, 5763.0, 8, 6.918367346938775, 0.1
833, 5770.0, 7, 6.918465227817745, 0.1
834, 5777.0, 7, 6.918562874251497, 0.1
835, 5784.0, 7, 6.91866028708134, 0.1
836, 5789.0, 5, 6.91636798088411, 0.1
837, 5796.0, 7, 6.916467780429595, 0.1
838, 5804.0, 8, 6.917759237187128, 0.1
839, 5810.0, 6, 6.916666666666667, 0.1
840, 5818.0, 8, 6.917954815695601, 0.1
841, 5825.0, 7, 6.918052256532066, 0.1
842, 5826.0, 1, 6.911032028469751, 0.1
843, 5834.0, 8, 6.912322274881516, 0.1
844, 5841.0, 7, 6.912426035502959, 0.1
845, 5841.0, 0, 6.904255319148936, 0.1
846, 5848.0, 7, 6.904368358913813, 0.1
847, 5856.0, 8, 6.90566037735849, 0.1
848, 5863.0, 7, 6.905771495877503, 0.1
849, 5870.0, 7, 6.905882352941177, 0.1
850, 5877.0, 7, 6.9059929494712105, 0.1
851, 5880.0, 3, 6.901408450704225, 0.1
852, 5880.0, 0, 6.893317702227432, 0.1
853, 5886.0, 6, 6.892271662763466, 0.1
854, 5894.0, 8, 6.893567251461988, 0.1
855, 5902.0, 8, 6.894859813084112, 0.1
856, 5908.0, 6, 6.8938156359393234, 0.1
857, 5915.0, 7, 6.893939393939394, 0.1
858, 5923.0, 8, 6.895227008149011, 0.1
859, 5931.0, 8, 6.8965116279069765, 0.1
860, 5939.0, 8, 6.897793263646922, 0.1
861, 5946.0, 7, 6.897911832946636, 0.1
862, 5954.0, 8, 6.899188876013905, 0.1
863, 5957.0, 3, 6.894675925925926, 0.1
864, 5958.0, 1, 6.8878612716763, 0.1
865, 5961.0, 3, 6.88337182448037, 0.1
866, 5969.0, 8, 6.884659746251442, 0.1
867, 5976.0, 7, 6.88479262672811, 0.1
868, 5983.0, 7, 6.884925201380898, 0.1
869, 5991.0, 8, 6.886206896551724, 0.1
870, 5999.0, 8, 6.887485648679679, 0.1
871, 6007.0, 8, 6.888761467889908, 0.1
872, 6012.0, 5, 6.88659793814433, 0.1
873, 6020.0, 8, 6.887871853546911, 0.1
874, 6026.0, 6, 6.886857142857143, 0.1
875, 6033.0, 7, 6.886986301369863, 0.1
876, 6040.0, 7, 6.887115165336374, 0.1
877, 6047.0, 7, 6.887243735763098, 0.1
878, 6054.0, 7, 6.887372013651877, 0.1
879, 6062.0, 8, 6.888636363636364, 0.1
880, 6070.0, 8, 6.889897843359819, 0.1
881, 6078.0, 8, 6.891156462585034, 0.1
882, 6085.0, 7, 6.89127972819932, 0.1
883, 6092.0, 7, 6.891402714932127, 0.1
884, 6100.0, 8, 6.892655367231638, 0.1
885, 6107.0, 7, 6.8927765237020315, 0.1
886, 6114.0, 7, 6.892897406989854, 0.1
887, 6122.0, 8, 6.8941441441441444, 0.1
888, 6128.0, 6, 6.893138357705287, 0.1
889, 6135.0, 7, 6.893258426966292, 0.1
890, 6142.0, 7, 6.89337822671156, 0.1
891, 6150.0, 8, 6.894618834080718, 0.1
892, 6158.0, 8, 6.89585666293393, 0.1
893, 6166.0, 8, 6.8970917225950785, 0.1
894, 6170.0, 4, 6.893854748603352, 0.1
895, 6176.0, 6, 6.892857142857143, 0.1
896, 6184.0, 8, 6.894091415830546, 0.1
897, 6192.0, 8, 6.89532293986637, 0.1
898, 6198.0, 6, 6.89432703003337, 0.1
899, 6206.0, 8, 6.895555555555555, 0.1
900, 6213.0, 7, 6.8956714761376245, 0.1
901, 6221.0, 8, 6.896895787139689, 0.1
902, 6226.0, 5, 6.894795127353267, 0.1
903, 6234.0, 8, 6.896017699115045, 0.1
904, 6241.0, 7, 6.896132596685083, 0.1
905, 6247.0, 6, 6.89514348785872, 0.1
906, 6253.0, 6, 6.894156560088203, 0.1
907, 6256.0, 3, 6.889867841409692, 0.1
908, 6264.0, 8, 6.891089108910891, 0.1
909, 6270.0, 6, 6.8901098901098905, 0.1
910, 6278.0, 8, 6.891328210757409, 0.1
911, 6282.0, 4, 6.8881578947368425, 0.1
912, 6290.0, 8, 6.889375684556407, 0.1
913, 6298.0, 8, 6.890590809628009, 0.1
914, 6306.0, 8, 6.891803278688524, 0.1
915, 6314.0, 8, 6.893013100436681, 0.1
916, 6321.0, 7, 6.893129770992366, 0.1
917, 6326.0, 5, 6.891067538126362, 0.1
918, 6334.0, 8, 6.8922742110990205, 0.1
919, 6341.0, 7, 6.892391304347826, 0.1
920, 6346.0, 5, 6.890336590662324, 0.1
921, 6353.0, 7, 6.890455531453362, 0.1
922, 6360.0, 7, 6.890574214517876, 0.1
923, 6367.0, 7, 6.890692640692641, 0.1
924, 6375.0, 8, 6.891891891891892, 0.1
925, 6383.0, 8, 6.893088552915767, 0.1
926, 6391.0, 8, 6.89428263214671, 0.1
927, 6398.0, 7, 6.894396551724138, 0.1
928, 6405.0, 7, 6.8945102260495155, 0.1
929, 6412.0, 7, 6.894623655913978, 0.1
930, 6420.0, 8, 6.895810955961332, 0.1
931, 6425.0, 5, 6.893776824034335, 0.1
932, 6432.0, 7, 6.893890675241158, 0.1
933, 6440.0, 8, 6.895074946466809, 0.1
934, 6447.0, 7, 6.895187165775401, 0.1
935, 6455.0, 8, 6.896367521367521, 0.1
936, 6463.0, 8, 6.897545357524013, 0.1
937, 6471.0, 8, 6.898720682302772, 0.1
938, 6479.0, 8, 6.89989350372737, 0.1
939, 6486.0, 7, 6.9, 0.1
940, 6493.0, 7, 6.900106269925611, 0.1
941, 6501.0, 8, 6.901273885350318, 0.1
942, 6508.0, 7, 6.901378579003182, 0.1
943, 6515.0, 7, 6.901483050847458, 0.1
944, 6523.0, 8, 6.902645502645503, 0.1
945, 6530.0, 7, 6.902748414376322, 0.1
946, 6538.0, 8, 6.903907074973601, 0.1
947, 6540.0, 2, 6.89873417721519, 0.1
948, 6547.0, 7, 6.898840885142255, 0.1
949, 6555.0, 8, 6.9, 0.1
950, 6556.0, 1, 6.893796004206099, 0.1
951, 6563.0, 7, 6.89390756302521, 0.1
952, 6571.0, 8, 6.895068205666317, 0.1
953, 6577.0, 6, 6.89412997903564, 0.1
954, 6583.0, 6, 6.893193717277487, 0.1
955, 6591.0, 8, 6.894351464435147, 0.1
956, 6599.0, 8, 6.895506792058516, 0.1
957, 6606.0, 7, 6.895615866388309, 0.1
958, 6610.0, 4, 6.89259645464025, 0.1
959, 6618.0, 8, 6.89375, 0.1
960, 6626.0, 8, 6.894901144640999, 0.1
961, 6632.0, 6, 6.893970893970894, 0.1
962, 6639.0, 7, 6.894080996884735, 0.1
963, 6646.0, 7, 6.894190871369295, 0.1
964, 6654.0, 8, 6.895336787564767, 0.1
965, 6660.0, 6, 6.894409937888199, 0.1
966, 6665.0, 5, 6.892450879007239, 0.1
967, 6672.0, 7, 6.892561983471074, 0.1
968, 6679.0, 7, 6.892672858617131, 0.1
969, 6687.0, 8, 6.893814432989691, 0.1
970, 6691.0, 4, 6.890834191555098, 0.1
971, 6699.0, 8, 6.8919753086419755, 0.1
972, 6707.0, 8, 6.89311408016444, 0.1
973, 6714.0, 7, 6.8932238193018485, 0.1
974, 6722.0, 8, 6.894358974358974, 0.1
975, 6729.0, 7, 6.894467213114754, 0.1
976, 6737.0, 8, 6.895598771750256, 0.1
977, 6744.0, 7, 6.895705521472393, 0.1
978, 6752.0, 8, 6.896833503575077, 0.1
979, 6759.0, 7, 6.896938775510204, 0.1
980, 6766.0, 7, 6.897043832823649, 0.1
981, 6771.0, 5, 6.895112016293279, 0.1
982, 6772.0, 1, 6.88911495422177, 0.1
983, 6778.0, 6, 6.888211382113822, 0.1
984, 6786.0, 8, 6.889340101522842, 0.1
985, 6790.0, 4, 6.886409736308316, 0.1
986, 6798.0, 8, 6.887537993920972, 0.1
987, 6805.0, 7, 6.887651821862348, 0.1
988, 6807.0, 2, 6.882709807886754, 0.1
989, 6815.0, 8, 6.883838383838384, 0.1
990, 6823.0, 8, 6.884964682139254, 0.1
991, 6830.0, 7, 6.88508064516129, 0.1
992, 6838.0, 8, 6.886203423967775, 0.1
993, 6843.0, 5, 6.8843058350100605, 0.1
994, 6849.0, 6, 6.883417085427135, 0.1
995, 6857.0, 8, 6.884538152610442, 0.1
996, 6865.0, 8, 6.885656970912739, 0.1
997, 6872.0, 7, 6.885771543086173, 0.1
998, 6880.0, 8, 6.886886886886887, 0.1
999, 6888.0, 8, 6.888, 0.1
1000, 6894.0, 6, 6.887112887112887, 0.1
1001, 6902.0, 8, 6.888223552894211, 0.1
1002, 6909.0, 7, 6.888334995014955, 0.1
1003, 6911.0, 2, 6.883466135458168, 0.1
1004, 6915.0, 4, 6.880597014925373, 0.1
1005, 6921.0, 6, 6.879721669980119, 0.1
1006, 6928.0, 7, 6.879841112214499, 0.1
1007, 6934.0, 6, 6.878968253968254, 0.1
1008, 6941.0, 7, 6.879088206144698, 0.1
1009, 6949.0, 8, 6.8801980198019805, 0.1
1010, 6950.0, 1, 6.874381800197824, 0.1
1011, 6958.0, 8, 6.875494071146245, 0.1
1012, 6965.0, 7, 6.8756169792694966, 0.1
1013, 6972.0, 7, 6.875739644970414, 0.1
1014, 6978.0, 6, 6.874876847290641, 0.1
1015, 6985.0, 7, 6.875, 0.1
1016, 6993.0, 8, 6.876106194690266, 0.1
1017, 7001.0, 8, 6.8772102161100195, 0.1
1018, 7008.0, 7, 6.877330716388617, 0.1
1019, 7016.0, 8, 6.87843137254902, 0.1
1020, 7024.0, 8, 6.879529872673849, 0.1
1021, 7030.0, 6, 6.87866927592955, 0.1
1022, 7031.0, 1, 6.872922776148583, 0.1
1023, 7038.0, 7, 6.873046875, 0.1
1024, 7045.0, 7, 6.873170731707317, 0.1
1025, 7051.0, 6, 6.872319688109162, 0.1
1026, 7058.0, 7, 6.872444011684518, 0.1
1027, 7066.0, 8, 6.873540856031128, 0.1
1028, 7073.0, 7, 6.873663751214772, 0.1
1029, 7081.0, 8, 6.874757281553398, 0.1
1030, 7082.0, 1, 6.86905916585839, 0.1
1031, 7089.0, 7, 6.869186046511628, 0.1
1032, 7096.0, 7, 6.869312681510165, 0.1
1033, 7102.0, 6, 6.868471953578337, 0.1
1034, 7109.0, 7, 6.868599033816425, 0.1
1035, 7116.0, 7, 6.8687258687258685, 0.1
1036, 7123.0, 7, 6.868852459016393, 0.1
1037, 7130.0, 7, 6.86897880539499, 0.1
1038, 7137.0, 7, 6.869104908565928, 0.1
1039, 7144.0, 7, 6.869230769230769, 0.1
1040, 7150.0, 6, 6.868395773294909, 0.1
1041, 7158.0, 8, 6.869481765834933, 0.1
1042, 7164.0, 6, 6.868648130393097, 0.1
1043, 7171.0, 7, 6.868773946360153, 0.1
1044, 7178.0, 7, 6.868899521531101, 0.1
1045, 7186.0, 8, 6.869980879541109, 0.1
1046, 7193.0, 7, 6.870105062082139, 0.1
1047, 7198.0, 5, 6.8683206106870225, 0.1
1048, 7199.0, 1, 6.862726406101048, 0.1
1049, 7206.0, 7, 6.862857142857143, 0.1
1050, 7212.0, 6, 6.862036156041865, 0.1
1051, 7218.0, 6, 6.861216730038023, 0.1
1052, 7226.0, 8, 6.862298195631529, 0.1
1053, 7233.0, 7, 6.862428842504744, 0.1
1054, 7237.0, 4, 6.859715639810426, 0.1
1055, 7242.0, 5, 6.857954545454546, 0.1
1056, 7244.0, 2, 6.853358561967833, 0.1
1057, 7252.0, 8, 6.854442344045369, 0.1
1058, 7259.0, 7, 6.854579792256846, 0.1
1059, 7266.0, 7, 6.854716981132076, 0.1
1060, 7272.0, 6, 6.853911404335532, 0.1
1061, 7279.0, 7, 6.854048964218456, 0.1
1062, 7287.0, 8, 6.855126999059266, 0.1
1063, 7294.0, 7, 6.855263157894737, 0.1
1064, 7302.0, 8, 6.856338028169014, 0.1
1065, 7310.0, 8, 6.857410881801126, 0.1
1066, 7317.0, 7, 6.857544517338332, 0.1
1067, 7324.0, 7, 6.857677902621723, 0.1
1068, 7330.0, 6, 6.856875584658559, 0.1
1069, 7337.0, 7, 6.857009345794393, 0.1
1070, 7343.0, 6, 6.856209150326797, 0.1
1071, 7350.0, 7, 6.856343283582089, 0.1
1072, 7358.0, 8, 6.857409133271203, 0.1
1073, 7366.0, 8, 6.8584729981378025, 0.1
1074, 7367.0, 1, 6.853023255813953, 0.1
1075, 7375.0, 8, 6.854089219330855, 0.1
1076, 7381.0, 6, 6.853296193129062, 0.1
1077, 7389.0, 8, 6.854359925788497, 0.1
1078, 7396.0, 7, 6.854494902687674, 0.1
1079, 7401.0, 5, 6.852777777777778, 0.1
1080, 7402.0, 1, 6.84736355226642, 0.1
1081, 7410.0, 8, 6.848428835489834, 0.1
1082, 7417.0, 7, 6.848568790397045, 0.1
1083, 7425.0, 8, 6.849630996309963, 0.1
1084, 7429.0, 4, 6.847004608294931, 0.1
1085, 7429.0, 0, 6.8406998158379375, 0.1
1086, 7436.0, 7, 6.840846366145354, 0.1
1087, 7443.0, 7, 6.840992647058823, 0.1
1088, 7450.0, 7, 6.841138659320477, 0.1
1089, 7457.0, 7, 6.841284403669725, 0.1
1090, 7465.0, 8, 6.8423464711274065, 0.1
1091, 7472.0, 7, 6.842490842490842, 0.1
1092, 7480.0, 8, 6.843549862763037, 0.1
1093, 7487.0, 7, 6.843692870201097, 0.1
1094, 7493.0, 6, 6.842922374429223, 0.1
1095, 7500.0, 7, 6.843065693430657, 0.1
1096, 7506.0, 6, 6.842297174111212, 0.1
1097, 7512.0, 6, 6.841530054644808, 0.1
1098, 7520.0, 8, 6.842584167424932, 0.1
1099, 7527.0, 7, 6.842727272727273, 0.1
1100, 7532.0, 5, 6.841053587647593, 0.1
1101, 7532.0, 0, 6.834845735027224, 0.1
1102, 7540.0, 8, 6.835902085222122, 0.1
1103, 7543.0, 3, 6.832427536231884, 0.1
1104, 7550.0, 7, 6.832579185520362, 0.1
1105, 7556.0, 6, 6.831826401446655, 0.1
1106, 7562.0, 6, 6.831074977416441, 0.1
1107, 7569.0, 7, 6.831227436823105, 0.1
1108, 7577.0, 8, 6.832281334535618, 0.1
1109, 7584.0, 7, 6.832432432432433, 0.1
1110, 7592.0, 8, 6.833483348334833, 0.1
1111, 7599.0, 7, 6.8336330935251794, 0.1
1112, 7606.0, 7, 6.833782569631627, 0.1
1113, 7613.0, 7, 6.833931777378815, 0.1
1114, 7621.0, 8, 6.834977578475336, 0.1
1115, 7628.0, 7, 6.835125448028674, 0.1
1116, 7635.0, 7, 6.835273052820054, 0.1
1117, 7643.0, 8, 6.836314847942755, 0.1
1118, 7649.0, 6, 6.835567470956211, 0.1
1119, 7656.0, 7, 6.835714285714285, 0.1
1120, 7663.0, 7, 6.8358608385370205, 0.1
1121, 7671.0, 8, 6.836898395721925, 0.1
1122, 7679.0, 8, 6.83793410507569, 0.1
1123, 7687.0, 8, 6.838967971530249, 0.1
1124, 7695.0, 8, 6.84, 0.1
1125, 7702.0, 7, 6.840142095914742, 0.1
1126, 7710.0, 8, 6.841171251109139, 0.1
1127, 7717.0, 7, 6.841312056737588, 0.1
1128, 7725.0, 8, 6.842338352524358, 0.1
1129, 7732.0, 7, 6.842477876106194, 0.1
1130, 7737.0, 5, 6.840848806366048, 0.1
1131, 7745.0, 8, 6.841872791519434, 0.1
1132, 7753.0, 8, 6.842894969108562, 0.1
1133, 7760.0, 7, 6.843033509700176, 0.1
1134, 7767.0, 7, 6.843171806167401, 0.1
1135, 7775.0, 8, 6.84419014084507, 0.1
1136, 7782.0, 7, 6.844327176781003, 0.1
1137, 7790.0, 8, 6.845342706502636, 0.1
1138, 7795.0, 5, 6.843722563652326, 0.1
1139, 7803.0, 8, 6.844736842105263, 0.1
1140, 7809.0, 6, 6.8439964943032425, 0.1
1141, 7814.0, 5, 6.842381786339755, 0.1
1142, 7821.0, 7, 6.84251968503937, 0.1
1143, 7828.0, 7, 6.8426573426573425, 0.1
1144, 7835.0, 7, 6.842794759825328, 0.1
1145, 7842.0, 7, 6.842931937172775, 0.1
1146, 7850.0, 8, 6.843940714908457, 0.1
1147, 7858.0, 8, 6.844947735191638, 0.1
1148, 7865.0, 7, 6.845082680591819, 0.1
1149, 7873.0, 8, 6.846086956521739, 0.1
1150, 7880.0, 7, 6.84622067767159, 0.1
1151, 7888.0, 8, 6.847222222222222, 0.1
1152, 7895.0, 7, 6.8473547267996535, 0.1
1153, 7903.0, 8, 6.848353552859619, 0.1
1154, 7910.0, 7, 6.848484848484849, 0.1
1155, 7917.0, 7, 6.848615916955017, 0.1
1156, 7924.0, 7, 6.848746758859118, 0.1
1157, 7931.0, 7, 6.84887737478411, 0.1
1158, 7939.0, 8, 6.8498705780845555, 0.1
1159, 7946.0, 7, 6.85, 0.1
1160, 7954.0, 8, 6.85099052540913, 0.1
1161, 7959.0, 5, 6.849397590361446, 0.1
1162, 7965.0, 6, 6.848667239896819, 0.1
1163, 7973.0, 8, 6.849656357388316, 0.1
1164, 7979.0, 6, 6.848927038626609, 0.1
1165, 7987.0, 8, 6.84991423670669, 0.1
1166, 7993.0, 6, 6.849185946872322, 0.1
1167, 8001.0, 8, 6.850171232876712, 0.1
1168, 8008.0, 7, 6.850299401197605, 0.1
1169, 8014.0, 6, 6.849572649572649, 0.1
1170, 8019.0, 5, 6.84799316823228, 0.1
1171, 8025.0, 6, 6.847269624573379, 0.1
1172, 8029.0, 4, 6.844842284739983, 0.1
1173, 8037.0, 8, 6.845826235093697, 0.1
1174, 8045.0, 8, 6.846808510638298, 0.1
1175, 8053.0, 8, 6.8477891156462585, 0.1
1176, 8058.0, 5, 6.846219201359388, 0.1
1177, 8065.0, 7, 6.84634974533107, 0.1
1178, 8073.0, 8, 6.847328244274809, 0.1
1179, 8079.0, 6, 6.846610169491526, 0.1
1180, 8085.0, 6, 6.845893310753599, 0.1
1181, 8085.0, 0, 6.840101522842639, 0.1
1182, 8093.0, 8, 6.841081994928149, 0.1
1183, 8100.0, 7, 6.841216216216216, 0.1
1184, 8107.0, 7, 6.8413502109704645, 0.1
1185, 8113.0, 6, 6.840640809443507, 0.1
1186, 8118.0, 5, 6.839090143218197, 0.1
1187, 8126.0, 8, 6.84006734006734, 0.1
1188, 8134.0, 8, 6.841042893187552, 0.1
1189, 8142.0, 8, 6.842016806722689, 0.1
1190, 8148.0, 6, 6.841309823677582, 0.1
1191, 8154.0, 6, 6.840604026845638, 0.1
1192, 8161.0, 7, 6.840737636211232, 0.1
1193, 8169.0, 8, 6.841708542713568, 0.1
1194, 8177.0, 8, 6.842677824267782, 0.1
1195, 8185.0, 8, 6.843645484949833, 0.1
1196, 8192.0, 7, 6.843776106934001, 0.1
1197, 8200.0, 8, 6.844741235392321, 0.1
1198, 8205.0, 5, 6.843202668890743, 0.1
1199, 8213.0, 8, 6.844166666666666, 0.1
1200, 8219.0, 6, 6.843463780183181, 0.1
1201, 8227.0, 8, 6.844425956738768, 0.1
1202, 8232.0, 5, 6.842892768079801, 0.1
1203, 8238.0, 6, 6.842192691029901, 0.1
1204, 8242.0, 4, 6.839834024896265, 0.1
1205, 8249.0, 7, 6.839966832504146, 0.1
1206, 8256.0, 7, 6.84009942004971, 0.1
1207, 8263.0, 7, 6.84023178807947, 0.1
1208, 8271.0, 8, 6.841191066997519, 0.1
1209, 8278.0, 7, 6.841322314049587, 0.1
1210, 8286.0, 8, 6.842279108175062, 0.1
1211, 8289.0, 3, 6.839108910891089, 0.1
1212, 8291.0, 2, 6.835119538334707, 0.1
1213, 8298.0, 7, 6.835255354200989, 0.1
1214, 8304.0, 6, 6.834567901234568, 0.1
1215, 8310.0, 6, 6.833881578947368, 0.1
1216, 8318.0, 8, 6.834839769926048, 0.1
1217, 8326.0, 8, 6.835796387520525, 0.1
1218, 8334.0, 8, 6.836751435602953, 0.1
1219, 8342.0, 8, 6.837704918032787, 0.1
1220, 8350.0, 8, 6.8386568386568385, 0.1
1221, 8356.0, 6, 6.837970540098199, 0.1
1222, 8363.0, 7, 6.838103025347506, 0.1
1223, 8371.0, 8, 6.8390522875816995, 0.1
1224, 8377.0, 6, 6.838367346938775, 0.1
1225, 8384.0, 7, 6.838499184339315, 0.1
1226, 8392.0, 8, 6.839445802770986, 0.1
1227, 8399.0, 7, 6.83957654723127, 0.1
1228, 8406.0, 7, 6.839707078925956, 0.1
1229, 8414.0, 8, 6.840650406504065, 0.1
1230, 8414.0, 0, 6.835093419983753, 0.1
1231, 8419.0, 5, 6.833603896103896, 0.1
1232, 8426.0, 7, 6.833738848337388, 0.1
1233, 8434.0, 8, 6.834683954619125, 0.1
1234, 8439.0, 5, 6.8331983805668015, 0.1
1235, 8446.0, 7, 6.833333333333333, 0.1
1236, 8454.0, 8, 6.834276475343573, 0.1
1237, 8461.0, 7, 6.834410339256866, 0.1
1238, 8468.0, 7, 6.83454398708636, 0.1
1239, 8476.0, 8, 6.835483870967742, 0.1
1240, 8482.0, 6, 6.8348106365834, 0.1
1241, 8489.0, 7, 6.834943639291465, 0.1
1242, 8497.0, 8, 6.835880933226066, 0.1
1243, 8505.0, 8, 6.836816720257235, 0.1
1244, 8512.0, 7, 6.836947791164659, 0.1
1245, 8519.0, 7, 6.837078651685394, 0.1
1246, 8527.0, 8, 6.838011226944667, 0.1
1247, 8535.0, 8, 6.8389423076923075, 0.1
1248, 8543.0, 8, 6.839871897518014, 0.1
1249, 8547.0, 4, 6.8376, 0.1
1250, 8554.0, 7, 6.837729816147083, 0.1
1251, 8562.0, 8, 6.838658146964856, 0.1
1252, 8570.0, 8, 6.839584996009577, 0.1
1253, 8576.0, 6, 6.838915470494418, 0.1
1254, 8584.0, 8, 6.839840637450199, 0.1
1255, 8591.0, 7, 6.839968152866242, 0.1
1256, 8598.0, 7, 6.840095465393794, 0.1
1257, 8606.0, 8, 6.841017488076312, 0.1
1258, 8614.0, 8, 6.841938046068308, 0.1
1259, 8621.0, 7, 6.842063492063492, 0.1
1260, 8629.0, 8, 6.842981760507533, 0.1
1261, 8636.0, 7, 6.84310618066561, 0.1
1262, 8643.0, 7, 6.843230403800475, 0.1
1263, 8646.0, 3, 6.840189873417722, 0.1
1264, 8652.0, 6, 6.839525691699604, 0.1
1265, 8659.0, 7, 6.839652448657188, 0.1
1266, 8666.0, 7, 6.8397790055248615, 0.1
1267, 8674.0, 8, 6.840694006309148, 0.1
1268, 8682.0, 8, 6.84160756501182, 0.1
1269, 8689.0, 7, 6.841732283464567, 0.1
1270, 8695.0, 6, 6.841070023603462, 0.1
1271, 8703.0, 8, 6.841981132075472, 0.1
1272, 8711.0, 8, 6.842890809112333, 0.1
1273, 8718.0, 7, 6.843014128728415, 0.1
1274, 8724.0, 6, 6.842352941176471, 0.1
1275, 8728.0, 4, 6.84012539184953, 0.1
1276, 8728.0, 0, 6.8347689898198905, 0.1
1277, 8736.0, 8, 6.835680751173709, 0.1
1278, 8744.0, 8, 6.836591086786552, 0.1
1279, 8748.0, 4, 6.834375, 0.1
1280, 8749.0, 1, 6.829820452771273, 0.1
1281, 8757.0, 8, 6.830733229329173, 0.1
1282, 8763.0, 6, 6.830085736554949, 0.1
1283, 8768.0, 5, 6.8286604361370715, 0.1
1284, 8776.0, 8, 6.829571984435797, 0.1
1285, 8784.0, 8, 6.830482115085537, 0.1
1286, 8792.0, 8, 6.831390831390832, 0.1
1287, 8800.0, 8, 6.832298136645963, 0.1
1288, 8807.0, 7, 6.832428238944918, 0.1
1289, 8814.0, 7, 6.832558139534884, 0.1
1290, 8821.0, 7, 6.832687838884586, 0.1
1291, 8827.0, 6, 6.83204334365325, 0.1
1292, 8833.0, 6, 6.831399845320959, 0.1
1293, 8840.0, 7, 6.831530139103555, 0.1
1294, 8848.0, 8, 6.832432432432433, 0.1
1295, 8855.0, 7, 6.832561728395062, 0.1
1296, 8862.0, 7, 6.832690824980725, 0.1
1297, 8869.0, 7, 6.832819722650231, 0.1
1298, 8876.0, 7, 6.832948421862971, 0.1
1299, 8884.0, 8, 6.833846153846154, 0.1
1300, 8889.0, 5, 6.832436587240585, 0.1
1301, 8896.0, 7, 6.832565284178187, 0.1
1302, 8903.0, 7, 6.832693783576362, 0.1
1303, 8910.0, 7, 6.83282208588957, 0.1
1304, 8915.0, 5, 6.831417624521073, 0.1
1305, 8922.0, 7, 6.831546707503828, 0.1
1306, 8930.0, 8, 6.832440703902066, 0.1
1307, 8937.0, 7, 6.83256880733945, 0.1
1308, 8945.0, 8, 6.833460656990069, 0.1
1309, 8949.0, 4, 6.831297709923664, 0.1
1310, 8957.0, 8, 6.832189168573608, 0.1
1311, 8965.0, 8, 6.833079268292683, 0.1
1312, 8972.0, 7, 6.833206397562833, 0.1
1313, 8979.0, 7, 6.833333333333333, 0.1
1314, 8981.0, 2, 6.829657794676806, 0.1
1315, 8989.0, 8, 6.830547112462006, 0.1
1316, 8994.0, 5, 6.829157175398633, 0.1
1317, 9002.0, 8, 6.830045523520486, 0.1
1318, 9009.0, 7, 6.830174374526156, 0.1
1319, 9017.0, 8, 6.831060606060606, 0.1
1320, 9025.0, 8, 6.831945495836488, 0.1
1321, 9033.0, 8, 6.832829046898638, 0.1
1322, 9041.0, 8, 6.833711262282691, 0.1
1323, 9049.0, 8, 6.8345921450151055, 0.1
1324, 9057.0, 8, 6.835471698113207, 0.1
1325, 9065.0, 8, 6.836349924585218, 0.1
1326, 9073.0, 8, 6.837226827430294, 0.1
1327, 9080.0, 7, 6.837349397590361, 0.1
1328, 9088.0, 8, 6.8382242287434165, 0.1
1329, 9092.0, 4, 6.83609022556391, 0.1
1330, 9100.0, 8, 6.8369646882043575, 0.1
1331, 9106.0, 6, 6.836336336336337, 0.1
1332, 9114.0, 8, 6.837209302325581, 0.1
1333, 9121.0, 7, 6.837331334332833, 0.1
1334, 9128.0, 7, 6.8374531835206, 0.1
1335, 9136.0, 8, 6.838323353293413, 0.1
1336, 9143.0, 7, 6.838444278234854, 0.1
1337, 9147.0, 4, 6.836322869955157, 0.1
1338, 9155.0, 8, 6.837191934279313, 0.1
1339, 9162.0, 7, 6.8373134328358205, 0.1
1340, 9169.0, 7, 6.837434750186428, 0.1
1341, 9177.0, 8, 6.838301043219076, 0.1
1342, 9184.0, 7, 6.838421444527178, 0.1
1343, 9190.0, 6, 6.837797619047619, 0.1
1344, 9197.0, 7, 6.837918215613383, 0.1
1345, 9205.0, 8, 6.838781575037147, 0.1
1346, 9212.0, 7, 6.838901262063845, 0.1
1347, 9213.0, 1, 6.834569732937686, 0.1
1348, 9220.0, 7, 6.834692364714604, 0.1
1349, 9222.0, 2, 6.831111111111111, 0.1
1350, 9230.0, 8, 6.831976313841599, 0.1
1351, 9238.0, 8, 6.8328402366863905, 0.1
1352, 9244.0, 6, 6.832224685883222, 0.1
1353, 9252.0, 8, 6.833087149187592, 0.1
1354, 9259.0, 7, 6.833210332103321, 0.1
1355, 9267.0, 8, 6.834070796460177, 0.1
1356, 9275.0, 8, 6.834929992630803, 0.1
1357, 9283.0, 8, 6.835787923416789, 0.1
1358, 9290.0, 7, 6.835908756438558, 0.1
1359, 9298.0, 8, 6.836764705882353, 0.1
1360, 9305.0, 7, 6.836884643644379, 0.1
1361, 9313.0, 8, 6.837738619676946, 0.1
1362, 9320.0, 7, 6.837857666911225, 0.1
1363, 9327.0, 7, 6.837976539589443, 0.1
1364, 9333.0, 6, 6.837362637362637, 0.1
1365, 9339.0, 6, 6.83674963396779, 0.1
1366, 9347.0, 8, 6.837600585223116, 0.1
1367, 9354.0, 7, 6.837719298245614, 0.1
1368, 9362.0, 8, 6.838568298027758, 0.1
1369, 9369.0, 7, 6.838686131386861, 0.1
1370, 9374.0, 5, 6.837345003646973, 0.1
1371, 9382.0, 8, 6.838192419825073, 0.1
1372, 9389.0, 7, 6.838310269482884, 0.1
1373, 9395.0, 6, 6.837700145560407, 0.1
1374, 9403.0, 8, 6.8385454545454545, 0.1
1375, 9410.0, 7, 6.838662790697675, 0.1
1376, 9417.0, 7, 6.8387799564270155, 0.1
1377, 9425.0, 8, 6.839622641509434, 0.1
1378, 9433.0, 8, 6.8404641044234955, 0.1
1379, 9441.0, 8, 6.841304347826087, 0.1
1380, 9448.0, 7, 6.841419261404779, 0.1
1381, 9456.0, 8, 6.842257597684515, 0.1
1382, 9462.0, 6, 6.841648590021692, 0.1
1383, 9470.0, 8, 6.842485549132948, 0.1
1384, 9478.0, 8, 6.84332129963899, 0.1
1385, 9484.0, 6, 6.842712842712842, 0.1
1386, 9492.0, 8, 6.843547224224946, 0.1
1387, 9500.0, 8, 6.844380403458214, 0.1
1388, 9506.0, 6, 6.843772498200144, 0.1
1389, 9513.0, 7, 6.843884892086331, 0.1
1390, 9521.0, 8, 6.844716031631919, 0.1
1391, 9525.0, 4, 6.842672413793103, 0.1
1392, 9533.0, 8, 6.8435032304379035, 0.1
1393, 9539.0, 6, 6.8428981348637015, 0.1
1394, 9540.0, 1, 6.838709677419355, 0.1
1395, 9547.0, 7, 6.838825214899713, 0.1
1396, 9555.0, 8, 6.83965640658554, 0.1
1397, 9559.0, 4, 6.837625178826896, 0.1
1398, 9567.0, 8, 6.838456040028592, 0.1
1399, 9568.0, 1, 6.8342857142857145, 0.1
1400, 9576.0, 8, 6.835117773019272, 0.1
1401, 9582.0, 6, 6.834522111269615, 0.1
1402, 9590.0, 8, 6.835352815395581, 0.1
1403, 9596.0, 6, 6.834757834757835, 0.1
1404, 9603.0, 7, 6.834875444839858, 0.1
1405, 9611.0, 8, 6.835704125177809, 0.1
1406, 9617.0, 6, 6.835110163468372, 0.1
1407, 9624.0, 7, 6.8352272727272725, 0.1
1408, 9631.0, 7, 6.835344215755855, 0.1
1409, 9637.0, 6, 6.834751773049645, 0.1
1410, 9644.0, 7, 6.834868887313962, 0.1
1411, 9649.0, 5, 6.8335694050991505, 0.1
1412, 9655.0, 6, 6.8329794762915785, 0.1
1413, 9661.0, 6, 6.832390381895332, 0.1
1414, 9669.0, 8, 6.833215547703181, 0.1
1415, 9677.0, 8, 6.834039548022599, 0.1
1416, 9684.0, 7, 6.8341566690190545, 0.1
1417, 9692.0, 8, 6.8349788434414664, 0.1
1418, 9699.0, 7, 6.835095137420719, 0.1
1419, 9703.0, 4, 6.833098591549295, 0.1
1420, 9711.0, 8, 6.833919774806474, 0.1
1421, 9718.0, 7, 6.834036568213784, 0.1
1422, 9724.0, 6, 6.833450456781447, 0.1
1423, 9732.0, 8, 6.834269662921348, 0.1
1424, 9738.0, 6, 6.833684210526315, 0.1
1425, 9746.0, 8, 6.834502103786816, 0.1
1426, 9754.0, 8, 6.83531885073581, 0.1
1427, 9761.0, 7, 6.8354341736694675, 0.1
1428, 9764.0, 3, 6.832750174947516, 0.1
1429, 9771.0, 7, 6.832867132867133, 0.1
1430, 9778.0, 7, 6.83298392732355, 0.1
1431, 9786.0, 8, 6.833798882681564, 0.1
1432, 9794.0, 8, 6.834612700628053, 0.1
1433, 9799.0, 5, 6.833333333333333, 0.1
1434, 9807.0, 8, 6.8341463414634145, 0.1
1435, 9814.0, 7, 6.834261838440112, 0.1
1436, 9820.0, 6, 6.833681280445372, 0.1
1437, 9823.0, 3, 6.831015299026426, 0.1
1438, 9831.0, 8, 6.8318276580959, 0.1
1439, 9837.0, 6, 6.83125, 0.1
1440, 9844.0, 7, 6.831367106176266, 0.1
1441, 9852.0, 8, 6.832177531206657, 0.1
1442, 9859.0, 7, 6.832293832293832, 0.1
1443, 9867.0, 8, 6.833102493074792, 0.1
1444, 9874.0, 7, 6.833217993079585, 0.1
1445, 9882.0, 8, 6.83402489626556, 0.1
1446, 9889.0, 7, 6.834139599170698, 0.1
1447, 9893.0, 4, 6.832182320441989, 0.1
1448, 9901.0, 8, 6.832988267770877, 0.1
1449, 9908.0, 7, 6.833103448275862, 0.1
1450, 9916.0, 8, 6.833907649896623, 0.1
1451, 9923.0, 7, 6.834022038567493, 0.1
1452, 9931.0, 8, 6.8348245010323465, 0.1
1453, 9935.0, 4, 6.832874828060523, 0.1
1454, 9942.0, 7, 6.832989690721649, 0.1
1455, 9950.0, 8, 6.833791208791209, 0.1
1456, 9955.0, 5, 6.832532601235415, 0.1
1457, 9963.0, 8, 6.833333333333333, 0.1
1458, 9967.0, 4, 6.831391363947909, 0.1
1459, 9967.0, 0, 6.826712328767123, 0.1
1460, 9975.0, 8, 6.827515400410678, 0.1
1461, 9980.0, 5, 6.826265389876881, 0.1
1462, 9985.0, 5, 6.825017088174983, 0.1
1463, 9993.0, 8, 6.825819672131147, 0.1
1464, 10000.0, 7, 6.825938566552901, 0.1
1465, 10006.0, 6, 6.82537517053206, 0.1
1466, 10014.0, 8, 6.826175869120655, 0.1
1467, 10019.0, 5, 6.824931880108992, 0.1
1468, 10027.0, 8, 6.825731790333561, 0.1
1469, 10035.0, 8, 6.826530612244898, 0.1
1470, 10043.0, 8, 6.827328348062543, 0.1
1471, 10049.0, 6, 6.826766304347826, 0.1
1472, 10056.0, 7, 6.826883910386965, 0.1
1473, 10064.0, 8, 6.8276797829036635, 0.1
1474, 10070.0, 6, 6.827118644067797, 0.1
1475, 10078.0, 8, 6.827913279132791, 0.1
1476, 10085.0, 7, 6.828029790115099, 0.1
1477, 10093.0, 8, 6.828822733423546, 0.1
1478, 10100.0, 7, 6.8289384719405, 0.1
1479, 10107.0, 7, 6.829054054054054, 0.1
1480, 10112.0, 5, 6.827819041188386, 0.1
1481, 10113.0, 1, 6.823886639676114, 0.1
1482, 10119.0, 6, 6.823331085637222, 0.1
1483, 10126.0, 7, 6.82345013477089, 0.1
1484, 10134.0, 8, 6.824242424242424, 0.1
1485, 10142.0, 8, 6.825033647375505, 0.1
1486, 10147.0, 5, 6.823806321452589, 0.1
1487, 10155.0, 8, 6.824596774193548, 0.1
1488, 10162.0, 7, 6.824714573539288, 0.1
1489, 10169.0, 7, 6.824832214765101, 0.1
1490, 10175.0, 6, 6.824279007377599, 0.1
1491, 10183.0, 8, 6.825067024128686, 0.1
1492, 10189.0, 6, 6.824514400535834, 0.1
1493, 10197.0, 8, 6.825301204819277, 0.1
1494, 10204.0, 7, 6.825418060200669, 0.1
1495, 10211.0, 7, 6.8255347593582885, 0.1
1496, 10219.0, 8, 6.826319305277221, 0.1
1497, 10227.0, 8, 6.827102803738318, 0.1
1498, 10235.0, 8, 6.827885256837892, 0.1
1499, 10243.0, 8, 6.828666666666667, 0.1
1500, 10249.0, 6, 6.8281145902731515, 0.1
1501, 10257.0, 8, 6.828894806924101, 0.1
1502, 10264.0, 7, 6.829008649367931, 0.1
1503, 10271.0, 7, 6.829122340425532, 0.1
1504, 10279.0, 8, 6.829900332225914, 0.1
1505, 10287.0, 8, 6.830677290836653, 0.1
1506, 10295.0, 8, 6.8314532183145324, 0.1
1507, 10302.0, 7, 6.8315649867374, 0.1
1508, 10309.0, 7, 6.831676607024519, 0.1
1509, 10317.0, 8, 6.832450331125828, 0.1
1510, 10324.0, 7, 6.832561217736599, 0.1
1511, 10332.0, 8, 6.833333333333333, 0.1
1512, 10340.0, 8, 6.834104428288169, 0.1
1513, 10346.0, 6, 6.833553500660502, 0.1
1514, 10354.0, 8, 6.8343234323432345, 0.1
1515, 10360.0, 6, 6.83377308707124, 0.1
1516, 10368.0, 8, 6.834541858932103, 0.1
1517, 10375.0, 7, 6.834650856389987, 0.1
1518, 10382.0, 7, 6.834759710335748, 0.1
1519, 10390.0, 8, 6.8355263157894735, 0.1
1520, 10397.0, 7, 6.835634451019066, 0.1
1521, 10401.0, 4, 6.83377135348226, 0.1
1522, 10409.0, 8, 6.834537097833224, 0.1
1523, 10417.0, 8, 6.835301837270341, 0.1
1524, 10425.0, 8, 6.836065573770492, 0.1
1525, 10429.0, 4, 6.834207077326344, 0.1
1526, 10437.0, 8, 6.834970530451867, 0.1
1527, 10444.0, 7, 6.835078534031414, 0.1
1528, 10451.0, 7, 6.835186396337475, 0.1
1529, 10459.0, 8, 6.8359477124183, 0.1
1530, 10466.0, 7, 6.8360548661005875, 0.1
1531, 10474.0, 8, 6.836814621409921, 0.1
1532, 10482.0, 8, 6.837573385518591, 0.1
1533, 10490.0, 8, 6.838331160365058, 0.1
1534, 10495.0, 5, 6.837133550488599, 0.1
1535, 10503.0, 8, 6.837890625, 0.1
1536, 10509.0, 6, 6.837345478204294, 0.1
1537, 10515.0, 6, 6.836801040312094, 0.1
1538, 10523.0, 8, 6.837556855100715, 0.1
1539, 10524.0, 1, 6.833766233766234, 0.1
1540, 10530.0, 6, 6.833225178455549, 0.1
1541, 10538.0, 8, 6.833981841763943, 0.1
1542, 10545.0, 7, 6.834089436163318, 0.1
1543, 10553.0, 8, 6.834844559585492, 0.1
1544, 10560.0, 7, 6.834951456310679, 0.1
1545, 10566.0, 6, 6.834411384217335, 0.1
1546, 10574.0, 8, 6.835164835164835, 0.1
1547, 10581.0, 7, 6.8352713178294575, 0.1
1548, 10588.0, 7, 6.8353776630083924, 0.1
1549, 10596.0, 8, 6.836129032258064, 0.1
1550, 10602.0, 6, 6.835589941972921, 0.1
1551, 10608.0, 6, 6.835051546391752, 0.1
1552, 10616.0, 8, 6.835801674179009, 0.1
1553, 10624.0, 8, 6.8365508365508365, 0.1
1554, 10632.0, 8, 6.837299035369775, 0.1
1555, 10640.0, 8, 6.838046272493573, 0.1
1556, 10645.0, 5, 6.836865767501606, 0.1
1557, 10651.0, 6, 6.83632862644416, 0.1
1558, 10658.0, 7, 6.836433611289288, 0.1
1559, 10665.0, 7, 6.836538461538462, 0.1
1560, 10665.0, 0, 6.832158872517617, 0.1
1561, 10673.0, 8, 6.832906530089629, 0.1
1562, 10681.0, 8, 6.833653230966091, 0.1
1563, 10687.0, 6, 6.83312020460358, 0.1
1564, 10695.0, 8, 6.833865814696486, 0.1
1565, 10703.0, 8, 6.834610472541507, 0.1
1566, 10711.0, 8, 6.83535417996171, 0.1
1567, 10712.0, 1, 6.831632653061225, 0.1
1568, 10716.0, 4, 6.829827915869981, 0.1
1569, 10718.0, 2, 6.826751592356688, 0.1
1570, 10726.0, 8, 6.827498408656907, 0.1
1571, 10734.0, 8, 6.82824427480916, 0.1
1572, 10741.0, 7, 6.828353464717101, 0.1
1573, 10745.0, 4, 6.826556543837357, 0.1
1574, 10751.0, 6, 6.826031746031746, 0.1
1575, 10757.0, 6, 6.825507614213198, 0.1
1576, 10765.0, 8, 6.826252377932784, 0.1
1577, 10772.0, 7, 6.826362484157161, 0.1
1578, 10780.0, 8, 6.827105763141229, 0.1
1579, 10783.0, 3, 6.824683544303798, 0.1
1580, 10790.0, 7, 6.824794433902594, 0.1
1581, 10798.0, 8, 6.825537294563843, 0.1
1582, 10805.0, 7, 6.82564750473784, 0.1
1583, 10812.0, 7, 6.825757575757576, 0.1
1584, 10819.0, 7, 6.825867507886436, 0.1
1585, 10819.0, 0, 6.82156368221942, 0.1
1586, 10825.0, 6, 6.821045998739761, 0.1
1587, 10833.0, 8, 6.821788413098237, 0.1
1588, 10840.0, 7, 6.821900566393959, 0.1
1589, 10848.0, 8, 6.8226415094339625, 0.1
1590, 10855.0, 7, 6.8227529855436835, 0.1
1591, 10857.0, 2, 6.819723618090452, 0.1
1592, 10865.0, 8, 6.8204645323289395, 0.1
1593, 10871.0, 6, 6.8199498117942285, 0.1
1594, 10878.0, 7, 6.820062695924765, 0.1
1595, 10885.0, 7, 6.8201754385964914, 0.1
1596, 10885.0, 0, 6.815904821540388, 0.1
1597, 10892.0, 7, 6.816020025031289, 0.1
1598, 10899.0, 7, 6.816135084427767, 0.1
1599, 10906.0, 7, 6.81625, 0.1
1600, 10914.0, 8, 6.8169893816364775, 0.1
1601, 10921.0, 7, 6.817103620474407, 0.1
1602, 10928.0, 7, 6.817217716781036, 0.1
1603, 10936.0, 8, 6.817955112219451, 0.1
1604, 10937.0, 1, 6.814330218068536, 0.1
1605, 10942.0, 5, 6.813200498132005, 0.1
1606, 10946.0, 4, 6.811449906658369, 0.1
1607, 10953.0, 7, 6.811567164179104, 0.1
1608, 10961.0, 8, 6.81230577998757, 0.1
1609, 10969.0, 8, 6.8130434782608695, 0.1
1610, 10977.0, 8, 6.813780260707635, 0.1
1611, 10984.0, 7, 6.813895781637717, 0.1
1612, 10990.0, 6, 6.813391196528208, 0.1
1613, 10997.0, 7, 6.813506815365551, 0.1
1614, 11005.0, 8, 6.814241486068111, 0.1
1615, 11011.0, 6, 6.813737623762377, 0.1
1616, 11019.0, 8, 6.8144712430426715, 0.1
1617, 11025.0, 6, 6.813967861557479, 0.1
1618, 11033.0, 8, 6.814700432365658, 0.1
1619, 11041.0, 8, 6.815432098765432, 0.1
1620, 11049.0, 8, 6.816162862430598, 0.1
1621, 11057.0, 8, 6.816892725030826, 0.1
1622, 11064.0, 7, 6.817005545286507, 0.1
1623, 11071.0, 7, 6.817118226600985, 0.1
1624, 11078.0, 7, 6.817230769230769, 0.1
1625, 11085.0, 7, 6.817343173431734, 0.1
1626, 11093.0, 8, 6.818070067609097, 0.1
1627, 11101.0, 8, 6.818796068796069, 0.1
1628, 11108.0, 7, 6.81890730509515, 0.1
1629, 11116.0, 8, 6.8196319018404905, 0.1
1630, 11124.0, 8, 6.820355610055181, 0.1
1631, 11129.0, 5, 6.8192401960784315, 0.1
1632, 11137.0, 8, 6.819963257807716, 0.1
1633, 11144.0, 7, 6.820073439412485, 0.1
1634, 11151.0, 7, 6.820183486238532, 0.1
1635, 11158.0, 7, 6.820293398533007, 0.1
1636, 11164.0, 6, 6.819792302993281, 0.1
1637, 11172.0, 8, 6.82051282051282, 0.1
1638, 11179.0, 7, 6.820622330689445, 0.1
1639, 11187.0, 8, 6.821341463414634, 0.1
1640, 11193.0, 6, 6.8208409506398535, 0.1
1641, 11199.0, 6, 6.820341047503045, 0.1
1642, 11207.0, 8, 6.821059038344492, 0.1
1643, 11215.0, 8, 6.821776155717761, 0.1
1644, 11223.0, 8, 6.822492401215806, 0.1
1645, 11229.0, 6, 6.821992709599028, 0.1
1646, 11235.0, 6, 6.821493624772313, 0.1
1647, 11243.0, 8, 6.822208737864078, 0.1
1648, 11249.0, 6, 6.821710127349909, 0.1
1649, 11257.0, 8, 6.822424242424242, 0.1
1650, 11265.0, 8, 6.823137492428831, 0.1
1651, 11272.0, 7, 6.823244552058111, 0.1
1652, 11277.0, 5, 6.822141560798548, 0.1
1653, 11284.0, 7, 6.822249093107618, 0.1
1654, 11291.0, 7, 6.822356495468278, 0.1
1655, 11299.0, 8, 6.8230676328502415, 0.1
1656, 11304.0, 5, 6.821967410983706, 0.1
1657, 11310.0, 6, 6.821471652593486, 0.1
1658, 11317.0, 7, 6.821579264617239, 0.1
1659, 11324.0, 7, 6.821686746987952, 0.1
1660, 11331.0, 7, 6.821794099939796, 0.1
1661, 11339.0, 8, 6.8225030084235865, 0.1
1662, 11342.0, 3, 6.820204449789537, 0.1
1663, 11350.0, 8, 6.820913461538462, 0.1
1664, 11357.0, 7, 6.821021021021021, 0.1
1665, 11362.0, 5, 6.819927971188475, 0.1
1666, 11369.0, 7, 6.82003599280144, 0.1
1667, 11376.0, 7, 6.820143884892087, 0.1
1668, 11384.0, 8, 6.820850808867585, 0.1
1669, 11387.0, 3, 6.818562874251497, 0.1
1670, 11393.0, 6, 6.818073010173549, 0.1
1671, 11400.0, 7, 6.818181818181818, 0.1
1672, 11407.0, 7, 6.818290496114764, 0.1
1673, 11415.0, 8, 6.818996415770609, 0.1
1674, 11415.0, 0, 6.8149253731343284, 0.1
1675, 11421.0, 6, 6.814439140811456, 0.1
1676, 11429.0, 8, 6.815146094215861, 0.1
1677, 11436.0, 7, 6.815256257449344, 0.1
1678, 11443.0, 7, 6.8153662894580105, 0.1
1679, 11450.0, 7, 6.815476190476191, 0.1
1680, 11457.0, 7, 6.815585960737656, 0.1
1681, 11464.0, 7, 6.815695600475625, 0.1
1682, 11466.0, 2, 6.81283422459893, 0.1
1683, 11471.0, 5, 6.811757719714964, 0.1
1684, 11475.0, 4, 6.810089020771513, 0.1
1685, 11482.0, 7, 6.810201660735468, 0.1
1686, 11487.0, 5, 6.809128630705394, 0.1
1687, 11494.0, 7, 6.809241706161138, 0.1
1688, 11501.0, 7, 6.809354647720545, 0.1
1689, 11509.0, 8, 6.810059171597633, 0.1
1690, 11517.0, 8, 6.810762862211709, 0.1
1691, 11524.0, 7, 6.8108747044917255, 0.1
1692, 11528.0, 4, 6.809214412285883, 0.1
1693, 11536.0, 8, 6.809917355371901, 0.1
1694, 11543.0, 7, 6.810029498525074, 0.1
1695, 11544.0, 1, 6.806603773584905, 0.1
1696, 11550.0, 6, 6.80612846199175, 0.1
1697, 11557.0, 7, 6.806242638398116, 0.1
1698, 11564.0, 7, 6.806356680400236, 0.1
1699, 11570.0, 6, 6.805882352941176, 0.1
1700, 11577.0, 7, 6.805996472663139, 0.1
1701, 11584.0, 7, 6.806110458284372, 0.1
1702, 11592.0, 8, 6.8068115091015855, 0.1
1703, 11599.0, 7, 6.806924882629108, 0.1
1704, 11606.0, 7, 6.807038123167155, 0.1
1705, 11612.0, 6, 6.8065650644783116, 0.1
1706, 11620.0, 8, 6.807264206209725, 0.1
1707, 11626.0, 6, 6.806791569086651, 0.1
1708, 11627.0, 1, 6.803393797542422, 0.1
1709, 11635.0, 8, 6.804093567251462, 0.1
1710, 11641.0, 6, 6.803623611922852, 0.1
1711, 11648.0, 7, 6.803738317757009, 0.1
1712, 11656.0, 8, 6.804436660828955, 0.1
1713, 11664.0, 8, 6.805134189031505, 0.1
1714, 11672.0, 8, 6.8058309037900875, 0.1
1715, 11679.0, 7, 6.805944055944056, 0.1
1716, 11687.0, 8, 6.80663948747816, 0.1
1717, 11694.0, 7, 6.806752037252619, 0.1
1718, 11701.0, 7, 6.806864456079116, 0.1
1719, 11707.0, 6, 6.806395348837209, 0.1
1720, 11715.0, 8, 6.807088901801278, 0.1
1721, 11722.0, 7, 6.807200929152149, 0.1
1722, 11730.0, 8, 6.807893209518282, 0.1
1723, 11737.0, 7, 6.808004640371229, 0.1
1724, 11744.0, 7, 6.808115942028985, 0.1
1725, 11752.0, 8, 6.8088064889918885, 0.1
1726, 11755.0, 3, 6.806601042269832, 0.1
1727, 11761.0, 6, 6.8061342592592595, 0.1
1728, 11769.0, 8, 6.806824754193175, 0.1
1729, 11771.0, 2, 6.804046242774566, 0.1
1730, 11779.0, 8, 6.80473714615829, 0.1
1731, 11785.0, 6, 6.804272517321016, 0.1
1732, 11792.0, 7, 6.804385458742066, 0.1
1733, 11798.0, 6, 6.803921568627451, 0.1
1734, 11805.0, 7, 6.804034582132565, 0.1
1735, 11813.0, 8, 6.804723502304148, 0.1
1736, 11820.0, 7, 6.804835924006908, 0.1
1737, 11828.0, 8, 6.805523590333717, 0.1
1738, 11831.0, 3, 6.8033352501437605, 0.1
1739, 11838.0, 7, 6.803448275862069, 0.1
1740, 11846.0, 8, 6.80413555427915, 0.1
1741, 11853.0, 7, 6.804247990815155, 0.1
1742, 11859.0, 6, 6.803786574870912, 0.1
1743, 11867.0, 8, 6.80447247706422, 0.1
1744, 11868.0, 1, 6.801146131805158, 0.1
1745, 11875.0, 7, 6.801260022909507, 0.1
1746, 11883.0, 8, 6.801946193474528, 0.1
1747, 11891.0, 8, 6.802631578947368, 0.1
1748, 11897.0, 6, 6.802172670097199, 0.1
1749, 11904.0, 7, 6.8022857142857145, 0.1
1750, 11904.0, 0, 6.7984009137635635, 0.1
1751, 11908.0, 4, 6.796803652968037, 0.1
1752, 11914.0, 6, 6.796349115801483, 0.1
1753, 11922.0, 8, 6.797035347776511, 0.1
1754, 11929.0, 7, 6.797150997150998, 0.1
1755, 11936.0, 7, 6.7972665148063784, 0.1
1756, 11943.0, 7, 6.797381900967558, 0.1
1757, 11946.0, 3, 6.795221843003413, 0.1
1758, 11953.0, 7, 6.795338260375213, 0.1
1759, 11961.0, 8, 6.796022727272727, 0.1
1760, 11969.0, 8, 6.7967064168086315, 0.1
1761, 11976.0, 7, 6.796821793416572, 0.1
1762, 11982.0, 6, 6.796369824163358, 0.1
1763, 11990.0, 8, 6.797052154195011, 0.1
1764, 11998.0, 8, 6.797733711048159, 0.1
1765, 12000.0, 2, 6.795016987542469, 0.1
1766, 12008.0, 8, 6.795698924731183, 0.1
1767, 12015.0, 7, 6.795814479638009, 0.1
1768, 12022.0, 7, 6.795929903900508, 0.1
1769, 12022.0, 0, 6.792090395480226, 0.1
1770, 12028.0, 6, 6.791643139469226, 0.1
1771, 12036.0, 8, 6.792325056433409, 0.1
1772, 12040.0, 4, 6.790750141003948, 0.1
1773, 12048.0, 8, 6.791431792559188, 0.1
1774, 12055.0, 7, 6.791549295774648, 0.1
1775, 12062.0, 7, 6.791666666666667, 0.1
1776, 12070.0, 8, 6.792346651660101, 0.1
1777, 12077.0, 7, 6.792463442069741, 0.1
1778, 12081.0, 4, 6.790893760539629, 0.1
1779, 12089.0, 8, 6.7915730337078655, 0.1
1780, 12097.0, 8, 6.792251544076362, 0.1
1781, 12105.0, 8, 6.792929292929293, 0.1
1782, 12111.0, 6, 6.792484576556365, 0.1
1783, 12118.0, 7, 6.792600896860987, 0.1
1784, 12126.0, 8, 6.79327731092437, 0.1
1785, 12133.0, 7, 6.793393057110862, 0.1
1786, 12141.0, 8, 6.794068270844992, 0.1
1787, 12147.0, 6, 6.793624161073826, 0.1
1788, 12151.0, 4, 6.792062604807155, 0.1
1789, 12159.0, 8, 6.792737430167597, 0.1
1790, 12167.0, 8, 6.793411501954216, 0.1
1791, 12174.0, 7, 6.793526785714286, 0.1
1792, 12181.0, 7, 6.793641940881205, 0.1
1793, 12189.0, 8, 6.794314381270903, 0.1
1794, 12197.0, 8, 6.794986072423399, 0.1
1795, 12205.0, 8, 6.7956570155902005, 0.1
1796, 12213.0, 8, 6.796327212020033, 0.1
1797, 12218.0, 5, 6.795328142380423, 0.1
1798, 12225.0, 7, 6.7954419121734295, 0.1
1799, 12232.0, 7, 6.795555555555556, 0.1
1800, 12238.0, 6, 6.7951138256524155, 0.1
1801, 12245.0, 7, 6.795227524972253, 0.1
1802, 12252.0, 7, 6.795341098169717, 0.1
1803, 12260.0, 8, 6.796008869179601, 0.1
1804, 12266.0, 6, 6.795567867036011, 0.1
1805, 12274.0, 8, 6.796234772978959, 0.1
1806, 12281.0, 7, 6.796347537354731, 0.1
1807, 12287.0, 6, 6.7959070796460175, 0.1
1808, 12288.0, 1, 6.792703150912106, 0.1
1809, 12295.0, 7, 6.792817679558011, 0.1
1810, 12303.0, 8, 6.793484262838211, 0.1
1811, 12310.0, 7, 6.793598233995585, 0.1
1812, 12318.0, 8, 6.794263651406508, 0.1
1813, 12324.0, 6, 6.793825799338478, 0.1
1814, 12332.0, 8, 6.794490358126722, 0.1
1815, 12340.0, 8, 6.795154185022026, 0.1
1816, 12346.0, 6, 6.794716565767749, 0.1
1817, 12353.0, 7, 6.794829482948295, 0.1
1818, 12361.0, 8, 6.795492028587136, 0.1
1819, 12368.0, 7, 6.795604395604395, 0.1
1820, 12376.0, 8, 6.796265788028555, 0.1
1821, 12384.0, 8, 6.796926454445664, 0.1
1822, 12392.0, 8, 6.797586396050466, 0.1
1823, 12400.0, 8, 6.798245614035087, 0.1
1824, 12407.0, 7, 6.798356164383562, 0.1
1825, 12415.0, 8, 6.799014238773275, 0.1
1826, 12422.0, 7, 6.799124247400109, 0.1
1827, 12429.0, 7, 6.799234135667396, 0.1
1828, 12437.0, 8, 6.799890650628759, 0.1
1829, 12444.0, 7, 6.8, 0.1
1830, 12452.0, 8, 6.800655379574003, 0.1
1831, 12460.0, 8, 6.801310043668122, 0.1
1832, 12463.0, 3, 6.79923622476814, 0.1
1833, 12471.0, 8, 6.799890948745911, 0.1
1834, 12476.0, 5, 6.798910081743869, 0.1
1835, 12483.0, 7, 6.799019607843137, 0.1
1836, 12488.0, 5, 6.798040283070224, 0.1
1837, 12493.0, 5, 6.7970620239390644, 0.1
1838, 12501.0, 8, 6.797716150081566, 0.1
1839, 12509.0, 8, 6.798369565217391, 0.1
1840, 12512.0, 3, 6.7963063552417164, 0.1
1841, 12520.0, 8, 6.7969598262757875, 0.1
1842, 12527.0, 7, 6.7970699945740645, 0.1
1843, 12535.0, 8, 6.797722342733189, 0.1
1844, 12543.0, 8, 6.798373983739838, 0.1
1845, 12544.0, 1, 6.795232936078007, 0.1
1846, 12552.0, 8, 6.795885219274499, 0.1
1847, 12559.0, 7, 6.795995670995671, 0.1
1848, 12566.0, 7, 6.796106003244997, 0.1
1849, 12574.0, 8, 6.796756756756757, 0.1
1850, 12581.0, 7, 6.796866558616964, 0.1
1851, 12589.0, 8, 6.797516198704104, 0.1
1852, 12597.0, 8, 6.798165137614679, 0.1
1853, 12604.0, 7, 6.798274002157497, 0.1
1854, 12611.0, 7, 6.798382749326145, 0.1
1855, 12617.0, 6, 6.797952586206897, 0.1
1856, 12623.0, 6, 6.797522886375875, 0.1
1857, 12631.0, 8, 6.798170075349838, 0.1
1858, 12639.0, 8, 6.798816568047338, 0.1
1859, 12639.0, 0, 6.79516129032258, 0.1
1860, 12646.0, 7, 6.795271359484149, 0.1
1861, 12652.0, 6, 6.79484425349087, 0.1
1862, 12660.0, 8, 6.79549114331723, 0.1
1863, 12667.0, 7, 6.795600858369099, 0.1
1864, 12674.0, 7, 6.795710455764075, 0.1
1865, 12682.0, 8, 6.796355841371919, 0.1
1866, 12690.0, 8, 6.79700053561864, 0.1
1867, 12690.0, 0, 6.793361884368308, 0.1
1868, 12698.0, 8, 6.794007490636704, 0.1
1869, 12706.0, 8, 6.7946524064171125, 0.1
1870, 12706.0, 0, 6.791020844468199, 0.1
1871, 12714.0, 8, 6.791666666666667, 0.1
1872, 12717.0, 3, 6.789642285104111, 0.1
1873, 12725.0, 8, 6.7902881536819635, 0.1
1874, 12732.0, 7, 6.7904, 0.1
1875, 12739.0, 7, 6.790511727078891, 0.1
1876, 12746.0, 7, 6.790623335109217, 0.1
1877, 12750.0, 4, 6.789137380191693, 0.1
1878, 12757.0, 7, 6.789249600851517, 0.1
1879, 12763.0, 6, 6.788829787234042, 0.1
1880, 12765.0, 2, 6.78628389154705, 0.1
1881, 12770.0, 5, 6.785334750265675, 0.1
1882, 12773.0, 3, 6.783324482209241, 0.1
1883, 12777.0, 4, 6.781847133757962, 0.1
1884, 12781.0, 4, 6.780371352785146, 0.1
1885, 12788.0, 7, 6.780487804878049, 0.1
1886, 12796.0, 8, 6.781134075251722, 0.1
1887, 12803.0, 7, 6.78125, 0.1
1888, 12810.0, 7, 6.7813658020116465, 0.1
1889, 12818.0, 8, 6.782010582010582, 0.1
1890, 12825.0, 7, 6.782125859333686, 0.1
1891, 12832.0, 7, 6.782241014799155, 0.1
1892, 12840.0, 8, 6.7828843106180665, 0.1
1893, 12846.0, 6, 6.78247096092925, 0.1
1894, 12853.0, 7, 6.782585751978892, 0.1
1895, 12860.0, 7, 6.782700421940929, 0.1
1896, 12867.0, 7, 6.782814971006853, 0.1
1897, 12875.0, 8, 6.7834562697576395, 0.1
1898, 12878.0, 3, 6.78146392838336, 0.1
1899, 12885.0, 7, 6.781578947368421, 0.1
1900, 12890.0, 5, 6.780641767490795, 0.1
1901, 12898.0, 8, 6.781282860147213, 0.1
1902, 12906.0, 8, 6.781923279033106, 0.1
1903, 12913.0, 7, 6.78203781512605, 0.1
1904, 12914.0, 1, 6.779002624671916, 0.1
1905, 12920.0, 6, 6.778593913955929, 0.1
1906, 12928.0, 8, 6.779234399580493, 0.1
1907, 12934.0, 6, 6.778825995807128, 0.1
1908, 12936.0, 2, 6.776322682032478, 0.1
1909, 12943.0, 7, 6.776439790575917, 0.1
1910, 12951.0, 8, 6.777080062794348, 0.1
1911, 12959.0, 8, 6.777719665271967, 0.1
1912, 12967.0, 8, 6.77835859905907, 0.1
1913, 12975.0, 8, 6.778996865203761, 0.1
1914, 12979.0, 4, 6.777545691906005, 0.1
1915, 12987.0, 8, 6.778183716075157, 0.1
1916, 12994.0, 7, 6.77829942618675, 0.1
1917, 13000.0, 6, 6.777893639207508, 0.1
1918, 13008.0, 8, 6.77853048462741, 0.1
1919, 13015.0, 7, 6.778645833333333, 0.1
1920, 13023.0, 8, 6.779281624154087, 0.1
1921, 13031.0, 8, 6.779916753381894, 0.1
1922, 13036.0, 5, 6.778991159646385, 0.1
1923, 13044.0, 8, 6.779625779625779, 0.1
1924, 13050.0, 6, 6.779220779220779, 0.1
1925, 13058.0, 8, 6.779854620976116, 0.1
1926, 13065.0, 7, 6.779968863518422, 0.1
1927, 13073.0, 8, 6.780601659751038, 0.1
1928, 13081.0, 8, 6.781233799896319, 0.1
1929, 13089.0, 8, 6.781865284974093, 0.1
1930, 13097.0, 8, 6.782496116002071, 0.1
1931, 13104.0, 7, 6.782608695652174, 0.1
1932, 13111.0, 7, 6.782721158820486, 0.1
1933, 13119.0, 8, 6.78335056876939, 0.1
1934, 13124.0, 5, 6.782428940568476, 0.1
1935, 13130.0, 6, 6.7820247933884295, 0.1
1936, 13137.0, 7, 6.782137325761487, 0.1
1937, 13145.0, 8, 6.782765737874097, 0.1
1938, 13153.0, 8, 6.783393501805054, 0.1
1939, 13161.0, 8, 6.784020618556701, 0.1
1940, 13169.0, 8, 6.784647089129315, 0.1
1941, 13172.0, 3, 6.7826982492276, 0.1
1942, 13173.0, 1, 6.779722079258878, 0.1
1943, 13173.0, 0, 6.776234567901234, 0.1
1944, 13180.0, 7, 6.776349614395887, 0.1
1945, 13180.0, 0, 6.772867420349435, 0.1
1946, 13185.0, 5, 6.771956856702619, 0.1
1947, 13193.0, 8, 6.77258726899384, 0.1
1948, 13199.0, 6, 6.772190867111339, 0.1
1949, 13206.0, 7, 6.772307692307693, 0.1
1950, 13213.0, 7, 6.7724243977447465, 0.1
1951, 13221.0, 8, 6.773053278688525, 0.1
1952, 13228.0, 7, 6.773169482846902, 0.1
1953, 13229.0, 1, 6.77021494370522, 0.1
1954, 13237.0, 8, 6.770843989769821, 0.1
1955, 13245.0, 8, 6.771472392638037, 0.1
1956, 13253.0, 8, 6.772100153295861, 0.1
1957, 13258.0, 5, 6.771195097037793, 0.1
1958, 13264.0, 6, 6.770801429300664, 0.1
1959, 13272.0, 8, 6.771428571428571, 0.1
1960, 13275.0, 3, 6.769505354411015, 0.1
1961, 13281.0, 6, 6.769113149847095, 0.1
1962, 13289.0, 8, 6.769740193581253, 0.1
1963, 13296.0, 7, 6.7698574338085535, 0.1
1964, 13303.0, 7, 6.769974554707379, 0.1
1965, 13311.0, 8, 6.7706002034588, 0.1
1966, 13318.0, 7, 6.770716827656329, 0.1
1967, 13326.0, 8, 6.771341463414634, 0.1
1968, 13333.0, 7, 6.771457592686643, 0.1
1969, 13336.0, 3, 6.769543147208122, 0.1
1970, 13344.0, 8, 6.770167427701674, 0.1
1971, 13352.0, 8, 6.77079107505071, 0.1
1972, 13358.0, 6, 6.7704004054738975, 0.1
1973, 13365.0, 7, 6.770516717325228, 0.1
1974, 13373.0, 8, 6.771139240506329, 0.1
1975, 13380.0, 7, 6.771255060728745, 0.1
1976, 13387.0, 7, 6.77137076378351, 0.1
1977, 13395.0, 8, 6.771991911021233, 0.1
1978, 13401.0, 6, 6.771601819100556, 0.1
1979, 13408.0, 7, 6.771717171717172, 0.1
1980, 13416.0, 8, 6.77233720343261, 0.1
1981, 13417.0, 1, 6.769424823410696, 0.1
1982, 13425.0, 8, 6.770045385779123, 0.1
1983, 13432.0, 7, 6.770161290322581, 0.1
1984, 13439.0, 7, 6.770277078085642, 0.1
1985, 13444.0, 5, 6.769385699899295, 0.1
1986, 13452.0, 8, 6.770005032712632, 0.1
1987, 13460.0, 8, 6.770623742454728, 0.1
1988, 13467.0, 7, 6.770739064856712, 0.1
1989, 13474.0, 7, 6.770854271356784, 0.1
1990, 13482.0, 8, 6.771471622300352, 0.1
1991, 13490.0, 8, 6.772088353413655, 0.1
1992, 13498.0, 8, 6.772704465629704, 0.1
1993, 13501.0, 3, 6.770812437311935, 0.1
1994, 13509.0, 8, 6.771428571428571, 0.1
1995, 13517.0, 8, 6.772044088176353, 0.1
1996, 13525.0, 8, 6.772658988482724, 0.1
1997, 13533.0, 8, 6.773273273273273, 0.1
1998, 13540.0, 7, 6.773386693346674, 0.1
1999, 13547.0, 7, 6.7735, 0.1
