0, 8.0, 8, 8.0, 0.2
1, 16.0, 8, 8.0, 0.2
2, 24.0, 8, 8.0, 0.2
3, 32.0, 8, 8.0, 0.2
4, 40.0, 8, 8.0, 0.2
5, 48.0, 8, 8.0, 0.2
6, 56.0, 8, 8.0, 0.2
7, 64.0, 8, 8.0, 0.2
8, 72.0, 8, 8.0, 0.2
9, 80.0, 8, 8.0, 0.2
10, 88.0, 8, 8.0, 0.2
11, 96.0, 8, 8.0, 0.2
12, 104.0, 8, 8.0, 0.2
13, 112.0, 8, 8.0, 0.2
14, 120.0, 8, 8.0, 0.2
15, 128.0, 8, 8.0, 0.2
16, 136.0, 8, 8.0, 0.2
17, 144.0, 8, 8.0, 0.2
18, 152.0, 8, 8.0, 0.2
19, 160.0, 8, 8.0, 0.2
20, 168.0, 8, 8.0, 0.2
21, 176.0, 8, 8.0, 0.2
22, 184.0, 8, 8.0, 0.2
23, 192.0, 8, 8.0, 0.2
24, 200.0, 8, 8.0, 0.2
25, 208.0, 8, 8.0, 0.2
26, 216.0, 8, 8.0, 0.2
27, 224.0, 8, 8.0, 0.2
28, 232.0, 8, 8.0, 0.2
29, 240.0, 8, 8.0, 0.2
30, 248.0, 8, 8.0, 0.2
31, 256.0, 8, 8.0, 0.2
32, 264.0, 8, 8.0, 0.2
33, 272.0, 8, 8.0, 0.2
34, 280.0, 8, 8.0, 0.2
35, 288.0, 8, 8.0, 0.2
36, 296.0, 8, 8.0, 0.2
37, 304.0, 8, 8.0, 0.2
38, 312.0, 8, 8.0, 0.2
39, 320.0, 8, 8.0, 0.2
40, 328.0, 8, 8.0, 0.2
41, 336.0, 8, 8.0, 0.2
42, 344.0, 8, 8.0, 0.2
43, 352.0, 8, 8.0, 0.2
44, 360.0, 8, 8.0, 0.2
45, 368.0, 8, 8.0, 0.2
46, 376.0, 8, 8.0, 0.2
47, 384.0, 8, 8.0, 0.2
48, 392.0, 8, 8.0, 0.2
49, 400.0, 8, 8.0, 0.2
50, 408.0, 8, 8.0, 0.2
51, 416.0, 8, 8.0, 0.2
52, 424.0, 8, 8.0, 0.2
53, 432.0, 8, 8.0, 0.2
54, 440.0, 8, 8.0, 0.2
55, 448.0, 8, 8.0, 0.2
56, 456.0, 8, 8.0, 0.2
57, 464.0, 8, 8.0, 0.2
58, 472.0, 8, 8.0, 0.2
59, 480.0, 8, 8.0, 0.2
60, 488.0, 8, 8.0, 0.2
61, 496.0, 8, 8.0, 0.2
62, 504.0, 8, 8.0, 0.2
63, 512.0, 8, 8.0, 0.2
64, 520.0, 8, 8.0, 0.2
65, 528.0, 8, 8.0, 0.2
66, 536.0, 8, 8.0, 0.2
67, 544.0, 8, 8.0, 0.2
68, 552.0, 8, 8.0, 0.2
69, 560.0, 8, 8.0, 0.2
70, 568.0, 8, 8.0, 0.2
71, 576.0, 8, 8.0, 0.2
72, 584.0, 8, 8.0, 0.2
73, 592.0, 8, 8.0, 0.2
74, 600.0, 8, 8.0, 0.2
75, 608.0, 8, 8.0, 0.2
76, 616.0, 8, 8.0, 0.2
77, 624.0, 8, 8.0, 0.2
78, 632.0, 8, 8.0, 0.2
79, 640.0, 8, 8.0, 0.2
80, 648.0, 8, 8.0, 0.2
81, 656.0, 8, 8.0, 0.2
82, 664.0, 8, 8.0, 0.2
83, 672.0, 8, 8.0, 0.2
84, 680.0, 8, 8.0, 0.2
85, 688.0, 8, 8.0, 0.2
86, 696.0, 8, 8.0, 0.2
87, 704.0, 8, 8.0, 0.2
88, 712.0, 8, 8.0, 0.2
89, 720.0, 8, 8.0, 0.2
90, 728.0, 8, 8.0, 0.2
91, 736.0, 8, 8.0, 0.2
92, 744.0, 8, 8.0, 0.2
93, 752.0, 8, 8.0, 0.2
94, 760.0, 8, 8.0, 0.2
95, 768.0, 8, 8.0, 0.2
96, 776.0, 8, 8.0, 0.2
97, 784.0, 8, 8.0, 0.2
98, 792.0, 8, 8.0, 0.2
99, 800.0, 8, 8.0, 0.2
100, 808.0, 8, 8.0, 0.2
101, 816.0, 8, 8.0, 0.2
102, 824.0, 8, 8.0, 0.2
103, 832.0, 8, 8.0, 0.2
104, 840.0, 8, 8.0, 0.2
105, 848.0, 8, 8.0, 0.2
106, 856.0, 8, 8.0, 0.2
107, 864.0, 8, 8.0, 0.2
108, 872.0, 8, 8.0, 0.2
109, 880.0, 8, 8.0, 0.2
110, 888.0, 8, 8.0, 0.2
111, 896.0, 8, 8.0, 0.2
112, 904.0, 8, 8.0, 0.2
113, 912.0, 8, 8.0, 0.2
114, 920.0, 8, 8.0, 0.2
115, 928.0, 8, 8.0, 0.2
116, 936.0, 8, 8.0, 0.2
117, 944.0, 8, 8.0, 0.2
118, 952.0, 8, 8.0, 0.2
119, 960.0, 8, 8.0, 0.2
120, 968.0, 8, 8.0, 0.2
121, 976.0, 8, 8.0, 0.2
122, 984.0, 8, 8.0, 0.2
123, 992.0, 8, 8.0, 0.2
124, 1000.0, 8, 8.0, 0.2
125, 1008.0, 8, 8.0, 0.2
126, 1016.0, 8, 8.0, 0.2
127, 1024.0, 8, 8.0, 0.2
128, 1032.0, 8, 8.0, 0.2
129, 1040.0, 8, 8.0, 0.2
130, 1048.0, 8, 8.0, 0.2
131, 1056.0, 8, 8.0, 0.2
132, 1064.0, 8, 8.0, 0.2
133, 1072.0, 8, 8.0, 0.2
134, 1080.0, 8, 8.0, 0.2
135, 1088.0, 8, 8.0, 0.2
136, 1096.0, 8, 8.0, 0.2
137, 1104.0, 8, 8.0, 0.2
138, 1112.0, 8, 8.0, 0.2
139, 1120.0, 8, 8.0, 0.2
140, 1128.0, 8, 8.0, 0.2
141, 1136.0, 8, 8.0, 0.2
142, 1144.0, 8, 8.0, 0.2
143, 1152.0, 8, 8.0, 0.2
144, 1160.0, 8, 8.0, 0.2
145, 1168.0, 8, 8.0, 0.2
146, 1176.0, 8, 8.0, 0.2
147, 1184.0, 8, 8.0, 0.2
148, 1192.0, 8, 8.0, 0.2
149, 1200.0, 8, 8.0, 0.2
150, 1208.0, 8, 8.0, 0.2
151, 1216.0, 8, 8.0, 0.2
152, 1224.0, 8, 8.0, 0.2
153, 1232.0, 8, 8.0, 0.2
154, 1240.0, 8, 8.0, 0.2
155, 1248.0, 8, 8.0, 0.2
156, 1256.0, 8, 8.0, 0.2
157, 1264.0, 8, 8.0, 0.2
158, 1272.0, 8, 8.0, 0.2
159, 1280.0, 8, 8.0, 0.2
160, 1288.0, 8, 8.0, 0.2
161, 1296.0, 8, 8.0, 0.2
162, 1304.0, 8, 8.0, 0.2
163, 1312.0, 8, 8.0, 0.2
164, 1320.0, 8, 8.0, 0.2
165, 1328.0, 8, 8.0, 0.2
166, 1336.0, 8, 8.0, 0.2
167, 1344.0, 8, 8.0, 0.2
168, 1352.0, 8, 8.0, 0.2
169, 1360.0, 8, 8.0, 0.2
170, 1368.0, 8, 8.0, 0.2
171, 1376.0, 8, 8.0, 0.2
172, 1384.0, 8, 8.0, 0.2
173, 1392.0, 8, 8.0, 0.2
174, 1400.0, 8, 8.0, 0.2
175, 1408.0, 8, 8.0, 0.2
176, 1416.0, 8, 8.0, 0.2
177, 1424.0, 8, 8.0, 0.2
178, 1432.0, 8, 8.0, 0.2
179, 1440.0, 8, 8.0, 0.2
180, 1448.0, 8, 8.0, 0.2
181, 1456.0, 8, 8.0, 0.2
182, 1464.0, 8, 8.0, 0.2
183, 1472.0, 8, 8.0, 0.2
184, 1480.0, 8, 8.0, 0.2
185, 1488.0, 8, 8.0, 0.2
186, 1496.0, 8, 8.0, 0.2
187, 1504.0, 8, 8.0, 0.2
188, 1512.0, 8, 8.0, 0.2
189, 1520.0, 8, 8.0, 0.2
190, 1528.0, 8, 8.0, 0.2
191, 1536.0, 8, 8.0, 0.2
192, 1544.0, 8, 8.0, 0.2
193, 1552.0, 8, 8.0, 0.2
194, 1560.0, 8, 8.0, 0.2
195, 1568.0, 8, 8.0, 0.2
196, 1576.0, 8, 8.0, 0.2
197, 1584.0, 8, 8.0, 0.2
198, 1592.0, 8, 8.0, 0.2
199, 1600.0, 8, 8.0, 0.2
200, 1608.0, 8, 8.0, 0.2
201, 1616.0, 8, 8.0, 0.2
202, 1624.0, 8, 8.0, 0.2
203, 1632.0, 8, 8.0, 0.2
204, 1640.0, 8, 8.0, 0.2
205, 1648.0, 8, 8.0, 0.2
206, 1656.0, 8, 8.0, 0.2
207, 1664.0, 8, 8.0, 0.2
208, 1672.0, 8, 8.0, 0.2
209, 1680.0, 8, 8.0, 0.2
210, 1688.0, 8, 8.0, 0.2
211, 1696.0, 8, 8.0, 0.2
212, 1704.0, 8, 8.0, 0.2
213, 1712.0, 8, 8.0, 0.2
214, 1720.0, 8, 8.0, 0.2
215, 1728.0, 8, 8.0, 0.2
216, 1736.0, 8, 8.0, 0.2
217, 1744.0, 8, 8.0, 0.2
218, 1752.0, 8, 8.0, 0.2
219, 1760.0, 8, 8.0, 0.2
220, 1768.0, 8, 8.0, 0.2
221, 1776.0, 8, 8.0, 0.2
222, 1784.0, 8, 8.0, 0.2
223, 1792.0, 8, 8.0, 0.2
224, 1800.0, 8, 8.0, 0.2
225, 1808.0, 8, 8.0, 0.2
226, 1816.0, 8, 8.0, 0.2
227, 1824.0, 8, 8.0, 0.2
228, 1832.0, 8, 8.0, 0.2
229, 1840.0, 8, 8.0, 0.2
230, 1848.0, 8, 8.0, 0.2
231, 1856.0, 8, 8.0, 0.2
232, 1864.0, 8, 8.0, 0.2
233, 1872.0, 8, 8.0, 0.2
234, 1880.0, 8, 8.0, 0.2
235, 1888.0, 8, 8.0, 0.2
236, 1896.0, 8, 8.0, 0.2
237, 1904.0, 8, 8.0, 0.2
238, 1912.0, 8, 8.0, 0.2
239, 1920.0, 8, 8.0, 0.2
240, 1928.0, 8, 8.0, 0.2
241, 1936.0, 8, 8.0, 0.2
242, 1944.0, 8, 8.0, 0.2
243, 1952.0, 8, 8.0, 0.2
244, 1960.0, 8, 8.0, 0.2
245, 1968.0, 8, 8.0, 0.2
246, 1976.0, 8, 8.0, 0.2
247, 1984.0, 8, 8.0, 0.2
248, 1992.0, 8, 8.0, 0.2
249, 2000.0, 8, 8.0, 0.2
250, 2008.0, 8, 8.0, 0.2
251, 2016.0, 8, 8.0, 0.2
252, 2024.0, 8, 8.0, 0.2
253, 2032.0, 8, 8.0, 0.2
254, 2040.0, 8, 8.0, 0.2
255, 2048.0, 8, 8.0, 0.2
256, 2056.0, 8, 8.0, 0.2
257, 2064.0, 8, 8.0, 0.2
258, 2072.0, 8, 8.0, 0.2
259, 2080.0, 8, 8.0, 0.2
260, 2088.0, 8, 8.0, 0.2
261, 2096.0, 8, 8.0, 0.2
262, 2104.0, 8, 8.0, 0.2
263, 2112.0, 8, 8.0, 0.2
264, 2120.0, 8, 8.0, 0.2
265, 2128.0, 8, 8.0, 0.2
266, 2136.0, 8, 8.0, 0.2
267, 2144.0, 8, 8.0, 0.2
268, 2152.0, 8, 8.0, 0.2
269, 2160.0, 8, 8.0, 0.2
270, 2168.0, 8, 8.0, 0.2
271, 2176.0, 8, 8.0, 0.2
272, 2184.0, 8, 8.0, 0.2
273, 2192.0, 8, 8.0, 0.2
274, 2200.0, 8, 8.0, 0.2
275, 2208.0, 8, 8.0, 0.2
276, 2216.0, 8, 8.0, 0.2
277, 2224.0, 8, 8.0, 0.2
278, 2232.0, 8, 8.0, 0.2
279, 2240.0, 8, 8.0, 0.2
280, 2248.0, 8, 8.0, 0.2
281, 2256.0, 8, 8.0, 0.2
282, 2264.0, 8, 8.0, 0.2
283, 2272.0, 8, 8.0, 0.2
284, 2280.0, 8, 8.0, 0.2
285, 2288.0, 8, 8.0, 0.2
286, 2296.0, 8, 8.0, 0.2
287, 2304.0, 8, 8.0, 0.2
288, 2312.0, 8, 8.0, 0.2
289, 2320.0, 8, 8.0, 0.2
290, 2328.0, 8, 8.0, 0.2
291, 2336.0, 8, 8.0, 0.2
292, 2344.0, 8, 8.0, 0.2
293, 2352.0, 8, 8.0, 0.2
294, 2360.0, 8, 8.0, 0.2
295, 2368.0, 8, 8.0, 0.2
296, 2376.0, 8, 8.0, 0.2
297, 2384.0, 8, 8.0, 0.2
298, 2392.0, 8, 8.0, 0.2
299, 2400.0, 8, 8.0, 0.2
300, 2408.0, 8, 8.0, 0.2
301, 2416.0, 8, 8.0, 0.2
302, 2424.0, 8, 8.0, 0.2
303, 2432.0, 8, 8.0, 0.2
304, 2440.0, 8, 8.0, 0.2
305, 2448.0, 8, 8.0, 0.2
306, 2456.0, 8, 8.0, 0.2
307, 2464.0, 8, 8.0, 0.2
308, 2472.0, 8, 8.0, 0.2
309, 2480.0, 8, 8.0, 0.2
310, 2488.0, 8, 8.0, 0.2
311, 2496.0, 8, 8.0, 0.2
312, 2504.0, 8, 8.0, 0.2
313, 2512.0, 8, 8.0, 0.2
314, 2520.0, 8, 8.0, 0.2
315, 2528.0, 8, 8.0, 0.2
316, 2536.0, 8, 8.0, 0.2
317, 2544.0, 8, 8.0, 0.2
318, 2552.0, 8, 8.0, 0.2
319, 2560.0, 8, 8.0, 0.2
320, 2568.0, 8, 8.0, 0.2
321, 2576.0, 8, 8.0, 0.2
322, 2584.0, 8, 8.0, 0.2
323, 2592.0, 8, 8.0, 0.2
324, 2600.0, 8, 8.0, 0.2
325, 2608.0, 8, 8.0, 0.2
326, 2616.0, 8, 8.0, 0.2
327, 2624.0, 8, 8.0, 0.2
328, 2632.0, 8, 8.0, 0.2
329, 2640.0, 8, 8.0, 0.2
330, 2648.0, 8, 8.0, 0.2
331, 2656.0, 8, 8.0, 0.2
332, 2664.0, 8, 8.0, 0.2
333, 2672.0, 8, 8.0, 0.2
334, 2680.0, 8, 8.0, 0.2
335, 2688.0, 8, 8.0, 0.2
336, 2696.0, 8, 8.0, 0.2
337, 2704.0, 8, 8.0, 0.2
338, 2712.0, 8, 8.0, 0.2
339, 2720.0, 8, 8.0, 0.2
340, 2728.0, 8, 8.0, 0.2
341, 2736.0, 8, 8.0, 0.2
342, 2744.0, 8, 8.0, 0.2
343, 2752.0, 8, 8.0, 0.2
344, 2760.0, 8, 8.0, 0.2
345, 2768.0, 8, 8.0, 0.2
346, 2776.0, 8, 8.0, 0.2
347, 2784.0, 8, 8.0, 0.2
348, 2792.0, 8, 8.0, 0.2
349, 2800.0, 8, 8.0, 0.2
350, 2808.0, 8, 8.0, 0.2
351, 2816.0, 8, 8.0, 0.2
352, 2824.0, 8, 8.0, 0.2
353, 2832.0, 8, 8.0, 0.2
354, 2840.0, 8, 8.0, 0.2
355, 2848.0, 8, 8.0, 0.2
356, 2856.0, 8, 8.0, 0.2
357, 2864.0, 8, 8.0, 0.2
358, 2872.0, 8, 8.0, 0.2
359, 2880.0, 8, 8.0, 0.2
360, 2888.0, 8, 8.0, 0.2
361, 2896.0, 8, 8.0, 0.2
362, 2904.0, 8, 8.0, 0.2
363, 2912.0, 8, 8.0, 0.2
364, 2920.0, 8, 8.0, 0.2
365, 2928.0, 8, 8.0, 0.2
366, 2936.0, 8, 8.0, 0.2
367, 2944.0, 8, 8.0, 0.2
368, 2952.0, 8, 8.0, 0.2
369, 2960.0, 8, 8.0, 0.2
370, 2968.0, 8, 8.0, 0.2
371, 2976.0, 8, 8.0, 0.2
372, 2984.0, 8, 8.0, 0.2
373, 2992.0, 8, 8.0, 0.2
374, 3000.0, 8, 8.0, 0.2
375, 3008.0, 8, 8.0, 0.2
376, 3016.0, 8, 8.0, 0.2
377, 3024.0, 8, 8.0, 0.2
378, 3032.0, 8, 8.0, 0.2
379, 3040.0, 8, 8.0, 0.2
380, 3048.0, 8, 8.0, 0.2
381, 3056.0, 8, 8.0, 0.2
382, 3064.0, 8, 8.0, 0.2
383, 3072.0, 8, 8.0, 0.2
384, 3080.0, 8, 8.0, 0.2
385, 3088.0, 8, 8.0, 0.2
386, 3096.0, 8, 8.0, 0.2
387, 3104.0, 8, 8.0, 0.2
388, 3112.0, 8, 8.0, 0.2
389, 3120.0, 8, 8.0, 0.2
390, 3128.0, 8, 8.0, 0.2
391, 3136.0, 8, 8.0, 0.2
392, 3144.0, 8, 8.0, 0.2
393, 3152.0, 8, 8.0, 0.2
394, 3160.0, 8, 8.0, 0.2
395, 3168.0, 8, 8.0, 0.2
396, 3176.0, 8, 8.0, 0.2
397, 3184.0, 8, 8.0, 0.2
398, 3192.0, 8, 8.0, 0.2
399, 3200.0, 8, 8.0, 0.2
400, 3208.0, 8, 8.0, 0.2
401, 3216.0, 8, 8.0, 0.2
402, 3224.0, 8, 8.0, 0.2
403, 3232.0, 8, 8.0, 0.2
404, 3240.0, 8, 8.0, 0.2
405, 3248.0, 8, 8.0, 0.2
406, 3256.0, 8, 8.0, 0.2
407, 3264.0, 8, 8.0, 0.2
408, 3272.0, 8, 8.0, 0.2
409, 3280.0, 8, 8.0, 0.2
410, 3288.0, 8, 8.0, 0.2
411, 3296.0, 8, 8.0, 0.2
412, 3304.0, 8, 8.0, 0.2
413, 3312.0, 8, 8.0, 0.2
414, 3320.0, 8, 8.0, 0.2
415, 3328.0, 8, 8.0, 0.2
416, 3336.0, 8, 8.0, 0.2
417, 3344.0, 8, 8.0, 0.2
418, 3352.0, 8, 8.0, 0.2
419, 3360.0, 8, 8.0, 0.2
420, 3368.0, 8, 8.0, 0.2
421, 3376.0, 8, 8.0, 0.2
422, 3384.0, 8, 8.0, 0.2
423, 3392.0, 8, 8.0, 0.2
424, 3400.0, 8, 8.0, 0.2
425, 3408.0, 8, 8.0, 0.2
426, 3416.0, 8, 8.0, 0.2
427, 3424.0, 8, 8.0, 0.2
428, 3432.0, 8, 8.0, 0.2
429, 3440.0, 8, 8.0, 0.2
430, 3448.0, 8, 8.0, 0.2
431, 3456.0, 8, 8.0, 0.2
432, 3464.0, 8, 8.0, 0.2
433, 3472.0, 8, 8.0, 0.2
434, 3480.0, 8, 8.0, 0.2
435, 3488.0, 8, 8.0, 0.2
436, 3496.0, 8, 8.0, 0.2
437, 3504.0, 8, 8.0, 0.2
438, 3512.0, 8, 8.0, 0.2
439, 3520.0, 8, 8.0, 0.2
440, 3528.0, 8, 8.0, 0.2
441, 3536.0, 8, 8.0, 0.2
442, 3544.0, 8, 8.0, 0.2
443, 3552.0, 8, 8.0, 0.2
444, 3560.0, 8, 8.0, 0.2
445, 3568.0, 8, 8.0, 0.2
446, 3576.0, 8, 8.0, 0.2
447, 3584.0, 8, 8.0, 0.2
448, 3592.0, 8, 8.0, 0.2
449, 3600.0, 8, 8.0, 0.2
450, 3608.0, 8, 8.0, 0.2
451, 3616.0, 8, 8.0, 0.2
452, 3624.0, 8, 8.0, 0.2
453, 3632.0, 8, 8.0, 0.2
454, 3640.0, 8, 8.0, 0.2
455, 3648.0, 8, 8.0, 0.2
456, 3656.0, 8, 8.0, 0.2
457, 3664.0, 8, 8.0, 0.2
458, 3672.0, 8, 8.0, 0.2
459, 3680.0, 8, 8.0, 0.2
460, 3688.0, 8, 8.0, 0.2
461, 3696.0, 8, 8.0, 0.2
462, 3704.0, 8, 8.0, 0.2
463, 3712.0, 8, 8.0, 0.2
464, 3720.0, 8, 8.0, 0.2
465, 3728.0, 8, 8.0, 0.2
466, 3736.0, 8, 8.0, 0.2
467, 3744.0, 8, 8.0, 0.2
468, 3752.0, 8, 8.0, 0.2
469, 3760.0, 8, 8.0, 0.2
470, 3768.0, 8, 8.0, 0.2
471, 3776.0, 8, 8.0, 0.2
472, 3784.0, 8, 8.0, 0.2
473, 3792.0, 8, 8.0, 0.2
474, 3800.0, 8, 8.0, 0.2
475, 3808.0, 8, 8.0, 0.2
476, 3816.0, 8, 8.0, 0.2
477, 3824.0, 8, 8.0, 0.2
478, 3832.0, 8, 8.0, 0.2
479, 3840.0, 8, 8.0, 0.2
480, 3848.0, 8, 8.0, 0.2
481, 3856.0, 8, 8.0, 0.2
482, 3864.0, 8, 8.0, 0.2
483, 3872.0, 8, 8.0, 0.2
484, 3880.0, 8, 8.0, 0.2
485, 3888.0, 8, 8.0, 0.2
486, 3896.0, 8, 8.0, 0.2
487, 3904.0, 8, 8.0, 0.2
488, 3912.0, 8, 8.0, 0.2
489, 3920.0, 8, 8.0, 0.2
490, 3928.0, 8, 8.0, 0.2
491, 3936.0, 8, 8.0, 0.2
492, 3944.0, 8, 8.0, 0.2
493, 3952.0, 8, 8.0, 0.2
494, 3960.0, 8, 8.0, 0.2
495, 3968.0, 8, 8.0, 0.2
496, 3976.0, 8, 8.0, 0.2
497, 3984.0, 8, 8.0, 0.2
498, 3992.0, 8, 8.0, 0.2
499, 4000.0, 8, 8.0, 0.2
500, 4008.0, 8, 8.0, 0.2
501, 4016.0, 8, 8.0, 0.2
502, 4024.0, 8, 8.0, 0.2
503, 4032.0, 8, 8.0, 0.2
504, 4040.0, 8, 8.0, 0.2
505, 4048.0, 8, 8.0, 0.2
506, 4056.0, 8, 8.0, 0.2
507, 4064.0, 8, 8.0, 0.2
508, 4072.0, 8, 8.0, 0.2
509, 4080.0, 8, 8.0, 0.2
510, 4088.0, 8, 8.0, 0.2
511, 4096.0, 8, 8.0, 0.2
512, 4104.0, 8, 8.0, 0.2
513, 4112.0, 8, 8.0, 0.2
514, 4120.0, 8, 8.0, 0.2
515, 4128.0, 8, 8.0, 0.2
516, 4136.0, 8, 8.0, 0.2
517, 4144.0, 8, 8.0, 0.2
518, 4152.0, 8, 8.0, 0.2
519, 4160.0, 8, 8.0, 0.2
520, 4168.0, 8, 8.0, 0.2
521, 4176.0, 8, 8.0, 0.2
522, 4184.0, 8, 8.0, 0.2
523, 4192.0, 8, 8.0, 0.2
524, 4200.0, 8, 8.0, 0.2
525, 4208.0, 8, 8.0, 0.2
526, 4216.0, 8, 8.0, 0.2
527, 4224.0, 8, 8.0, 0.2
528, 4232.0, 8, 8.0, 0.2
529, 4240.0, 8, 8.0, 0.2
530, 4248.0, 8, 8.0, 0.2
531, 4256.0, 8, 8.0, 0.2
532, 4264.0, 8, 8.0, 0.2
533, 4272.0, 8, 8.0, 0.2
534, 4280.0, 8, 8.0, 0.2
535, 4288.0, 8, 8.0, 0.2
536, 4296.0, 8, 8.0, 0.2
537, 4304.0, 8, 8.0, 0.2
538, 4312.0, 8, 8.0, 0.2
539, 4320.0, 8, 8.0, 0.2
540, 4328.0, 8, 8.0, 0.2
541, 4336.0, 8, 8.0, 0.2
542, 4344.0, 8, 8.0, 0.2
543, 4352.0, 8, 8.0, 0.2
544, 4360.0, 8, 8.0, 0.2
545, 4368.0, 8, 8.0, 0.2
546, 4376.0, 8, 8.0, 0.2
547, 4384.0, 8, 8.0, 0.2
548, 4392.0, 8, 8.0, 0.2
549, 4400.0, 8, 8.0, 0.2
550, 4408.0, 8, 8.0, 0.2
551, 4416.0, 8, 8.0, 0.2
552, 4424.0, 8, 8.0, 0.2
553, 4432.0, 8, 8.0, 0.2
554, 4440.0, 8, 8.0, 0.2
555, 4448.0, 8, 8.0, 0.2
556, 4456.0, 8, 8.0, 0.2
557, 4464.0, 8, 8.0, 0.2
558, 4472.0, 8, 8.0, 0.2
559, 4480.0, 8, 8.0, 0.2
560, 4488.0, 8, 8.0, 0.2
561, 4496.0, 8, 8.0, 0.2
562, 4504.0, 8, 8.0, 0.2
563, 4512.0, 8, 8.0, 0.2
564, 4520.0, 8, 8.0, 0.2
565, 4528.0, 8, 8.0, 0.2
566, 4536.0, 8, 8.0, 0.2
567, 4544.0, 8, 8.0, 0.2
568, 4552.0, 8, 8.0, 0.2
569, 4560.0, 8, 8.0, 0.2
570, 4568.0, 8, 8.0, 0.2
571, 4576.0, 8, 8.0, 0.2
572, 4584.0, 8, 8.0, 0.2
573, 4592.0, 8, 8.0, 0.2
574, 4600.0, 8, 8.0, 0.2
575, 4608.0, 8, 8.0, 0.2
576, 4616.0, 8, 8.0, 0.2
577, 4624.0, 8, 8.0, 0.2
578, 4632.0, 8, 8.0, 0.2
579, 4640.0, 8, 8.0, 0.2
580, 4648.0, 8, 8.0, 0.2
581, 4656.0, 8, 8.0, 0.2
582, 4664.0, 8, 8.0, 0.2
583, 4672.0, 8, 8.0, 0.2
584, 4680.0, 8, 8.0, 0.2
585, 4688.0, 8, 8.0, 0.2
586, 4696.0, 8, 8.0, 0.2
587, 4704.0, 8, 8.0, 0.2
588, 4712.0, 8, 8.0, 0.2
589, 4720.0, 8, 8.0, 0.2
590, 4728.0, 8, 8.0, 0.2
591, 4736.0, 8, 8.0, 0.2
592, 4744.0, 8, 8.0, 0.2
593, 4752.0, 8, 8.0, 0.2
594, 4760.0, 8, 8.0, 0.2
595, 4768.0, 8, 8.0, 0.2
596, 4776.0, 8, 8.0, 0.2
597, 4784.0, 8, 8.0, 0.2
598, 4792.0, 8, 8.0, 0.2
599, 4800.0, 8, 8.0, 0.2
600, 4808.0, 8, 8.0, 0.2
601, 4816.0, 8, 8.0, 0.2
602, 4824.0, 8, 8.0, 0.2
603, 4832.0, 8, 8.0, 0.2
604, 4840.0, 8, 8.0, 0.2
605, 4848.0, 8, 8.0, 0.2
606, 4856.0, 8, 8.0, 0.2
607, 4864.0, 8, 8.0, 0.2
608, 4872.0, 8, 8.0, 0.2
609, 4880.0, 8, 8.0, 0.2
610, 4888.0, 8, 8.0, 0.2
611, 4896.0, 8, 8.0, 0.2
612, 4904.0, 8, 8.0, 0.2
613, 4912.0, 8, 8.0, 0.2
614, 4920.0, 8, 8.0, 0.2
615, 4928.0, 8, 8.0, 0.2
616, 4936.0, 8, 8.0, 0.2
617, 4944.0, 8, 8.0, 0.2
618, 4952.0, 8, 8.0, 0.2
619, 4960.0, 8, 8.0, 0.2
620, 4968.0, 8, 8.0, 0.2
621, 4976.0, 8, 8.0, 0.2
622, 4984.0, 8, 8.0, 0.2
623, 4992.0, 8, 8.0, 0.2
624, 5000.0, 8, 8.0, 0.2
625, 5008.0, 8, 8.0, 0.2
626, 5016.0, 8, 8.0, 0.2
627, 5024.0, 8, 8.0, 0.2
628, 5032.0, 8, 8.0, 0.2
629, 5040.0, 8, 8.0, 0.2
630, 5048.0, 8, 8.0, 0.2
631, 5056.0, 8, 8.0, 0.2
632, 5064.0, 8, 8.0, 0.2
633, 5072.0, 8, 8.0, 0.2
634, 5080.0, 8, 8.0, 0.2
635, 5088.0, 8, 8.0, 0.2
636, 5096.0, 8, 8.0, 0.2
637, 5104.0, 8, 8.0, 0.2
638, 5112.0, 8, 8.0, 0.2
639, 5120.0, 8, 8.0, 0.2
640, 5128.0, 8, 8.0, 0.2
641, 5136.0, 8, 8.0, 0.2
642, 5144.0, 8, 8.0, 0.2
643, 5152.0, 8, 8.0, 0.2
644, 5160.0, 8, 8.0, 0.2
645, 5168.0, 8, 8.0, 0.2
646, 5176.0, 8, 8.0, 0.2
647, 5184.0, 8, 8.0, 0.2
648, 5192.0, 8, 8.0, 0.2
649, 5200.0, 8, 8.0, 0.2
650, 5208.0, 8, 8.0, 0.2
651, 5216.0, 8, 8.0, 0.2
652, 5224.0, 8, 8.0, 0.2
653, 5232.0, 8, 8.0, 0.2
654, 5240.0, 8, 8.0, 0.2
655, 5248.0, 8, 8.0, 0.2
656, 5256.0, 8, 8.0, 0.2
657, 5264.0, 8, 8.0, 0.2
658, 5272.0, 8, 8.0, 0.2
659, 5280.0, 8, 8.0, 0.2
660, 5288.0, 8, 8.0, 0.2
661, 5296.0, 8, 8.0, 0.2
662, 5304.0, 8, 8.0, 0.2
663, 5312.0, 8, 8.0, 0.2
664, 5320.0, 8, 8.0, 0.2
665, 5328.0, 8, 8.0, 0.2
666, 5336.0, 8, 8.0, 0.2
667, 5344.0, 8, 8.0, 0.2
668, 5352.0, 8, 8.0, 0.2
669, 5360.0, 8, 8.0, 0.2
670, 5368.0, 8, 8.0, 0.2
671, 5376.0, 8, 8.0, 0.2
672, 5384.0, 8, 8.0, 0.2
673, 5392.0, 8, 8.0, 0.2
674, 5400.0, 8, 8.0, 0.2
675, 5408.0, 8, 8.0, 0.2
676, 5416.0, 8, 8.0, 0.2
677, 5424.0, 8, 8.0, 0.2
678, 5432.0, 8, 8.0, 0.2
679, 5440.0, 8, 8.0, 0.2
680, 5448.0, 8, 8.0, 0.2
681, 5456.0, 8, 8.0, 0.2
682, 5464.0, 8, 8.0, 0.2
683, 5472.0, 8, 8.0, 0.2
684, 5480.0, 8, 8.0, 0.2
685, 5488.0, 8, 8.0, 0.2
686, 5496.0, 8, 8.0, 0.2
687, 5504.0, 8, 8.0, 0.2
688, 5512.0, 8, 8.0, 0.2
689, 5520.0, 8, 8.0, 0.2
690, 5528.0, 8, 8.0, 0.2
691, 5536.0, 8, 8.0, 0.2
692, 5544.0, 8, 8.0, 0.2
693, 5552.0, 8, 8.0, 0.2
694, 5560.0, 8, 8.0, 0.2
695, 5568.0, 8, 8.0, 0.2
696, 5576.0, 8, 8.0, 0.2
697, 5584.0, 8, 8.0, 0.2
698, 5592.0, 8, 8.0, 0.2
699, 5600.0, 8, 8.0, 0.2
700, 5608.0, 8, 8.0, 0.2
701, 5616.0, 8, 8.0, 0.2
702, 5624.0, 8, 8.0, 0.2
703, 5632.0, 8, 8.0, 0.2
704, 5640.0, 8, 8.0, 0.2
705, 5648.0, 8, 8.0, 0.2
706, 5656.0, 8, 8.0, 0.2
707, 5664.0, 8, 8.0, 0.2
708, 5672.0, 8, 8.0, 0.2
709, 5680.0, 8, 8.0, 0.2
710, 5688.0, 8, 8.0, 0.2
711, 5696.0, 8, 8.0, 0.2
712, 5704.0, 8, 8.0, 0.2
713, 5712.0, 8, 8.0, 0.2
714, 5720.0, 8, 8.0, 0.2
715, 5728.0, 8, 8.0, 0.2
716, 5736.0, 8, 8.0, 0.2
717, 5744.0, 8, 8.0, 0.2
718, 5752.0, 8, 8.0, 0.2
719, 5760.0, 8, 8.0, 0.2
720, 5768.0, 8, 8.0, 0.2
721, 5776.0, 8, 8.0, 0.2
722, 5784.0, 8, 8.0, 0.2
723, 5792.0, 8, 8.0, 0.2
724, 5800.0, 8, 8.0, 0.2
725, 5808.0, 8, 8.0, 0.2
726, 5816.0, 8, 8.0, 0.2
727, 5824.0, 8, 8.0, 0.2
728, 5832.0, 8, 8.0, 0.2
729, 5840.0, 8, 8.0, 0.2
730, 5848.0, 8, 8.0, 0.2
731, 5856.0, 8, 8.0, 0.2
732, 5864.0, 8, 8.0, 0.2
733, 5872.0, 8, 8.0, 0.2
734, 5880.0, 8, 8.0, 0.2
735, 5888.0, 8, 8.0, 0.2
736, 5896.0, 8, 8.0, 0.2
737, 5904.0, 8, 8.0, 0.2
738, 5912.0, 8, 8.0, 0.2
739, 5920.0, 8, 8.0, 0.2
740, 5928.0, 8, 8.0, 0.2
741, 5936.0, 8, 8.0, 0.2
742, 5944.0, 8, 8.0, 0.2
743, 5952.0, 8, 8.0, 0.2
744, 5960.0, 8, 8.0, 0.2
745, 5968.0, 8, 8.0, 0.2
746, 5976.0, 8, 8.0, 0.2
747, 5984.0, 8, 8.0, 0.2
748, 5992.0, 8, 8.0, 0.2
749, 6000.0, 8, 8.0, 0.2
750, 6008.0, 8, 8.0, 0.2
751, 6016.0, 8, 8.0, 0.2
752, 6024.0, 8, 8.0, 0.2
753, 6032.0, 8, 8.0, 0.2
754, 6040.0, 8, 8.0, 0.2
755, 6048.0, 8, 8.0, 0.2
756, 6056.0, 8, 8.0, 0.2
757, 6064.0, 8, 8.0, 0.2
758, 6072.0, 8, 8.0, 0.2
759, 6080.0, 8, 8.0, 0.2
760, 6088.0, 8, 8.0, 0.2
761, 6096.0, 8, 8.0, 0.2
762, 6104.0, 8, 8.0, 0.2
763, 6112.0, 8, 8.0, 0.2
764, 6120.0, 8, 8.0, 0.2
765, 6128.0, 8, 8.0, 0.2
766, 6136.0, 8, 8.0, 0.2
767, 6144.0, 8, 8.0, 0.2
768, 6152.0, 8, 8.0, 0.2
769, 6160.0, 8, 8.0, 0.2
770, 6168.0, 8, 8.0, 0.2
771, 6176.0, 8, 8.0, 0.2
772, 6184.0, 8, 8.0, 0.2
773, 6192.0, 8, 8.0, 0.2
774, 6200.0, 8, 8.0, 0.2
775, 6208.0, 8, 8.0, 0.2
776, 6216.0, 8, 8.0, 0.2
777, 6224.0, 8, 8.0, 0.2
778, 6232.0, 8, 8.0, 0.2
779, 6240.0, 8, 8.0, 0.2
780, 6248.0, 8, 8.0, 0.2
781, 6256.0, 8, 8.0, 0.2
782, 6264.0, 8, 8.0, 0.2
783, 6272.0, 8, 8.0, 0.2
784, 6280.0, 8, 8.0, 0.2
785, 6288.0, 8, 8.0, 0.2
786, 6296.0, 8, 8.0, 0.2
787, 6304.0, 8, 8.0, 0.2
788, 6312.0, 8, 8.0, 0.2
789, 6320.0, 8, 8.0, 0.2
790, 6328.0, 8, 8.0, 0.2
791, 6336.0, 8, 8.0, 0.2
792, 6344.0, 8, 8.0, 0.2
793, 6352.0, 8, 8.0, 0.2
794, 6360.0, 8, 8.0, 0.2
795, 6368.0, 8, 8.0, 0.2
796, 6376.0, 8, 8.0, 0.2
797, 6384.0, 8, 8.0, 0.2
798, 6392.0, 8, 8.0, 0.2
799, 6400.0, 8, 8.0, 0.2
800, 6408.0, 8, 8.0, 0.2
801, 6416.0, 8, 8.0, 0.2
802, 6424.0, 8, 8.0, 0.2
803, 6432.0, 8, 8.0, 0.2
804, 6440.0, 8, 8.0, 0.2
805, 6448.0, 8, 8.0, 0.2
806, 6456.0, 8, 8.0, 0.2
807, 6464.0, 8, 8.0, 0.2
808, 6472.0, 8, 8.0, 0.2
809, 6480.0, 8, 8.0, 0.2
810, 6488.0, 8, 8.0, 0.2
811, 6496.0, 8, 8.0, 0.2
812, 6504.0, 8, 8.0, 0.2
813, 6512.0, 8, 8.0, 0.2
814, 6520.0, 8, 8.0, 0.2
815, 6528.0, 8, 8.0, 0.2
816, 6536.0, 8, 8.0, 0.2
817, 6544.0, 8, 8.0, 0.2
818, 6552.0, 8, 8.0, 0.2
819, 6560.0, 8, 8.0, 0.2
820, 6568.0, 8, 8.0, 0.2
821, 6576.0, 8, 8.0, 0.2
822, 6584.0, 8, 8.0, 0.2
823, 6592.0, 8, 8.0, 0.2
824, 6600.0, 8, 8.0, 0.2
825, 6608.0, 8, 8.0, 0.2
826, 6616.0, 8, 8.0, 0.2
827, 6624.0, 8, 8.0, 0.2
828, 6632.0, 8, 8.0, 0.2
829, 6640.0, 8, 8.0, 0.2
830, 6648.0, 8, 8.0, 0.2
831, 6656.0, 8, 8.0, 0.2
832, 6664.0, 8, 8.0, 0.2
833, 6672.0, 8, 8.0, 0.2
834, 6680.0, 8, 8.0, 0.2
835, 6688.0, 8, 8.0, 0.2
836, 6696.0, 8, 8.0, 0.2
837, 6704.0, 8, 8.0, 0.2
838, 6712.0, 8, 8.0, 0.2
839, 6720.0, 8, 8.0, 0.2
840, 6728.0, 8, 8.0, 0.2
841, 6736.0, 8, 8.0, 0.2
842, 6744.0, 8, 8.0, 0.2
843, 6752.0, 8, 8.0, 0.2
844, 6760.0, 8, 8.0, 0.2
845, 6768.0, 8, 8.0, 0.2
846, 6776.0, 8, 8.0, 0.2
847, 6784.0, 8, 8.0, 0.2
848, 6792.0, 8, 8.0, 0.2
849, 6800.0, 8, 8.0, 0.2
850, 6808.0, 8, 8.0, 0.2
851, 6816.0, 8, 8.0, 0.2
852, 6824.0, 8, 8.0, 0.2
853, 6832.0, 8, 8.0, 0.2
854, 6840.0, 8, 8.0, 0.2
855, 6848.0, 8, 8.0, 0.2
856, 6856.0, 8, 8.0, 0.2
857, 6864.0, 8, 8.0, 0.2
858, 6872.0, 8, 8.0, 0.2
859, 6880.0, 8, 8.0, 0.2
860, 6888.0, 8, 8.0, 0.2
861, 6896.0, 8, 8.0, 0.2
862, 6904.0, 8, 8.0, 0.2
863, 6912.0, 8, 8.0, 0.2
864, 6920.0, 8, 8.0, 0.2
865, 6928.0, 8, 8.0, 0.2
866, 6936.0, 8, 8.0, 0.2
867, 6944.0, 8, 8.0, 0.2
868, 6952.0, 8, 8.0, 0.2
869, 6960.0, 8, 8.0, 0.2
870, 6968.0, 8, 8.0, 0.2
871, 6976.0, 8, 8.0, 0.2
872, 6984.0, 8, 8.0, 0.2
873, 6992.0, 8, 8.0, 0.2
874, 7000.0, 8, 8.0, 0.2
875, 7008.0, 8, 8.0, 0.2
876, 7016.0, 8, 8.0, 0.2
877, 7024.0, 8, 8.0, 0.2
878, 7032.0, 8, 8.0, 0.2
879, 7040.0, 8, 8.0, 0.2
880, 7048.0, 8, 8.0, 0.2
881, 7056.0, 8, 8.0, 0.2
882, 7064.0, 8, 8.0, 0.2
883, 7072.0, 8, 8.0, 0.2
884, 7080.0, 8, 8.0, 0.2
885, 7088.0, 8, 8.0, 0.2
886, 7096.0, 8, 8.0, 0.2
887, 7104.0, 8, 8.0, 0.2
888, 7112.0, 8, 8.0, 0.2
889, 7120.0, 8, 8.0, 0.2
890, 7128.0, 8, 8.0, 0.2
891, 7136.0, 8, 8.0, 0.2
892, 7144.0, 8, 8.0, 0.2
893, 7152.0, 8, 8.0, 0.2
894, 7160.0, 8, 8.0, 0.2
895, 7168.0, 8, 8.0, 0.2
896, 7176.0, 8, 8.0, 0.2
897, 7184.0, 8, 8.0, 0.2
898, 7192.0, 8, 8.0, 0.2
899, 7200.0, 8, 8.0, 0.2
900, 7208.0, 8, 8.0, 0.2
901, 7216.0, 8, 8.0, 0.2
902, 7224.0, 8, 8.0, 0.2
903, 7232.0, 8, 8.0, 0.2
904, 7240.0, 8, 8.0, 0.2
905, 7248.0, 8, 8.0, 0.2
906, 7256.0, 8, 8.0, 0.2
907, 7264.0, 8, 8.0, 0.2
908, 7272.0, 8, 8.0, 0.2
909, 7280.0, 8, 8.0, 0.2
910, 7287.0, 7, 7.998902305159166, 0.2
911, 7294.0, 7, 7.99780701754386, 0.2
912, 7300.0, 6, 7.995618838992333, 0.2
913, 7306.0, 6, 7.993435448577681, 0.2
914, 7311.0, 5, 7.99016393442623, 0.2
915, 7319.0, 8, 7.990174672489083, 0.2
916, 7326.0, 7, 7.989094874591058, 0.2
917, 7332.0, 6, 7.9869281045751634, 0.2
918, 7339.0, 7, 7.985854189336235, 0.2
919, 7345.0, 6, 7.983695652173913, 0.2
920, 7347.0, 2, 7.977198697068404, 0.2
921, 7351.0, 4, 7.9728850325379605, 0.2
922, 7356.0, 5, 7.969664138678223, 0.2
923, 7364.0, 8, 7.96969696969697, 0.2
924, 7372.0, 8, 7.96972972972973, 0.2
925, 7379.0, 7, 7.968682505399568, 0.2
926, 7386.0, 7, 7.967637540453074, 0.2
927, 7393.0, 7, 7.966594827586207, 0.2
928, 7399.0, 6, 7.964477933261572, 0.2
929, 7405.0, 6, 7.962365591397849, 0.2
930, 7410.0, 5, 7.959183673469388, 0.2
931, 7417.0, 7, 7.958154506437769, 0.2
932, 7421.0, 4, 7.953912111468382, 0.2
933, 7428.0, 7, 7.95289079229122, 0.2
934, 7434.0, 6, 7.9508021390374335, 0.2
935, 7440.0, 6, 7.948717948717949, 0.2
936, 7446.0, 6, 7.9466382070437565, 0.2
937, 7453.0, 7, 7.945628997867804, 0.2
938, 7460.0, 7, 7.944621938232162, 0.2
939, 7466.0, 6, 7.9425531914893615, 0.2
940, 7474.0, 8, 7.942614240170032, 0.2
941, 7481.0, 7, 7.941613588110403, 0.2
942, 7488.0, 7, 7.9406150583244965, 0.2
943, 7496.0, 8, 7.940677966101695, 0.2
944, 7503.0, 7, 7.93968253968254, 0.2
945, 7510.0, 7, 7.938689217758985, 0.2
946, 7517.0, 7, 7.9376979936642025, 0.2
947, 7522.0, 5, 7.934599156118144, 0.2
948, 7528.0, 6, 7.932560590094837, 0.2
949, 7535.0, 7, 7.931578947368421, 0.2
950, 7541.0, 6, 7.929547844374343, 0.2
951, 7548.0, 7, 7.928571428571429, 0.2
952, 7555.0, 7, 7.927597061909759, 0.2
953, 7562.0, 7, 7.926624737945493, 0.2
954, 7567.0, 5, 7.923560209424084, 0.2
955, 7572.0, 5, 7.920502092050209, 0.2
956, 7579.0, 7, 7.919540229885057, 0.2
957, 7583.0, 4, 7.9154488517745305, 0.2
958, 7591.0, 8, 7.915537017726799, 0.2
959, 7599.0, 8, 7.915625, 0.2
960, 7607.0, 8, 7.915712799167534, 0.2
961, 7614.0, 7, 7.914760914760914, 0.2
962, 7622.0, 8, 7.914849428868121, 0.2
963, 7628.0, 6, 7.912863070539419, 0.2
964, 7633.0, 5, 7.909844559585492, 0.2
965, 7635.0, 2, 7.903726708074534, 0.2
966, 7642.0, 7, 7.902792140641158, 0.2
967, 7643.0, 1, 7.895661157024794, 0.2
968, 7650.0, 7, 7.894736842105263, 0.2
969, 7656.0, 6, 7.89278350515464, 0.2
970, 7663.0, 7, 7.891864057672502, 0.2
971, 7669.0, 6, 7.889917695473251, 0.2
972, 7676.0, 7, 7.889003083247688, 0.2
973, 7683.0, 7, 7.888090349075975, 0.2
974, 7689.0, 6, 7.886153846153846, 0.2
975, 7697.0, 8, 7.886270491803279, 0.2
976, 7701.0, 4, 7.882292732855681, 0.2
977, 7706.0, 5, 7.879345603271983, 0.2
978, 7713.0, 7, 7.878447395301328, 0.2
979, 7720.0, 7, 7.877551020408164, 0.2
980, 7726.0, 6, 7.875637104994903, 0.2
981, 7730.0, 4, 7.871690427698574, 0.2
982, 7734.0, 4, 7.867751780264497, 0.2
983, 7741.0, 7, 7.866869918699187, 0.2
984, 7746.0, 5, 7.863959390862944, 0.2
985, 7752.0, 6, 7.862068965517241, 0.2
986, 7758.0, 6, 7.860182370820668, 0.2
987, 7765.0, 7, 7.859311740890688, 0.2
988, 7770.0, 5, 7.856420626895854, 0.2
989, 7776.0, 6, 7.8545454545454545, 0.2
990, 7783.0, 7, 7.853683148335016, 0.2
991, 7787.0, 4, 7.849798387096774, 0.2
992, 7795.0, 8, 7.849949647532729, 0.2
993, 7801.0, 6, 7.8480885311871225, 0.2
994, 7807.0, 6, 7.846231155778894, 0.2
995, 7814.0, 7, 7.8453815261044175, 0.2
996, 7821.0, 7, 7.844533600802407, 0.2
997, 7828.0, 7, 7.843687374749499, 0.2
998, 7834.0, 6, 7.841841841841842, 0.2
999, 7840.0, 6, 7.84, 0.2
1000, 7845.0, 5, 7.837162837162837, 0.2
1001, 7850.0, 5, 7.83433133732535, 0.2
1002, 7857.0, 7, 7.833499501495513, 0.2
1003, 7864.0, 7, 7.8326693227091635, 0.2
1004, 7871.0, 7, 7.8318407960199, 0.2
1005, 7872.0, 1, 7.825049701789265, 0.2
1006, 7879.0, 7, 7.824230387288977, 0.2
1007, 7885.0, 6, 7.822420634920635, 0.2
1008, 7891.0, 6, 7.820614469772051, 0.2
1009, 7891.0, 0, 7.812871287128713, 0.2
1010, 7897.0, 6, 7.811078140454995, 0.2
1011, 7905.0, 8, 7.811264822134388, 0.2
1012, 7912.0, 7, 7.810463968410661, 0.2
1013, 7918.0, 6, 7.808678500986193, 0.2
1014, 7925.0, 7, 7.807881773399015, 0.2
1015, 7931.0, 6, 7.806102362204724, 0.2
1016, 7938.0, 7, 7.8053097345132745, 0.2
1017, 7945.0, 7, 7.804518664047151, 0.2
1018, 7950.0, 5, 7.801766437684004, 0.2
1019, 7957.0, 7, 7.800980392156863, 0.2
1020, 7964.0, 7, 7.800195886385896, 0.2
1021, 7968.0, 4, 7.796477495107632, 0.2
1022, 7976.0, 8, 7.796676441837732, 0.2
1023, 7984.0, 8, 7.796875, 0.2
1024, 7989.0, 5, 7.7941463414634145, 0.2
1025, 7993.0, 4, 7.790448343079922, 0.2
1026, 7999.0, 6, 7.7887049659201555, 0.2
1027, 8006.0, 7, 7.787937743190661, 0.2
1028, 8012.0, 6, 7.78620019436346, 0.2
1029, 8018.0, 6, 7.784466019417476, 0.2
1030, 8025.0, 7, 7.783705140640155, 0.2
1031, 8026.0, 1, 7.7771317829457365, 0.2
1032, 8034.0, 8, 7.7773475314617615, 0.2
1033, 8037.0, 3, 7.7727272727272725, 0.2
1034, 8043.0, 6, 7.771014492753623, 0.2
1035, 8047.0, 4, 7.767374517374518, 0.2
1036, 8055.0, 8, 7.767598842815815, 0.2
1037, 8062.0, 7, 7.766859344894027, 0.2
1038, 8068.0, 6, 7.765158806544755, 0.2
1039, 8074.0, 6, 7.763461538461539, 0.2
1040, 8079.0, 5, 7.760806916426513, 0.2
1041, 8085.0, 6, 7.75911708253359, 0.2
1042, 8092.0, 7, 7.758389261744966, 0.2
1043, 8098.0, 6, 7.756704980842912, 0.2
1044, 8106.0, 8, 7.756937799043063, 0.2
1045, 8114.0, 8, 7.75717017208413, 0.2
1046, 8121.0, 7, 7.756446991404012, 0.2
1047, 8128.0, 7, 7.755725190839694, 0.2
1048, 8135.0, 7, 7.755004766444233, 0.2
1049, 8141.0, 6, 7.753333333333333, 0.2
1050, 8147.0, 6, 7.751665080875357, 0.2
1051, 8151.0, 4, 7.748098859315589, 0.2
1052, 8157.0, 6, 7.746438746438747, 0.2
1053, 8157.0, 0, 7.739089184060721, 0.2
1054, 8163.0, 6, 7.737440758293839, 0.2
1055, 8169.0, 6, 7.735795454545454, 0.2
1056, 8176.0, 7, 7.735099337748345, 0.2
1057, 8182.0, 6, 7.733459357277883, 0.2
1058, 8187.0, 5, 7.730878186968838, 0.2
1059, 8193.0, 6, 7.729245283018868, 0.2
1060, 8200.0, 7, 7.7285579641847315, 0.2
1061, 8205.0, 5, 7.7259887005649714, 0.2
1062, 8212.0, 7, 7.7253057384760115, 0.2
1063, 8217.0, 5, 7.722744360902255, 0.2
1064, 8225.0, 8, 7.723004694835681, 0.2
1065, 8232.0, 7, 7.722326454033771, 0.2
1066, 8239.0, 7, 7.721649484536083, 0.2
1067, 8246.0, 7, 7.7209737827715355, 0.2
1068, 8252.0, 6, 7.7193638914873715, 0.2
1069, 8256.0, 4, 7.71588785046729, 0.2
1070, 8263.0, 7, 7.715219421101774, 0.2
1071, 8270.0, 7, 7.71455223880597, 0.2
1072, 8277.0, 7, 7.713886300093197, 0.2
1073, 8282.0, 5, 7.711359404096834, 0.2
1074, 8287.0, 5, 7.708837209302326, 0.2
1075, 8293.0, 6, 7.7072490706319705, 0.2
1076, 8296.0, 3, 7.702878365831012, 0.2
1077, 8302.0, 6, 7.701298701298701, 0.2
1078, 8303.0, 1, 7.695088044485635, 0.2
1079, 8310.0, 7, 7.694444444444445, 0.2
1080, 8317.0, 7, 7.693802035152636, 0.2
1081, 8322.0, 5, 7.691312384473198, 0.2
1082, 8322.0, 0, 7.684210526315789, 0.2
1083, 8328.0, 6, 7.682656826568266, 0.2
1084, 8334.0, 6, 7.6811059907834105, 0.2
1085, 8341.0, 7, 7.680478821362799, 0.2
1086, 8346.0, 5, 7.678012879484821, 0.2
1087, 8353.0, 7, 7.677389705882353, 0.2
1088, 8360.0, 7, 7.6767676767676765, 0.2
1089, 8366.0, 6, 7.675229357798165, 0.2
1090, 8372.0, 6, 7.6736938588450965, 0.2
1091, 8379.0, 7, 7.673076923076923, 0.2
1092, 8384.0, 5, 7.670631290027448, 0.2
1093, 8390.0, 6, 7.669104204753199, 0.2
1094, 8397.0, 7, 7.668493150684932, 0.2
1095, 8403.0, 6, 7.666970802919708, 0.2
1096, 8411.0, 8, 7.667274384685506, 0.2
1097, 8419.0, 8, 7.667577413479052, 0.2
1098, 8425.0, 6, 7.6660600545950865, 0.2
1099, 8428.0, 3, 7.661818181818182, 0.2
1100, 8435.0, 7, 7.661217075386013, 0.2
1101, 8443.0, 8, 7.661524500907441, 0.2
1102, 8448.0, 5, 7.659111514052584, 0.2
1103, 8455.0, 7, 7.658514492753623, 0.2
1104, 8463.0, 8, 7.658823529411765, 0.2
1105, 8471.0, 8, 7.659132007233273, 0.2
1106, 8479.0, 8, 7.659439927732611, 0.2
1107, 8486.0, 7, 7.65884476534296, 0.2
1108, 8492.0, 6, 7.657348963029756, 0.2
1109, 8498.0, 6, 7.655855855855856, 0.2
1110, 8504.0, 6, 7.654365436543654, 0.2
1111, 8510.0, 6, 7.652877697841727, 0.2
1112, 8518.0, 8, 7.65318957771788, 0.2
1113, 8525.0, 7, 7.652603231597846, 0.2
1114, 8532.0, 7, 7.652017937219731, 0.2
1115, 8538.0, 6, 7.650537634408602, 0.2
1116, 8545.0, 7, 7.649955237242614, 0.2
1117, 8551.0, 6, 7.648479427549195, 0.2
1118, 8551.0, 0, 7.641644325290438, 0.2
1119, 8559.0, 8, 7.641964285714286, 0.2
1120, 8566.0, 7, 7.641391614629795, 0.2
1121, 8566.0, 0, 7.634581105169341, 0.2
1122, 8571.0, 5, 7.632235084594836, 0.2
1123, 8578.0, 7, 7.631672597864768, 0.2
1124, 8582.0, 4, 7.628444444444445, 0.2
1125, 8588.0, 6, 7.626998223801066, 0.2
1126, 8593.0, 5, 7.624667258207631, 0.2
1127, 8593.0, 0, 7.61790780141844, 0.2
1128, 8600.0, 7, 7.617360496014172, 0.2
1129, 8604.0, 4, 7.614159292035398, 0.2
1130, 8612.0, 8, 7.614500442086649, 0.2
1131, 8616.0, 4, 7.6113074204946995, 0.2
1132, 8623.0, 7, 7.6107678729037955, 0.2
1133, 8629.0, 6, 7.609347442680776, 0.2
1134, 8633.0, 4, 7.606167400881057, 0.2
1135, 8639.0, 6, 7.604753521126761, 0.2
1136, 8646.0, 7, 7.604221635883905, 0.2
1137, 8653.0, 7, 7.603690685413005, 0.2
1138, 8659.0, 6, 7.602282704126426, 0.2
1139, 8659.0, 0, 7.59561403508772, 0.2
1140, 8665.0, 6, 7.594215600350569, 0.2
1141, 8671.0, 6, 7.592819614711034, 0.2
1142, 8678.0, 7, 7.592300962379703, 0.2
1143, 8678.0, 0, 7.585664335664336, 0.2
1144, 8686.0, 8, 7.586026200873363, 0.2
1145, 8691.0, 5, 7.5837696335078535, 0.2
1146, 8697.0, 6, 7.582388840453357, 0.2
1147, 8703.0, 6, 7.581010452961673, 0.2
1148, 8711.0, 8, 7.581375108790253, 0.2
1149, 8718.0, 7, 7.580869565217391, 0.2
1150, 8724.0, 6, 7.579496090356212, 0.2
1151, 8728.0, 4, 7.576388888888889, 0.2
1152, 8735.0, 7, 7.575888985255855, 0.2
1153, 8740.0, 5, 7.5736568457538995, 0.2
1154, 8748.0, 8, 7.574025974025974, 0.2
1155, 8755.0, 7, 7.573529411764706, 0.2
1156, 8762.0, 7, 7.573033707865169, 0.2
1157, 8767.0, 5, 7.570811744386874, 0.2
1158, 8771.0, 4, 7.567730802415876, 0.2
1159, 8777.0, 6, 7.566379310344828, 0.2
1160, 8783.0, 6, 7.565030146425495, 0.2
1161, 8789.0, 6, 7.56368330464716, 0.2
1162, 8795.0, 6, 7.562338779019776, 0.2
1163, 8802.0, 7, 7.561855670103093, 0.2
1164, 8807.0, 5, 7.559656652360515, 0.2
1165, 8812.0, 5, 7.55746140651801, 0.2
1166, 8820.0, 8, 7.557840616966581, 0.2
1167, 8827.0, 7, 7.55736301369863, 0.2
1168, 8830.0, 3, 7.553464499572284, 0.2
1169, 8838.0, 8, 7.553846153846154, 0.2
1170, 8840.0, 2, 7.549103330486764, 0.2
1171, 8842.0, 2, 7.544368600682594, 0.2
1172, 8849.0, 7, 7.543904518329071, 0.2
1173, 8854.0, 5, 7.541737649063032, 0.2
1174, 8862.0, 8, 7.542127659574468, 0.2
1175, 8864.0, 2, 7.537414965986395, 0.2
1176, 8869.0, 5, 7.5352591333899746, 0.2
1177, 8869.0, 0, 7.528862478777589, 0.2
1178, 8874.0, 5, 7.526717557251908, 0.2
1179, 8881.0, 7, 7.526271186440678, 0.2
1180, 8887.0, 6, 7.52497883149873, 0.2
1181, 8894.0, 7, 7.5245346869712355, 0.2
1182, 8899.0, 5, 7.52240067624683, 0.2
1183, 8905.0, 6, 7.521114864864865, 0.2
1184, 8911.0, 6, 7.519831223628692, 0.2
1185, 8918.0, 7, 7.519392917369308, 0.2
1186, 8925.0, 7, 7.518955349620893, 0.2
1187, 8933.0, 8, 7.519360269360269, 0.2
1188, 8939.0, 6, 7.518082422203532, 0.2
1189, 8946.0, 7, 7.517647058823529, 0.2
1190, 8953.0, 7, 7.517212426532326, 0.2
1191, 8960.0, 7, 7.516778523489933, 0.2
1192, 8967.0, 7, 7.516345347862531, 0.2
1193, 8973.0, 6, 7.515075376884422, 0.2
1194, 8980.0, 7, 7.514644351464435, 0.2
1195, 8982.0, 2, 7.510033444816053, 0.2
1196, 8990.0, 8, 7.510442773600668, 0.2
1197, 8996.0, 6, 7.509181969949917, 0.2
1198, 9004.0, 8, 7.509591326105087, 0.2
1199, 9012.0, 8, 7.51, 0.2
1200, 9020.0, 8, 7.510407993338884, 0.2
1201, 9026.0, 6, 7.509151414309485, 0.2
1202, 9031.0, 5, 7.507065669160432, 0.2
1203, 9038.0, 7, 7.5066445182724255, 0.2
1204, 9043.0, 5, 7.504564315352697, 0.2
1205, 9049.0, 6, 7.503316749585406, 0.2
1206, 9056.0, 7, 7.502899751449876, 0.2
1207, 9064.0, 8, 7.503311258278146, 0.2
1208, 9071.0, 7, 7.502894954507858, 0.2
1209, 9079.0, 8, 7.503305785123967, 0.2
1210, 9085.0, 6, 7.5020644095788604, 0.2
1211, 9092.0, 7, 7.5016501650165015, 0.2
1212, 9099.0, 7, 7.501236603462489, 0.2
1213, 9105.0, 6, 7.5, 0.2
1214, 9111.0, 6, 7.498765432098765, 0.2
1215, 9117.0, 6, 7.4975328947368425, 0.2
1216, 9123.0, 6, 7.496302382908792, 0.2
1217, 9127.0, 4, 7.493431855500821, 0.2
1218, 9133.0, 6, 7.492206726825267, 0.2
1219, 9133.0, 0, 7.4860655737704915, 0.2
1220, 9140.0, 7, 7.485667485667486, 0.2
1221, 9147.0, 7, 7.485270049099836, 0.2
1222, 9154.0, 7, 7.484873262469337, 0.2
1223, 9161.0, 7, 7.484477124183006, 0.2
1224, 9168.0, 7, 7.484081632653061, 0.2
1225, 9170.0, 2, 7.479608482871126, 0.2
1226, 9177.0, 7, 7.47921760391198, 0.2
1227, 9185.0, 8, 7.479641693811075, 0.2
1228, 9185.0, 0, 7.473555736371034, 0.2
1229, 9190.0, 5, 7.471544715447155, 0.2
1230, 9197.0, 7, 7.471161657189277, 0.2
1231, 9204.0, 7, 7.470779220779221, 0.2
1232, 9212.0, 8, 7.471208434712084, 0.2
1233, 9217.0, 5, 7.4692058346839545, 0.2
1234, 9223.0, 6, 7.468016194331984, 0.2
1235, 9229.0, 6, 7.466828478964401, 0.2
1236, 9236.0, 7, 7.466451091350041, 0.2
1237, 9242.0, 6, 7.465266558966074, 0.2
1238, 9243.0, 1, 7.460048426150121, 0.2
1239, 9248.0, 5, 7.458064516129032, 0.2
1240, 9254.0, 6, 7.456889605157131, 0.2
1241, 9260.0, 6, 7.455716586151369, 0.2
1242, 9266.0, 6, 7.454545454545454, 0.2
1243, 9273.0, 7, 7.454180064308682, 0.2
1244, 9279.0, 6, 7.453012048192771, 0.2
1245, 9286.0, 7, 7.452648475120386, 0.2
1246, 9293.0, 7, 7.452285485164395, 0.2
1247, 9300.0, 7, 7.451923076923077, 0.2
1248, 9305.0, 5, 7.4499599679743795, 0.2
1249, 9311.0, 6, 7.4488, 0.2
1250, 9313.0, 2, 7.444444444444445, 0.2
1251, 9314.0, 1, 7.439297124600639, 0.2
1252, 9320.0, 6, 7.438148443735036, 0.2
1253, 9328.0, 8, 7.43859649122807, 0.2
1254, 9333.0, 5, 7.436653386454183, 0.2
1255, 9341.0, 8, 7.437101910828026, 0.2
1256, 9345.0, 4, 7.43436754176611, 0.2
1257, 9353.0, 8, 7.4348171701112875, 0.2
1258, 9361.0, 8, 7.435266084193804, 0.2
1259, 9366.0, 5, 7.433333333333334, 0.2
1260, 9368.0, 2, 7.429024583663759, 0.2
1261, 9373.0, 5, 7.427099841521395, 0.2
1262, 9380.0, 7, 7.426761678543151, 0.2
1263, 9382.0, 2, 7.4224683544303796, 0.2
1264, 9390.0, 8, 7.4229249011857705, 0.2
1265, 9394.0, 4, 7.420221169036335, 0.2
1266, 9400.0, 6, 7.419100236779795, 0.2
1267, 9405.0, 5, 7.417192429022082, 0.2
1268, 9411.0, 6, 7.416075650118203, 0.2
1269, 9419.0, 8, 7.416535433070866, 0.2
1270, 9426.0, 7, 7.416207710464201, 0.2
1271, 9427.0, 1, 7.411163522012578, 0.2
1272, 9435.0, 8, 7.4116260801256875, 0.2
1273, 9442.0, 7, 7.411302982731554, 0.2
1274, 9449.0, 7, 7.410980392156863, 0.2
1275, 9453.0, 4, 7.408307210031348, 0.2
1276, 9459.0, 6, 7.407204385277995, 0.2
1277, 9465.0, 6, 7.406103286384977, 0.2
1278, 9470.0, 5, 7.404222048475371, 0.2
1279, 9474.0, 4, 7.4015625, 0.2
1280, 9479.0, 5, 7.3996877439500395, 0.2
1281, 9484.0, 5, 7.3978159126365055, 0.2
1282, 9490.0, 6, 7.396726422447389, 0.2
1283, 9498.0, 8, 7.397196261682243, 0.2
1284, 9506.0, 8, 7.397665369649806, 0.2
1285, 9514.0, 8, 7.3981337480559874, 0.2
1286, 9521.0, 7, 7.397824397824398, 0.2
1287, 9529.0, 8, 7.398291925465839, 0.2
1288, 9531.0, 2, 7.394103956555469, 0.2
1289, 9536.0, 5, 7.392248062015504, 0.2
1290, 9539.0, 3, 7.388845855925639, 0.2
1291, 9545.0, 6, 7.387770897832818, 0.2
1292, 9552.0, 7, 7.387470997679815, 0.2
1293, 9559.0, 7, 7.387171561051004, 0.2
1294, 9566.0, 7, 7.386872586872587, 0.2
1295, 9572.0, 6, 7.385802469135802, 0.2
1296, 9577.0, 5, 7.38396299151889, 0.2
1297, 9581.0, 4, 7.38135593220339, 0.2
1298, 9586.0, 5, 7.379522709776752, 0.2
1299, 9593.0, 7, 7.3792307692307695, 0.2
1300, 9601.0, 8, 7.379707916986933, 0.2
1301, 9607.0, 6, 7.378648233486943, 0.2
1302, 9610.0, 3, 7.375287797390637, 0.2
1303, 9614.0, 4, 7.372699386503068, 0.2
1304, 9620.0, 6, 7.371647509578544, 0.2
1305, 9627.0, 7, 7.371362940275651, 0.2
1306, 9633.0, 6, 7.370313695485845, 0.2
1307, 9640.0, 7, 7.370030581039756, 0.2
1308, 9640.0, 0, 7.364400305576776, 0.2
1309, 9646.0, 6, 7.363358778625954, 0.2
1310, 9653.0, 7, 7.363081617086194, 0.2
1311, 9658.0, 5, 7.361280487804878, 0.2
1312, 9666.0, 8, 7.361766945925361, 0.2
1313, 9672.0, 6, 7.360730593607306, 0.2
1314, 9679.0, 7, 7.3604562737642585, 0.2
1315, 9682.0, 3, 7.357142857142857, 0.2
1316, 9686.0, 4, 7.35459377372817, 0.2
1317, 9693.0, 7, 7.354324734446131, 0.2
1318, 9699.0, 6, 7.353297952994693, 0.2
1319, 9705.0, 6, 7.3522727272727275, 0.2
1320, 9713.0, 8, 7.352763058289175, 0.2
1321, 9719.0, 6, 7.351739788199698, 0.2
1322, 9726.0, 7, 7.351473922902494, 0.2
1323, 9733.0, 7, 7.351208459214502, 0.2
1324, 9740.0, 7, 7.350943396226415, 0.2
1325, 9747.0, 7, 7.350678733031674, 0.2
1326, 9753.0, 6, 7.349660889223813, 0.2
1327, 9753.0, 0, 7.344126506024097, 0.2
1328, 9757.0, 4, 7.341610233258089, 0.2
1329, 9762.0, 5, 7.33984962406015, 0.2
1330, 9768.0, 6, 7.338842975206612, 0.2
1331, 9775.0, 7, 7.338588588588588, 0.2
1332, 9782.0, 7, 7.338334583645912, 0.2
1333, 9789.0, 7, 7.33808095952024, 0.2
1334, 9794.0, 5, 7.336329588014982, 0.2
1335, 9800.0, 6, 7.335329341317365, 0.2
1336, 9806.0, 6, 7.334330590875093, 0.2
1337, 9813.0, 7, 7.334080717488789, 0.2
1338, 9821.0, 8, 7.334578043315908, 0.2
1339, 9826.0, 5, 7.332835820895522, 0.2
1340, 9833.0, 7, 7.3325876211782255, 0.2
1341, 9840.0, 7, 7.332339791356185, 0.2
1342, 9847.0, 7, 7.332092330603127, 0.2
1343, 9851.0, 4, 7.329613095238095, 0.2
1344, 9859.0, 8, 7.330111524163569, 0.2
1345, 9865.0, 6, 7.329123328380386, 0.2
1346, 9872.0, 7, 7.328878990348923, 0.2
1347, 9875.0, 3, 7.32566765578635, 0.2
1348, 9881.0, 6, 7.3246849518161605, 0.2
1349, 9887.0, 6, 7.323703703703703, 0.2
1350, 9893.0, 6, 7.322723908216136, 0.2
1351, 9894.0, 1, 7.318047337278107, 0.2
1352, 9902.0, 8, 7.318551367331855, 0.2
1353, 9909.0, 7, 7.318316100443131, 0.2
1354, 9916.0, 7, 7.3180811808118085, 0.2
1355, 9924.0, 8, 7.31858407079646, 0.2
1356, 9932.0, 8, 7.319086219602063, 0.2
1357, 9939.0, 7, 7.318851251840942, 0.2
1358, 9946.0, 7, 7.318616629874908, 0.2
1359, 9953.0, 7, 7.3183823529411764, 0.2
1360, 9960.0, 7, 7.318148420279207, 0.2
1361, 9967.0, 7, 7.3179148311306905, 0.2
1362, 9973.0, 6, 7.316947909024211, 0.2
1363, 9978.0, 5, 7.31524926686217, 0.2
1364, 9980.0, 2, 7.311355311355311, 0.2
1365, 9986.0, 6, 7.310395314787701, 0.2
1366, 9994.0, 8, 7.310899780541331, 0.2
1367, 10000.0, 6, 7.309941520467836, 0.2
1368, 10007.0, 7, 7.309715120525931, 0.2
1369, 10013.0, 6, 7.308759124087591, 0.2
1370, 10020.0, 7, 7.308533916849015, 0.2
1371, 10025.0, 5, 7.306851311953353, 0.2
1372, 10033.0, 8, 7.307356154406409, 0.2
1373, 10041.0, 8, 7.307860262008734, 0.2
1374, 10048.0, 7, 7.307636363636363, 0.2
1375, 10054.0, 6, 7.306686046511628, 0.2
1376, 10060.0, 6, 7.305737109658678, 0.2
1377, 10061.0, 1, 7.301161103047895, 0.2
1378, 10067.0, 6, 7.300217548948513, 0.2
1379, 10073.0, 6, 7.29927536231884, 0.2
1380, 10080.0, 7, 7.299058653149891, 0.2
1381, 10087.0, 7, 7.298842257597684, 0.2
1382, 10093.0, 6, 7.297903109182935, 0.2
1383, 10098.0, 5, 7.296242774566474, 0.2
1384, 10104.0, 6, 7.295306859205776, 0.2
1385, 10110.0, 6, 7.294372294372295, 0.2
1386, 10115.0, 5, 7.292718096611392, 0.2
1387, 10122.0, 7, 7.292507204610951, 0.2
1388, 10130.0, 8, 7.293016558675306, 0.2
1389, 10137.0, 7, 7.292805755395683, 0.2
1390, 10143.0, 6, 7.291876347951114, 0.2
1391, 10150.0, 7, 7.291666666666667, 0.2
1392, 10154.0, 4, 7.289303661162958, 0.2
1393, 10158.0, 4, 7.2869440459110475, 0.2
1394, 10163.0, 5, 7.285304659498208, 0.2
1395, 10171.0, 8, 7.285816618911174, 0.2
1396, 10177.0, 6, 7.2848962061560485, 0.2
1397, 10184.0, 7, 7.284692417739628, 0.2
1398, 10187.0, 3, 7.281629735525375, 0.2
1399, 10193.0, 6, 7.280714285714286, 0.2
1400, 10199.0, 6, 7.279800142755175, 0.2
1401, 10205.0, 6, 7.278887303851641, 0.2
1402, 10212.0, 7, 7.278688524590164, 0.2
1403, 10214.0, 2, 7.2749287749287745, 0.2
1404, 10222.0, 8, 7.275444839857651, 0.2
1405, 10229.0, 7, 7.27524893314367, 0.2
1406, 10233.0, 4, 7.272921108742004, 0.2
1407, 10241.0, 8, 7.2734375, 0.2
1408, 10241.0, 0, 7.268275372604684, 0.2
1409, 10248.0, 7, 7.268085106382979, 0.2
1410, 10255.0, 7, 7.267895109851169, 0.2
1411, 10260.0, 5, 7.26628895184136, 0.2
1412, 10267.0, 7, 7.266100495399859, 0.2
1413, 10274.0, 7, 7.265912305516266, 0.2
1414, 10276.0, 2, 7.262190812720848, 0.2
1415, 10279.0, 3, 7.2591807909604515, 0.2
1416, 10286.0, 7, 7.2589978828510935, 0.2
1417, 10293.0, 7, 7.258815232722144, 0.2
1418, 10300.0, 7, 7.258632840028189, 0.2
1419, 10307.0, 7, 7.2584507042253525, 0.2
1420, 10314.0, 7, 7.258268824771288, 0.2
1421, 10320.0, 6, 7.257383966244726, 0.2
1422, 10325.0, 5, 7.255797610681658, 0.2
1423, 10333.0, 8, 7.256320224719101, 0.2
1424, 10340.0, 7, 7.256140350877193, 0.2
1425, 10341.0, 1, 7.251753155680224, 0.2
1426, 10347.0, 6, 7.250875963559916, 0.2
1427, 10353.0, 6, 7.25, 0.2
1428, 10359.0, 6, 7.249125262421273, 0.2
1429, 10366.0, 7, 7.248951048951049, 0.2
1430, 10374.0, 8, 7.249475890985325, 0.2
1431, 10380.0, 6, 7.248603351955308, 0.2
1432, 10382.0, 2, 7.244940683879972, 0.2
1433, 10389.0, 7, 7.2447698744769875, 0.2
1434, 10391.0, 2, 7.241114982578397, 0.2
1435, 10399.0, 8, 7.241643454038997, 0.2
1436, 10406.0, 7, 7.241475295755046, 0.2
1437, 10414.0, 8, 7.242002781641168, 0.2
1438, 10421.0, 7, 7.2418346073662265, 0.2
1439, 10427.0, 6, 7.240972222222222, 0.2
1440, 10435.0, 8, 7.241498959056211, 0.2
1441, 10441.0, 6, 7.240638002773925, 0.2
1442, 10448.0, 7, 7.240471240471241, 0.2
1443, 10456.0, 8, 7.240997229916897, 0.2
1444, 10461.0, 5, 7.239446366782007, 0.2
1445, 10462.0, 1, 7.235131396957123, 0.2
1446, 10467.0, 5, 7.233586731167934, 0.2
1447, 10475.0, 8, 7.234116022099448, 0.2
1448, 10482.0, 7, 7.233954451345756, 0.2
1449, 10482.0, 0, 7.228965517241379, 0.2
1450, 10490.0, 8, 7.229496898690559, 0.2
1451, 10495.0, 5, 7.227961432506887, 0.2
1452, 10499.0, 4, 7.225739848589126, 0.2
1453, 10506.0, 7, 7.225584594222833, 0.2
1454, 10513.0, 7, 7.225429553264605, 0.2
1455, 10519.0, 6, 7.224587912087912, 0.2
1456, 10526.0, 7, 7.224433768016472, 0.2
1457, 10533.0, 7, 7.224279835390947, 0.2
1458, 10540.0, 7, 7.224126113776559, 0.2
1459, 10546.0, 6, 7.223287671232876, 0.2
1460, 10551.0, 5, 7.2217659137577, 0.2
1461, 10557.0, 6, 7.22093023255814, 0.2
1462, 10564.0, 7, 7.220779220779221, 0.2
1463, 10571.0, 7, 7.220628415300546, 0.2
1464, 10578.0, 7, 7.220477815699659, 0.2
1465, 10582.0, 4, 7.218281036834925, 0.2
1466, 10590.0, 8, 7.21881390593047, 0.2
1467, 10597.0, 7, 7.21866485013624, 0.2
1468, 10603.0, 6, 7.2178352620830495, 0.2
1469, 10606.0, 3, 7.214965986394557, 0.2
1470, 10613.0, 7, 7.214819850441876, 0.2
1471, 10620.0, 7, 7.2146739130434785, 0.2
1472, 10620.0, 0, 7.209775967413442, 0.2
1473, 10626.0, 6, 7.208955223880597, 0.2
1474, 10632.0, 6, 7.208135593220339, 0.2
1475, 10637.0, 5, 7.206639566395664, 0.2
1476, 10645.0, 8, 7.207176709546378, 0.2
1477, 10649.0, 4, 7.205006765899864, 0.2
1478, 10656.0, 7, 7.204868154158215, 0.2
1479, 10662.0, 6, 7.204054054054054, 0.2
1480, 10668.0, 6, 7.203241053342336, 0.2
1481, 10674.0, 6, 7.202429149797571, 0.2
1482, 10682.0, 8, 7.202966958867161, 0.2
1483, 10688.0, 6, 7.202156334231806, 0.2
1484, 10690.0, 2, 7.198653198653199, 0.2
1485, 10696.0, 6, 7.197846567967699, 0.2
1486, 10704.0, 8, 7.198386012104909, 0.2
1487, 10709.0, 5, 7.196908602150538, 0.2
1488, 10717.0, 8, 7.197447951645399, 0.2
1489, 10724.0, 7, 7.1973154362416105, 0.2
1490, 10731.0, 7, 7.197183098591549, 0.2
1491, 10737.0, 6, 7.196380697050938, 0.2
1492, 10744.0, 7, 7.196249162759544, 0.2
1493, 10751.0, 7, 7.196117804551539, 0.2
1494, 10759.0, 8, 7.196655518394649, 0.2
1495, 10766.0, 7, 7.196524064171123, 0.2
1496, 10772.0, 6, 7.1957247828991315, 0.2
1497, 10780.0, 8, 7.196261682242991, 0.2
1498, 10787.0, 7, 7.196130753835891, 0.2
1499, 10795.0, 8, 7.196666666666666, 0.2
1500, 10802.0, 7, 7.19653564290473, 0.2
1501, 10802.0, 0, 7.191744340878828, 0.2
1502, 10810.0, 8, 7.192282102461744, 0.2
1503, 10817.0, 7, 7.192154255319149, 0.2
1504, 10824.0, 7, 7.19202657807309, 0.2
1505, 10830.0, 6, 7.191235059760956, 0.2
1506, 10835.0, 5, 7.189781021897811, 0.2
1507, 10842.0, 7, 7.189655172413793, 0.2
1508, 10848.0, 6, 7.188866799204772, 0.2
1509, 10850.0, 2, 7.185430463576159, 0.2
1510, 10858.0, 8, 7.185969556585043, 0.2
1511, 10865.0, 7, 7.185846560846561, 0.2
1512, 10872.0, 7, 7.185723727693325, 0.2
1513, 10879.0, 7, 7.18560105680317, 0.2
1514, 10887.0, 8, 7.186138613861386, 0.2
1515, 10889.0, 2, 7.182717678100264, 0.2
1516, 10892.0, 3, 7.179960448253131, 0.2
1517, 10899.0, 7, 7.179841897233201, 0.2
1518, 10906.0, 7, 7.179723502304148, 0.2
1519, 10911.0, 5, 7.17828947368421, 0.2
1520, 10919.0, 8, 7.178829717291256, 0.2
1521, 10925.0, 6, 7.178055190538765, 0.2
1522, 10933.0, 8, 7.178594878529219, 0.2
1523, 10940.0, 7, 7.178477690288714, 0.2
1524, 10940.0, 0, 7.173770491803278, 0.2
1525, 10940.0, 0, 7.169069462647444, 0.2
1526, 10946.0, 6, 7.1683038637852, 0.2
1527, 10953.0, 7, 7.168193717277487, 0.2
1528, 10959.0, 6, 7.167429692609549, 0.2
1529, 10965.0, 6, 7.166666666666667, 0.2
1530, 10971.0, 6, 7.165904637491836, 0.2
1531, 10975.0, 4, 7.1638381201044385, 0.2
1532, 10982.0, 7, 7.163731245923027, 0.2
1533, 10983.0, 1, 7.159713168187745, 0.2
1534, 10988.0, 5, 7.158306188925081, 0.2
1535, 10993.0, 5, 7.156901041666667, 0.2
1536, 10993.0, 0, 7.152244632400781, 0.2
1537, 11000.0, 7, 7.152145643693108, 0.2
1538, 11004.0, 4, 7.150097465886939, 0.2
1539, 11010.0, 6, 7.14935064935065, 0.2
1540, 11014.0, 4, 7.147306943543154, 0.2
1541, 11020.0, 6, 7.1465629053177695, 0.2
1542, 11024.0, 4, 7.144523655217109, 0.2
1543, 11032.0, 8, 7.1450777202072535, 0.2
1544, 11040.0, 8, 7.145631067961165, 0.2
1545, 11045.0, 5, 7.1442432082794305, 0.2
1546, 11051.0, 6, 7.1435035552682615, 0.2
1547, 11058.0, 7, 7.1434108527131785, 0.2
1548, 11058.0, 0, 7.1387992253066495, 0.2
1549, 11066.0, 8, 7.139354838709678, 0.2
1550, 11066.0, 0, 7.134751773049645, 0.2
1551, 11072.0, 6, 7.134020618556701, 0.2
1552, 11077.0, 5, 7.132646490663232, 0.2
1553, 11080.0, 3, 7.12998712998713, 0.2
1554, 11082.0, 2, 7.12668810289389, 0.2
1555, 11086.0, 4, 7.124678663239075, 0.2
1556, 11086.0, 0, 7.120102761721259, 0.2
1557, 11092.0, 6, 7.119383825417201, 0.2
1558, 11095.0, 3, 7.1167415009621555, 0.2
1559, 11103.0, 8, 7.117307692307692, 0.2
1560, 11109.0, 6, 7.116591928251121, 0.2
1561, 11114.0, 5, 7.115236875800256, 0.2
1562, 11117.0, 3, 7.112603966730646, 0.2
1563, 11121.0, 4, 7.110613810741688, 0.2
1564, 11128.0, 7, 7.110543130990416, 0.2
1565, 11134.0, 6, 7.109833971902938, 0.2
1566, 11141.0, 7, 7.109763880025526, 0.2
1567, 11142.0, 1, 7.105867346938775, 0.2
1568, 11148.0, 6, 7.105162523900574, 0.2
1569, 11154.0, 6, 7.104458598726115, 0.2
1570, 11161.0, 7, 7.104392106938256, 0.2
1571, 11167.0, 6, 7.103689567430026, 0.2
1572, 11174.0, 7, 7.1036236490781945, 0.2
1573, 11178.0, 4, 7.101651842439645, 0.2
1574, 11185.0, 7, 7.101587301587301, 0.2
1575, 11193.0, 8, 7.102157360406092, 0.2
1576, 11194.0, 1, 7.098287888395688, 0.2
1577, 11202.0, 8, 7.098859315589354, 0.2
1578, 11205.0, 3, 7.096263457884737, 0.2
1579, 11212.0, 7, 7.096202531645569, 0.2
1580, 11219.0, 7, 7.096141682479443, 0.2
1581, 11223.0, 4, 7.094184576485461, 0.2
1582, 11230.0, 7, 7.094125078963993, 0.2
1583, 11237.0, 7, 7.094065656565657, 0.2
1584, 11243.0, 6, 7.093375394321766, 0.2
1585, 11244.0, 1, 7.0895334174022695, 0.2
1586, 11251.0, 7, 7.0894770006301195, 0.2
1587, 11258.0, 7, 7.089420654911839, 0.2
1588, 11261.0, 3, 7.086847073631215, 0.2
1589, 11262.0, 1, 7.083018867924529, 0.2
1590, 11262.0, 0, 7.078566939032055, 0.2
1591, 11264.0, 2, 7.075376884422111, 0.2
1592, 11269.0, 5, 7.074074074074074, 0.2
1593, 11275.0, 6, 7.073400250941029, 0.2
1594, 11281.0, 6, 7.072727272727272, 0.2
1595, 11289.0, 8, 7.073308270676692, 0.2
1596, 11291.0, 2, 7.0701314965560424, 0.2
1597, 11298.0, 7, 7.07008760951189, 0.2
1598, 11303.0, 5, 7.068792995622264, 0.2
1599, 11310.0, 7, 7.06875, 0.2
1600, 11318.0, 8, 7.069331667707683, 0.2
1601, 11324.0, 6, 7.068664169787765, 0.2
1602, 11330.0, 6, 7.067997504678727, 0.2
1603, 11337.0, 7, 7.067955112219451, 0.2
1604, 11343.0, 6, 7.067289719626168, 0.2
1605, 11351.0, 8, 7.0678704856787045, 0.2
1606, 11358.0, 7, 7.067828251400124, 0.2
1607, 11363.0, 5, 7.066542288557214, 0.2
1608, 11368.0, 5, 7.065257924176507, 0.2
1609, 11374.0, 6, 7.064596273291926, 0.2
1610, 11379.0, 5, 7.063314711359404, 0.2
1611, 11384.0, 5, 7.062034739454094, 0.2
1612, 11391.0, 7, 7.061996280223187, 0.2
1613, 11397.0, 6, 7.061338289962825, 0.2
1614, 11403.0, 6, 7.060681114551084, 0.2
1615, 11409.0, 6, 7.060024752475248, 0.2
1616, 11409.0, 0, 7.055658627087198, 0.2
1617, 11417.0, 8, 7.056242274412855, 0.2
1618, 11425.0, 8, 7.056825200741199, 0.2
1619, 11432.0, 7, 7.05679012345679, 0.2
1620, 11438.0, 6, 7.05613818630475, 0.2
1621, 11446.0, 8, 7.05672009864365, 0.2
1622, 11454.0, 8, 7.057301293900185, 0.2
1623, 11461.0, 7, 7.057266009852217, 0.2
1624, 11464.0, 3, 7.054769230769231, 0.2
1625, 11465.0, 1, 7.051045510455104, 0.2
1626, 11468.0, 3, 7.048555623847572, 0.2
1627, 11472.0, 4, 7.046683046683047, 0.2
1628, 11479.0, 7, 7.046654389195826, 0.2
1629, 11486.0, 7, 7.046625766871165, 0.2
1630, 11493.0, 7, 7.04659717964439, 0.2
1631, 11497.0, 4, 7.044730392156863, 0.2
1632, 11498.0, 1, 7.041028781383956, 0.2
1633, 11503.0, 5, 7.039779681762546, 0.2
1634, 11510.0, 7, 7.039755351681957, 0.2
1635, 11516.0, 6, 7.039119804400978, 0.2
1636, 11522.0, 6, 7.038485033598045, 0.2
1637, 11528.0, 6, 7.037851037851038, 0.2
1638, 11533.0, 5, 7.036607687614399, 0.2
1639, 11533.0, 0, 7.032317073170732, 0.2
1640, 11535.0, 2, 7.029250457038391, 0.2
1641, 11542.0, 7, 7.029232643118148, 0.2
1642, 11547.0, 5, 7.027997565429093, 0.2
1643, 11553.0, 6, 7.0273722627737225, 0.2
1644, 11553.0, 0, 7.0231003039513675, 0.2
1645, 11561.0, 8, 7.023693803159174, 0.2
1646, 11566.0, 5, 7.022465088038858, 0.2
1647, 11573.0, 7, 7.022451456310679, 0.2
1648, 11579.0, 6, 7.021831412977562, 0.2
1649, 11584.0, 5, 7.0206060606060605, 0.2
1650, 11588.0, 4, 7.01877649909146, 0.2
1651, 11594.0, 6, 7.018159806295399, 0.2
1652, 11601.0, 7, 7.018148820326679, 0.2
1653, 11606.0, 5, 7.016928657799275, 0.2
1654, 11614.0, 8, 7.017522658610272, 0.2
1655, 11618.0, 4, 7.015700483091788, 0.2
1656, 11620.0, 2, 7.012673506336753, 0.2
1657, 11622.0, 2, 7.009650180940892, 0.2
1658, 11626.0, 4, 7.00783604581073, 0.2
1659, 11632.0, 6, 7.00722891566265, 0.2
1660, 11640.0, 8, 7.007826610475617, 0.2
1661, 11646.0, 6, 7.007220216606498, 0.2
1662, 11649.0, 3, 7.0048105832832235, 0.2
1663, 11653.0, 4, 7.0030048076923075, 0.2
1664, 11660.0, 7, 7.003003003003003, 0.2
1665, 11666.0, 6, 7.002400960384153, 0.2
1666, 11673.0, 7, 7.002399520095981, 0.2
1667, 11680.0, 7, 7.002398081534772, 0.2
1668, 11682.0, 2, 6.999400838825644, 0.2
1669, 11688.0, 6, 6.998802395209581, 0.2
1670, 11691.0, 3, 6.996409335727109, 0.2
1671, 11696.0, 5, 6.9952153110047846, 0.2
1672, 11703.0, 7, 6.9952181709503884, 0.2
1673, 11704.0, 1, 6.991636798088411, 0.2
1674, 11709.0, 5, 6.99044776119403, 0.2
1675, 11715.0, 6, 6.9898568019093075, 0.2
1676, 11720.0, 5, 6.988670244484198, 0.2
1677, 11727.0, 7, 6.9886769964243145, 0.2
1678, 11731.0, 4, 6.986896962477665, 0.2
1679, 11739.0, 8, 6.9875, 0.2
1680, 11746.0, 7, 6.98750743604997, 0.2
1681, 11753.0, 7, 6.987514863258026, 0.2
1682, 11759.0, 6, 6.9869281045751634, 0.2
1683, 11766.0, 7, 6.986935866983373, 0.2
1684, 11774.0, 8, 6.9875370919881306, 0.2
1685, 11780.0, 6, 6.986951364175564, 0.2
1686, 11783.0, 3, 6.984588026081802, 0.2
1687, 11787.0, 4, 6.98281990521327, 0.2
1688, 11793.0, 6, 6.982238010657194, 0.2
1689, 11793.0, 0, 6.978106508875739, 0.2
1690, 11799.0, 6, 6.977528089887641, 0.2
1691, 11803.0, 4, 6.975768321513002, 0.2
1692, 11808.0, 5, 6.974601299468399, 0.2
1693, 11812.0, 4, 6.9728453364817, 0.2
1694, 11818.0, 6, 6.972271386430679, 0.2
1695, 11822.0, 4, 6.970518867924528, 0.2
1696, 11827.0, 5, 6.9693576900412495, 0.2
1697, 11834.0, 7, 6.969375736160188, 0.2
1698, 11841.0, 7, 6.969393761035904, 0.2
1699, 11846.0, 5, 6.968235294117647, 0.2
1700, 11854.0, 8, 6.968841857730746, 0.2
1701, 11859.0, 5, 6.967685076380729, 0.2
1702, 11864.0, 5, 6.966529653552555, 0.2
1703, 11871.0, 7, 6.966549295774648, 0.2
1704, 11873.0, 2, 6.963636363636364, 0.2
1705, 11881.0, 8, 6.964243845252051, 0.2
1706, 11886.0, 5, 6.963093145869947, 0.2
1707, 11893.0, 7, 6.963114754098361, 0.2
1708, 11898.0, 5, 6.961966062024576, 0.2
1709, 11902.0, 4, 6.9602339181286546, 0.2
1710, 11908.0, 6, 6.959672706019871, 0.2
1711, 11916.0, 8, 6.960280373831775, 0.2
1712, 11923.0, 7, 6.960303561004086, 0.2
1713, 11929.0, 6, 6.959743290548425, 0.2
1714, 11930.0, 1, 6.956268221574344, 0.2
1715, 11936.0, 6, 6.9557109557109555, 0.2
1716, 11942.0, 6, 6.955154338963308, 0.2
1717, 11949.0, 7, 6.955180442374854, 0.2
1718, 11956.0, 7, 6.95520651541594, 0.2
1719, 11960.0, 4, 6.953488372093023, 0.2
1720, 11965.0, 5, 6.9523532829750145, 0.2
1721, 11970.0, 5, 6.951219512195122, 0.2
1722, 11970.0, 0, 6.947185142193848, 0.2
1723, 11978.0, 8, 6.947795823665893, 0.2
1724, 11985.0, 7, 6.947826086956522, 0.2
1725, 11985.0, 0, 6.943800695249131, 0.2
1726, 11991.0, 6, 6.943254198031268, 0.2
1727, 11999.0, 8, 6.9438657407407405, 0.2
1728, 12006.0, 7, 6.943898207056102, 0.2
1729, 12013.0, 7, 6.94393063583815, 0.2
1730, 12017.0, 4, 6.942229924898903, 0.2
1731, 12018.0, 1, 6.938799076212471, 0.2
1732, 12025.0, 7, 6.938834391229083, 0.2
1733, 12032.0, 7, 6.9388696655132645, 0.2
1734, 12039.0, 7, 6.938904899135447, 0.2
1735, 12045.0, 6, 6.938364055299539, 0.2
1736, 12051.0, 6, 6.937823834196891, 0.2
1737, 12058.0, 7, 6.9378596087456845, 0.2
1738, 12062.0, 4, 6.9361702127659575, 0.2
1739, 12064.0, 2, 6.933333333333334, 0.2
1740, 12067.0, 3, 6.931074095347501, 0.2
1741, 12074.0, 7, 6.931113662456946, 0.2
1742, 12074.0, 0, 6.927137119908204, 0.2
1743, 12079.0, 5, 6.926032110091743, 0.2
1744, 12085.0, 6, 6.925501432664756, 0.2
1745, 12085.0, 0, 6.921534936998855, 0.2
1746, 12085.0, 0, 6.917572982255295, 0.2
1747, 12090.0, 5, 6.916475972540046, 0.2
1748, 12093.0, 3, 6.914236706689537, 0.2
1749, 12099.0, 6, 6.913714285714286, 0.2
1750, 12107.0, 8, 6.914334665905197, 0.2
1751, 12115.0, 8, 6.914954337899544, 0.2
1752, 12118.0, 3, 6.912721049629207, 0.2
1753, 12125.0, 7, 6.912770809578107, 0.2
1754, 12126.0, 1, 6.90940170940171, 0.2
1755, 12130.0, 4, 6.907744874715262, 0.2
1756, 12136.0, 6, 6.9072282299373935, 0.2
1757, 12142.0, 6, 6.906712172923777, 0.2
1758, 12148.0, 6, 6.906196702671973, 0.2
1759, 12153.0, 5, 6.9051136363636365, 0.2
1760, 12158.0, 5, 6.904031800113572, 0.2
1761, 12166.0, 8, 6.904653802497163, 0.2
1762, 12173.0, 7, 6.904707884288145, 0.2
1763, 12179.0, 6, 6.904195011337868, 0.2
1764, 12184.0, 5, 6.903116147308782, 0.2
1765, 12190.0, 6, 6.9026047565118915, 0.2
1766, 12193.0, 3, 6.900396151669496, 0.2
1767, 12193.0, 0, 6.896493212669683, 0.2
1768, 12196.0, 3, 6.894290559638214, 0.2
1769, 12202.0, 6, 6.893785310734463, 0.2
1770, 12208.0, 6, 6.893280632411067, 0.2
1771, 12213.0, 5, 6.892212189616253, 0.2
1772, 12219.0, 6, 6.8917089678511, 0.2
1773, 12225.0, 6, 6.891206313416009, 0.2
1774, 12231.0, 6, 6.8907042253521125, 0.2
1775, 12238.0, 7, 6.8907657657657655, 0.2
1776, 12242.0, 4, 6.889138998311761, 0.2
1777, 12248.0, 6, 6.888638920134983, 0.2
1778, 12254.0, 6, 6.888139404159641, 0.2
1779, 12258.0, 4, 6.8865168539325845, 0.2
1780, 12265.0, 7, 6.88658057271196, 0.2
1781, 12270.0, 5, 6.885521885521886, 0.2
1782, 12275.0, 5, 6.884464385866517, 0.2
1783, 12281.0, 6, 6.88396860986547, 0.2
1784, 12288.0, 7, 6.884033613445379, 0.2
1785, 12296.0, 8, 6.884658454647257, 0.2
1786, 12303.0, 7, 6.884722999440403, 0.2
1787, 12311.0, 8, 6.885346756152125, 0.2
1788, 12318.0, 7, 6.8854108440469535, 0.2
1789, 12325.0, 7, 6.885474860335195, 0.2
1790, 12330.0, 5, 6.884422110552764, 0.2
1791, 12335.0, 5, 6.883370535714286, 0.2
1792, 12341.0, 6, 6.882877858337981, 0.2
1793, 12348.0, 7, 6.882943143812709, 0.2
1794, 12354.0, 6, 6.882451253481894, 0.2
1795, 12356.0, 2, 6.879732739420936, 0.2
1796, 12361.0, 5, 6.878686700055648, 0.2
1797, 12367.0, 6, 6.878197997775306, 0.2
1798, 12371.0, 4, 6.8765981100611455, 0.2
1799, 12376.0, 5, 6.875555555555556, 0.2
1800, 12383.0, 7, 6.875624652970572, 0.2
1801, 12390.0, 7, 6.875693673695894, 0.2
1802, 12397.0, 7, 6.875762617859124, 0.2
1803, 12404.0, 7, 6.875831485587583, 0.2
1804, 12410.0, 6, 6.875346260387811, 0.2
1805, 12416.0, 6, 6.874861572535991, 0.2
1806, 12422.0, 6, 6.874377421140011, 0.2
1807, 12430.0, 8, 6.875, 0.2
1808, 12435.0, 5, 6.873963515754561, 0.2
1809, 12436.0, 1, 6.870718232044199, 0.2
1810, 12443.0, 7, 6.870789618995031, 0.2
1811, 12444.0, 1, 6.867549668874172, 0.2
1812, 12445.0, 1, 6.864313292884721, 0.2
1813, 12450.0, 5, 6.863285556780595, 0.2
1814, 12450.0, 0, 6.859504132231405, 0.2
1815, 12458.0, 8, 6.860132158590308, 0.2
1816, 12465.0, 7, 6.86020913593836, 0.2
1817, 12472.0, 7, 6.86028602860286, 0.2
1818, 12474.0, 2, 6.85761407366685, 0.2
1819, 12480.0, 6, 6.857142857142857, 0.2
1820, 12486.0, 6, 6.8566721581548595, 0.2
1821, 12487.0, 1, 6.853457738748628, 0.2
1822, 12492.0, 5, 6.852441031267142, 0.2
1823, 12493.0, 1, 6.849232456140351, 0.2
1824, 12500.0, 7, 6.8493150684931505, 0.2
1825, 12506.0, 6, 6.848849945235488, 0.2
1826, 12513.0, 7, 6.848932676518883, 0.2
1827, 12519.0, 6, 6.848468271334792, 0.2
1828, 12524.0, 5, 6.8474576271186445, 0.2
1829, 12530.0, 6, 6.8469945355191255, 0.2
1830, 12538.0, 8, 6.847624249044238, 0.2
1831, 12545.0, 7, 6.847707423580786, 0.2
1832, 12553.0, 8, 6.848336061102018, 0.2
1833, 12561.0, 8, 6.84896401308615, 0.2
1834, 12567.0, 6, 6.84850136239782, 0.2
1835, 12575.0, 8, 6.849128540305011, 0.2
1836, 12583.0, 8, 6.849755035383778, 0.2
1837, 12591.0, 8, 6.85038084874864, 0.2
1838, 12595.0, 4, 6.848830886351278, 0.2
1839, 12599.0, 4, 6.847282608695652, 0.2
1840, 12599.0, 0, 6.843563280825638, 0.2
1841, 12606.0, 7, 6.843648208469055, 0.2
1842, 12610.0, 4, 6.842105263157895, 0.2
1843, 12615.0, 5, 6.841106290672451, 0.2
1844, 12619.0, 4, 6.839566395663956, 0.2
1845, 12624.0, 5, 6.838569880823402, 0.2
1846, 12629.0, 5, 6.8375744450460205, 0.2
1847, 12629.0, 0, 6.833874458874459, 0.2
1848, 12637.0, 8, 6.834505137912385, 0.2
1849, 12643.0, 6, 6.834054054054054, 0.2
1850, 12645.0, 2, 6.831442463533225, 0.2
1851, 12650.0, 5, 6.830453563714903, 0.2
1852, 12655.0, 5, 6.829465731246627, 0.2
1853, 12660.0, 5, 6.828478964401294, 0.2
1854, 12661.0, 1, 6.82533692722372, 0.2
1855, 12667.0, 6, 6.8248922413793105, 0.2
1856, 12672.0, 5, 6.823909531502423, 0.2
1857, 12677.0, 5, 6.822927879440258, 0.2
1858, 12684.0, 7, 6.8230231307154385, 0.2
1859, 12690.0, 6, 6.82258064516129, 0.2
1860, 12695.0, 5, 6.821601289629232, 0.2
1861, 12701.0, 6, 6.8211600429645545, 0.2
1862, 12709.0, 8, 6.821792807300054, 0.2
1863, 12715.0, 6, 6.821351931330472, 0.2
1864, 12721.0, 6, 6.820911528150134, 0.2
1865, 12727.0, 6, 6.820471596998928, 0.2
1866, 12734.0, 7, 6.8205677557579, 0.2
1867, 12738.0, 4, 6.819057815845825, 0.2
1868, 12745.0, 7, 6.819154628143393, 0.2
1869, 12752.0, 7, 6.819251336898396, 0.2
1870, 12758.0, 6, 6.818813468733298, 0.2
1871, 12766.0, 8, 6.819444444444445, 0.2
1872, 12772.0, 6, 6.819006940736786, 0.2
1873, 12779.0, 7, 6.819103521878335, 0.2
1874, 12783.0, 4, 6.8176, 0.2
1875, 12789.0, 6, 6.817164179104478, 0.2
1876, 12794.0, 5, 6.816196057538625, 0.2
1877, 12801.0, 7, 6.81629392971246, 0.2
1878, 12808.0, 7, 6.816391697711548, 0.2
1879, 12812.0, 4, 6.814893617021276, 0.2
1880, 12819.0, 7, 6.814992025518341, 0.2
1881, 12819.0, 0, 6.811370882040382, 0.2
1882, 12819.0, 0, 6.8077535847052575, 0.2
1883, 12825.0, 6, 6.807324840764331, 0.2
1884, 12831.0, 6, 6.8068965517241375, 0.2
1885, 12837.0, 6, 6.806468716861081, 0.2
1886, 12840.0, 3, 6.804451510333863, 0.2
1887, 12841.0, 1, 6.8013771186440675, 0.2
1888, 12845.0, 4, 6.799894123875066, 0.2
1889, 12853.0, 8, 6.800529100529101, 0.2
1890, 12858.0, 5, 6.799576943416182, 0.2
1891, 12864.0, 6, 6.799154334038055, 0.2
1892, 12872.0, 8, 6.799788695192816, 0.2
1893, 12879.0, 7, 6.799894403379092, 0.2
1894, 12886.0, 7, 6.8, 0.2
1895, 12887.0, 1, 6.796940928270042, 0.2
1896, 12893.0, 6, 6.796520822351081, 0.2
1897, 12899.0, 6, 6.7961011591148575, 0.2
1898, 12905.0, 6, 6.795681937862033, 0.2
1899, 12910.0, 5, 6.794736842105263, 0.2
1900, 12916.0, 6, 6.794318779589689, 0.2
1901, 12923.0, 7, 6.794426919032597, 0.2
1902, 12929.0, 6, 6.794009458749343, 0.2
1903, 12934.0, 5, 6.793067226890757, 0.2
1904, 12938.0, 4, 6.791601049868766, 0.2
1905, 12945.0, 7, 6.791710388247639, 0.2
1906, 12950.0, 5, 6.790770844257997, 0.2
1907, 12955.0, 5, 6.789832285115304, 0.2
1908, 12962.0, 7, 6.789942378208486, 0.2
1909, 12968.0, 6, 6.789528795811519, 0.2
1910, 12974.0, 6, 6.789115646258503, 0.2
1911, 12977.0, 3, 6.787133891213389, 0.2
1912, 12979.0, 2, 6.78463146889702, 0.2
1913, 12984.0, 5, 6.783699059561129, 0.2
1914, 12991.0, 7, 6.783812010443865, 0.2
1915, 12999.0, 8, 6.784446764091858, 0.2
1916, 13006.0, 7, 6.784559207094419, 0.2
1917, 13009.0, 3, 6.7825860271115745, 0.2
1918, 13017.0, 8, 6.7832204273058885, 0.2
1919, 13024.0, 7, 6.783333333333333, 0.2
1920, 13027.0, 3, 6.781363872982822, 0.2
1921, 13032.0, 5, 6.7804370447450575, 0.2
1922, 13040.0, 8, 6.781071242849714, 0.2
1923, 13047.0, 7, 6.781185031185031, 0.2
1924, 13055.0, 8, 6.781818181818182, 0.2
1925, 13057.0, 2, 6.7793354101765315, 0.2
1926, 13063.0, 6, 6.77893098079917, 0.2
1927, 13063.0, 0, 6.7754149377593365, 0.2
1928, 13069.0, 6, 6.775012960082945, 0.2
1929, 13072.0, 3, 6.773056994818653, 0.2
1930, 13080.0, 8, 6.77369238736406, 0.2
1931, 13087.0, 7, 6.773809523809524, 0.2
1932, 13091.0, 4, 6.7723745473357475, 0.2
1933, 13092.0, 1, 6.769389865563599, 0.2
1934, 13098.0, 6, 6.768992248062015, 0.2
1935, 13105.0, 7, 6.769111570247934, 0.2
1936, 13112.0, 7, 6.769230769230769, 0.2
1937, 13118.0, 6, 6.768833849329205, 0.2
1938, 13122.0, 4, 6.767405879319237, 0.2
1939, 13127.0, 5, 6.766494845360825, 0.2
1940, 13128.0, 1, 6.763523956723338, 0.2
1941, 13134.0, 6, 6.76313079299691, 0.2
1942, 13141.0, 7, 6.763252702007206, 0.2
1943, 13143.0, 2, 6.760802469135802, 0.2
1944, 13148.0, 5, 6.759897172236504, 0.2
1945, 13148.0, 0, 6.756423432682426, 0.2
1946, 13154.0, 6, 6.756034925526451, 0.2
1947, 13161.0, 7, 6.756160164271047, 0.2
1948, 13167.0, 6, 6.755772190867112, 0.2
1949, 13172.0, 5, 6.754871794871795, 0.2
1950, 13178.0, 6, 6.754484879548949, 0.2
1951, 13180.0, 2, 6.752049180327869, 0.2
1952, 13184.0, 4, 6.7506400409626215, 0.2
1953, 13190.0, 6, 6.750255885363357, 0.2
1954, 13194.0, 4, 6.748849104859335, 0.2
1955, 13198.0, 4, 6.747443762781186, 0.2
1956, 13206.0, 8, 6.748083801737353, 0.2
1957, 13209.0, 3, 6.746169560776302, 0.2
1958, 13216.0, 7, 6.746299132210312, 0.2
1959, 13222.0, 6, 6.745918367346939, 0.2
1960, 13229.0, 7, 6.74604793472718, 0.2
1961, 13229.0, 0, 6.742609582059123, 0.2
1962, 13237.0, 8, 6.743250127356087, 0.2
1963, 13244.0, 7, 6.743380855397149, 0.2
1964, 13248.0, 4, 6.741984732824427, 0.2
1965, 13253.0, 5, 6.741098677517803, 0.2
1966, 13260.0, 7, 6.741230299949161, 0.2
1967, 13265.0, 5, 6.7403455284552845, 0.2
1968, 13272.0, 7, 6.740477399695277, 0.2
1969, 13274.0, 2, 6.738071065989848, 0.2
1970, 13280.0, 6, 6.737696600710299, 0.2
1971, 13285.0, 5, 6.736815415821501, 0.2
1972, 13286.0, 1, 6.733907754688292, 0.2
1973, 13294.0, 8, 6.734549138804458, 0.2
1974, 13300.0, 6, 6.734177215189874, 0.2
1975, 13306.0, 6, 6.733805668016195, 0.2
1976, 13310.0, 4, 6.732422862923622, 0.2
1977, 13316.0, 6, 6.732052578361982, 0.2
1978, 13319.0, 3, 6.730166750884285, 0.2
1979, 13327.0, 8, 6.730808080808081, 0.2
1980, 13334.0, 7, 6.730943967693085, 0.2
1981, 13339.0, 5, 6.730070635721494, 0.2
1982, 13341.0, 2, 6.72768532526475, 0.2
1983, 13347.0, 6, 6.727318548387097, 0.2
1984, 13355.0, 8, 6.727959697732998, 0.2
1985, 13362.0, 7, 6.72809667673716, 0.2
1986, 13368.0, 6, 6.727730246602919, 0.2
1987, 13375.0, 7, 6.727867203219316, 0.2
1988, 13378.0, 3, 6.725992961287079, 0.2
1989, 13381.0, 3, 6.724120603015075, 0.2
1990, 13388.0, 7, 6.724259166248117, 0.2
1991, 13394.0, 6, 6.723895582329317, 0.2
1992, 13400.0, 6, 6.72353236327145, 0.2
1993, 13408.0, 8, 6.724172517552658, 0.2
1994, 13413.0, 5, 6.723308270676692, 0.2
1995, 13419.0, 6, 6.722945891783567, 0.2
1996, 13425.0, 6, 6.72258387581372, 0.2
1997, 13427.0, 2, 6.72022022022022, 0.2
1998, 13434.0, 7, 6.720360180090045, 0.2
1999, 13438.0, 4, 6.719, 0.2
