0, 8.0, 8, 8.0, 0.2
1, 16.0, 8, 8.0, 0.2
2, 24.0, 8, 8.0, 0.2
3, 32.0, 8, 8.0, 0.2
4, 40.0, 8, 8.0, 0.2
5, 48.0, 8, 8.0, 0.2
6, 56.0, 8, 8.0, 0.2
7, 64.0, 8, 8.0, 0.2
8, 72.0, 8, 8.0, 0.2
9, 80.0, 8, 8.0, 0.2
10, 88.0, 8, 8.0, 0.2
11, 96.0, 8, 8.0, 0.2
12, 104.0, 8, 8.0, 0.2
13, 112.0, 8, 8.0, 0.2
14, 120.0, 8, 8.0, 0.2
15, 128.0, 8, 8.0, 0.2
16, 136.0, 8, 8.0, 0.2
17, 144.0, 8, 8.0, 0.2
18, 152.0, 8, 8.0, 0.2
19, 160.0, 8, 8.0, 0.2
20, 168.0, 8, 8.0, 0.2
21, 176.0, 8, 8.0, 0.2
22, 184.0, 8, 8.0, 0.2
23, 192.0, 8, 8.0, 0.2
24, 200.0, 8, 8.0, 0.2
25, 208.0, 8, 8.0, 0.2
26, 216.0, 8, 8.0, 0.2
27, 224.0, 8, 8.0, 0.2
28, 232.0, 8, 8.0, 0.2
29, 240.0, 8, 8.0, 0.2
30, 248.0, 8, 8.0, 0.2
31, 256.0, 8, 8.0, 0.2
32, 264.0, 8, 8.0, 0.2
33, 272.0, 8, 8.0, 0.2
34, 280.0, 8, 8.0, 0.2
35, 288.0, 8, 8.0, 0.2
36, 296.0, 8, 8.0, 0.2
37, 304.0, 8, 8.0, 0.2
38, 312.0, 8, 8.0, 0.2
39, 320.0, 8, 8.0, 0.2
40, 328.0, 8, 8.0, 0.2
41, 336.0, 8, 8.0, 0.2
42, 344.0, 8, 8.0, 0.2
43, 352.0, 8, 8.0, 0.2
44, 360.0, 8, 8.0, 0.2
45, 368.0, 8, 8.0, 0.2
46, 376.0, 8, 8.0, 0.2
47, 384.0, 8, 8.0, 0.2
48, 392.0, 8, 8.0, 0.2
49, 400.0, 8, 8.0, 0.2
50, 408.0, 8, 8.0, 0.2
51, 416.0, 8, 8.0, 0.2
52, 424.0, 8, 8.0, 0.2
53, 432.0, 8, 8.0, 0.2
54, 440.0, 8, 8.0, 0.2
55, 448.0, 8, 8.0, 0.2
56, 456.0, 8, 8.0, 0.2
57, 464.0, 8, 8.0, 0.2
58, 472.0, 8, 8.0, 0.2
59, 480.0, 8, 8.0, 0.2
60, 488.0, 8, 8.0, 0.2
61, 496.0, 8, 8.0, 0.2
62, 504.0, 8, 8.0, 0.2
63, 512.0, 8, 8.0, 0.2
64, 520.0, 8, 8.0, 0.2
65, 528.0, 8, 8.0, 0.2
66, 536.0, 8, 8.0, 0.2
67, 544.0, 8, 8.0, 0.2
68, 552.0, 8, 8.0, 0.2
69, 560.0, 8, 8.0, 0.2
70, 568.0, 8, 8.0, 0.2
71, 576.0, 8, 8.0, 0.2
72, 584.0, 8, 8.0, 0.2
73, 592.0, 8, 8.0, 0.2
74, 600.0, 8, 8.0, 0.2
75, 608.0, 8, 8.0, 0.2
76, 616.0, 8, 8.0, 0.2
77, 624.0, 8, 8.0, 0.2
78, 632.0, 8, 8.0, 0.2
79, 640.0, 8, 8.0, 0.2
80, 648.0, 8, 8.0, 0.2
81, 656.0, 8, 8.0, 0.2
82, 664.0, 8, 8.0, 0.2
83, 672.0, 8, 8.0, 0.2
84, 680.0, 8, 8.0, 0.2
85, 688.0, 8, 8.0, 0.2
86, 696.0, 8, 8.0, 0.2
87, 704.0, 8, 8.0, 0.2
88, 712.0, 8, 8.0, 0.2
89, 720.0, 8, 8.0, 0.2
90, 728.0, 8, 8.0, 0.2
91, 736.0, 8, 8.0, 0.2
92, 744.0, 8, 8.0, 0.2
93, 752.0, 8, 8.0, 0.2
94, 760.0, 8, 8.0, 0.2
95, 768.0, 8, 8.0, 0.2
96, 776.0, 8, 8.0, 0.2
97, 784.0, 8, 8.0, 0.2
98, 792.0, 8, 8.0, 0.2
99, 800.0, 8, 8.0, 0.2
100, 808.0, 8, 8.0, 0.2
101, 816.0, 8, 8.0, 0.2
102, 824.0, 8, 8.0, 0.2
103, 832.0, 8, 8.0, 0.2
104, 840.0, 8, 8.0, 0.2
105, 848.0, 8, 8.0, 0.2
106, 856.0, 8, 8.0, 0.2
107, 864.0, 8, 8.0, 0.2
108, 872.0, 8, 8.0, 0.2
109, 880.0, 8, 8.0, 0.2
110, 888.0, 8, 8.0, 0.2
111, 896.0, 8, 8.0, 0.2
112, 904.0, 8, 8.0, 0.2
113, 912.0, 8, 8.0, 0.2
114, 917.0, 5, 7.973913043478261, 0.2
115, 925.0, 8, 7.974137931034483, 0.2
116, 932.0, 7, 7.965811965811966, 0.2
117, 940.0, 8, 7.966101694915254, 0.2
118, 946.0, 6, 7.949579831932773, 0.2
119, 951.0, 5, 7.925, 0.2
120, 957.0, 6, 7.909090909090909, 0.2
121, 964.0, 7, 7.901639344262295, 0.2
122, 972.0, 8, 7.902439024390244, 0.2
123, 979.0, 7, 7.895161290322581, 0.2
124, 985.0, 6, 7.88, 0.2
125, 992.0, 7, 7.873015873015873, 0.2
126, 999.0, 7, 7.866141732283465, 0.2
127, 1007.0, 8, 7.8671875, 0.2
128, 1012.0, 5, 7.844961240310077, 0.2
129, 1015.0, 3, 7.8076923076923075, 0.2
130, 1022.0, 7, 7.801526717557252, 0.2
131, 1025.0, 3, 7.765151515151516, 0.2
132, 1030.0, 5, 7.7443609022556394, 0.2
133, 1036.0, 6, 7.731343283582089, 0.2
134, 1044.0, 8, 7.733333333333333, 0.2
135, 1050.0, 6, 7.720588235294118, 0.2
136, 1057.0, 7, 7.7153284671532845, 0.2
137, 1064.0, 7, 7.7101449275362315, 0.2
138, 1070.0, 6, 7.697841726618705, 0.2
139, 1075.0, 5, 7.678571428571429, 0.2
140, 1082.0, 7, 7.673758865248227, 0.2
141, 1089.0, 7, 7.669014084507042, 0.2
142, 1095.0, 6, 7.6573426573426575, 0.2
143, 1102.0, 7, 7.652777777777778, 0.2
144, 1108.0, 6, 7.641379310344828, 0.2
145, 1110.0, 2, 7.602739726027397, 0.2
146, 1118.0, 8, 7.605442176870748, 0.2
147, 1124.0, 6, 7.594594594594595, 0.2
148, 1132.0, 8, 7.597315436241611, 0.2
149, 1139.0, 7, 7.593333333333334, 0.2
150, 1145.0, 6, 7.582781456953643, 0.2
151, 1151.0, 6, 7.572368421052632, 0.2
152, 1158.0, 7, 7.568627450980392, 0.2
153, 1158.0, 0, 7.51948051948052, 0.2
154, 1161.0, 3, 7.490322580645161, 0.2
155, 1167.0, 6, 7.480769230769231, 0.2
156, 1172.0, 5, 7.464968152866242, 0.2
157, 1177.0, 5, 7.449367088607595, 0.2
158, 1184.0, 7, 7.446540880503145, 0.2
159, 1191.0, 7, 7.44375, 0.2
160, 1198.0, 7, 7.440993788819876, 0.2
161, 1205.0, 7, 7.438271604938271, 0.2
162, 1211.0, 6, 7.429447852760736, 0.2
163, 1216.0, 5, 7.414634146341464, 0.2
164, 1221.0, 5, 7.4, 0.2
165, 1226.0, 5, 7.385542168674699, 0.2
166, 1231.0, 5, 7.37125748502994, 0.2
167, 1235.0, 4, 7.351190476190476, 0.2
168, 1242.0, 7, 7.349112426035503, 0.2
169, 1246.0, 4, 7.329411764705882, 0.2
170, 1253.0, 7, 7.3274853801169595, 0.2
171, 1258.0, 5, 7.313953488372093, 0.2
172, 1262.0, 4, 7.294797687861272, 0.2
173, 1268.0, 6, 7.287356321839081, 0.2
174, 1275.0, 7, 7.285714285714286, 0.2
175, 1282.0, 7, 7.284090909090909, 0.2
176, 1282.0, 0, 7.242937853107344, 0.2
177, 1287.0, 5, 7.230337078651686, 0.2
178, 1292.0, 5, 7.217877094972067, 0.2
179, 1299.0, 7, 7.216666666666667, 0.2
180, 1303.0, 4, 7.198895027624309, 0.2
181, 1310.0, 7, 7.197802197802198, 0.2
182, 1317.0, 7, 7.19672131147541, 0.2
183, 1324.0, 7, 7.195652173913044, 0.2
184, 1329.0, 5, 7.183783783783784, 0.2
185, 1336.0, 7, 7.182795698924731, 0.2
186, 1344.0, 8, 7.18716577540107, 0.2
187, 1346.0, 2, 7.159574468085107, 0.2
188, 1348.0, 2, 7.132275132275132, 0.2
189, 1354.0, 6, 7.126315789473685, 0.2
190, 1360.0, 6, 7.12041884816754, 0.2
191, 1366.0, 6, 7.114583333333333, 0.2
192, 1373.0, 7, 7.1139896373057, 0.2
193, 1379.0, 6, 7.108247422680412, 0.2
194, 1387.0, 8, 7.112820512820512, 0.2
195, 1395.0, 8, 7.11734693877551, 0.2
196, 1402.0, 7, 7.116751269035533, 0.2
197, 1410.0, 8, 7.121212121212121, 0.2
198, 1416.0, 6, 7.115577889447236, 0.2
199, 1422.0, 6, 7.11, 0.2
200, 1428.0, 6, 7.104477611940299, 0.2
201, 1435.0, 7, 7.103960396039604, 0.2
202, 1440.0, 5, 7.093596059113301, 0.2
203, 1444.0, 4, 7.078431372549019, 0.2
204, 1447.0, 3, 7.058536585365854, 0.2
205, 1455.0, 8, 7.063106796116505, 0.2
206, 1463.0, 8, 7.067632850241546, 0.2
207, 1471.0, 8, 7.072115384615385, 0.2
208, 1477.0, 6, 7.0669856459330145, 0.2
209, 1483.0, 6, 7.061904761904762, 0.2
210, 1485.0, 2, 7.037914691943128, 0.2
211, 1489.0, 4, 7.023584905660377, 0.2
212, 1493.0, 4, 7.009389671361502, 0.2
213, 1499.0, 6, 7.0046728971962615, 0.2
214, 1507.0, 8, 7.0093023255813955, 0.2
215, 1514.0, 7, 7.0092592592592595, 0.2
216, 1520.0, 6, 7.0046082949308754, 0.2
217, 1526.0, 6, 7.0, 0.2
218, 1530.0, 4, 6.986301369863014, 0.2
219, 1534.0, 4, 6.972727272727273, 0.2
220, 1541.0, 7, 6.972850678733032, 0.2
221, 1549.0, 8, 6.9774774774774775, 0.2
222, 1553.0, 4, 6.9641255605381165, 0.2
223, 1558.0, 5, 6.955357142857143, 0.2
224, 1565.0, 7, 6.955555555555556, 0.2
225, 1572.0, 7, 6.95575221238938, 0.2
226, 1577.0, 5, 6.947136563876652, 0.2
227, 1579.0, 2, 6.925438596491228, 0.2
228, 1585.0, 6, 6.921397379912664, 0.2
229, 1590.0, 5, 6.913043478260869, 0.2
230, 1597.0, 7, 6.913419913419913, 0.2
231, 1602.0, 5, 6.905172413793103, 0.2
232, 1608.0, 6, 6.901287553648069, 0.2
233, 1614.0, 6, 6.897435897435898, 0.2
234, 1621.0, 7, 6.897872340425532, 0.2
235, 1627.0, 6, 6.8940677966101696, 0.2
236, 1634.0, 7, 6.894514767932489, 0.2
237, 1640.0, 6, 6.890756302521009, 0.2
238, 1647.0, 7, 6.891213389121339, 0.2
239, 1655.0, 8, 6.895833333333333, 0.2
240, 1663.0, 8, 6.9004149377593365, 0.2
241, 1669.0, 6, 6.896694214876033, 0.2
242, 1675.0, 6, 6.893004115226337, 0.2
243, 1682.0, 7, 6.89344262295082, 0.2
244, 1688.0, 6, 6.889795918367347, 0.2
245, 1694.0, 6, 6.8861788617886175, 0.2
246, 1697.0, 3, 6.870445344129554, 0.2
247, 1703.0, 6, 6.866935483870968, 0.2
248, 1711.0, 8, 6.871485943775101, 0.2
249, 1717.0, 6, 6.868, 0.2
250, 1725.0, 8, 6.872509960159363, 0.2
251, 1730.0, 5, 6.865079365079365, 0.2
252, 1736.0, 6, 6.861660079051384, 0.2
253, 1740.0, 4, 6.850393700787402, 0.2
254, 1747.0, 7, 6.850980392156862, 0.2
255, 1754.0, 7, 6.8515625, 0.2
256, 1761.0, 7, 6.852140077821011, 0.2
257, 1766.0, 5, 6.844961240310077, 0.2
258, 1774.0, 8, 6.8494208494208495, 0.2
259, 1781.0, 7, 6.85, 0.2
260, 1788.0, 7, 6.850574712643678, 0.2
261, 1793.0, 5, 6.843511450381679, 0.2
262, 1800.0, 7, 6.844106463878327, 0.2
263, 1806.0, 6, 6.840909090909091, 0.2
264, 1808.0, 2, 6.8226415094339625, 0.2
265, 1810.0, 2, 6.804511278195489, 0.2
266, 1817.0, 7, 6.805243445692884, 0.2
267, 1823.0, 6, 6.802238805970149, 0.2
268, 1829.0, 6, 6.799256505576208, 0.2
269, 1832.0, 3, 6.785185185185185, 0.2
270, 1837.0, 5, 6.77859778597786, 0.2
271, 1843.0, 6, 6.775735294117647, 0.2
272, 1849.0, 6, 6.772893772893773, 0.2
273, 1856.0, 7, 6.773722627737226, 0.2
274, 1862.0, 6, 6.7709090909090905, 0.2
275, 1869.0, 7, 6.771739130434782, 0.2
276, 1872.0, 3, 6.758122743682311, 0.2
277, 1879.0, 7, 6.758992805755396, 0.2
278, 1884.0, 5, 6.752688172043011, 0.2
279, 1892.0, 8, 6.757142857142857, 0.2
280, 1899.0, 7, 6.758007117437723, 0.2
281, 1906.0, 7, 6.75886524822695, 0.2
282, 1913.0, 7, 6.759717314487633, 0.2
283, 1916.0, 3, 6.746478873239437, 0.2
284, 1922.0, 6, 6.743859649122807, 0.2
285, 1928.0, 6, 6.741258741258742, 0.2
286, 1936.0, 8, 6.7456445993031355, 0.2
287, 1943.0, 7, 6.746527777777778, 0.2
288, 1951.0, 8, 6.750865051903114, 0.2
289, 1959.0, 8, 6.755172413793104, 0.2
290, 1964.0, 5, 6.74914089347079, 0.2
291, 1972.0, 8, 6.7534246575342465, 0.2
292, 1979.0, 7, 6.7542662116040955, 0.2
293, 1985.0, 6, 6.7517006802721085, 0.2
294, 1992.0, 7, 6.752542372881356, 0.2
295, 1998.0, 6, 6.75, 0.2
296, 2004.0, 6, 6.747474747474747, 0.2
297, 2012.0, 8, 6.751677852348993, 0.2
298, 2019.0, 7, 6.752508361204013, 0.2
299, 2025.0, 6, 6.75, 0.2
300, 2028.0, 3, 6.737541528239203, 0.2
301, 2035.0, 7, 6.73841059602649, 0.2
302, 2041.0, 6, 6.735973597359736, 0.2
303, 2045.0, 4, 6.7269736842105265, 0.2
304, 2048.0, 3, 6.714754098360656, 0.2
305, 2054.0, 6, 6.712418300653595, 0.2
306, 2062.0, 8, 6.716612377850163, 0.2
307, 2068.0, 6, 6.714285714285714, 0.2
308, 2073.0, 5, 6.70873786407767, 0.2
309, 2080.0, 7, 6.709677419354839, 0.2
310, 2081.0, 1, 6.691318327974277, 0.2
311, 2088.0, 7, 6.6923076923076925, 0.2
312, 2095.0, 7, 6.693290734824281, 0.2
313, 2103.0, 8, 6.697452229299363, 0.2
314, 2107.0, 4, 6.688888888888889, 0.2
315, 2112.0, 5, 6.6835443037974684, 0.2
316, 2119.0, 7, 6.684542586750789, 0.2
317, 2126.0, 7, 6.685534591194968, 0.2
318, 2132.0, 6, 6.683385579937304, 0.2
319, 2139.0, 7, 6.684375, 0.2
320, 2146.0, 7, 6.685358255451713, 0.2
321, 2153.0, 7, 6.686335403726708, 0.2
322, 2157.0, 4, 6.678018575851393, 0.2
323, 2158.0, 1, 6.660493827160494, 0.2
324, 2158.0, 0, 6.64, 0.2
325, 2166.0, 8, 6.644171779141105, 0.2
326, 2173.0, 7, 6.6452599388379205, 0.2
327, 2177.0, 4, 6.637195121951219, 0.2
328, 2184.0, 7, 6.638297872340425, 0.2
329, 2190.0, 6, 6.636363636363637, 0.2
330, 2197.0, 7, 6.637462235649547, 0.2
331, 2203.0, 6, 6.635542168674699, 0.2
332, 2211.0, 8, 6.63963963963964, 0.2
333, 2217.0, 6, 6.637724550898204, 0.2
334, 2223.0, 6, 6.635820895522388, 0.2
335, 2223.0, 0, 6.616071428571429, 0.2
336, 2227.0, 4, 6.6083086053412465, 0.2
337, 2229.0, 2, 6.594674556213017, 0.2
338, 2233.0, 4, 6.587020648967552, 0.2
339, 2239.0, 6, 6.5852941176470585, 0.2
340, 2240.0, 1, 6.568914956011731, 0.2
341, 2246.0, 6, 6.567251461988304, 0.2
342, 2253.0, 7, 6.568513119533527, 0.2
343, 2259.0, 6, 6.566860465116279, 0.2
344, 2266.0, 7, 6.568115942028985, 0.2
345, 2271.0, 5, 6.563583815028902, 0.2
346, 2279.0, 8, 6.567723342939481, 0.2
347, 2286.0, 7, 6.568965517241379, 0.2
348, 2290.0, 4, 6.56160458452722, 0.2
349, 2295.0, 5, 6.557142857142857, 0.2
350, 2302.0, 7, 6.5584045584045585, 0.2
351, 2309.0, 7, 6.559659090909091, 0.2
352, 2317.0, 8, 6.563739376770538, 0.2
353, 2322.0, 5, 6.559322033898305, 0.2
354, 2324.0, 2, 6.546478873239437, 0.2
355, 2330.0, 6, 6.544943820224719, 0.2
356, 2337.0, 7, 6.546218487394958, 0.2
357, 2343.0, 6, 6.544692737430168, 0.2
358, 2350.0, 7, 6.545961002785515, 0.2
359, 2355.0, 5, 6.541666666666667, 0.2
360, 2355.0, 0, 6.523545706371191, 0.2
361, 2359.0, 4, 6.516574585635359, 0.2
362, 2366.0, 7, 6.517906336088155, 0.2
363, 2374.0, 8, 6.521978021978022, 0.2
364, 2379.0, 5, 6.517808219178082, 0.2
365, 2387.0, 8, 6.521857923497268, 0.2
366, 2393.0, 6, 6.520435967302452, 0.2
367, 2399.0, 6, 6.519021739130435, 0.2
368, 2407.0, 8, 6.523035230352304, 0.2
369, 2414.0, 7, 6.524324324324325, 0.2
370, 2421.0, 7, 6.525606469002695, 0.2
371, 2427.0, 6, 6.524193548387097, 0.2
372, 2433.0, 6, 6.522788203753351, 0.2
373, 2439.0, 6, 6.521390374331551, 0.2
374, 2442.0, 3, 6.512, 0.2
375, 2443.0, 1, 6.497340425531915, 0.2
376, 2445.0, 2, 6.485411140583555, 0.2
377, 2453.0, 8, 6.48941798941799, 0.2
378, 2460.0, 7, 6.490765171503957, 0.2
379, 2466.0, 6, 6.489473684210527, 0.2
380, 2472.0, 6, 6.488188976377953, 0.2
381, 2479.0, 7, 6.489528795811518, 0.2
382, 2486.0, 7, 6.490861618798956, 0.2
383, 2492.0, 6, 6.489583333333333, 0.2
384, 2499.0, 7, 6.490909090909091, 0.2
385, 2506.0, 7, 6.492227979274611, 0.2
386, 2512.0, 6, 6.4909560723514215, 0.2
387, 2519.0, 7, 6.492268041237113, 0.2
388, 2527.0, 8, 6.4961439588688945, 0.2
389, 2533.0, 6, 6.494871794871795, 0.2
390, 2539.0, 6, 6.493606138107417, 0.2
391, 2546.0, 7, 6.494897959183674, 0.2
392, 2553.0, 7, 6.4961832061068705, 0.2
393, 2559.0, 6, 6.49492385786802, 0.2
394, 2565.0, 6, 6.493670886075949, 0.2
395, 2571.0, 6, 6.492424242424242, 0.2
396, 2574.0, 3, 6.483627204030227, 0.2
397, 2580.0, 6, 6.482412060301508, 0.2
398, 2588.0, 8, 6.486215538847118, 0.2
399, 2596.0, 8, 6.49, 0.2
400, 2599.0, 3, 6.4812967581047385, 0.2
401, 2605.0, 6, 6.480099502487562, 0.2
402, 2612.0, 7, 6.481389578163772, 0.2
403, 2616.0, 4, 6.475247524752476, 0.2
404, 2621.0, 5, 6.4716049382716045, 0.2
405, 2627.0, 6, 6.470443349753695, 0.2
406, 2635.0, 8, 6.474201474201474, 0.2
407, 2643.0, 8, 6.477941176470588, 0.2
408, 2649.0, 6, 6.47677261613692, 0.2
409, 2654.0, 5, 6.4731707317073175, 0.2
410, 2661.0, 7, 6.474452554744525, 0.2
411, 2668.0, 7, 6.475728155339806, 0.2
412, 2668.0, 0, 6.460048426150121, 0.2
413, 2671.0, 3, 6.451690821256038, 0.2
414, 2678.0, 7, 6.453012048192771, 0.2
415, 2683.0, 5, 6.449519230769231, 0.2
416, 2690.0, 7, 6.45083932853717, 0.2
417, 2696.0, 6, 6.44976076555024, 0.2
418, 2701.0, 5, 6.4463007159904535, 0.2
419, 2708.0, 7, 6.447619047619048, 0.2
420, 2715.0, 7, 6.448931116389549, 0.2
421, 2720.0, 5, 6.4454976303317535, 0.2
422, 2725.0, 5, 6.442080378250591, 0.2
423, 2731.0, 6, 6.441037735849057, 0.2
424, 2737.0, 6, 6.44, 0.2
425, 2744.0, 7, 6.44131455399061, 0.2
426, 2745.0, 1, 6.428571428571429, 0.2
427, 2753.0, 8, 6.432242990654205, 0.2
428, 2758.0, 5, 6.428904428904429, 0.2
429, 2765.0, 7, 6.430232558139535, 0.2
430, 2772.0, 7, 6.431554524361949, 0.2
431, 2778.0, 6, 6.430555555555555, 0.2
432, 2785.0, 7, 6.431870669745958, 0.2
433, 2791.0, 6, 6.4308755760368665, 0.2
434, 2799.0, 8, 6.43448275862069, 0.2
435, 2802.0, 3, 6.426605504587156, 0.2
436, 2809.0, 7, 6.4279176201373, 0.2
437, 2813.0, 4, 6.422374429223744, 0.2
438, 2819.0, 6, 6.421412300683372, 0.2
439, 2823.0, 4, 6.415909090909091, 0.2
440, 2830.0, 7, 6.417233560090703, 0.2
441, 2836.0, 6, 6.416289592760181, 0.2
442, 2842.0, 6, 6.415349887133183, 0.2
443, 2849.0, 7, 6.416666666666667, 0.2
444, 2855.0, 6, 6.415730337078652, 0.2
445, 2856.0, 1, 6.403587443946188, 0.2
446, 2860.0, 4, 6.39821029082774, 0.2
447, 2867.0, 7, 6.399553571428571, 0.2
448, 2873.0, 6, 6.398663697104677, 0.2
449, 2879.0, 6, 6.397777777777778, 0.2
450, 2886.0, 7, 6.399113082039912, 0.2
451, 2891.0, 5, 6.396017699115045, 0.2
452, 2896.0, 5, 6.392935982339956, 0.2
453, 2901.0, 5, 6.389867841409692, 0.2
454, 2906.0, 5, 6.386813186813187, 0.2
455, 2913.0, 7, 6.3881578947368425, 0.2
456, 2920.0, 7, 6.389496717724289, 0.2
457, 2924.0, 4, 6.384279475982533, 0.2
458, 2931.0, 7, 6.38562091503268, 0.2
459, 2939.0, 8, 6.389130434782609, 0.2
460, 2945.0, 6, 6.388286334056399, 0.2
461, 2948.0, 3, 6.380952380952381, 0.2
462, 2955.0, 7, 6.382289416846652, 0.2
463, 2963.0, 8, 6.385775862068965, 0.2
464, 2969.0, 6, 6.38494623655914, 0.2
465, 2969.0, 0, 6.371244635193133, 0.2
466, 2975.0, 6, 6.370449678800856, 0.2
467, 2980.0, 5, 6.367521367521367, 0.2
468, 2987.0, 7, 6.368869936034115, 0.2
469, 2992.0, 5, 6.365957446808511, 0.2
470, 2998.0, 6, 6.365180467091295, 0.2
471, 3003.0, 5, 6.362288135593221, 0.2
472, 3009.0, 6, 6.361522198731501, 0.2
473, 3015.0, 6, 6.360759493670886, 0.2
474, 3016.0, 1, 6.349473684210526, 0.2
475, 3023.0, 7, 6.350840336134453, 0.2
476, 3030.0, 7, 6.352201257861635, 0.2
477, 3033.0, 3, 6.345188284518828, 0.2
478, 3038.0, 5, 6.3423799582463465, 0.2
479, 3045.0, 7, 6.34375, 0.2
480, 3045.0, 0, 6.330561330561331, 0.2
481, 3052.0, 7, 6.331950207468879, 0.2
482, 3058.0, 6, 6.3312629399585925, 0.2
483, 3059.0, 1, 6.320247933884297, 0.2
484, 3066.0, 7, 6.321649484536082, 0.2
485, 3073.0, 7, 6.323045267489712, 0.2
486, 3081.0, 8, 6.326488706365503, 0.2
487, 3087.0, 6, 6.325819672131147, 0.2
488, 3095.0, 8, 6.329243353783231, 0.2
489, 3099.0, 4, 6.3244897959183675, 0.2
490, 3106.0, 7, 6.325865580448065, 0.2
491, 3106.0, 0, 6.313008130081301, 0.2
492, 3113.0, 7, 6.314401622718052, 0.2
493, 3120.0, 7, 6.315789473684211, 0.2
494, 3126.0, 6, 6.315151515151515, 0.2
495, 3133.0, 7, 6.316532258064516, 0.2
496, 3139.0, 6, 6.315895372233401, 0.2
497, 3146.0, 7, 6.317269076305221, 0.2
498, 3152.0, 6, 6.316633266533066, 0.2
499, 3159.0, 7, 6.318, 0.2
500, 3165.0, 6, 6.317365269461078, 0.2
501, 3168.0, 3, 6.3107569721115535, 0.2
502, 3175.0, 7, 6.312127236580517, 0.2
503, 3175.0, 0, 6.299603174603175, 0.2
504, 3180.0, 5, 6.297029702970297, 0.2
505, 3186.0, 6, 6.296442687747035, 0.2
506, 3193.0, 7, 6.297830374753452, 0.2
507, 3200.0, 7, 6.299212598425197, 0.2
508, 3207.0, 7, 6.300589390962672, 0.2
509, 3211.0, 4, 6.296078431372549, 0.2
510, 3217.0, 6, 6.295499021526418, 0.2
511, 3224.0, 7, 6.296875, 0.2
512, 3232.0, 8, 6.300194931773879, 0.2
513, 3236.0, 4, 6.2957198443579765, 0.2
514, 3243.0, 7, 6.297087378640777, 0.2
515, 3250.0, 7, 6.2984496124031, 0.2
516, 3256.0, 6, 6.297872340425532, 0.2
517, 3261.0, 5, 6.295366795366795, 0.2
518, 3264.0, 3, 6.289017341040463, 0.2
519, 3270.0, 6, 6.288461538461538, 0.2
520, 3275.0, 5, 6.2859884836852205, 0.2
521, 3278.0, 3, 6.2796934865900385, 0.2
522, 3280.0, 2, 6.27151051625239, 0.2
523, 3286.0, 6, 6.270992366412214, 0.2
524, 3292.0, 6, 6.270476190476191, 0.2
525, 3300.0, 8, 6.273764258555133, 0.2
526, 3304.0, 4, 6.269449715370019, 0.2
527, 3310.0, 6, 6.268939393939394, 0.2
528, 3318.0, 8, 6.272211720226843, 0.2
529, 3322.0, 4, 6.2679245283018865, 0.2
530, 3329.0, 7, 6.269303201506592, 0.2
531, 3336.0, 7, 6.2706766917293235, 0.2
532, 3342.0, 6, 6.270168855534709, 0.2
533, 3347.0, 5, 6.2677902621722845, 0.2
534, 3353.0, 6, 6.267289719626168, 0.2
535, 3357.0, 4, 6.263059701492537, 0.2
536, 3363.0, 6, 6.262569832402234, 0.2
537, 3368.0, 5, 6.260223048327138, 0.2
538, 3375.0, 7, 6.261595547309833, 0.2
539, 3381.0, 6, 6.261111111111111, 0.2
540, 3387.0, 6, 6.260628465804067, 0.2
541, 3395.0, 8, 6.263837638376383, 0.2
542, 3400.0, 5, 6.261510128913444, 0.2
543, 3406.0, 6, 6.261029411764706, 0.2
544, 3414.0, 8, 6.2642201834862385, 0.2
545, 3417.0, 3, 6.258241758241758, 0.2
546, 3424.0, 7, 6.259597806215722, 0.2
547, 3424.0, 0, 6.248175182481752, 0.2
548, 3429.0, 5, 6.245901639344262, 0.2
549, 3436.0, 7, 6.247272727272727, 0.2
550, 3443.0, 7, 6.248638838475499, 0.2
551, 3449.0, 6, 6.2481884057971016, 0.2
552, 3456.0, 7, 6.249547920433996, 0.2
553, 3463.0, 7, 6.250902527075812, 0.2
554, 3470.0, 7, 6.252252252252252, 0.2
555, 3476.0, 6, 6.251798561151079, 0.2
556, 3476.0, 0, 6.240574506283663, 0.2
557, 3479.0, 3, 6.234767025089606, 0.2
558, 3485.0, 6, 6.2343470483005365, 0.2
559, 3490.0, 5, 6.232142857142857, 0.2
560, 3495.0, 5, 6.229946524064171, 0.2
561, 3502.0, 7, 6.2313167259786475, 0.2
562, 3508.0, 6, 6.230905861456483, 0.2
563, 3515.0, 7, 6.2322695035460995, 0.2
564, 3521.0, 6, 6.231858407079646, 0.2
565, 3527.0, 6, 6.231448763250883, 0.2
566, 3528.0, 1, 6.222222222222222, 0.2
567, 3533.0, 5, 6.220070422535211, 0.2
568, 3536.0, 3, 6.214411247803163, 0.2
569, 3541.0, 5, 6.212280701754386, 0.2
570, 3548.0, 7, 6.213660245183888, 0.2
571, 3555.0, 7, 6.215034965034965, 0.2
572, 3562.0, 7, 6.216404886561954, 0.2
573, 3569.0, 7, 6.2177700348432055, 0.2
574, 3575.0, 6, 6.217391304347826, 0.2
575, 3579.0, 4, 6.213541666666667, 0.2
576, 3586.0, 7, 6.214904679376083, 0.2
577, 3592.0, 6, 6.2145328719723185, 0.2
578, 3597.0, 5, 6.212435233160622, 0.2
579, 3602.0, 5, 6.210344827586207, 0.2
580, 3608.0, 6, 6.209982788296041, 0.2
581, 3614.0, 6, 6.209621993127148, 0.2
582, 3615.0, 1, 6.200686106346484, 0.2
583, 3615.0, 0, 6.190068493150685, 0.2
584, 3616.0, 1, 6.181196581196581, 0.2
585, 3622.0, 6, 6.180887372013652, 0.2
586, 3623.0, 1, 6.17206132879046, 0.2
587, 3630.0, 7, 6.173469387755102, 0.2
588, 3637.0, 7, 6.174872665534805, 0.2
589, 3644.0, 7, 6.176271186440678, 0.2
590, 3650.0, 6, 6.175972927241963, 0.2
591, 3656.0, 6, 6.175675675675675, 0.2
592, 3660.0, 4, 6.172006745362563, 0.2
593, 3666.0, 6, 6.171717171717172, 0.2
594, 3674.0, 8, 6.174789915966387, 0.2
595, 3682.0, 8, 6.177852348993288, 0.2
596, 3685.0, 3, 6.172529313232831, 0.2
597, 3686.0, 1, 6.1638795986622075, 0.2
598, 3693.0, 7, 6.165275459098497, 0.2
599, 3700.0, 7, 6.166666666666667, 0.2
600, 3706.0, 6, 6.166389351081531, 0.2
601, 3712.0, 6, 6.166112956810632, 0.2
602, 3720.0, 8, 6.169154228855722, 0.2
603, 3726.0, 6, 6.16887417218543, 0.2
604, 3731.0, 5, 6.166942148760331, 0.2
605, 3737.0, 6, 6.166666666666667, 0.2
606, 3744.0, 7, 6.168039538714992, 0.2
607, 3745.0, 1, 6.159539473684211, 0.2
608, 3752.0, 7, 6.160919540229885, 0.2
609, 3760.0, 8, 6.163934426229508, 0.2
610, 3762.0, 2, 6.157119476268412, 0.2
611, 3769.0, 7, 6.158496732026144, 0.2
612, 3770.0, 1, 6.150081566068516, 0.2
613, 3775.0, 5, 6.148208469055374, 0.2
614, 3781.0, 6, 6.147967479674797, 0.2
615, 3788.0, 7, 6.14935064935065, 0.2
616, 3795.0, 7, 6.1507293354943275, 0.2
617, 3800.0, 5, 6.148867313915858, 0.2
618, 3802.0, 2, 6.142164781906301, 0.2
619, 3808.0, 6, 6.141935483870967, 0.2
620, 3814.0, 6, 6.14170692431562, 0.2
621, 3820.0, 6, 6.141479099678457, 0.2
622, 3825.0, 5, 6.139646869983949, 0.2
623, 3832.0, 7, 6.141025641025641, 0.2
624, 3839.0, 7, 6.1424, 0.2
625, 3839.0, 0, 6.13258785942492, 0.2
626, 3843.0, 4, 6.1291866028708135, 0.2
627, 3847.0, 4, 6.125796178343949, 0.2
628, 3852.0, 5, 6.124006359300477, 0.2
629, 3859.0, 7, 6.125396825396826, 0.2
630, 3865.0, 6, 6.125198098256735, 0.2
631, 3871.0, 6, 6.125, 0.2
632, 3878.0, 7, 6.126382306477093, 0.2
633, 3885.0, 7, 6.12776025236593, 0.2
634, 3892.0, 7, 6.129133858267717, 0.2
635, 3894.0, 2, 6.122641509433962, 0.2
636, 3898.0, 4, 6.119309262166405, 0.2
637, 3906.0, 8, 6.122257053291536, 0.2
638, 3912.0, 6, 6.122065727699531, 0.2
639, 3919.0, 7, 6.1234375, 0.2
640, 3924.0, 5, 6.121684867394696, 0.2
641, 3930.0, 6, 6.121495327102804, 0.2
642, 3936.0, 6, 6.121306376360809, 0.2
643, 3943.0, 7, 6.122670807453416, 0.2
644, 3948.0, 5, 6.120930232558139, 0.2
645, 3954.0, 6, 6.120743034055727, 0.2
646, 3962.0, 8, 6.123647604327666, 0.2
647, 3967.0, 5, 6.121913580246914, 0.2
648, 3974.0, 7, 6.12326656394453, 0.2
649, 3981.0, 7, 6.124615384615384, 0.2
650, 3985.0, 4, 6.121351766513057, 0.2
651, 3991.0, 6, 6.121165644171779, 0.2
652, 3993.0, 2, 6.114854517611026, 0.2
653, 3995.0, 2, 6.108562691131499, 0.2
654, 3999.0, 4, 6.105343511450382, 0.2
655, 4007.0, 8, 6.108231707317073, 0.2
656, 4013.0, 6, 6.10806697108067, 0.2
657, 4015.0, 2, 6.101823708206687, 0.2
658, 4018.0, 3, 6.09711684370258, 0.2
659, 4025.0, 7, 6.098484848484849, 0.2
660, 4027.0, 2, 6.092284417549168, 0.2
661, 4035.0, 8, 6.095166163141994, 0.2
662, 4043.0, 8, 6.098039215686274, 0.2
663, 4043.0, 0, 6.088855421686747, 0.2
664, 4050.0, 7, 6.090225563909774, 0.2
665, 4058.0, 8, 6.093093093093093, 0.2
666, 4065.0, 7, 6.0944527736131935, 0.2
667, 4071.0, 6, 6.094311377245509, 0.2
668, 4077.0, 6, 6.0941704035874436, 0.2
669, 4083.0, 6, 6.094029850746269, 0.2
670, 4091.0, 8, 6.096870342771982, 0.2
671, 4098.0, 7, 6.098214285714286, 0.2
672, 4103.0, 5, 6.096582466567607, 0.2
673, 4108.0, 5, 6.094955489614243, 0.2
674, 4115.0, 7, 6.0962962962962965, 0.2
675, 4120.0, 5, 6.094674556213017, 0.2
676, 4127.0, 7, 6.096011816838995, 0.2
677, 4132.0, 5, 6.094395280235989, 0.2
678, 4139.0, 7, 6.095729013254786, 0.2
679, 4146.0, 7, 6.097058823529411, 0.2
680, 4152.0, 6, 6.096916299559472, 0.2
681, 4160.0, 8, 6.099706744868035, 0.2
682, 4166.0, 6, 6.099560761346998, 0.2
683, 4172.0, 6, 6.099415204678363, 0.2
684, 4178.0, 6, 6.0992700729927005, 0.2
685, 4185.0, 7, 6.100583090379009, 0.2
686, 4185.0, 0, 6.091703056768559, 0.2
687, 4192.0, 7, 6.093023255813954, 0.2
688, 4198.0, 6, 6.09288824383164, 0.2
689, 4203.0, 5, 6.091304347826087, 0.2
690, 4206.0, 3, 6.086830680173661, 0.2
691, 4209.0, 3, 6.082369942196531, 0.2
692, 4210.0, 1, 6.075036075036075, 0.2
693, 4215.0, 5, 6.073487031700288, 0.2
694, 4219.0, 4, 6.070503597122302, 0.2
695, 4224.0, 5, 6.068965517241379, 0.2
696, 4231.0, 7, 6.070301291248207, 0.2
697, 4236.0, 5, 6.0687679083094554, 0.2
698, 4241.0, 5, 6.067238912732475, 0.2
699, 4248.0, 7, 6.0685714285714285, 0.2
700, 4254.0, 6, 6.068473609129814, 0.2
701, 4261.0, 7, 6.06980056980057, 0.2
702, 4269.0, 8, 6.072546230440968, 0.2
703, 4276.0, 7, 6.073863636363637, 0.2
704, 4281.0, 5, 6.072340425531915, 0.2
705, 4289.0, 8, 6.075070821529745, 0.2
706, 4292.0, 3, 6.070721357850071, 0.2
707, 4300.0, 8, 6.073446327683616, 0.2
708, 4307.0, 7, 6.07475317348378, 0.2
709, 4314.0, 7, 6.076056338028169, 0.2
710, 4318.0, 4, 6.073136427566808, 0.2
711, 4325.0, 7, 6.074438202247191, 0.2
712, 4332.0, 7, 6.075736325385694, 0.2
713, 4338.0, 6, 6.07563025210084, 0.2
714, 4341.0, 3, 6.071328671328671, 0.2
715, 4348.0, 7, 6.072625698324022, 0.2
716, 4355.0, 7, 6.0739191073919105, 0.2
717, 4362.0, 7, 6.075208913649025, 0.2
718, 4366.0, 4, 6.072322670375522, 0.2
719, 4373.0, 7, 6.073611111111111, 0.2
720, 4379.0, 6, 6.0735090152565885, 0.2
721, 4385.0, 6, 6.073407202216067, 0.2
722, 4390.0, 5, 6.07192254495159, 0.2
723, 4393.0, 3, 6.06767955801105, 0.2
724, 4393.0, 0, 6.059310344827586, 0.2
725, 4398.0, 5, 6.0578512396694215, 0.2
726, 4403.0, 5, 6.0563961485557085, 0.2
727, 4409.0, 6, 6.056318681318682, 0.2
728, 4409.0, 0, 6.0480109739369, 0.2
729, 4413.0, 4, 6.045205479452055, 0.2
730, 4419.0, 6, 6.045143638850889, 0.2
731, 4425.0, 6, 6.045081967213115, 0.2
732, 4431.0, 6, 6.045020463847203, 0.2
733, 4438.0, 7, 6.046321525885559, 0.2
734, 4440.0, 2, 6.040816326530612, 0.2
735, 4447.0, 7, 6.042119565217392, 0.2
736, 4455.0, 8, 6.044776119402985, 0.2
737, 4463.0, 8, 6.047425474254743, 0.2
738, 4469.0, 6, 6.047361299052774, 0.2
739, 4477.0, 8, 6.05, 0.2
740, 4485.0, 8, 6.052631578947368, 0.2
741, 4492.0, 7, 6.053908355795148, 0.2
742, 4496.0, 4, 6.05114401076716, 0.2
743, 4503.0, 7, 6.05241935483871, 0.2
744, 4509.0, 6, 6.05234899328859, 0.2
745, 4510.0, 1, 6.045576407506703, 0.2
746, 4517.0, 7, 6.046854082998661, 0.2
747, 4524.0, 7, 6.048128342245989, 0.2
748, 4531.0, 7, 6.049399198931909, 0.2
749, 4538.0, 7, 6.050666666666666, 0.2
750, 4541.0, 3, 6.046604527296937, 0.2
751, 4547.0, 6, 6.04654255319149, 0.2
752, 4549.0, 2, 6.041168658698539, 0.2
753, 4555.0, 6, 6.041114058355437, 0.2
754, 4562.0, 7, 6.042384105960265, 0.2
755, 4563.0, 1, 6.035714285714286, 0.2
756, 4567.0, 4, 6.033025099075298, 0.2
757, 4570.0, 3, 6.029023746701847, 0.2
758, 4576.0, 6, 6.028985507246377, 0.2
759, 4582.0, 6, 6.028947368421052, 0.2
760, 4589.0, 7, 6.030223390275952, 0.2
761, 4595.0, 6, 6.030183727034121, 0.2
762, 4601.0, 6, 6.030144167758847, 0.2
763, 4607.0, 6, 6.030104712041885, 0.2
764, 4613.0, 6, 6.030065359477124, 0.2
765, 4616.0, 3, 6.026109660574413, 0.2
766, 4624.0, 8, 6.028683181225554, 0.2
767, 4630.0, 6, 6.028645833333333, 0.2
768, 4636.0, 6, 6.028608582574773, 0.2
769, 4643.0, 7, 6.02987012987013, 0.2
770, 4650.0, 7, 6.031128404669261, 0.2
771, 4657.0, 7, 6.032383419689119, 0.2
772, 4665.0, 8, 6.0349288486416555, 0.2
773, 4669.0, 4, 6.032299741602067, 0.2
774, 4676.0, 7, 6.033548387096774, 0.2
775, 4680.0, 4, 6.030927835051546, 0.2
776, 4687.0, 7, 6.032175032175032, 0.2
777, 4693.0, 6, 6.032133676092545, 0.2
778, 4694.0, 1, 6.025673940949936, 0.2
779, 4701.0, 7, 6.026923076923077, 0.2
780, 4708.0, 7, 6.028169014084507, 0.2
781, 4715.0, 7, 6.029411764705882, 0.2
782, 4722.0, 7, 6.030651340996169, 0.2
783, 4727.0, 5, 6.029336734693878, 0.2
784, 4732.0, 5, 6.028025477707007, 0.2
785, 4738.0, 6, 6.027989821882952, 0.2
786, 4745.0, 7, 6.0292249047013975, 0.2
787, 4750.0, 5, 6.027918781725888, 0.2
788, 4755.0, 5, 6.026615969581749, 0.2
789, 4761.0, 6, 6.026582278481013, 0.2
790, 4767.0, 6, 6.0265486725663715, 0.2
791, 4771.0, 4, 6.023989898989899, 0.2
792, 4778.0, 7, 6.025220680958386, 0.2
793, 4779.0, 1, 6.0188916876574305, 0.2
794, 4785.0, 6, 6.018867924528302, 0.2
795, 4791.0, 6, 6.018844221105527, 0.2
796, 4799.0, 8, 6.0213299874529485, 0.2
797, 4800.0, 1, 6.015037593984962, 0.2
798, 4805.0, 5, 6.013767209011264, 0.2
799, 4811.0, 6, 6.01375, 0.2
800, 4818.0, 7, 6.01498127340824, 0.2
801, 4824.0, 6, 6.014962593516209, 0.2
802, 4830.0, 6, 6.01494396014944, 0.2
803, 4837.0, 7, 6.016169154228856, 0.2
804, 4842.0, 5, 6.014906832298137, 0.2
805, 4848.0, 6, 6.0148883374689825, 0.2
806, 4855.0, 7, 6.016109045848823, 0.2
807, 4856.0, 1, 6.00990099009901, 0.2
808, 4861.0, 5, 6.008652657601978, 0.2
809, 4869.0, 8, 6.011111111111111, 0.2
810, 4874.0, 5, 6.009864364981504, 0.2
811, 4880.0, 6, 6.009852216748769, 0.2
812, 4882.0, 2, 6.004920049200492, 0.2
813, 4887.0, 5, 6.003685503685504, 0.2
814, 4894.0, 7, 6.004907975460123, 0.2
815, 4901.0, 7, 6.006127450980392, 0.2
816, 4905.0, 4, 6.003671970624235, 0.2
817, 4913.0, 8, 6.006112469437653, 0.2
818, 4920.0, 7, 6.007326007326007, 0.2
819, 4923.0, 3, 6.003658536585366, 0.2
820, 4929.0, 6, 6.003654080389769, 0.2
821, 4932.0, 3, 6.0, 0.2
822, 4938.0, 6, 6.0, 0.2
823, 4945.0, 7, 6.00121359223301, 0.2
824, 4951.0, 6, 6.001212121212121, 0.2
825, 4959.0, 8, 6.00363196125908, 0.2
826, 4965.0, 6, 6.003627569528416, 0.2
827, 4973.0, 8, 6.006038647342995, 0.2
828, 4978.0, 5, 6.0048250904704465, 0.2
829, 4985.0, 7, 6.006024096385542, 0.2
830, 4986.0, 1, 6.0, 0.2
831, 4992.0, 6, 6.0, 0.2
832, 5000.0, 8, 6.002400960384153, 0.2
833, 5002.0, 2, 5.997601918465228, 0.2
834, 5006.0, 4, 5.995209580838323, 0.2
835, 5013.0, 7, 5.996411483253588, 0.2
836, 5018.0, 5, 5.995221027479092, 0.2
837, 5023.0, 5, 5.994033412887828, 0.2
838, 5030.0, 7, 5.995232419547079, 0.2
839, 5036.0, 6, 5.995238095238095, 0.2
840, 5042.0, 6, 5.995243757431629, 0.2
841, 5047.0, 5, 5.994061757719715, 0.2
842, 5053.0, 6, 5.994068801897983, 0.2
843, 5057.0, 4, 5.991706161137441, 0.2
844, 5058.0, 1, 5.985798816568047, 0.2
845, 5064.0, 6, 5.98581560283688, 0.2
846, 5066.0, 2, 5.981109799291618, 0.2
847, 5073.0, 7, 5.982311320754717, 0.2
848, 5075.0, 2, 5.977620730270907, 0.2
849, 5082.0, 7, 5.978823529411764, 0.2
850, 5090.0, 8, 5.981198589894242, 0.2
851, 5096.0, 6, 5.981220657276995, 0.2
852, 5097.0, 1, 5.97538100820633, 0.2
853, 5104.0, 7, 5.976580796252928, 0.2
854, 5109.0, 5, 5.975438596491228, 0.2
855, 5115.0, 6, 5.975467289719626, 0.2
856, 5122.0, 7, 5.976662777129522, 0.2
857, 5129.0, 7, 5.977855477855478, 0.2
858, 5132.0, 3, 5.974388824214203, 0.2
859, 5139.0, 7, 5.975581395348837, 0.2
860, 5145.0, 6, 5.975609756097561, 0.2
861, 5151.0, 6, 5.975638051044084, 0.2
862, 5159.0, 8, 5.977983777520278, 0.2
863, 5160.0, 1, 5.972222222222222, 0.2
864, 5165.0, 5, 5.971098265895954, 0.2
865, 5171.0, 6, 5.971131639722864, 0.2
866, 5176.0, 5, 5.9700115340253745, 0.2
867, 5182.0, 6, 5.970046082949309, 0.2
868, 5187.0, 5, 5.968929804372842, 0.2
869, 5192.0, 5, 5.967816091954023, 0.2
870, 5199.0, 7, 5.969001148105626, 0.2
871, 5206.0, 7, 5.970183486238532, 0.2
872, 5213.0, 7, 5.971363115693013, 0.2
873, 5219.0, 6, 5.971395881006865, 0.2
874, 5225.0, 6, 5.9714285714285715, 0.2
875, 5233.0, 8, 5.973744292237443, 0.2
876, 5237.0, 4, 5.971493728620296, 0.2
877, 5237.0, 0, 5.9646924829157175, 0.2
878, 5239.0, 2, 5.960182025028441, 0.2
879, 5246.0, 7, 5.961363636363636, 0.2
880, 5251.0, 5, 5.960272417707151, 0.2
881, 5258.0, 7, 5.961451247165533, 0.2
882, 5264.0, 6, 5.961494903737259, 0.2
883, 5272.0, 8, 5.963800904977376, 0.2
884, 5279.0, 7, 5.964971751412429, 0.2
885, 5286.0, 7, 5.966139954853273, 0.2
886, 5292.0, 6, 5.9661781285231115, 0.2
887, 5299.0, 7, 5.967342342342342, 0.2
888, 5300.0, 1, 5.961754780652418, 0.2
889, 5306.0, 6, 5.961797752808989, 0.2
890, 5314.0, 8, 5.964085297418631, 0.2
891, 5320.0, 6, 5.9641255605381165, 0.2
892, 5326.0, 6, 5.964165733482643, 0.2
893, 5329.0, 3, 5.960850111856823, 0.2
894, 5335.0, 6, 5.960893854748603, 0.2
895, 5342.0, 7, 5.962053571428571, 0.2
896, 5343.0, 1, 5.956521739130435, 0.2
897, 5348.0, 5, 5.955456570155902, 0.2
898, 5354.0, 6, 5.955506117908787, 0.2
899, 5358.0, 4, 5.953333333333333, 0.2
900, 5362.0, 4, 5.951165371809101, 0.2
901, 5368.0, 6, 5.951219512195122, 0.2
902, 5374.0, 6, 5.951273532668882, 0.2
903, 5379.0, 5, 5.950221238938053, 0.2
904, 5385.0, 6, 5.9502762430939224, 0.2
905, 5390.0, 5, 5.949227373068433, 0.2
906, 5395.0, 5, 5.948180815876516, 0.2
907, 5402.0, 7, 5.9493392070484585, 0.2
908, 5406.0, 4, 5.947194719471947, 0.2
909, 5410.0, 4, 5.945054945054945, 0.2
910, 5417.0, 7, 5.946212952799121, 0.2
911, 5422.0, 5, 5.9451754385964914, 0.2
912, 5422.0, 0, 5.938663745892661, 0.2
913, 5428.0, 6, 5.938730853391685, 0.2
914, 5432.0, 4, 5.936612021857924, 0.2
915, 5439.0, 7, 5.937772925764192, 0.2
916, 5445.0, 6, 5.93784078516903, 0.2
917, 5450.0, 5, 5.93681917211329, 0.2
918, 5454.0, 4, 5.934711643090315, 0.2
919, 5460.0, 6, 5.934782608695652, 0.2
920, 5465.0, 5, 5.933767643865364, 0.2
921, 5469.0, 4, 5.931670281995662, 0.2
922, 5475.0, 6, 5.9317443120260025, 0.2
923, 5482.0, 7, 5.932900432900433, 0.2
924, 5490.0, 8, 5.935135135135135, 0.2
925, 5492.0, 2, 5.930885529157667, 0.2
926, 5498.0, 6, 5.930960086299892, 0.2
927, 5504.0, 6, 5.931034482758621, 0.2
928, 5510.0, 6, 5.9311087190527445, 0.2
929, 5515.0, 5, 5.93010752688172, 0.2
930, 5521.0, 6, 5.930182599355532, 0.2
931, 5521.0, 0, 5.92381974248927, 0.2
932, 5529.0, 8, 5.92604501607717, 0.2
933, 5537.0, 8, 5.928265524625267, 0.2
934, 5542.0, 5, 5.927272727272728, 0.2
935, 5549.0, 7, 5.928418803418803, 0.2
936, 5554.0, 5, 5.927427961579509, 0.2
937, 5558.0, 4, 5.925373134328358, 0.2
938, 5565.0, 7, 5.926517571884984, 0.2
939, 5573.0, 8, 5.928723404255319, 0.2
940, 5580.0, 7, 5.929861849096706, 0.2
941, 5585.0, 5, 5.928874734607219, 0.2
942, 5592.0, 7, 5.93001060445387, 0.2
943, 5598.0, 6, 5.930084745762712, 0.2
944, 5606.0, 8, 5.932275132275132, 0.2
945, 5613.0, 7, 5.9334038054968286, 0.2
946, 5619.0, 6, 5.933474128827878, 0.2
947, 5626.0, 7, 5.934599156118144, 0.2
948, 5634.0, 8, 5.936775553213909, 0.2
949, 5638.0, 4, 5.934736842105263, 0.2
950, 5646.0, 8, 5.936908517350158, 0.2
951, 5653.0, 7, 5.938025210084033, 0.2
952, 5661.0, 8, 5.940188877229801, 0.2
953, 5666.0, 5, 5.939203354297694, 0.2
954, 5672.0, 6, 5.939267015706807, 0.2
955, 5677.0, 5, 5.938284518828452, 0.2
956, 5684.0, 7, 5.9393939393939394, 0.2
957, 5692.0, 8, 5.941544885177453, 0.2
958, 5693.0, 1, 5.936392075078206, 0.2
959, 5700.0, 7, 5.9375, 0.2
960, 5707.0, 7, 5.938605619146722, 0.2
961, 5708.0, 1, 5.9334719334719335, 0.2
962, 5715.0, 7, 5.934579439252336, 0.2
963, 5722.0, 7, 5.935684647302905, 0.2
964, 5727.0, 5, 5.934715025906736, 0.2
965, 5733.0, 6, 5.934782608695652, 0.2
966, 5733.0, 0, 5.928645294725957, 0.2
967, 5739.0, 6, 5.928719008264463, 0.2
968, 5743.0, 4, 5.92672858617131, 0.2
969, 5744.0, 1, 5.921649484536083, 0.2
970, 5752.0, 8, 5.92378990731205, 0.2
971, 5758.0, 6, 5.923868312757202, 0.2
972, 5765.0, 7, 5.92497430626927, 0.2
973, 5771.0, 6, 5.925051334702259, 0.2
974, 5775.0, 4, 5.923076923076923, 0.2
975, 5781.0, 6, 5.923155737704918, 0.2
976, 5781.0, 0, 5.917093142272262, 0.2
977, 5785.0, 4, 5.915132924335379, 0.2
978, 5788.0, 3, 5.912155260469867, 0.2
979, 5795.0, 7, 5.913265306122449, 0.2
980, 5802.0, 7, 5.914373088685015, 0.2
981, 5804.0, 2, 5.910386965376782, 0.2
982, 5811.0, 7, 5.911495422177009, 0.2
983, 5816.0, 5, 5.9105691056910565, 0.2
984, 5817.0, 1, 5.905583756345178, 0.2
985, 5825.0, 8, 5.907707910750507, 0.2
986, 5831.0, 6, 5.907801418439717, 0.2
987, 5837.0, 6, 5.907894736842105, 0.2
988, 5844.0, 7, 5.908998988877654, 0.2
989, 5846.0, 2, 5.905050505050505, 0.2
990, 5853.0, 7, 5.906155398587286, 0.2
991, 5861.0, 8, 5.908266129032258, 0.2
992, 5868.0, 7, 5.909365558912387, 0.2
993, 5874.0, 6, 5.909456740442656, 0.2
994, 5881.0, 7, 5.910552763819095, 0.2
995, 5885.0, 4, 5.908634538152611, 0.2
996, 5891.0, 6, 5.908726178535606, 0.2
997, 5897.0, 6, 5.908817635270541, 0.2
998, 5903.0, 6, 5.908908908908909, 0.2
999, 5907.0, 4, 5.907, 0.2
1000, 5912.0, 5, 5.906093906093906, 0.2
1001, 5915.0, 3, 5.9031936127744515, 0.2
1002, 5922.0, 7, 5.904287138584247, 0.2
1003, 5928.0, 6, 5.904382470119522, 0.2
1004, 5935.0, 7, 5.9054726368159205, 0.2
1005, 5942.0, 7, 5.906560636182903, 0.2
1006, 5949.0, 7, 5.907646474677259, 0.2
1007, 5955.0, 6, 5.907738095238095, 0.2
1008, 5963.0, 8, 5.909811694747274, 0.2
1009, 5968.0, 5, 5.908910891089109, 0.2
1010, 5974.0, 6, 5.909000989119684, 0.2
1011, 5980.0, 6, 5.909090909090909, 0.2
1012, 5986.0, 6, 5.909180651530108, 0.2
1013, 5994.0, 8, 5.911242603550296, 0.2
1014, 6000.0, 6, 5.911330049261084, 0.2
1015, 6006.0, 6, 5.911417322834645, 0.2
1016, 6012.0, 6, 5.911504424778761, 0.2
1017, 6020.0, 8, 5.913555992141454, 0.2
1018, 6026.0, 6, 5.913640824337586, 0.2
1019, 6030.0, 4, 5.911764705882353, 0.2
1020, 6038.0, 8, 5.913809990205681, 0.2
1021, 6042.0, 4, 5.911937377690802, 0.2
1022, 6049.0, 7, 5.913000977517107, 0.2
1023, 6054.0, 5, 5.912109375, 0.2
1024, 6054.0, 0, 5.906341463414634, 0.2
1025, 6059.0, 5, 5.905458089668616, 0.2
1026, 6067.0, 8, 5.907497565725413, 0.2
1027, 6071.0, 4, 5.905642023346304, 0.2
1028, 6076.0, 5, 5.904761904761905, 0.2
1029, 6082.0, 6, 5.904854368932039, 0.2
1030, 6090.0, 8, 5.906886517943744, 0.2
1031, 6097.0, 7, 5.907945736434108, 0.2
1032, 6104.0, 7, 5.909002904162633, 0.2
1033, 6112.0, 8, 5.911025145067698, 0.2
1034, 6112.0, 0, 5.9053140096618355, 0.2
1035, 6118.0, 6, 5.905405405405405, 0.2
1036, 6123.0, 5, 5.904532304725168, 0.2
1037, 6125.0, 2, 5.900770712909441, 0.2
1038, 6133.0, 8, 5.90279114533205, 0.2
1039, 6140.0, 7, 5.903846153846154, 0.2
1040, 6147.0, 7, 5.904899135446686, 0.2
1041, 6152.0, 5, 5.904030710172744, 0.2
1042, 6159.0, 7, 5.905081495685523, 0.2
1043, 6165.0, 6, 5.905172413793103, 0.2
1044, 6171.0, 6, 5.905263157894737, 0.2
1045, 6179.0, 8, 5.907265774378585, 0.2
1046, 6185.0, 6, 5.907354345749761, 0.2
1047, 6190.0, 5, 5.906488549618321, 0.2
1048, 6195.0, 5, 5.905624404194471, 0.2
1049, 6195.0, 0, 5.9, 0.2
1050, 6202.0, 7, 5.90104662226451, 0.2
1051, 6208.0, 6, 5.901140684410646, 0.2
1052, 6216.0, 8, 5.903133903133903, 0.2
1053, 6218.0, 2, 5.899430740037951, 0.2
1054, 6224.0, 6, 5.8995260663507105, 0.2
1055, 6232.0, 8, 5.901515151515151, 0.2
1056, 6240.0, 8, 5.903500473036897, 0.2
1057, 6247.0, 7, 5.904536862003781, 0.2
1058, 6254.0, 7, 5.905571293673277, 0.2
1059, 6258.0, 4, 5.90377358490566, 0.2
1060, 6264.0, 6, 5.903864278982092, 0.2
1061, 6271.0, 7, 5.904896421845574, 0.2
1062, 6275.0, 4, 5.90310442144873, 0.2
1063, 6281.0, 6, 5.9031954887218046, 0.2
1064, 6285.0, 4, 5.901408450704225, 0.2
1065, 6292.0, 7, 5.902439024390244, 0.2
1066, 6300.0, 8, 5.904404873477039, 0.2
1067, 6308.0, 8, 5.906367041198502, 0.2
1068, 6308.0, 0, 5.900841908325538, 0.2
1069, 6314.0, 6, 5.9009345794392525, 0.2
1070, 6319.0, 5, 5.900093370681606, 0.2
1071, 6322.0, 3, 5.897388059701493, 0.2
1072, 6327.0, 5, 5.896551724137931, 0.2
1073, 6333.0, 6, 5.896648044692737, 0.2
1074, 6339.0, 6, 5.8967441860465115, 0.2
1075, 6346.0, 7, 5.897769516728625, 0.2
1076, 6352.0, 6, 5.897864438254411, 0.2
1077, 6360.0, 8, 5.899814471243043, 0.2
1078, 6367.0, 7, 5.900834105653383, 0.2
1079, 6369.0, 2, 5.897222222222222, 0.2
1080, 6372.0, 3, 5.894542090656799, 0.2
1081, 6379.0, 7, 5.8955637707948245, 0.2
1082, 6385.0, 6, 5.895660203139427, 0.2
1083, 6393.0, 8, 5.89760147601476, 0.2
1084, 6399.0, 6, 5.897695852534563, 0.2
1085, 6406.0, 7, 5.898710865561695, 0.2
1086, 6410.0, 4, 5.8969641214351425, 0.2
1087, 6412.0, 2, 5.893382352941177, 0.2
1088, 6414.0, 2, 5.889807162534435, 0.2
1089, 6419.0, 5, 5.888990825688073, 0.2
1090, 6422.0, 3, 5.88634280476627, 0.2
1091, 6425.0, 3, 5.883699633699634, 0.2
1092, 6431.0, 6, 5.883806038426349, 0.2
1093, 6436.0, 5, 5.8829981718464355, 0.2
1094, 6437.0, 1, 5.878538812785388, 0.2
1095, 6444.0, 7, 5.87956204379562, 0.2
1096, 6451.0, 7, 5.880583409298086, 0.2
1097, 6457.0, 6, 5.880692167577413, 0.2
1098, 6460.0, 3, 5.878070973612375, 0.2
1099, 6466.0, 6, 5.878181818181818, 0.2
1100, 6472.0, 6, 5.878292461398728, 0.2
1101, 6476.0, 4, 5.876588021778584, 0.2
1102, 6479.0, 3, 5.873980054397099, 0.2
1103, 6484.0, 5, 5.8731884057971016, 0.2
1104, 6491.0, 7, 5.87420814479638, 0.2
1105, 6498.0, 7, 5.875226039783001, 0.2
1106, 6504.0, 6, 5.875338753387534, 0.2
1107, 6509.0, 5, 5.874548736462094, 0.2
1108, 6511.0, 2, 5.871055004508566, 0.2
1109, 6512.0, 1, 5.866666666666666, 0.2
1110, 6519.0, 7, 5.867686768676868, 0.2
1111, 6527.0, 8, 5.869604316546763, 0.2
1112, 6534.0, 7, 5.870619946091645, 0.2
1113, 6539.0, 5, 5.86983842010772, 0.2
1114, 6546.0, 7, 5.87085201793722, 0.2
1115, 6553.0, 7, 5.871863799283154, 0.2
1116, 6559.0, 6, 5.871978513876455, 0.2
1117, 6564.0, 5, 5.8711985688729875, 0.2
1118, 6570.0, 6, 5.871313672922252, 0.2
1119, 6577.0, 7, 5.8723214285714285, 0.2
1120, 6580.0, 3, 5.869759143621766, 0.2
1121, 6587.0, 7, 5.8707664884135475, 0.2
1122, 6594.0, 7, 5.871772039180766, 0.2
1123, 6597.0, 3, 5.869217081850533, 0.2
1124, 6604.0, 7, 5.870222222222222, 0.2
1125, 6605.0, 1, 5.8658969804618115, 0.2
1126, 6613.0, 8, 5.867790594498669, 0.2
1127, 6621.0, 8, 5.86968085106383, 0.2
1128, 6629.0, 8, 5.871567759078831, 0.2
1129, 6637.0, 8, 5.873451327433628, 0.2
1130, 6644.0, 7, 5.874447391688771, 0.2
1131, 6651.0, 7, 5.875441696113074, 0.2
1132, 6658.0, 7, 5.876434245366284, 0.2
1133, 6664.0, 6, 5.8765432098765435, 0.2
1134, 6672.0, 8, 5.878414096916299, 0.2
1135, 6678.0, 6, 5.878521126760563, 0.2
1136, 6681.0, 3, 5.875989445910291, 0.2
1137, 6687.0, 6, 5.87609841827768, 0.2
1138, 6694.0, 7, 5.877085162423178, 0.2
1139, 6698.0, 4, 5.875438596491228, 0.2
1140, 6704.0, 6, 5.875547765118317, 0.2
1141, 6711.0, 7, 5.8765323992994745, 0.2
1142, 6717.0, 6, 5.876640419947506, 0.2
1143, 6721.0, 4, 5.875, 0.2
1144, 6729.0, 8, 5.876855895196506, 0.2
1145, 6729.0, 0, 5.871727748691099, 0.2
1146, 6735.0, 6, 5.871839581517001, 0.2
1147, 6736.0, 1, 5.867595818815331, 0.2
1148, 6744.0, 8, 5.869451697127937, 0.2
1149, 6751.0, 7, 5.870434782608696, 0.2
1150, 6757.0, 6, 5.870547350130321, 0.2
1151, 6765.0, 8, 5.872395833333333, 0.2
1152, 6772.0, 7, 5.873373807458803, 0.2
1153, 6780.0, 8, 5.875216637781629, 0.2
1154, 6787.0, 7, 5.876190476190477, 0.2
1155, 6793.0, 6, 5.876297577854671, 0.2
1156, 6798.0, 5, 5.875540190146932, 0.2
1157, 6804.0, 6, 5.875647668393782, 0.2
1158, 6809.0, 5, 5.874892148403797, 0.2
1159, 6815.0, 6, 5.875, 0.2
1160, 6822.0, 7, 5.875968992248062, 0.2
1161, 6830.0, 8, 5.877796901893287, 0.2
1162, 6836.0, 6, 5.877901977644024, 0.2
1163, 6843.0, 7, 5.878865979381444, 0.2
1164, 6849.0, 6, 5.878969957081545, 0.2
1165, 6855.0, 6, 5.879073756432247, 0.2
1166, 6860.0, 5, 5.8783204798628965, 0.2
1167, 6863.0, 3, 5.875856164383562, 0.2
1168, 6867.0, 4, 5.874251497005988, 0.2
1169, 6872.0, 5, 5.873504273504273, 0.2
1170, 6877.0, 5, 5.872758326216909, 0.2
1171, 6880.0, 3, 5.870307167235495, 0.2
1172, 6887.0, 7, 5.871270247229327, 0.2
1173, 6888.0, 1, 5.867120954003407, 0.2
1174, 6893.0, 5, 5.866382978723404, 0.2
1175, 6900.0, 7, 5.86734693877551, 0.2
1176, 6900.0, 0, 5.862361937128292, 0.2
1177, 6906.0, 6, 5.862478777589134, 0.2
1178, 6913.0, 7, 5.863443596268024, 0.2
1179, 6920.0, 7, 5.864406779661017, 0.2
1180, 6926.0, 6, 5.864521591871296, 0.2
1181, 6933.0, 7, 5.865482233502538, 0.2
1182, 6939.0, 6, 5.865595942519019, 0.2
1183, 6941.0, 2, 5.862331081081081, 0.2
1184, 6947.0, 6, 5.862447257383966, 0.2
1185, 6954.0, 7, 5.863406408094435, 0.2
1186, 6957.0, 3, 5.860994102780118, 0.2
1187, 6964.0, 7, 5.861952861952862, 0.2
1188, 6971.0, 7, 5.862910008410429, 0.2
1189, 6978.0, 7, 5.863865546218487, 0.2
1190, 6984.0, 6, 5.8639798488664985, 0.2
1191, 6989.0, 5, 5.863255033557047, 0.2
1192, 6996.0, 7, 5.8642078792958925, 0.2
1193, 7002.0, 6, 5.864321608040201, 0.2
1194, 7004.0, 2, 5.861087866108787, 0.2
1195, 7009.0, 5, 5.860367892976589, 0.2
1196, 7016.0, 7, 5.861319966583125, 0.2
1197, 7018.0, 2, 5.858096828046745, 0.2
1198, 7024.0, 6, 5.858215179316097, 0.2
1199, 7030.0, 6, 5.858333333333333, 0.2
1200, 7032.0, 2, 5.855120732722731, 0.2
1201, 7040.0, 8, 5.856905158069884, 0.2
1202, 7046.0, 6, 5.857024106400665, 0.2
1203, 7052.0, 6, 5.857142857142857, 0.2
1204, 7059.0, 7, 5.858091286307054, 0.2
1205, 7066.0, 7, 5.859038142620232, 0.2
1206, 7072.0, 6, 5.859154929577465, 0.2
1207, 7078.0, 6, 5.8592715231788075, 0.2
1208, 7081.0, 3, 5.856906534325889, 0.2
1209, 7084.0, 3, 5.8545454545454545, 0.2
1210, 7089.0, 5, 5.85383980181668, 0.2
1211, 7094.0, 5, 5.853135313531353, 0.2
1212, 7100.0, 6, 5.85325638911789, 0.2
1213, 7106.0, 6, 5.85337726523888, 0.2
1214, 7112.0, 6, 5.853497942386832, 0.2
1215, 7113.0, 1, 5.849506578947368, 0.2
1216, 7113.0, 0, 5.844700082169268, 0.2
1217, 7119.0, 6, 5.844827586206897, 0.2
1218, 7127.0, 8, 5.846595570139459, 0.2
1219, 7133.0, 6, 5.8467213114754095, 0.2
1220, 7139.0, 6, 5.846846846846847, 0.2
1221, 7147.0, 8, 5.8486088379705405, 0.2
1222, 7148.0, 1, 5.844644317252658, 0.2
1223, 7149.0, 1, 5.840686274509804, 0.2
1224, 7156.0, 7, 5.841632653061224, 0.2
1225, 7163.0, 7, 5.84257748776509, 0.2
1226, 7165.0, 2, 5.839445802770986, 0.2
1227, 7171.0, 6, 5.83957654723127, 0.2
1228, 7175.0, 4, 5.838079739625712, 0.2
1229, 7182.0, 7, 5.839024390243902, 0.2
1230, 7188.0, 6, 5.839155158407799, 0.2
1231, 7190.0, 2, 5.836038961038961, 0.2
1232, 7197.0, 7, 5.8369829683698295, 0.2
1233, 7200.0, 3, 5.834683954619125, 0.2
1234, 7207.0, 7, 5.8356275303643725, 0.2
1235, 7208.0, 1, 5.831715210355987, 0.2
1236, 7216.0, 8, 5.8334680679062245, 0.2
1237, 7218.0, 2, 5.830371567043619, 0.2
1238, 7223.0, 5, 5.829701372074253, 0.2
1239, 7223.0, 0, 5.825, 0.2
1240, 7231.0, 8, 5.826752618855761, 0.2
1241, 7238.0, 7, 5.827697262479871, 0.2
1242, 7243.0, 5, 5.8270313757039425, 0.2
1243, 7248.0, 5, 5.826366559485531, 0.2
1244, 7255.0, 7, 5.827309236947791, 0.2
1245, 7262.0, 7, 5.828250401284109, 0.2
1246, 7269.0, 7, 5.829190056134723, 0.2
1247, 7270.0, 1, 5.825320512820513, 0.2
1248, 7276.0, 6, 5.825460368294635, 0.2
1249, 7280.0, 4, 5.824, 0.2
1250, 7286.0, 6, 5.82414068745004, 0.2
1251, 7293.0, 7, 5.825079872204473, 0.2
1252, 7300.0, 7, 5.8260175578611335, 0.2
1253, 7308.0, 8, 5.827751196172249, 0.2
1254, 7312.0, 4, 5.8262948207171315, 0.2
1255, 7319.0, 7, 5.827229299363057, 0.2
1256, 7327.0, 8, 5.82895783611774, 0.2
1257, 7335.0, 8, 5.830683624801272, 0.2
1258, 7339.0, 4, 5.82922954725973, 0.2
1259, 7345.0, 6, 5.829365079365079, 0.2
1260, 7352.0, 7, 5.830293417922284, 0.2
1261, 7359.0, 7, 5.83122028526149, 0.2
1262, 7366.0, 7, 5.832145684877276, 0.2
1263, 7373.0, 7, 5.8330696202531644, 0.2
1264, 7381.0, 8, 5.834782608695652, 0.2
1265, 7386.0, 5, 5.834123222748815, 0.2
1266, 7391.0, 5, 5.833464877663773, 0.2
1267, 7397.0, 6, 5.833596214511041, 0.2
1268, 7403.0, 6, 5.833727344365642, 0.2
1269, 7407.0, 4, 5.832283464566929, 0.2
1270, 7413.0, 6, 5.8324154209284025, 0.2
1271, 7420.0, 7, 5.833333333333333, 0.2
1272, 7425.0, 5, 5.832678711704634, 0.2
1273, 7431.0, 6, 5.832810047095761, 0.2
1274, 7434.0, 3, 5.830588235294118, 0.2
1275, 7434.0, 0, 5.826018808777429, 0.2
1276, 7441.0, 7, 5.826938136256852, 0.2
1277, 7447.0, 6, 5.827073552425665, 0.2
1278, 7454.0, 7, 5.827990617670054, 0.2
1279, 7456.0, 2, 5.825, 0.2
1280, 7463.0, 7, 5.82591725214676, 0.2
1281, 7469.0, 6, 5.826053042121685, 0.2
1282, 7476.0, 7, 5.8269680436477005, 0.2
1283, 7484.0, 8, 5.8286604361370715, 0.2
1284, 7492.0, 8, 5.830350194552529, 0.2
1285, 7496.0, 4, 5.828926905132193, 0.2
1286, 7499.0, 3, 5.826728826728827, 0.2
1287, 7507.0, 8, 5.828416149068323, 0.2
1288, 7514.0, 7, 5.829325058184639, 0.2
1289, 7515.0, 1, 5.825581395348837, 0.2
1290, 7522.0, 7, 5.8264910921766075, 0.2
1291, 7530.0, 8, 5.828173374613003, 0.2
1292, 7532.0, 2, 5.825212683681361, 0.2
1293, 7539.0, 7, 5.826120556414219, 0.2
1294, 7544.0, 5, 5.825482625482626, 0.2
1295, 7545.0, 1, 5.8217592592592595, 0.2
1296, 7549.0, 4, 5.82035466461064, 0.2
1297, 7555.0, 6, 5.820493066255779, 0.2
1298, 7557.0, 2, 5.817551963048499, 0.2
1299, 7557.0, 0, 5.813076923076923, 0.2
1300, 7564.0, 7, 5.813989239046887, 0.2
1301, 7570.0, 6, 5.814132104454685, 0.2
1302, 7575.0, 5, 5.813507290867229, 0.2
1303, 7580.0, 5, 5.8128834355828225, 0.2
1304, 7584.0, 4, 5.811494252873564, 0.2
1305, 7591.0, 7, 5.812404287901991, 0.2
1306, 7595.0, 4, 5.811017597551645, 0.2
1307, 7599.0, 4, 5.809633027522936, 0.2
1308, 7604.0, 5, 5.809014514896868, 0.2
1309, 7611.0, 7, 5.809923664122137, 0.2
1310, 7613.0, 2, 5.807017543859649, 0.2
1311, 7613.0, 0, 5.802591463414634, 0.2
1312, 7618.0, 5, 5.801980198019802, 0.2
1313, 7625.0, 7, 5.80289193302892, 0.2
1314, 7632.0, 7, 5.803802281368822, 0.2
1315, 7637.0, 5, 5.803191489361702, 0.2
1316, 7641.0, 4, 5.801822323462415, 0.2
1317, 7647.0, 6, 5.8019726858877085, 0.2
1318, 7651.0, 4, 5.800606520090978, 0.2
1319, 7658.0, 7, 5.801515151515152, 0.2
1320, 7663.0, 5, 5.8009084027252085, 0.2
1321, 7667.0, 4, 5.799546142208775, 0.2
1322, 7673.0, 6, 5.799697656840514, 0.2
1323, 7674.0, 1, 5.7960725075528705, 0.2
1324, 7680.0, 6, 5.796226415094339, 0.2
1325, 7685.0, 5, 5.795625942684766, 0.2
1326, 7690.0, 5, 5.795026375282593, 0.2
1327, 7697.0, 7, 5.795933734939759, 0.2
1328, 7703.0, 6, 5.796087283671934, 0.2
1329, 7710.0, 7, 5.796992481203008, 0.2
1330, 7716.0, 6, 5.797145003756574, 0.2
1331, 7718.0, 2, 5.7942942942942945, 0.2
1332, 7725.0, 7, 5.795198799699925, 0.2
1333, 7731.0, 6, 5.795352323838081, 0.2
1334, 7738.0, 7, 5.79625468164794, 0.2
1335, 7743.0, 5, 5.7956586826347305, 0.2
1336, 7749.0, 6, 5.795811518324608, 0.2
1337, 7750.0, 1, 5.792227204783258, 0.2
1338, 7758.0, 8, 5.793876026885735, 0.2
1339, 7761.0, 3, 5.79179104477612, 0.2
1340, 7765.0, 4, 5.790454884414616, 0.2
1341, 7769.0, 4, 5.789120715350224, 0.2
1342, 7775.0, 6, 5.78927773641102, 0.2
1343, 7780.0, 5, 5.788690476190476, 0.2
1344, 7785.0, 5, 5.788104089219331, 0.2
1345, 7785.0, 0, 5.783803863298663, 0.2
1346, 7790.0, 5, 5.783221974758723, 0.2
1347, 7791.0, 1, 5.779673590504451, 0.2
1348, 7795.0, 4, 5.778354336545589, 0.2
1349, 7796.0, 1, 5.774814814814815, 0.2
1350, 7803.0, 7, 5.775721687638786, 0.2
1351, 7809.0, 6, 5.775887573964497, 0.2
1352, 7816.0, 7, 5.776792313377679, 0.2
1353, 7818.0, 2, 5.774002954209749, 0.2
1354, 7823.0, 5, 5.773431734317343, 0.2
1355, 7825.0, 2, 5.770648967551622, 0.2
1356, 7831.0, 6, 5.770817980840088, 0.2
1357, 7838.0, 7, 5.771723122238586, 0.2
1358, 7843.0, 5, 5.7711552612214865, 0.2
1359, 7850.0, 7, 5.772058823529412, 0.2
1360, 7856.0, 6, 5.772226304188097, 0.2
1361, 7863.0, 7, 5.773127753303965, 0.2
1362, 7869.0, 6, 5.773294203961849, 0.2
1363, 7876.0, 7, 5.774193548387097, 0.2
1364, 7879.0, 3, 5.772161172161172, 0.2
1365, 7881.0, 2, 5.769399707174231, 0.2
1366, 7883.0, 2, 5.766642282370154, 0.2
1367, 7885.0, 2, 5.763888888888889, 0.2
1368, 7890.0, 5, 5.763330898466034, 0.2
1369, 7896.0, 6, 5.7635036496350365, 0.2
1370, 7900.0, 4, 5.762217359591539, 0.2
1371, 7907.0, 7, 5.763119533527697, 0.2
1372, 7913.0, 6, 5.763292061179898, 0.2
1373, 7918.0, 5, 5.7627365356623, 0.2
1374, 7924.0, 6, 5.7629090909090905, 0.2
1375, 7931.0, 7, 5.763808139534884, 0.2
1376, 7937.0, 6, 5.76397966594045, 0.2
1377, 7944.0, 7, 5.764876632801161, 0.2
1378, 7945.0, 1, 5.761421319796955, 0.2
1379, 7948.0, 3, 5.759420289855073, 0.2
1380, 7954.0, 6, 5.759594496741491, 0.2
1381, 7954.0, 0, 5.755426917510854, 0.2
1382, 7960.0, 6, 5.755603759942154, 0.2
1383, 7966.0, 6, 5.755780346820809, 0.2
1384, 7969.0, 3, 5.753790613718412, 0.2
1385, 7969.0, 0, 5.74963924963925, 0.2
1386, 7975.0, 6, 5.749819754866619, 0.2
1387, 7981.0, 6, 5.75, 0.2
1388, 7987.0, 6, 5.750179985601152, 0.2
1389, 7994.0, 7, 5.751079136690647, 0.2
1390, 8001.0, 7, 5.75197699496765, 0.2
1391, 8008.0, 7, 5.752873563218391, 0.2
1392, 8015.0, 7, 5.7537688442211055, 0.2
1393, 8021.0, 6, 5.753945480631277, 0.2
1394, 8027.0, 6, 5.754121863799283, 0.2
1395, 8033.0, 6, 5.754297994269341, 0.2
1396, 8035.0, 2, 5.7516105941302795, 0.2
1397, 8039.0, 4, 5.75035765379113, 0.2
1398, 8044.0, 5, 5.749821300929235, 0.2
1399, 8049.0, 5, 5.7492857142857146, 0.2
1400, 8054.0, 5, 5.748750892219843, 0.2
1401, 8055.0, 1, 5.745363766048502, 0.2
1402, 8063.0, 8, 5.746970776906629, 0.2
1403, 8070.0, 7, 5.747863247863248, 0.2
1404, 8076.0, 6, 5.748042704626335, 0.2
1405, 8081.0, 5, 5.7475106685633, 0.2
1406, 8086.0, 5, 5.746979388770433, 0.2
1407, 8093.0, 7, 5.747869318181818, 0.2
1408, 8093.0, 0, 5.743789921930447, 0.2
1409, 8095.0, 2, 5.74113475177305, 0.2
1410, 8099.0, 4, 5.739900779588944, 0.2
1411, 8106.0, 7, 5.740793201133145, 0.2
1412, 8113.0, 7, 5.7416843595187546, 0.2
1413, 8115.0, 2, 5.739038189533239, 0.2
1414, 8122.0, 7, 5.739929328621908, 0.2
1415, 8127.0, 5, 5.739406779661017, 0.2
1416, 8127.0, 0, 5.7353563867325335, 0.2
1417, 8129.0, 2, 5.732722143864598, 0.2
1418, 8131.0, 2, 5.730091613812544, 0.2
1419, 8138.0, 7, 5.730985915492957, 0.2
1420, 8144.0, 6, 5.731175228712175, 0.2
1421, 8149.0, 5, 5.7306610407876235, 0.2
1422, 8156.0, 7, 5.731553056921996, 0.2
1423, 8162.0, 6, 5.731741573033708, 0.2
1424, 8162.0, 0, 5.727719298245614, 0.2
1425, 8165.0, 3, 5.725806451612903, 0.2
1426, 8172.0, 7, 5.726699369306237, 0.2
1427, 8176.0, 4, 5.7254901960784315, 0.2
1428, 8178.0, 2, 5.722883135059482, 0.2
1429, 8179.0, 1, 5.71958041958042, 0.2
1430, 8186.0, 7, 5.720475192173305, 0.2
1431, 8193.0, 7, 5.721368715083799, 0.2
1432, 8193.0, 0, 5.717376133984647, 0.2
1433, 8200.0, 7, 5.718270571827057, 0.2
1434, 8208.0, 8, 5.719860627177701, 0.2
1435, 8216.0, 8, 5.721448467966574, 0.2
1436, 8217.0, 1, 5.718162839248434, 0.2
1437, 8221.0, 4, 5.716968011126565, 0.2
1438, 8227.0, 6, 5.717164697706741, 0.2
1439, 8235.0, 8, 5.71875, 0.2
1440, 8241.0, 6, 5.718945176960444, 0.2
1441, 8248.0, 7, 5.719833564493759, 0.2
1442, 8251.0, 3, 5.717948717948718, 0.2
1443, 8257.0, 6, 5.718144044321329, 0.2
1444, 8264.0, 7, 5.719031141868512, 0.2
1445, 8265.0, 1, 5.715767634854772, 0.2
1446, 8272.0, 7, 5.716655148583276, 0.2
1447, 8275.0, 3, 5.7147790055248615, 0.2
1448, 8280.0, 5, 5.714285714285714, 0.2
1449, 8287.0, 7, 5.715172413793104, 0.2
1450, 8292.0, 5, 5.714679531357684, 0.2
1451, 8296.0, 4, 5.7134986225895315, 0.2
1452, 8298.0, 2, 5.710942876806607, 0.2
1453, 8306.0, 8, 5.712517193947731, 0.2
1454, 8312.0, 6, 5.7127147766323025, 0.2
1455, 8320.0, 8, 5.714285714285714, 0.2
1456, 8324.0, 4, 5.713109128345916, 0.2
1457, 8329.0, 5, 5.712620027434842, 0.2
1458, 8335.0, 6, 5.712816997943797, 0.2
1459, 8342.0, 7, 5.713698630136986, 0.2
1460, 8347.0, 5, 5.713210130047912, 0.2
1461, 8353.0, 6, 5.713406292749658, 0.2
1462, 8353.0, 0, 5.709501025290499, 0.2
1463, 8359.0, 6, 5.709699453551913, 0.2
1464, 8365.0, 6, 5.709897610921502, 0.2
1465, 8370.0, 5, 5.7094133697135065, 0.2
1466, 8376.0, 6, 5.70961145194274, 0.2
1467, 8379.0, 3, 5.7077656675749315, 0.2
1468, 8382.0, 3, 5.705922396187883, 0.2
1469, 8386.0, 4, 5.704761904761905, 0.2
1470, 8392.0, 6, 5.704962610469068, 0.2
1471, 8395.0, 3, 5.703125, 0.2
1472, 8396.0, 1, 5.699932111337406, 0.2
1473, 8401.0, 5, 5.699457259158752, 0.2
1474, 8405.0, 4, 5.698305084745763, 0.2
1475, 8408.0, 3, 5.696476964769648, 0.2
1476, 8412.0, 4, 5.695328368314151, 0.2
1477, 8418.0, 6, 5.6955345060893094, 0.2
1478, 8420.0, 2, 5.6930358350236645, 0.2
1479, 8427.0, 7, 5.693918918918919, 0.2
1480, 8429.0, 2, 5.6914247130317355, 0.2
1481, 8434.0, 5, 5.6909581646423755, 0.2
1482, 8441.0, 7, 5.691840863115307, 0.2
1483, 8443.0, 2, 5.689353099730458, 0.2
1484, 8443.0, 0, 5.685521885521886, 0.2
1485, 8443.0, 0, 5.681695827725437, 0.2
1486, 8450.0, 7, 5.682582380632145, 0.2
1487, 8455.0, 5, 5.682123655913978, 0.2
1488, 8459.0, 4, 5.68099395567495, 0.2
1489, 8467.0, 8, 5.68255033557047, 0.2
1490, 8474.0, 7, 5.683433936955064, 0.2
1491, 8481.0, 7, 5.684316353887399, 0.2
1492, 8486.0, 5, 5.683858004018754, 0.2
1493, 8488.0, 2, 5.681392235609103, 0.2
1494, 8489.0, 1, 5.678260869565217, 0.2
1495, 8496.0, 7, 5.679144385026738, 0.2
1496, 8496.0, 0, 5.675350701402806, 0.2
1497, 8497.0, 1, 5.672229639519359, 0.2
1498, 8501.0, 4, 5.6711140760507, 0.2
1499, 8507.0, 6, 5.671333333333333, 0.2
1500, 8511.0, 4, 5.670219853431046, 0.2
1501, 8515.0, 4, 5.6691078561917445, 0.2
1502, 8523.0, 8, 5.6706586826347305, 0.2
1503, 8528.0, 5, 5.670212765957447, 0.2
1504, 8535.0, 7, 5.67109634551495, 0.2
1505, 8537.0, 2, 5.6686586985391765, 0.2
1506, 8540.0, 3, 5.666887856668879, 0.2
1507, 8546.0, 6, 5.66710875331565, 0.2
1508, 8548.0, 2, 5.66467859509609, 0.2
1509, 8552.0, 4, 5.663576158940398, 0.2
1510, 8557.0, 5, 5.6631369953673065, 0.2
1511, 8563.0, 6, 5.663359788359788, 0.2
1512, 8563.0, 0, 5.659616655651025, 0.2
1513, 8565.0, 2, 5.657199471598415, 0.2
1514, 8566.0, 1, 5.654125412541254, 0.2
1515, 8570.0, 4, 5.653034300791557, 0.2
1516, 8577.0, 7, 5.6539222148978245, 0.2
1517, 8582.0, 5, 5.653491436100132, 0.2
1518, 8583.0, 1, 5.6504279131007245, 0.2
1519, 8587.0, 4, 5.649342105263158, 0.2
1520, 8590.0, 3, 5.647600262984878, 0.2
1521, 8595.0, 5, 5.647174770039422, 0.2
1522, 8601.0, 6, 5.647406434668418, 0.2
1523, 8606.0, 5, 5.646981627296588, 0.2
1524, 8612.0, 6, 5.6472131147540985, 0.2
1525, 8614.0, 2, 5.644823066841416, 0.2
1526, 8621.0, 7, 5.645710543549443, 0.2
1527, 8627.0, 6, 5.645942408376963, 0.2
1528, 8634.0, 7, 5.646827992151733, 0.2
1529, 8642.0, 8, 5.648366013071896, 0.2
1530, 8646.0, 4, 5.647289353363814, 0.2
1531, 8646.0, 0, 5.643603133159269, 0.2
1532, 8651.0, 5, 5.643183300717547, 0.2
1533, 8657.0, 6, 5.64341590612777, 0.2
1534, 8665.0, 8, 5.644951140065147, 0.2
1535, 8672.0, 7, 5.645833333333333, 0.2
1536, 8672.0, 0, 5.642160052049447, 0.2
1537, 8673.0, 1, 5.639141742522757, 0.2
1538, 8679.0, 6, 5.639376218323587, 0.2
1539, 8680.0, 1, 5.636363636363637, 0.2
1540, 8685.0, 5, 5.63595068137573, 0.2
1541, 8687.0, 2, 5.633592736705578, 0.2
1542, 8693.0, 6, 5.633830200907323, 0.2
1543, 8697.0, 4, 5.632772020725389, 0.2
1544, 8702.0, 5, 5.6323624595469255, 0.2
1545, 8706.0, 4, 5.6313065976714105, 0.2
1546, 8713.0, 7, 5.632191338073691, 0.2
1547, 8713.0, 0, 5.6285529715762275, 0.2
1548, 8719.0, 6, 5.6287927695287285, 0.2
1549, 8720.0, 1, 5.625806451612903, 0.2
1550, 8724.0, 4, 5.624758220502901, 0.2
1551, 8730.0, 6, 5.625, 0.2
1552, 8735.0, 5, 5.624597553122988, 0.2
1553, 8737.0, 2, 5.622265122265122, 0.2
1554, 8743.0, 6, 5.622508038585209, 0.2
1555, 8749.0, 6, 5.622750642673521, 0.2
1556, 8752.0, 3, 5.62106615285806, 0.2
1557, 8758.0, 6, 5.621309370988446, 0.2
1558, 8759.0, 1, 5.6183450930083385, 0.2
1559, 8766.0, 7, 5.619230769230769, 0.2
1560, 8769.0, 3, 5.617552850736708, 0.2
1561, 8776.0, 7, 5.618437900128041, 0.2
1562, 8777.0, 1, 5.615483045425464, 0.2
1563, 8780.0, 3, 5.6138107416879794, 0.2
1564, 8786.0, 6, 5.61405750798722, 0.2
1565, 8794.0, 8, 5.615581098339719, 0.2
1566, 8796.0, 2, 5.613273771537971, 0.2
1567, 8801.0, 5, 5.612882653061225, 0.2
1568, 8803.0, 2, 5.610579987253027, 0.2
1569, 8806.0, 3, 5.60891719745223, 0.2
1570, 8807.0, 1, 5.605983450031827, 0.2
1571, 8812.0, 5, 5.6055979643765905, 0.2
1572, 8814.0, 2, 5.603305785123967, 0.2
1573, 8822.0, 8, 5.604828462515883, 0.2
1574, 8825.0, 3, 5.603174603174603, 0.2
1575, 8831.0, 6, 5.603426395939087, 0.2
1576, 8837.0, 6, 5.603677869372226, 0.2
1577, 8844.0, 7, 5.604562737642586, 0.2
1578, 8846.0, 2, 5.602279924002533, 0.2
1579, 8853.0, 7, 5.603164556962025, 0.2
1580, 8855.0, 2, 5.600885515496521, 0.2
1581, 8862.0, 7, 5.601769911504425, 0.2
1582, 8870.0, 8, 5.603284902084649, 0.2
1583, 8876.0, 6, 5.603535353535354, 0.2
1584, 8880.0, 4, 5.6025236593059935, 0.2
1585, 8886.0, 6, 5.602774274905422, 0.2
1586, 8894.0, 8, 5.604284814114682, 0.2
1587, 8902.0, 8, 5.605793450881612, 0.2
1588, 8909.0, 7, 5.60667086217747, 0.2
1589, 8909.0, 0, 5.603144654088051, 0.2
1590, 8916.0, 7, 5.604022627278441, 0.2
1591, 8922.0, 6, 5.6042713567839195, 0.2
1592, 8930.0, 8, 5.605775266792216, 0.2
1593, 8934.0, 4, 5.604767879548306, 0.2
1594, 8934.0, 0, 5.601253918495297, 0.2
1595, 8939.0, 5, 5.600877192982456, 0.2
1596, 8940.0, 1, 5.597996242955541, 0.2
1597, 8946.0, 6, 5.598247809762203, 0.2
1598, 8950.0, 4, 5.597248280175109, 0.2
1599, 8957.0, 7, 5.598125, 0.2
1600, 8965.0, 8, 5.599625234228607, 0.2
1601, 8970.0, 5, 5.599250936329588, 0.2
1602, 8974.0, 4, 5.598253275109171, 0.2
1603, 8978.0, 4, 5.597256857855362, 0.2
1604, 8980.0, 2, 5.595015576323988, 0.2
1605, 8986.0, 6, 5.595267745952677, 0.2
1606, 8993.0, 7, 5.596141879278158, 0.2
1607, 8994.0, 1, 5.593283582089552, 0.2
1608, 9000.0, 6, 5.593536357986327, 0.2
1609, 9006.0, 6, 5.593788819875776, 0.2
1610, 9008.0, 2, 5.591558038485413, 0.2
1611, 9011.0, 3, 5.5899503722084365, 0.2
1612, 9013.0, 2, 5.587724736515809, 0.2
1613, 9019.0, 6, 5.587980173482032, 0.2
1614, 9021.0, 2, 5.585758513931888, 0.2
1615, 9025.0, 4, 5.584777227722772, 0.2
1616, 9026.0, 1, 5.581941867656154, 0.2
1617, 9032.0, 6, 5.582200247218789, 0.2
1618, 9033.0, 1, 5.579369981470043, 0.2
1619, 9038.0, 5, 5.579012345679012, 0.2
1620, 9042.0, 4, 5.578038247995065, 0.2
1621, 9044.0, 2, 5.5758323057953145, 0.2
1622, 9044.0, 0, 5.572396796056685, 0.2
1623, 9050.0, 6, 5.572660098522167, 0.2
1624, 9054.0, 4, 5.571692307692308, 0.2
1625, 9056.0, 2, 5.56949569495695, 0.2
1626, 9061.0, 5, 5.569145666871543, 0.2
1627, 9067.0, 6, 5.569410319410319, 0.2
1628, 9068.0, 1, 5.566605279312462, 0.2
1629, 9073.0, 5, 5.566257668711656, 0.2
1630, 9080.0, 7, 5.5671367259350095, 0.2
1631, 9084.0, 4, 5.5661764705882355, 0.2
1632, 9089.0, 5, 5.56582976117575, 0.2
1633, 9094.0, 5, 5.565483476132191, 0.2
1634, 9100.0, 6, 5.565749235474006, 0.2
1635, 9106.0, 6, 5.56601466992665, 0.2
1636, 9113.0, 7, 5.566890653634697, 0.2
1637, 9118.0, 5, 5.566544566544566, 0.2
1638, 9120.0, 2, 5.564368517388652, 0.2
1639, 9128.0, 8, 5.565853658536585, 0.2
1640, 9128.0, 0, 5.562461913467398, 0.2
1641, 9132.0, 4, 5.561510353227771, 0.2
1642, 9137.0, 5, 5.561168594035301, 0.2
1643, 9144.0, 7, 5.562043795620438, 0.2
1644, 9150.0, 6, 5.562310030395137, 0.2
1645, 9156.0, 6, 5.562575941676792, 0.2
1646, 9159.0, 3, 5.5610200364298725, 0.2
1647, 9163.0, 4, 5.560072815533981, 0.2
1648, 9169.0, 6, 5.5603395997574285, 0.2
1649, 9175.0, 6, 5.5606060606060606, 0.2
1650, 9179.0, 4, 5.559660811629316, 0.2
1651, 9187.0, 8, 5.561138014527845, 0.2
1652, 9191.0, 4, 5.560193587416818, 0.2
1653, 9192.0, 1, 5.557436517533253, 0.2
1654, 9198.0, 6, 5.557703927492447, 0.2
1655, 9198.0, 0, 5.554347826086956, 0.2
1656, 9205.0, 7, 5.555220277610139, 0.2
1657, 9208.0, 3, 5.553679131483715, 0.2
1658, 9212.0, 4, 5.552742616033755, 0.2
1659, 9219.0, 7, 5.553614457831325, 0.2
1660, 9225.0, 6, 5.553883202889826, 0.2
1661, 9232.0, 7, 5.554753309265944, 0.2
1662, 9237.0, 5, 5.554419723391462, 0.2
1663, 9242.0, 5, 5.554086538461538, 0.2
1664, 9248.0, 6, 5.554354354354355, 0.2
1665, 9256.0, 8, 5.555822328931573, 0.2
1666, 9258.0, 2, 5.553689262147571, 0.2
1667, 9265.0, 7, 5.554556354916067, 0.2
1668, 9272.0, 7, 5.555422408627921, 0.2
1669, 9279.0, 7, 5.5562874251497005, 0.2
1670, 9282.0, 3, 5.55475763016158, 0.2
1671, 9285.0, 3, 5.55322966507177, 0.2
1672, 9287.0, 2, 5.551105797967723, 0.2
1673, 9291.0, 4, 5.550179211469534, 0.2
1674, 9293.0, 2, 5.548059701492537, 0.2
1675, 9299.0, 6, 5.548329355608592, 0.2
1676, 9303.0, 4, 5.547406082289803, 0.2
1677, 9307.0, 4, 5.546483909415971, 0.2
1678, 9314.0, 7, 5.5473496128648, 0.2
1679, 9317.0, 3, 5.545833333333333, 0.2
1680, 9322.0, 5, 5.545508625817965, 0.2
1681, 9325.0, 3, 5.543995243757432, 0.2
1682, 9326.0, 1, 5.541295306001189, 0.2
1683, 9332.0, 6, 5.541567695961995, 0.2
1684, 9338.0, 6, 5.541839762611276, 0.2
1685, 9343.0, 5, 5.541518386714117, 0.2
1686, 9347.0, 4, 5.540604623592175, 0.2
1687, 9354.0, 7, 5.541469194312796, 0.2
1688, 9360.0, 6, 5.541740674955595, 0.2
1689, 9365.0, 5, 5.541420118343195, 0.2
1690, 9372.0, 7, 5.542282672974571, 0.2
1691, 9378.0, 6, 5.542553191489362, 0.2
1692, 9381.0, 3, 5.541051388068517, 0.2
1693, 9389.0, 8, 5.54250295159386, 0.2
1694, 9396.0, 7, 5.543362831858407, 0.2
1695, 9403.0, 7, 5.5442216981132075, 0.2
1696, 9409.0, 6, 5.54449027695934, 0.2
1697, 9417.0, 8, 5.545936395759718, 0.2
1698, 9421.0, 4, 5.545026486168334, 0.2
1699, 9426.0, 5, 5.544705882352941, 0.2
1700, 9429.0, 3, 5.54320987654321, 0.2
1701, 9435.0, 6, 5.543478260869565, 0.2
1702, 9439.0, 4, 5.542571931884909, 0.2
1703, 9442.0, 3, 5.541079812206573, 0.2
1704, 9450.0, 8, 5.542521994134898, 0.2
1705, 9454.0, 4, 5.541617819460727, 0.2
1706, 9454.0, 0, 5.5383714118336265, 0.2
1707, 9461.0, 7, 5.539227166276347, 0.2
1708, 9467.0, 6, 5.5394967817437095, 0.2
1709, 9475.0, 8, 5.54093567251462, 0.2
1710, 9475.0, 0, 5.537697253068381, 0.2
1711, 9480.0, 5, 5.537383177570093, 0.2
1712, 9487.0, 7, 5.538237011091652, 0.2
1713, 9491.0, 4, 5.537339556592766, 0.2
1714, 9495.0, 4, 5.536443148688047, 0.2
1715, 9502.0, 7, 5.537296037296037, 0.2
1716, 9503.0, 1, 5.534653465346534, 0.2
1717, 9503.0, 0, 5.531431897555297, 0.2
1718, 9509.0, 6, 5.531704479348458, 0.2
1719, 9510.0, 1, 5.52906976744186, 0.2
1720, 9516.0, 6, 5.529343404997094, 0.2
1721, 9517.0, 1, 5.526713124274099, 0.2
1722, 9517.0, 0, 5.523505513639002, 0.2
1723, 9525.0, 8, 5.524941995359629, 0.2
1724, 9533.0, 8, 5.5263768115942025, 0.2
1725, 9536.0, 3, 5.524913093858633, 0.2
1726, 9540.0, 4, 5.524030110017371, 0.2
1727, 9548.0, 8, 5.525462962962963, 0.2
1728, 9556.0, 8, 5.526894158473106, 0.2
1729, 9563.0, 7, 5.527745664739885, 0.2
1730, 9570.0, 7, 5.528596187175044, 0.2
1731, 9574.0, 4, 5.527713625866051, 0.2
1732, 9580.0, 6, 5.52798615118292, 0.2
1733, 9585.0, 5, 5.527681660899654, 0.2
1734, 9586.0, 1, 5.52507204610951, 0.2
1735, 9592.0, 6, 5.525345622119816, 0.2
1736, 9599.0, 7, 5.526194588370754, 0.2
1737, 9603.0, 4, 5.525316455696203, 0.2
1738, 9603.0, 0, 5.522139160437033, 0.2
1739, 9609.0, 6, 5.522413793103448, 0.2
1740, 9616.0, 7, 5.523262492820218, 0.2
1741, 9624.0, 8, 5.524684270952927, 0.2
1742, 9630.0, 6, 5.524956970740103, 0.2
1743, 9637.0, 7, 5.525802752293578, 0.2
1744, 9644.0, 7, 5.526647564469914, 0.2
1745, 9647.0, 3, 5.525200458190149, 0.2
1746, 9648.0, 1, 5.522610188895249, 0.2
1747, 9648.0, 0, 5.519450800915332, 0.2
1748, 9649.0, 1, 5.5168667810177245, 0.2
1749, 9657.0, 8, 5.518285714285715, 0.2
1750, 9663.0, 6, 5.518560822387207, 0.2
1751, 9670.0, 7, 5.519406392694064, 0.2
1752, 9677.0, 7, 5.520250998288648, 0.2
1753, 9685.0, 8, 5.521664766248574, 0.2
1754, 9690.0, 5, 5.521367521367521, 0.2
1755, 9696.0, 6, 5.521640091116173, 0.2
1756, 9703.0, 7, 5.522481502561184, 0.2
1757, 9704.0, 1, 5.519908987485779, 0.2
1758, 9705.0, 1, 5.517339397384878, 0.2
1759, 9705.0, 0, 5.514204545454546, 0.2
1760, 9706.0, 1, 5.511641113003975, 0.2
1761, 9714.0, 8, 5.5130533484676505, 0.2
1762, 9719.0, 5, 5.512762336925695, 0.2
1763, 9723.0, 4, 5.511904761904762, 0.2
1764, 9726.0, 3, 5.510481586402267, 0.2
1765, 9732.0, 6, 5.510758776896942, 0.2
1766, 9734.0, 2, 5.508771929824562, 0.2
1767, 9735.0, 1, 5.506221719457014, 0.2
1768, 9743.0, 8, 5.507631430186546, 0.2
1769, 9744.0, 1, 5.505084745762712, 0.2
1770, 9751.0, 7, 5.5059288537549405, 0.2
1771, 9751.0, 0, 5.502821670428894, 0.2
1772, 9756.0, 5, 5.50253807106599, 0.2
1773, 9757.0, 1, 5.5, 0.2
1774, 9763.0, 6, 5.500281690140845, 0.2
1775, 9764.0, 1, 5.497747747747748, 0.2
1776, 9765.0, 1, 5.495216657287563, 0.2
1777, 9773.0, 8, 5.496625421822272, 0.2
1778, 9773.0, 0, 5.49353569421023, 0.2
1779, 9781.0, 8, 5.494943820224719, 0.2
1780, 9789.0, 8, 5.4963503649635035, 0.2
1781, 9796.0, 7, 5.49719416386083, 0.2
1782, 9798.0, 2, 5.495232753785754, 0.2
1783, 9804.0, 6, 5.495515695067264, 0.2
1784, 9809.0, 5, 5.495238095238095, 0.2
1785, 9816.0, 7, 5.496080627099664, 0.2
1786, 9819.0, 3, 5.494683827644097, 0.2
1787, 9820.0, 1, 5.492170022371365, 0.2
1788, 9823.0, 3, 5.490776970374511, 0.2
1789, 9826.0, 3, 5.4893854748603355, 0.2
1790, 9829.0, 3, 5.487995533221664, 0.2
1791, 9836.0, 7, 5.488839285714286, 0.2
1792, 9836.0, 0, 5.485778025655327, 0.2
1793, 9841.0, 5, 5.4855072463768115, 0.2
1794, 9848.0, 7, 5.486350974930362, 0.2
1795, 9856.0, 8, 5.487750556792873, 0.2
1796, 9860.0, 4, 5.48692264885921, 0.2
1797, 9864.0, 4, 5.486095661846496, 0.2
1798, 9865.0, 1, 5.483602001111729, 0.2
1799, 9870.0, 5, 5.483333333333333, 0.2
1800, 9876.0, 6, 5.483620210993892, 0.2
1801, 9881.0, 5, 5.483351831298557, 0.2
1802, 9887.0, 6, 5.483638380476982, 0.2
1803, 9890.0, 3, 5.482261640798226, 0.2
1804, 9893.0, 3, 5.4808864265927975, 0.2
1805, 9900.0, 7, 5.48172757475083, 0.2
1806, 9903.0, 3, 5.480354178195904, 0.2
1807, 9903.0, 0, 5.477323008849558, 0.2
1808, 9907.0, 4, 5.476506357103372, 0.2
1809, 9911.0, 4, 5.475690607734807, 0.2
1810, 9916.0, 5, 5.4754279403644395, 0.2
1811, 9921.0, 5, 5.475165562913907, 0.2
1812, 9922.0, 1, 5.472697186982901, 0.2
1813, 9928.0, 6, 5.472987872105843, 0.2
1814, 9936.0, 8, 5.474380165289256, 0.2
1815, 9942.0, 6, 5.474669603524229, 0.2
1816, 9943.0, 1, 5.47220693450743, 0.2
1817, 9943.0, 0, 5.469196919691969, 0.2
1818, 9945.0, 2, 5.4672897196261685, 0.2
1819, 9952.0, 7, 5.468131868131868, 0.2
1820, 9957.0, 5, 5.467874794069193, 0.2
1821, 9960.0, 3, 5.466520307354555, 0.2
1822, 9966.0, 6, 5.466812945693911, 0.2
1823, 9971.0, 5, 5.46655701754386, 0.2
1824, 9979.0, 8, 5.467945205479452, 0.2
1825, 9987.0, 8, 5.469331872946331, 0.2
1826, 9989.0, 2, 5.467432950191571, 0.2
1827, 9994.0, 5, 5.467177242888402, 0.2
1828, 9999.0, 5, 5.466921815199562, 0.2
1829, 10005.0, 6, 5.467213114754099, 0.2
1830, 10011.0, 6, 5.467504096122338, 0.2
1831, 10016.0, 5, 5.467248908296943, 0.2
1832, 10018.0, 2, 5.465357337697763, 0.2
1833, 10026.0, 8, 5.4667393675027265, 0.2
1834, 10032.0, 6, 5.4670299727520435, 0.2
1835, 10039.0, 7, 5.4678649237472765, 0.2
1836, 10041.0, 2, 5.46597713663582, 0.2
1837, 10044.0, 3, 5.4646354733405875, 0.2
1838, 10048.0, 4, 5.46383904295813, 0.2
1839, 10050.0, 2, 5.461956521739131, 0.2
1840, 10051.0, 1, 5.4595328625746875, 0.2
1841, 10055.0, 4, 5.458740499457112, 0.2
1842, 10059.0, 4, 5.457948996201845, 0.2
1843, 10066.0, 7, 5.4587852494577005, 0.2
1844, 10072.0, 6, 5.459078590785908, 0.2
1845, 10072.0, 0, 5.456121343445287, 0.2
1846, 10079.0, 7, 5.456957227937195, 0.2
1847, 10080.0, 1, 5.454545454545454, 0.2
1848, 10084.0, 4, 5.453758788534343, 0.2
1849, 10091.0, 7, 5.454594594594594, 0.2
1850, 10099.0, 8, 5.455969746083198, 0.2
1851, 10099.0, 0, 5.453023758099352, 0.2
1852, 10099.0, 0, 5.450080949811117, 0.2
1853, 10104.0, 5, 5.449838187702265, 0.2
1854, 10104.0, 0, 5.446900269541779, 0.2
1855, 10111.0, 7, 5.447737068965517, 0.2
1856, 10116.0, 5, 5.447495961227787, 0.2
1857, 10124.0, 8, 5.448869752421959, 0.2
1858, 10131.0, 7, 5.449704142011834, 0.2
1859, 10136.0, 5, 5.449462365591398, 0.2
1860, 10136.0, 0, 5.446534121440086, 0.2
1861, 10139.0, 3, 5.445220193340494, 0.2
1862, 10143.0, 4, 5.444444444444445, 0.2
1863, 10145.0, 2, 5.442596566523605, 0.2
1864, 10153.0, 8, 5.443967828418231, 0.2
1865, 10153.0, 0, 5.441050375133976, 0.2
1866, 10160.0, 7, 5.441885377611141, 0.2
1867, 10168.0, 8, 5.443254817987152, 0.2
1868, 10175.0, 7, 5.444087747458534, 0.2
1869, 10183.0, 8, 5.445454545454545, 0.2
1870, 10191.0, 8, 5.44681988241582, 0.2
1871, 10196.0, 5, 5.446581196581197, 0.2
1872, 10200.0, 4, 5.445808862786973, 0.2
1873, 10206.0, 6, 5.446104589114194, 0.2
1874, 10213.0, 7, 5.446933333333333, 0.2
1875, 10219.0, 6, 5.447228144989339, 0.2
1876, 10224.0, 5, 5.446989877464039, 0.2
1877, 10231.0, 7, 5.447816826411076, 0.2
1878, 10237.0, 6, 5.4481106971793505, 0.2
1879, 10237.0, 0, 5.4452127659574465, 0.2
1880, 10242.0, 5, 5.444976076555024, 0.2
1881, 10246.0, 4, 5.444208289054198, 0.2
1882, 10250.0, 4, 5.443441317047265, 0.2
1883, 10250.0, 0, 5.440552016985138, 0.2
1884, 10255.0, 5, 5.440318302387268, 0.2
1885, 10260.0, 5, 5.440084835630965, 0.2
1886, 10261.0, 1, 5.437731849496555, 0.2
1887, 10264.0, 3, 5.436440677966102, 0.2
1888, 10267.0, 3, 5.4351508734780305, 0.2
1889, 10268.0, 1, 5.432804232804233, 0.2
1890, 10271.0, 3, 5.431517715494447, 0.2
1891, 10276.0, 5, 5.431289640591967, 0.2
1892, 10282.0, 6, 5.431590068674062, 0.2
1893, 10289.0, 7, 5.432418162618796, 0.2
1894, 10289.0, 0, 5.4295514511873355, 0.2
1895, 10293.0, 4, 5.42879746835443, 0.2
1896, 10300.0, 7, 5.429625724828677, 0.2
1897, 10308.0, 8, 5.430979978925184, 0.2
1898, 10314.0, 6, 5.431279620853081, 0.2
1899, 10314.0, 0, 5.428421052631579, 0.2
1900, 10320.0, 6, 5.42872172540768, 0.2
1901, 10326.0, 6, 5.429022082018927, 0.2
1902, 10330.0, 4, 5.428271150814504, 0.2
1903, 10337.0, 7, 5.429096638655462, 0.2
1904, 10340.0, 3, 5.427821522309712, 0.2
1905, 10346.0, 6, 5.428121720881427, 0.2
1906, 10351.0, 5, 5.4278972207656, 0.2
1907, 10354.0, 3, 5.426624737945493, 0.2
1908, 10357.0, 3, 5.425353588266108, 0.2
1909, 10364.0, 7, 5.4261780104712045, 0.2
1910, 10370.0, 6, 5.426478283621141, 0.2
1911, 10377.0, 7, 5.427301255230126, 0.2
1912, 10379.0, 2, 5.425509670674334, 0.2
1913, 10383.0, 4, 5.424764890282131, 0.2
1914, 10384.0, 1, 5.422454308093995, 0.2
1915, 10391.0, 7, 5.4232776617954075, 0.2
1916, 10392.0, 1, 5.420970266040689, 0.2
1917, 10399.0, 7, 5.421793534932221, 0.2
1918, 10405.0, 6, 5.422094841063053, 0.2
1919, 10408.0, 3, 5.420833333333333, 0.2
1920, 10416.0, 8, 5.422175950026028, 0.2
1921, 10423.0, 7, 5.422996878251821, 0.2
1922, 10425.0, 2, 5.421216848673947, 0.2
1923, 10429.0, 4, 5.42047817047817, 0.2
1924, 10436.0, 7, 5.421298701298701, 0.2
1925, 10443.0, 7, 5.422118380062305, 0.2
1926, 10445.0, 2, 5.420342501297354, 0.2
1927, 10450.0, 5, 5.420124481327801, 0.2
1928, 10453.0, 3, 5.418869880767237, 0.2
1929, 10461.0, 8, 5.42020725388601, 0.2
1930, 10464.0, 3, 5.418953909891248, 0.2
1931, 10469.0, 5, 5.4187370600414075, 0.2
1932, 10477.0, 8, 5.420072426280393, 0.2
1933, 10484.0, 7, 5.420889348500517, 0.2
1934, 10488.0, 4, 5.42015503875969, 0.2
1935, 10495.0, 7, 5.420971074380165, 0.2
1936, 10501.0, 6, 5.421270005162623, 0.2
1937, 10507.0, 6, 5.421568627450981, 0.2
1938, 10508.0, 1, 5.419288292934502, 0.2
1939, 10512.0, 4, 5.418556701030928, 0.2
1940, 10514.0, 2, 5.416795466254508, 0.2
1941, 10519.0, 5, 5.416580844490216, 0.2
1942, 10522.0, 3, 5.4153371075656205, 0.2
1943, 10529.0, 7, 5.416152263374485, 0.2
1944, 10529.0, 0, 5.4133676092544984, 0.2
1945, 10529.0, 0, 5.410585817060637, 0.2
1946, 10536.0, 7, 5.411402157164869, 0.2
1947, 10543.0, 7, 5.412217659137577, 0.2
1948, 10548.0, 5, 5.412006157003591, 0.2
1949, 10555.0, 7, 5.412820512820513, 0.2
1950, 10555.0, 0, 5.410046130189646, 0.2
1951, 10556.0, 1, 5.407786885245901, 0.2
1952, 10564.0, 8, 5.409114183307731, 0.2
1953, 10571.0, 7, 5.40992835209826, 0.2
1954, 10576.0, 5, 5.409718670076726, 0.2
1955, 10581.0, 5, 5.409509202453988, 0.2
1956, 10588.0, 7, 5.410321921308125, 0.2
1957, 10590.0, 2, 5.4085801838610825, 0.2
1958, 10594.0, 4, 5.407861153649821, 0.2
1959, 10596.0, 2, 5.406122448979592, 0.2
1960, 10600.0, 4, 5.405405405405405, 0.2
1961, 10608.0, 8, 5.4067278287461775, 0.2
1962, 10614.0, 6, 5.407030056036678, 0.2
1963, 10617.0, 3, 5.405804480651732, 0.2
1964, 10624.0, 7, 5.406615776081425, 0.2
1965, 10630.0, 6, 5.406917599186165, 0.2
1966, 10631.0, 1, 5.404677173360447, 0.2
1967, 10637.0, 6, 5.404979674796748, 0.2
1968, 10641.0, 4, 5.404266124936516, 0.2
1969, 10645.0, 4, 5.403553299492386, 0.2
1970, 10645.0, 0, 5.4008117706747845, 0.2
1971, 10652.0, 7, 5.401622718052739, 0.2
1972, 10658.0, 6, 5.401926001013685, 0.2
1973, 10663.0, 5, 5.4017223910840935, 0.2
1974, 10670.0, 7, 5.402531645569621, 0.2
1975, 10670.0, 0, 5.399797570850202, 0.2
1976, 10672.0, 2, 5.39807789580172, 0.2
1977, 10678.0, 6, 5.398382204246714, 0.2
1978, 10684.0, 6, 5.398686205154118, 0.2
1979, 10686.0, 2, 5.3969696969696965, 0.2
1980, 10693.0, 7, 5.397778899545684, 0.2
1981, 10695.0, 2, 5.39606458123108, 0.2
1982, 10702.0, 7, 5.396873424104892, 0.2
1983, 10706.0, 4, 5.39616935483871, 0.2
1984, 10708.0, 2, 5.394458438287153, 0.2
1985, 10715.0, 7, 5.395266868076535, 0.2
1986, 10720.0, 5, 5.395067941620534, 0.2
1987, 10721.0, 1, 5.392857142857143, 0.2
1988, 10726.0, 5, 5.392659627953746, 0.2
1989, 10731.0, 5, 5.3924623115577885, 0.2
1990, 10737.0, 6, 5.392767453540934, 0.2
1991, 10743.0, 6, 5.393072289156627, 0.2
1992, 10744.0, 1, 5.390868038133467, 0.2
1993, 10750.0, 6, 5.391173520561685, 0.2
1994, 10757.0, 7, 5.3919799498746865, 0.2
1995, 10764.0, 7, 5.3927855711422845, 0.2
1996, 10770.0, 6, 5.393089634451678, 0.2
1997, 10774.0, 4, 5.392392392392392, 0.2
1998, 10781.0, 7, 5.393196598299149, 0.2
1999, 10786.0, 5, 5.393, 0.2
