0, 8.0, 8, 8.0, 0.2
1, 16.0, 8, 8.0, 0.2
2, 24.0, 8, 8.0, 0.2
3, 32.0, 8, 8.0, 0.2
4, 40.0, 8, 8.0, 0.2
5, 48.0, 8, 8.0, 0.2
6, 56.0, 8, 8.0, 0.2
7, 64.0, 8, 8.0, 0.2
8, 72.0, 8, 8.0, 0.2
9, 80.0, 8, 8.0, 0.2
10, 88.0, 8, 8.0, 0.2
11, 96.0, 8, 8.0, 0.2
12, 104.0, 8, 8.0, 0.2
13, 112.0, 8, 8.0, 0.2
14, 120.0, 8, 8.0, 0.2
15, 128.0, 8, 8.0, 0.2
16, 136.0, 8, 8.0, 0.2
17, 144.0, 8, 8.0, 0.2
18, 152.0, 8, 8.0, 0.2
19, 160.0, 8, 8.0, 0.2
20, 168.0, 8, 8.0, 0.2
21, 176.0, 8, 8.0, 0.2
22, 184.0, 8, 8.0, 0.2
23, 192.0, 8, 8.0, 0.2
24, 200.0, 8, 8.0, 0.2
25, 208.0, 8, 8.0, 0.2
26, 216.0, 8, 8.0, 0.2
27, 224.0, 8, 8.0, 0.2
28, 232.0, 8, 8.0, 0.2
29, 240.0, 8, 8.0, 0.2
30, 248.0, 8, 8.0, 0.2
31, 256.0, 8, 8.0, 0.2
32, 264.0, 8, 8.0, 0.2
33, 272.0, 8, 8.0, 0.2
34, 280.0, 8, 8.0, 0.2
35, 288.0, 8, 8.0, 0.2
36, 296.0, 8, 8.0, 0.2
37, 304.0, 8, 8.0, 0.2
38, 312.0, 8, 8.0, 0.2
39, 320.0, 8, 8.0, 0.2
40, 328.0, 8, 8.0, 0.2
41, 336.0, 8, 8.0, 0.2
42, 344.0, 8, 8.0, 0.2
43, 352.0, 8, 8.0, 0.2
44, 360.0, 8, 8.0, 0.2
45, 368.0, 8, 8.0, 0.2
46, 376.0, 8, 8.0, 0.2
47, 384.0, 8, 8.0, 0.2
48, 392.0, 8, 8.0, 0.2
49, 400.0, 8, 8.0, 0.2
50, 408.0, 8, 8.0, 0.2
51, 416.0, 8, 8.0, 0.2
52, 424.0, 8, 8.0, 0.2
53, 432.0, 8, 8.0, 0.2
54, 440.0, 8, 8.0, 0.2
55, 448.0, 8, 8.0, 0.2
56, 456.0, 8, 8.0, 0.2
57, 464.0, 8, 8.0, 0.2
58, 472.0, 8, 8.0, 0.2
59, 480.0, 8, 8.0, 0.2
60, 488.0, 8, 8.0, 0.2
61, 496.0, 8, 8.0, 0.2
62, 504.0, 8, 8.0, 0.2
63, 512.0, 8, 8.0, 0.2
64, 520.0, 8, 8.0, 0.2
65, 528.0, 8, 8.0, 0.2
66, 536.0, 8, 8.0, 0.2
67, 544.0, 8, 8.0, 0.2
68, 552.0, 8, 8.0, 0.2
69, 560.0, 8, 8.0, 0.2
70, 568.0, 8, 8.0, 0.2
71, 576.0, 8, 8.0, 0.2
72, 584.0, 8, 8.0, 0.2
73, 592.0, 8, 8.0, 0.2
74, 600.0, 8, 8.0, 0.2
75, 608.0, 8, 8.0, 0.2
76, 616.0, 8, 8.0, 0.2
77, 624.0, 8, 8.0, 0.2
78, 632.0, 8, 8.0, 0.2
79, 640.0, 8, 8.0, 0.2
80, 648.0, 8, 8.0, 0.2
81, 656.0, 8, 8.0, 0.2
82, 664.0, 8, 8.0, 0.2
83, 672.0, 8, 8.0, 0.2
84, 680.0, 8, 8.0, 0.2
85, 688.0, 8, 8.0, 0.2
86, 696.0, 8, 8.0, 0.2
87, 704.0, 8, 8.0, 0.2
88, 712.0, 8, 8.0, 0.2
89, 720.0, 8, 8.0, 0.2
90, 728.0, 8, 8.0, 0.2
91, 736.0, 8, 8.0, 0.2
92, 744.0, 8, 8.0, 0.2
93, 752.0, 8, 8.0, 0.2
94, 760.0, 8, 8.0, 0.2
95, 768.0, 8, 8.0, 0.2
96, 776.0, 8, 8.0, 0.2
97, 784.0, 8, 8.0, 0.2
98, 792.0, 8, 8.0, 0.2
99, 800.0, 8, 8.0, 0.2
100, 808.0, 8, 8.0, 0.2
101, 816.0, 8, 8.0, 0.2
102, 824.0, 8, 8.0, 0.2
103, 832.0, 8, 8.0, 0.2
104, 840.0, 8, 8.0, 0.2
105, 848.0, 8, 8.0, 0.2
106, 856.0, 8, 8.0, 0.2
107, 864.0, 8, 8.0, 0.2
108, 872.0, 8, 8.0, 0.2
109, 880.0, 8, 8.0, 0.2
110, 888.0, 8, 8.0, 0.2
111, 896.0, 8, 8.0, 0.2
112, 904.0, 8, 8.0, 0.2
113, 912.0, 8, 8.0, 0.2
114, 920.0, 8, 8.0, 0.2
115, 928.0, 8, 8.0, 0.2
116, 936.0, 8, 8.0, 0.2
117, 944.0, 8, 8.0, 0.2
118, 952.0, 8, 8.0, 0.2
119, 960.0, 8, 8.0, 0.2
120, 968.0, 8, 8.0, 0.2
121, 976.0, 8, 8.0, 0.2
122, 984.0, 8, 8.0, 0.2
123, 992.0, 8, 8.0, 0.2
124, 1000.0, 8, 8.0, 0.2
125, 1008.0, 8, 8.0, 0.2
126, 1016.0, 8, 8.0, 0.2
127, 1024.0, 8, 8.0, 0.2
128, 1032.0, 8, 8.0, 0.2
129, 1040.0, 8, 8.0, 0.2
130, 1048.0, 8, 8.0, 0.2
131, 1056.0, 8, 8.0, 0.2
132, 1064.0, 8, 8.0, 0.2
133, 1072.0, 8, 8.0, 0.2
134, 1080.0, 8, 8.0, 0.2
135, 1088.0, 8, 8.0, 0.2
136, 1096.0, 8, 8.0, 0.2
137, 1104.0, 8, 8.0, 0.2
138, 1112.0, 8, 8.0, 0.2
139, 1120.0, 8, 8.0, 0.2
140, 1128.0, 8, 8.0, 0.2
141, 1136.0, 8, 8.0, 0.2
142, 1144.0, 8, 8.0, 0.2
143, 1152.0, 8, 8.0, 0.2
144, 1160.0, 8, 8.0, 0.2
145, 1168.0, 8, 8.0, 0.2
146, 1176.0, 8, 8.0, 0.2
147, 1184.0, 8, 8.0, 0.2
148, 1192.0, 8, 8.0, 0.2
149, 1200.0, 8, 8.0, 0.2
150, 1208.0, 8, 8.0, 0.2
151, 1216.0, 8, 8.0, 0.2
152, 1224.0, 8, 8.0, 0.2
153, 1232.0, 8, 8.0, 0.2
154, 1240.0, 8, 8.0, 0.2
155, 1248.0, 8, 8.0, 0.2
156, 1256.0, 8, 8.0, 0.2
157, 1264.0, 8, 8.0, 0.2
158, 1272.0, 8, 8.0, 0.2
159, 1280.0, 8, 8.0, 0.2
160, 1288.0, 8, 8.0, 0.2
161, 1296.0, 8, 8.0, 0.2
162, 1304.0, 8, 8.0, 0.2
163, 1312.0, 8, 8.0, 0.2
164, 1320.0, 8, 8.0, 0.2
165, 1328.0, 8, 8.0, 0.2
166, 1336.0, 8, 8.0, 0.2
167, 1344.0, 8, 8.0, 0.2
168, 1352.0, 8, 8.0, 0.2
169, 1360.0, 8, 8.0, 0.2
170, 1368.0, 8, 8.0, 0.2
171, 1376.0, 8, 8.0, 0.2
172, 1384.0, 8, 8.0, 0.2
173, 1392.0, 8, 8.0, 0.2
174, 1400.0, 8, 8.0, 0.2
175, 1408.0, 8, 8.0, 0.2
176, 1416.0, 8, 8.0, 0.2
177, 1424.0, 8, 8.0, 0.2
178, 1432.0, 8, 8.0, 0.2
179, 1440.0, 8, 8.0, 0.2
180, 1448.0, 8, 8.0, 0.2
181, 1456.0, 8, 8.0, 0.2
182, 1464.0, 8, 8.0, 0.2
183, 1472.0, 8, 8.0, 0.2
184, 1480.0, 8, 8.0, 0.2
185, 1488.0, 8, 8.0, 0.2
186, 1496.0, 8, 8.0, 0.2
187, 1504.0, 8, 8.0, 0.2
188, 1512.0, 8, 8.0, 0.2
189, 1520.0, 8, 8.0, 0.2
190, 1528.0, 8, 8.0, 0.2
191, 1536.0, 8, 8.0, 0.2
192, 1544.0, 8, 8.0, 0.2
193, 1552.0, 8, 8.0, 0.2
194, 1560.0, 8, 8.0, 0.2
195, 1568.0, 8, 8.0, 0.2
196, 1576.0, 8, 8.0, 0.2
197, 1584.0, 8, 8.0, 0.2
198, 1592.0, 8, 8.0, 0.2
199, 1600.0, 8, 8.0, 0.2
200, 1608.0, 8, 8.0, 0.2
201, 1616.0, 8, 8.0, 0.2
202, 1624.0, 8, 8.0, 0.2
203, 1632.0, 8, 8.0, 0.2
204, 1640.0, 8, 8.0, 0.2
205, 1648.0, 8, 8.0, 0.2
206, 1656.0, 8, 8.0, 0.2
207, 1664.0, 8, 8.0, 0.2
208, 1672.0, 8, 8.0, 0.2
209, 1680.0, 8, 8.0, 0.2
210, 1688.0, 8, 8.0, 0.2
211, 1696.0, 8, 8.0, 0.2
212, 1704.0, 8, 8.0, 0.2
213, 1712.0, 8, 8.0, 0.2
214, 1720.0, 8, 8.0, 0.2
215, 1728.0, 8, 8.0, 0.2
216, 1736.0, 8, 8.0, 0.2
217, 1744.0, 8, 8.0, 0.2
218, 1752.0, 8, 8.0, 0.2
219, 1760.0, 8, 8.0, 0.2
220, 1768.0, 8, 8.0, 0.2
221, 1776.0, 8, 8.0, 0.2
222, 1784.0, 8, 8.0, 0.2
223, 1792.0, 8, 8.0, 0.2
224, 1800.0, 8, 8.0, 0.2
225, 1808.0, 8, 8.0, 0.2
226, 1816.0, 8, 8.0, 0.2
227, 1824.0, 8, 8.0, 0.2
228, 1832.0, 8, 8.0, 0.2
229, 1840.0, 8, 8.0, 0.2
230, 1848.0, 8, 8.0, 0.2
231, 1856.0, 8, 8.0, 0.2
232, 1864.0, 8, 8.0, 0.2
233, 1872.0, 8, 8.0, 0.2
234, 1880.0, 8, 8.0, 0.2
235, 1888.0, 8, 8.0, 0.2
236, 1896.0, 8, 8.0, 0.2
237, 1904.0, 8, 8.0, 0.2
238, 1912.0, 8, 8.0, 0.2
239, 1920.0, 8, 8.0, 0.2
240, 1928.0, 8, 8.0, 0.2
241, 1936.0, 8, 8.0, 0.2
242, 1944.0, 8, 8.0, 0.2
243, 1952.0, 8, 8.0, 0.2
244, 1960.0, 8, 8.0, 0.2
245, 1968.0, 8, 8.0, 0.2
246, 1976.0, 8, 8.0, 0.2
247, 1984.0, 8, 8.0, 0.2
248, 1992.0, 8, 8.0, 0.2
249, 2000.0, 8, 8.0, 0.2
250, 2008.0, 8, 8.0, 0.2
251, 2016.0, 8, 8.0, 0.2
252, 2024.0, 8, 8.0, 0.2
253, 2032.0, 8, 8.0, 0.2
254, 2040.0, 8, 8.0, 0.2
255, 2048.0, 8, 8.0, 0.2
256, 2056.0, 8, 8.0, 0.2
257, 2064.0, 8, 8.0, 0.2
258, 2072.0, 8, 8.0, 0.2
259, 2080.0, 8, 8.0, 0.2
260, 2088.0, 8, 8.0, 0.2
261, 2096.0, 8, 8.0, 0.2
262, 2104.0, 8, 8.0, 0.2
263, 2112.0, 8, 8.0, 0.2
264, 2120.0, 8, 8.0, 0.2
265, 2128.0, 8, 8.0, 0.2
266, 2136.0, 8, 8.0, 0.2
267, 2144.0, 8, 8.0, 0.2
268, 2152.0, 8, 8.0, 0.2
269, 2160.0, 8, 8.0, 0.2
270, 2168.0, 8, 8.0, 0.2
271, 2176.0, 8, 8.0, 0.2
272, 2184.0, 8, 8.0, 0.2
273, 2192.0, 8, 8.0, 0.2
274, 2200.0, 8, 8.0, 0.2
275, 2208.0, 8, 8.0, 0.2
276, 2216.0, 8, 8.0, 0.2
277, 2224.0, 8, 8.0, 0.2
278, 2232.0, 8, 8.0, 0.2
279, 2240.0, 8, 8.0, 0.2
280, 2248.0, 8, 8.0, 0.2
281, 2256.0, 8, 8.0, 0.2
282, 2264.0, 8, 8.0, 0.2
283, 2272.0, 8, 8.0, 0.2
284, 2280.0, 8, 8.0, 0.2
285, 2288.0, 8, 8.0, 0.2
286, 2296.0, 8, 8.0, 0.2
287, 2304.0, 8, 8.0, 0.2
288, 2312.0, 8, 8.0, 0.2
289, 2320.0, 8, 8.0, 0.2
290, 2328.0, 8, 8.0, 0.2
291, 2336.0, 8, 8.0, 0.2
292, 2344.0, 8, 8.0, 0.2
293, 2352.0, 8, 8.0, 0.2
294, 2360.0, 8, 8.0, 0.2
295, 2368.0, 8, 8.0, 0.2
296, 2376.0, 8, 8.0, 0.2
297, 2384.0, 8, 8.0, 0.2
298, 2392.0, 8, 8.0, 0.2
299, 2400.0, 8, 8.0, 0.2
300, 2408.0, 8, 8.0, 0.2
301, 2416.0, 8, 8.0, 0.2
302, 2424.0, 8, 8.0, 0.2
303, 2432.0, 8, 8.0, 0.2
304, 2440.0, 8, 8.0, 0.2
305, 2448.0, 8, 8.0, 0.2
306, 2456.0, 8, 8.0, 0.2
307, 2464.0, 8, 8.0, 0.2
308, 2472.0, 8, 8.0, 0.2
309, 2480.0, 8, 8.0, 0.2
310, 2488.0, 8, 8.0, 0.2
311, 2496.0, 8, 8.0, 0.2
312, 2504.0, 8, 8.0, 0.2
313, 2512.0, 8, 8.0, 0.2
314, 2520.0, 8, 8.0, 0.2
315, 2528.0, 8, 8.0, 0.2
316, 2536.0, 8, 8.0, 0.2
317, 2544.0, 8, 8.0, 0.2
318, 2552.0, 8, 8.0, 0.2
319, 2560.0, 8, 8.0, 0.2
320, 2568.0, 8, 8.0, 0.2
321, 2576.0, 8, 8.0, 0.2
322, 2584.0, 8, 8.0, 0.2
323, 2592.0, 8, 8.0, 0.2
324, 2600.0, 8, 8.0, 0.2
325, 2608.0, 8, 8.0, 0.2
326, 2616.0, 8, 8.0, 0.2
327, 2624.0, 8, 8.0, 0.2
328, 2632.0, 8, 8.0, 0.2
329, 2640.0, 8, 8.0, 0.2
330, 2648.0, 8, 8.0, 0.2
331, 2656.0, 8, 8.0, 0.2
332, 2664.0, 8, 8.0, 0.2
333, 2672.0, 8, 8.0, 0.2
334, 2680.0, 8, 8.0, 0.2
335, 2688.0, 8, 8.0, 0.2
336, 2696.0, 8, 8.0, 0.2
337, 2704.0, 8, 8.0, 0.2
338, 2712.0, 8, 8.0, 0.2
339, 2720.0, 8, 8.0, 0.2
340, 2728.0, 8, 8.0, 0.2
341, 2736.0, 8, 8.0, 0.2
342, 2744.0, 8, 8.0, 0.2
343, 2752.0, 8, 8.0, 0.2
344, 2760.0, 8, 8.0, 0.2
345, 2768.0, 8, 8.0, 0.2
346, 2776.0, 8, 8.0, 0.2
347, 2784.0, 8, 8.0, 0.2
348, 2792.0, 8, 8.0, 0.2
349, 2800.0, 8, 8.0, 0.2
350, 2808.0, 8, 8.0, 0.2
351, 2816.0, 8, 8.0, 0.2
352, 2824.0, 8, 8.0, 0.2
353, 2832.0, 8, 8.0, 0.2
354, 2840.0, 8, 8.0, 0.2
355, 2848.0, 8, 8.0, 0.2
356, 2856.0, 8, 8.0, 0.2
357, 2864.0, 8, 8.0, 0.2
358, 2872.0, 8, 8.0, 0.2
359, 2880.0, 8, 8.0, 0.2
360, 2888.0, 8, 8.0, 0.2
361, 2896.0, 8, 8.0, 0.2
362, 2904.0, 8, 8.0, 0.2
363, 2912.0, 8, 8.0, 0.2
364, 2920.0, 8, 8.0, 0.2
365, 2928.0, 8, 8.0, 0.2
366, 2936.0, 8, 8.0, 0.2
367, 2944.0, 8, 8.0, 0.2
368, 2952.0, 8, 8.0, 0.2
369, 2960.0, 8, 8.0, 0.2
370, 2968.0, 8, 8.0, 0.2
371, 2976.0, 8, 8.0, 0.2
372, 2984.0, 8, 8.0, 0.2
373, 2992.0, 8, 8.0, 0.2
374, 3000.0, 8, 8.0, 0.2
375, 3008.0, 8, 8.0, 0.2
376, 3016.0, 8, 8.0, 0.2
377, 3024.0, 8, 8.0, 0.2
378, 3032.0, 8, 8.0, 0.2
379, 3040.0, 8, 8.0, 0.2
380, 3048.0, 8, 8.0, 0.2
381, 3056.0, 8, 8.0, 0.2
382, 3064.0, 8, 8.0, 0.2
383, 3072.0, 8, 8.0, 0.2
384, 3080.0, 8, 8.0, 0.2
385, 3088.0, 8, 8.0, 0.2
386, 3096.0, 8, 8.0, 0.2
387, 3104.0, 8, 8.0, 0.2
388, 3112.0, 8, 8.0, 0.2
389, 3120.0, 8, 8.0, 0.2
390, 3128.0, 8, 8.0, 0.2
391, 3136.0, 8, 8.0, 0.2
392, 3144.0, 8, 8.0, 0.2
393, 3152.0, 8, 8.0, 0.2
394, 3160.0, 8, 8.0, 0.2
395, 3168.0, 8, 8.0, 0.2
396, 3176.0, 8, 8.0, 0.2
397, 3184.0, 8, 8.0, 0.2
398, 3192.0, 8, 8.0, 0.2
399, 3200.0, 8, 8.0, 0.2
400, 3208.0, 8, 8.0, 0.2
401, 3216.0, 8, 8.0, 0.2
402, 3224.0, 8, 8.0, 0.2
403, 3232.0, 8, 8.0, 0.2
404, 3240.0, 8, 8.0, 0.2
405, 3248.0, 8, 8.0, 0.2
406, 3256.0, 8, 8.0, 0.2
407, 3264.0, 8, 8.0, 0.2
408, 3272.0, 8, 8.0, 0.2
409, 3280.0, 8, 8.0, 0.2
410, 3288.0, 8, 8.0, 0.2
411, 3296.0, 8, 8.0, 0.2
412, 3304.0, 8, 8.0, 0.2
413, 3312.0, 8, 8.0, 0.2
414, 3320.0, 8, 8.0, 0.2
415, 3328.0, 8, 8.0, 0.2
416, 3336.0, 8, 8.0, 0.2
417, 3344.0, 8, 8.0, 0.2
418, 3352.0, 8, 8.0, 0.2
419, 3360.0, 8, 8.0, 0.2
420, 3368.0, 8, 8.0, 0.2
421, 3376.0, 8, 8.0, 0.2
422, 3384.0, 8, 8.0, 0.2
423, 3392.0, 8, 8.0, 0.2
424, 3400.0, 8, 8.0, 0.2
425, 3408.0, 8, 8.0, 0.2
426, 3416.0, 8, 8.0, 0.2
427, 3424.0, 8, 8.0, 0.2
428, 3432.0, 8, 8.0, 0.2
429, 3440.0, 8, 8.0, 0.2
430, 3448.0, 8, 8.0, 0.2
431, 3456.0, 8, 8.0, 0.2
432, 3464.0, 8, 8.0, 0.2
433, 3472.0, 8, 8.0, 0.2
434, 3480.0, 8, 8.0, 0.2
435, 3488.0, 8, 8.0, 0.2
436, 3496.0, 8, 8.0, 0.2
437, 3504.0, 8, 8.0, 0.2
438, 3512.0, 8, 8.0, 0.2
439, 3520.0, 8, 8.0, 0.2
440, 3528.0, 8, 8.0, 0.2
441, 3536.0, 8, 8.0, 0.2
442, 3544.0, 8, 8.0, 0.2
443, 3552.0, 8, 8.0, 0.2
444, 3560.0, 8, 8.0, 0.2
445, 3568.0, 8, 8.0, 0.2
446, 3576.0, 8, 8.0, 0.2
447, 3584.0, 8, 8.0, 0.2
448, 3592.0, 8, 8.0, 0.2
449, 3600.0, 8, 8.0, 0.2
450, 3608.0, 8, 8.0, 0.2
451, 3616.0, 8, 8.0, 0.2
452, 3624.0, 8, 8.0, 0.2
453, 3632.0, 8, 8.0, 0.2
454, 3640.0, 8, 8.0, 0.2
455, 3647.0, 7, 7.99780701754386, 0.2
456, 3655.0, 8, 7.99781181619256, 0.2
457, 3663.0, 8, 7.997816593886463, 0.2
458, 3668.0, 5, 7.991285403050109, 0.2
459, 3674.0, 6, 7.98695652173913, 0.2
460, 3679.0, 5, 7.980477223427332, 0.2
461, 3684.0, 5, 7.974025974025974, 0.2
462, 3691.0, 7, 7.971922246220302, 0.2
463, 3697.0, 6, 7.967672413793103, 0.2
464, 3705.0, 8, 7.967741935483871, 0.2
465, 3712.0, 7, 7.965665236051502, 0.2
466, 3718.0, 6, 7.961456102783726, 0.2
467, 3724.0, 6, 7.957264957264957, 0.2
468, 3731.0, 7, 7.955223880597015, 0.2
469, 3739.0, 8, 7.95531914893617, 0.2
470, 3741.0, 2, 7.942675159235669, 0.2
471, 3747.0, 6, 7.938559322033898, 0.2
472, 3751.0, 4, 7.930232558139535, 0.2
473, 3757.0, 6, 7.9261603375527425, 0.2
474, 3765.0, 8, 7.926315789473684, 0.2
475, 3771.0, 6, 7.9222689075630255, 0.2
476, 3776.0, 5, 7.916142557651992, 0.2
477, 3781.0, 5, 7.910041841004184, 0.2
478, 3786.0, 5, 7.903966597077244, 0.2
479, 3791.0, 5, 7.897916666666666, 0.2
480, 3797.0, 6, 7.893970893970894, 0.2
481, 3802.0, 5, 7.8879668049792535, 0.2
482, 3809.0, 7, 7.886128364389234, 0.2
483, 3815.0, 6, 7.882231404958677, 0.2
484, 3821.0, 6, 7.878350515463918, 0.2
485, 3827.0, 6, 7.874485596707819, 0.2
486, 3834.0, 7, 7.8726899383983575, 0.2
487, 3841.0, 7, 7.870901639344262, 0.2
488, 3848.0, 7, 7.869120654396728, 0.2
489, 3854.0, 6, 7.865306122448979, 0.2
490, 3862.0, 8, 7.865580448065173, 0.2
491, 3868.0, 6, 7.861788617886178, 0.2
492, 3875.0, 7, 7.860040567951319, 0.2
493, 3881.0, 6, 7.8562753036437245, 0.2
494, 3887.0, 6, 7.852525252525252, 0.2
495, 3894.0, 7, 7.850806451612903, 0.2
496, 3900.0, 6, 7.847082494969819, 0.2
497, 3905.0, 5, 7.841365461847389, 0.2
498, 3912.0, 7, 7.839679358717435, 0.2
499, 3918.0, 6, 7.836, 0.2
500, 3925.0, 7, 7.83433133732535, 0.2
501, 3932.0, 7, 7.8326693227091635, 0.2
502, 3937.0, 5, 7.827037773359841, 0.2
503, 3944.0, 7, 7.825396825396825, 0.2
504, 3950.0, 6, 7.821782178217822, 0.2
505, 3956.0, 6, 7.818181818181818, 0.2
506, 3962.0, 6, 7.814595660749507, 0.2
507, 3968.0, 6, 7.811023622047244, 0.2
508, 3974.0, 6, 7.807465618860511, 0.2
509, 3979.0, 5, 7.801960784313725, 0.2
510, 3986.0, 7, 7.800391389432486, 0.2
511, 3991.0, 5, 7.794921875, 0.2
512, 3997.0, 6, 7.791423001949318, 0.2
513, 4005.0, 8, 7.791828793774319, 0.2
514, 4013.0, 8, 7.792233009708738, 0.2
515, 4020.0, 7, 7.790697674418604, 0.2
516, 4024.0, 4, 7.783365570599613, 0.2
517, 4025.0, 1, 7.77027027027027, 0.2
518, 4031.0, 6, 7.766859344894027, 0.2
519, 4037.0, 6, 7.763461538461539, 0.2
520, 4043.0, 6, 7.760076775431862, 0.2
521, 4049.0, 6, 7.756704980842912, 0.2
522, 4056.0, 7, 7.755258126195029, 0.2
523, 4064.0, 8, 7.755725190839694, 0.2
524, 4069.0, 5, 7.75047619047619, 0.2
525, 4077.0, 8, 7.750950570342205, 0.2
526, 4082.0, 5, 7.74573055028463, 0.2
527, 4090.0, 8, 7.746212121212121, 0.2
528, 4096.0, 6, 7.742911153119093, 0.2
529, 4104.0, 8, 7.743396226415094, 0.2
530, 4109.0, 5, 7.738229755178907, 0.2
531, 4114.0, 5, 7.7330827067669174, 0.2
532, 4121.0, 7, 7.7317073170731705, 0.2
533, 4129.0, 8, 7.7322097378277155, 0.2
534, 4134.0, 5, 7.727102803738318, 0.2
535, 4142.0, 8, 7.727611940298507, 0.2
536, 4146.0, 4, 7.720670391061453, 0.2
537, 4154.0, 8, 7.721189591078067, 0.2
538, 4160.0, 6, 7.717996289424861, 0.2
539, 4167.0, 7, 7.716666666666667, 0.2
540, 4174.0, 7, 7.715341959334566, 0.2
541, 4181.0, 7, 7.714022140221402, 0.2
542, 4188.0, 7, 7.712707182320442, 0.2
543, 4196.0, 8, 7.713235294117647, 0.2
544, 4202.0, 6, 7.710091743119266, 0.2
545, 4210.0, 8, 7.710622710622711, 0.2
546, 4218.0, 8, 7.711151736745887, 0.2
547, 4226.0, 8, 7.711678832116788, 0.2
548, 4232.0, 6, 7.70856102003643, 0.2
549, 4236.0, 4, 7.701818181818182, 0.2
550, 4242.0, 6, 7.6987295825771325, 0.2
551, 4249.0, 7, 7.697463768115942, 0.2
552, 4257.0, 8, 7.6980108499095845, 0.2
553, 4264.0, 7, 7.696750902527076, 0.2
554, 4270.0, 6, 7.693693693693693, 0.2
555, 4270.0, 0, 7.679856115107913, 0.2
556, 4276.0, 6, 7.6768402154398565, 0.2
557, 4283.0, 7, 7.67562724014337, 0.2
558, 4291.0, 8, 7.6762075134168155, 0.2
559, 4299.0, 8, 7.676785714285714, 0.2
560, 4306.0, 7, 7.675579322638146, 0.2
561, 4312.0, 6, 7.672597864768683, 0.2
562, 4319.0, 7, 7.671403197158082, 0.2
563, 4325.0, 6, 7.668439716312057, 0.2
564, 4332.0, 7, 7.667256637168141, 0.2
565, 4339.0, 7, 7.666077738515901, 0.2
566, 4345.0, 6, 7.663139329805997, 0.2
567, 4351.0, 6, 7.660211267605634, 0.2
568, 4357.0, 6, 7.6572934973637965, 0.2
569, 4364.0, 7, 7.656140350877193, 0.2
570, 4371.0, 7, 7.654991243432574, 0.2
571, 4377.0, 6, 7.6520979020979025, 0.2
572, 4385.0, 8, 7.652705061082025, 0.2
573, 4391.0, 6, 7.649825783972125, 0.2
574, 4396.0, 5, 7.645217391304348, 0.2
575, 4403.0, 7, 7.644097222222222, 0.2
576, 4411.0, 8, 7.6447140381282495, 0.2
577, 4418.0, 7, 7.643598615916955, 0.2
578, 4425.0, 7, 7.642487046632124, 0.2
579, 4432.0, 7, 7.641379310344828, 0.2
580, 4436.0, 4, 7.635111876075731, 0.2
581, 4444.0, 8, 7.635738831615121, 0.2
582, 4449.0, 5, 7.631217838765009, 0.2
583, 4449.0, 0, 7.618150684931507, 0.2
584, 4456.0, 7, 7.617094017094017, 0.2
585, 4462.0, 6, 7.614334470989761, 0.2
586, 4469.0, 7, 7.613287904599659, 0.2
587, 4477.0, 8, 7.613945578231292, 0.2
588, 4485.0, 8, 7.614601018675722, 0.2
589, 4491.0, 6, 7.611864406779661, 0.2
590, 4498.0, 7, 7.61082910321489, 0.2
591, 4503.0, 5, 7.606418918918919, 0.2
592, 4507.0, 4, 7.600337268128162, 0.2
593, 4513.0, 6, 7.597643097643098, 0.2
594, 4520.0, 7, 7.5966386554621845, 0.2
595, 4525.0, 5, 7.592281879194631, 0.2
596, 4532.0, 7, 7.591289782244556, 0.2
597, 4537.0, 5, 7.586956521739131, 0.2
598, 4545.0, 8, 7.587646076794658, 0.2
599, 4550.0, 5, 7.583333333333333, 0.2
600, 4555.0, 5, 7.5790349417637275, 0.2
601, 4561.0, 6, 7.576411960132891, 0.2
602, 4567.0, 6, 7.57379767827529, 0.2
603, 4574.0, 7, 7.572847682119205, 0.2
604, 4581.0, 7, 7.571900826446281, 0.2
605, 4586.0, 5, 7.567656765676568, 0.2
606, 4594.0, 8, 7.56836902800659, 0.2
607, 4601.0, 7, 7.567434210526316, 0.2
608, 4608.0, 7, 7.566502463054187, 0.2
609, 4616.0, 8, 7.567213114754098, 0.2
610, 4622.0, 6, 7.564648117839607, 0.2
611, 4629.0, 7, 7.563725490196078, 0.2
612, 4637.0, 8, 7.564437194127243, 0.2
613, 4645.0, 8, 7.56514657980456, 0.2
614, 4646.0, 1, 7.554471544715447, 0.2
615, 4651.0, 5, 7.550324675324675, 0.2
616, 4658.0, 7, 7.549432739059967, 0.2
617, 4665.0, 7, 7.548543689320389, 0.2
618, 4671.0, 6, 7.546042003231018, 0.2
619, 4677.0, 6, 7.5435483870967746, 0.2
620, 4683.0, 6, 7.541062801932367, 0.2
621, 4690.0, 7, 7.540192926045016, 0.2
622, 4695.0, 5, 7.536115569823435, 0.2
623, 4702.0, 7, 7.535256410256411, 0.2
624, 4709.0, 7, 7.5344, 0.2
625, 4713.0, 4, 7.5287539936102235, 0.2
626, 4719.0, 6, 7.526315789473684, 0.2
627, 4726.0, 7, 7.525477707006369, 0.2
628, 4731.0, 5, 7.521462639109698, 0.2
629, 4735.0, 4, 7.515873015873016, 0.2
630, 4742.0, 7, 7.5150554675118855, 0.2
631, 4750.0, 8, 7.515822784810126, 0.2
632, 4752.0, 2, 7.507109004739337, 0.2
633, 4757.0, 5, 7.503154574132492, 0.2
634, 4764.0, 7, 7.50236220472441, 0.2
635, 4770.0, 6, 7.5, 0.2
636, 4770.0, 0, 7.4882260596546315, 0.2
637, 4774.0, 4, 7.482758620689655, 0.2
638, 4781.0, 7, 7.482003129890454, 0.2
639, 4787.0, 6, 7.4796875, 0.2
640, 4793.0, 6, 7.477379095163807, 0.2
641, 4794.0, 1, 7.4672897196261685, 0.2
642, 4802.0, 8, 7.468118195956454, 0.2
643, 4809.0, 7, 7.467391304347826, 0.2
644, 4814.0, 5, 7.463565891472868, 0.2
645, 4819.0, 5, 7.459752321981425, 0.2
646, 4825.0, 6, 7.457496136012365, 0.2
647, 4832.0, 7, 7.45679012345679, 0.2
648, 4839.0, 7, 7.456086286594761, 0.2
649, 4844.0, 5, 7.452307692307692, 0.2
650, 4851.0, 7, 7.451612903225806, 0.2
651, 4857.0, 6, 7.449386503067485, 0.2
652, 4864.0, 7, 7.448698315467075, 0.2
653, 4870.0, 6, 7.446483180428134, 0.2
654, 4876.0, 6, 7.444274809160305, 0.2
655, 4882.0, 6, 7.442073170731708, 0.2
656, 4887.0, 5, 7.438356164383562, 0.2
657, 4891.0, 4, 7.433130699088146, 0.2
658, 4897.0, 6, 7.430955993930198, 0.2
659, 4905.0, 8, 7.431818181818182, 0.2
660, 4912.0, 7, 7.431164901664145, 0.2
661, 4917.0, 5, 7.427492447129909, 0.2
662, 4918.0, 1, 7.417797888386124, 0.2
663, 4925.0, 7, 7.417168674698795, 0.2
664, 4932.0, 7, 7.416541353383459, 0.2
665, 4938.0, 6, 7.414414414414415, 0.2
666, 4945.0, 7, 7.413793103448276, 0.2
667, 4952.0, 7, 7.413173652694611, 0.2
668, 4959.0, 7, 7.4125560538116595, 0.2
669, 4966.0, 7, 7.411940298507463, 0.2
670, 4972.0, 6, 7.409836065573771, 0.2
671, 4979.0, 7, 7.409226190476191, 0.2
672, 4987.0, 8, 7.410104011887073, 0.2
673, 4993.0, 6, 7.408011869436201, 0.2
674, 5000.0, 7, 7.407407407407407, 0.2
675, 5006.0, 6, 7.405325443786983, 0.2
676, 5013.0, 7, 7.404726735598228, 0.2
677, 5013.0, 0, 7.393805309734513, 0.2
678, 5019.0, 6, 7.391752577319588, 0.2
679, 5025.0, 6, 7.389705882352941, 0.2
680, 5033.0, 8, 7.390602055800294, 0.2
681, 5037.0, 4, 7.385630498533724, 0.2
682, 5044.0, 7, 7.3850658857979505, 0.2
683, 5048.0, 4, 7.380116959064328, 0.2
684, 5055.0, 7, 7.37956204379562, 0.2
685, 5062.0, 7, 7.3790087463556855, 0.2
686, 5069.0, 7, 7.378457059679767, 0.2
687, 5077.0, 8, 7.379360465116279, 0.2
688, 5083.0, 6, 7.377358490566038, 0.2
689, 5090.0, 7, 7.3768115942028984, 0.2
690, 5096.0, 6, 7.374819102749639, 0.2
691, 5102.0, 6, 7.372832369942197, 0.2
692, 5107.0, 5, 7.36940836940837, 0.2
693, 5114.0, 7, 7.368876080691643, 0.2
694, 5120.0, 6, 7.366906474820144, 0.2
695, 5122.0, 2, 7.359195402298851, 0.2
696, 5130.0, 8, 7.360114777618365, 0.2
697, 5138.0, 8, 7.361031518624642, 0.2
698, 5145.0, 7, 7.360515021459228, 0.2
699, 5149.0, 4, 7.355714285714286, 0.2
700, 5156.0, 7, 7.355206847360913, 0.2
701, 5157.0, 1, 7.346153846153846, 0.2
702, 5163.0, 6, 7.344238975817923, 0.2
703, 5170.0, 7, 7.34375, 0.2
704, 5176.0, 6, 7.341843971631206, 0.2
705, 5184.0, 8, 7.342776203966006, 0.2
706, 5192.0, 8, 7.343705799151344, 0.2
707, 5192.0, 0, 7.333333333333333, 0.2
708, 5197.0, 5, 7.330042313117066, 0.2
709, 5202.0, 5, 7.326760563380281, 0.2
710, 5209.0, 7, 7.3263009845288325, 0.2
711, 5216.0, 7, 7.325842696629214, 0.2
712, 5224.0, 8, 7.326788218793829, 0.2
713, 5230.0, 6, 7.324929971988795, 0.2
714, 5236.0, 6, 7.323076923076923, 0.2
715, 5238.0, 2, 7.315642458100559, 0.2
716, 5244.0, 6, 7.313807531380753, 0.2
717, 5250.0, 6, 7.311977715877437, 0.2
718, 5257.0, 7, 7.3115438108484, 0.2
719, 5264.0, 7, 7.311111111111111, 0.2
720, 5271.0, 7, 7.310679611650485, 0.2
721, 5278.0, 7, 7.310249307479224, 0.2
722, 5286.0, 8, 7.3112033195020745, 0.2
723, 5291.0, 5, 7.308011049723757, 0.2
724, 5297.0, 6, 7.306206896551724, 0.2
725, 5302.0, 5, 7.303030303030303, 0.2
726, 5307.0, 5, 7.299862448418157, 0.2
727, 5314.0, 7, 7.299450549450549, 0.2
728, 5320.0, 6, 7.297668038408779, 0.2
729, 5322.0, 2, 7.2904109589041095, 0.2
730, 5330.0, 8, 7.291381668946649, 0.2
731, 5336.0, 6, 7.2896174863387975, 0.2
732, 5342.0, 6, 7.287858117326057, 0.2
733, 5348.0, 6, 7.286103542234333, 0.2
734, 5350.0, 2, 7.27891156462585, 0.2
735, 5356.0, 6, 7.2771739130434785, 0.2
736, 5358.0, 2, 7.270013568521032, 0.2
737, 5363.0, 5, 7.266937669376694, 0.2
738, 5366.0, 3, 7.2611637347767255, 0.2
739, 5373.0, 7, 7.260810810810811, 0.2
740, 5380.0, 7, 7.2604588394062075, 0.2
741, 5386.0, 6, 7.258760107816712, 0.2
742, 5394.0, 8, 7.259757738896366, 0.2
743, 5400.0, 6, 7.258064516129032, 0.2
744, 5400.0, 0, 7.248322147651007, 0.2
745, 5406.0, 6, 7.246648793565684, 0.2
746, 5414.0, 8, 7.247657295850067, 0.2
747, 5421.0, 7, 7.247326203208556, 0.2
748, 5426.0, 5, 7.2443257676902535, 0.2
749, 5429.0, 3, 7.238666666666667, 0.2
750, 5433.0, 4, 7.234354194407457, 0.2
751, 5440.0, 7, 7.23404255319149, 0.2
752, 5447.0, 7, 7.233731739707835, 0.2
753, 5451.0, 4, 7.229442970822281, 0.2
754, 5458.0, 7, 7.2291390728476825, 0.2
755, 5464.0, 6, 7.227513227513228, 0.2
756, 5471.0, 7, 7.227212681638045, 0.2
757, 5475.0, 4, 7.222955145118734, 0.2
758, 5481.0, 6, 7.221343873517786, 0.2
759, 5483.0, 2, 7.214473684210526, 0.2
760, 5488.0, 5, 7.211563731931669, 0.2
761, 5495.0, 7, 7.211286089238845, 0.2
762, 5502.0, 7, 7.2110091743119265, 0.2
763, 5509.0, 7, 7.210732984293194, 0.2
764, 5515.0, 6, 7.209150326797386, 0.2
765, 5521.0, 6, 7.20757180156658, 0.2
766, 5526.0, 5, 7.204693611473273, 0.2
767, 5532.0, 6, 7.203125, 0.2
768, 5538.0, 6, 7.201560468140442, 0.2
769, 5544.0, 6, 7.2, 0.2
770, 5549.0, 5, 7.197146562905318, 0.2
771, 5551.0, 2, 7.1904145077720205, 0.2
772, 5558.0, 7, 7.190168175937904, 0.2
773, 5565.0, 7, 7.189922480620155, 0.2
774, 5572.0, 7, 7.1896774193548385, 0.2
775, 5578.0, 6, 7.188144329896907, 0.2
776, 5584.0, 6, 7.186615186615187, 0.2
777, 5592.0, 8, 7.187660668380463, 0.2
778, 5598.0, 6, 7.186136071887034, 0.2
779, 5604.0, 6, 7.184615384615385, 0.2
780, 5612.0, 8, 7.185659411011524, 0.2
781, 5618.0, 6, 7.1841432225063935, 0.2
782, 5625.0, 7, 7.183908045977011, 0.2
783, 5630.0, 5, 7.1811224489795915, 0.2
784, 5635.0, 5, 7.178343949044586, 0.2
785, 5642.0, 7, 7.178117048346056, 0.2
786, 5648.0, 6, 7.176620076238882, 0.2
787, 5648.0, 0, 7.16751269035533, 0.2
788, 5655.0, 7, 7.167300380228137, 0.2
789, 5661.0, 6, 7.165822784810127, 0.2
790, 5666.0, 5, 7.163084702907712, 0.2
791, 5666.0, 0, 7.154040404040404, 0.2
792, 5673.0, 7, 7.153846153846154, 0.2
793, 5679.0, 6, 7.152392947103275, 0.2
794, 5686.0, 7, 7.152201257861635, 0.2
795, 5693.0, 7, 7.152010050251256, 0.2
796, 5701.0, 8, 7.153074027603513, 0.2
797, 5709.0, 8, 7.154135338345864, 0.2
798, 5710.0, 1, 7.146433041301627, 0.2
799, 5716.0, 6, 7.145, 0.2
800, 5723.0, 7, 7.144818976279651, 0.2
801, 5730.0, 7, 7.144638403990025, 0.2
802, 5737.0, 7, 7.1444582814445825, 0.2
803, 5743.0, 6, 7.143034825870647, 0.2
804, 5749.0, 6, 7.141614906832298, 0.2
805, 5756.0, 7, 7.141439205955335, 0.2
806, 5761.0, 5, 7.1387856257744735, 0.2
807, 5768.0, 7, 7.138613861386139, 0.2
808, 5776.0, 8, 7.139678615574784, 0.2
809, 5784.0, 8, 7.140740740740741, 0.2
810, 5791.0, 7, 7.140567200986436, 0.2
811, 5797.0, 6, 7.139162561576355, 0.2
812, 5802.0, 5, 7.136531365313653, 0.2
813, 5809.0, 7, 7.136363636363637, 0.2
814, 5817.0, 8, 7.137423312883436, 0.2
815, 5823.0, 6, 7.136029411764706, 0.2
816, 5830.0, 7, 7.1358629130966955, 0.2
817, 5836.0, 6, 7.134474327628362, 0.2
818, 5841.0, 5, 7.131868131868132, 0.2
819, 5844.0, 3, 7.126829268292683, 0.2
820, 5851.0, 7, 7.12667478684531, 0.2
821, 5859.0, 8, 7.127737226277373, 0.2
822, 5866.0, 7, 7.127582017010935, 0.2
823, 5873.0, 7, 7.127427184466019, 0.2
824, 5879.0, 6, 7.126060606060606, 0.2
825, 5882.0, 3, 7.121065375302663, 0.2
826, 5887.0, 5, 7.118500604594922, 0.2
827, 5892.0, 5, 7.115942028985507, 0.2
828, 5898.0, 6, 7.1145958986731, 0.2
829, 5905.0, 7, 7.114457831325301, 0.2
830, 5912.0, 7, 7.114320096269555, 0.2
831, 5918.0, 6, 7.112980769230769, 0.2
832, 5924.0, 6, 7.111644657863145, 0.2
833, 5932.0, 8, 7.112709832134293, 0.2
834, 5938.0, 6, 7.111377245508982, 0.2
835, 5944.0, 6, 7.110047846889952, 0.2
836, 5944.0, 0, 7.101553166069295, 0.2
837, 5949.0, 5, 7.099045346062052, 0.2
838, 5955.0, 6, 7.097735399284863, 0.2
839, 5961.0, 6, 7.0964285714285715, 0.2
840, 5968.0, 7, 7.096313912009513, 0.2
841, 5974.0, 6, 7.095011876484561, 0.2
842, 5982.0, 8, 7.096085409252669, 0.2
843, 5982.0, 0, 7.087677725118484, 0.2
844, 5989.0, 7, 7.087573964497041, 0.2
845, 5996.0, 7, 7.087470449172577, 0.2
846, 6003.0, 7, 7.087367178276269, 0.2
847, 6011.0, 8, 7.088443396226415, 0.2
848, 6019.0, 8, 7.089517078916372, 0.2
849, 6025.0, 6, 7.088235294117647, 0.2
850, 6030.0, 5, 7.08578143360752, 0.2
851, 6032.0, 2, 7.07981220657277, 0.2
852, 6037.0, 5, 7.077373974208675, 0.2
853, 6043.0, 6, 7.076112412177986, 0.2
854, 6050.0, 7, 7.076023391812866, 0.2
855, 6050.0, 0, 7.067757009345795, 0.2
856, 6051.0, 1, 7.060676779463244, 0.2
857, 6056.0, 5, 7.058275058275059, 0.2
858, 6064.0, 8, 7.0593713620488945, 0.2
859, 6069.0, 5, 7.056976744186047, 0.2
860, 6077.0, 8, 7.0580720092915215, 0.2
861, 6084.0, 7, 7.058004640371229, 0.2
862, 6090.0, 6, 7.056778679026651, 0.2
863, 6093.0, 3, 7.052083333333333, 0.2
864, 6100.0, 7, 7.0520231213872835, 0.2
865, 6106.0, 6, 7.05080831408776, 0.2
866, 6113.0, 7, 7.050749711649366, 0.2
867, 6114.0, 1, 7.043778801843318, 0.2
868, 6119.0, 5, 7.041426927502877, 0.2
869, 6127.0, 8, 7.0425287356321835, 0.2
870, 6127.0, 0, 7.034443168771527, 0.2
871, 6134.0, 7, 7.034403669724771, 0.2
872, 6140.0, 6, 7.033218785796105, 0.2
873, 6145.0, 5, 7.030892448512586, 0.2
874, 6153.0, 8, 7.032, 0.2
875, 6159.0, 6, 7.030821917808219, 0.2
876, 6165.0, 6, 7.029646522234891, 0.2
877, 6172.0, 7, 7.029612756264237, 0.2
878, 6179.0, 7, 7.0295790671217295, 0.2
879, 6180.0, 1, 7.0227272727272725, 0.2
880, 6187.0, 7, 7.022701475595913, 0.2
881, 6193.0, 6, 7.021541950113379, 0.2
882, 6200.0, 7, 7.021517553793885, 0.2
883, 6207.0, 7, 7.021493212669683, 0.2
884, 6210.0, 3, 7.016949152542373, 0.2
885, 6217.0, 7, 7.016930022573363, 0.2
886, 6223.0, 6, 7.015783540022548, 0.2
887, 6229.0, 6, 7.01463963963964, 0.2
888, 6233.0, 4, 7.011248593925759, 0.2
889, 6239.0, 6, 7.010112359550562, 0.2
890, 6247.0, 8, 7.011223344556678, 0.2
891, 6253.0, 6, 7.010089686098655, 0.2
892, 6260.0, 7, 7.010078387458007, 0.2
893, 6265.0, 5, 7.007829977628635, 0.2
894, 6271.0, 6, 7.006703910614525, 0.2
895, 6277.0, 6, 7.005580357142857, 0.2
896, 6283.0, 6, 7.004459308807135, 0.2
897, 6290.0, 7, 7.00445434298441, 0.2
898, 6298.0, 8, 7.005561735261401, 0.2
899, 6301.0, 3, 7.001111111111111, 0.2
900, 6306.0, 5, 6.9988901220865705, 0.2
901, 6311.0, 5, 6.996674057649668, 0.2
902, 6317.0, 6, 6.995570321151717, 0.2
903, 6322.0, 5, 6.993362831858407, 0.2
904, 6327.0, 5, 6.991160220994475, 0.2
905, 6331.0, 4, 6.987858719646799, 0.2
906, 6333.0, 2, 6.982359426681367, 0.2
907, 6340.0, 7, 6.9823788546255505, 0.2
908, 6340.0, 0, 6.974697469746975, 0.2
909, 6347.0, 7, 6.974725274725275, 0.2
910, 6355.0, 8, 6.9758507135016465, 0.2
911, 6362.0, 7, 6.975877192982456, 0.2
912, 6364.0, 2, 6.970427163198248, 0.2
913, 6369.0, 5, 6.968271334792123, 0.2
914, 6374.0, 5, 6.966120218579235, 0.2
915, 6380.0, 6, 6.965065502183406, 0.2
916, 6385.0, 5, 6.962922573609596, 0.2
917, 6391.0, 6, 6.961873638344227, 0.2
918, 6398.0, 7, 6.961915125136017, 0.2
919, 6404.0, 6, 6.960869565217391, 0.2
920, 6411.0, 7, 6.960912052117264, 0.2
921, 6417.0, 6, 6.959869848156182, 0.2
922, 6419.0, 2, 6.954496208017335, 0.2
923, 6425.0, 6, 6.953463203463204, 0.2
924, 6433.0, 8, 6.954594594594594, 0.2
925, 6440.0, 7, 6.954643628509719, 0.2
926, 6447.0, 7, 6.9546925566343045, 0.2
927, 6451.0, 4, 6.951508620689655, 0.2
928, 6457.0, 6, 6.950484391819161, 0.2
929, 6465.0, 8, 6.951612903225806, 0.2
930, 6470.0, 5, 6.949516648764769, 0.2
931, 6475.0, 5, 6.947424892703863, 0.2
932, 6483.0, 8, 6.948553054662379, 0.2
933, 6484.0, 1, 6.942184154175589, 0.2
934, 6490.0, 6, 6.9411764705882355, 0.2
935, 6491.0, 1, 6.93482905982906, 0.2
936, 6495.0, 4, 6.931696905016008, 0.2
937, 6501.0, 6, 6.930703624733476, 0.2
938, 6507.0, 6, 6.9297124600638975, 0.2
939, 6510.0, 3, 6.925531914893617, 0.2
940, 6514.0, 4, 6.922422954303932, 0.2
941, 6520.0, 6, 6.921443736730361, 0.2
942, 6527.0, 7, 6.92152704135737, 0.2
943, 6533.0, 6, 6.920550847457627, 0.2
944, 6539.0, 6, 6.919576719576719, 0.2
945, 6545.0, 6, 6.9186046511627906, 0.2
946, 6553.0, 8, 6.9197465681098205, 0.2
947, 6559.0, 6, 6.918776371308017, 0.2
948, 6559.0, 0, 6.911485774499473, 0.2
949, 6567.0, 8, 6.9126315789473685, 0.2
950, 6575.0, 8, 6.913774973711882, 0.2
951, 6577.0, 2, 6.908613445378151, 0.2
952, 6583.0, 6, 6.907660020986359, 0.2
953, 6590.0, 7, 6.9077568134171905, 0.2
954, 6598.0, 8, 6.9089005235602095, 0.2
955, 6605.0, 7, 6.908995815899582, 0.2
956, 6609.0, 4, 6.905956112852665, 0.2
957, 6617.0, 8, 6.907098121085595, 0.2
958, 6624.0, 7, 6.907194994786235, 0.2
959, 6630.0, 6, 6.90625, 0.2
960, 6637.0, 7, 6.906347554630593, 0.2
961, 6638.0, 1, 6.9002079002079, 0.2
962, 6646.0, 8, 6.90134994807892, 0.2
963, 6653.0, 7, 6.901452282157677, 0.2
964, 6659.0, 6, 6.900518134715026, 0.2
965, 6659.0, 0, 6.893374741200828, 0.2
966, 6661.0, 2, 6.888314374353671, 0.2
967, 6662.0, 1, 6.882231404958677, 0.2
968, 6669.0, 7, 6.882352941176471, 0.2
969, 6677.0, 8, 6.883505154639176, 0.2
970, 6685.0, 8, 6.88465499485067, 0.2
971, 6691.0, 6, 6.883744855967078, 0.2
972, 6697.0, 6, 6.882836587872559, 0.2
973, 6703.0, 6, 6.881930184804928, 0.2
974, 6707.0, 4, 6.878974358974359, 0.2
975, 6709.0, 2, 6.873975409836065, 0.2
976, 6716.0, 7, 6.87410440122825, 0.2
977, 6721.0, 5, 6.872188139059305, 0.2
978, 6725.0, 4, 6.869254341164454, 0.2
979, 6725.0, 0, 6.862244897959184, 0.2
980, 6732.0, 7, 6.862385321100917, 0.2
981, 6738.0, 6, 6.861507128309572, 0.2
982, 6740.0, 2, 6.856561546286877, 0.2
983, 6741.0, 1, 6.850609756097561, 0.2
984, 6747.0, 6, 6.849746192893401, 0.2
985, 6748.0, 1, 6.8438133874239355, 0.2
986, 6755.0, 7, 6.843971631205674, 0.2
987, 6760.0, 5, 6.842105263157895, 0.2
988, 6764.0, 4, 6.839231547017189, 0.2
989, 6772.0, 8, 6.8404040404040405, 0.2
990, 6779.0, 7, 6.8405650857719476, 0.2
991, 6780.0, 1, 6.834677419354839, 0.2
992, 6785.0, 5, 6.832829808660624, 0.2
993, 6793.0, 8, 6.834004024144869, 0.2
994, 6799.0, 6, 6.833165829145728, 0.2
995, 6806.0, 7, 6.833333333333333, 0.2
996, 6813.0, 7, 6.833500501504513, 0.2
997, 6819.0, 6, 6.832665330661323, 0.2
998, 6819.0, 0, 6.8258258258258255, 0.2
999, 6826.0, 7, 6.826, 0.2
1000, 6834.0, 8, 6.827172827172827, 0.2
1001, 6841.0, 7, 6.827345309381237, 0.2
1002, 6845.0, 4, 6.8245264207377865, 0.2
1003, 6849.0, 4, 6.8217131474103585, 0.2
1004, 6856.0, 7, 6.821890547263681, 0.2
1005, 6860.0, 4, 6.819085487077535, 0.2
1006, 6861.0, 1, 6.813306852035749, 0.2
1007, 6864.0, 3, 6.809523809523809, 0.2
1008, 6870.0, 6, 6.808721506442022, 0.2
1009, 6878.0, 8, 6.80990099009901, 0.2
1010, 6883.0, 5, 6.80811078140455, 0.2
1011, 6889.0, 6, 6.807312252964427, 0.2
1012, 6894.0, 5, 6.805528134254689, 0.2
1013, 6900.0, 6, 6.804733727810651, 0.2
1014, 6907.0, 7, 6.804926108374384, 0.2
1015, 6912.0, 5, 6.803149606299213, 0.2
1016, 6919.0, 7, 6.803343166175025, 0.2
1017, 6926.0, 7, 6.803536345776031, 0.2
1018, 6933.0, 7, 6.803729146221786, 0.2
1019, 6938.0, 5, 6.801960784313725, 0.2
1020, 6945.0, 7, 6.802154750244858, 0.2
1021, 6952.0, 7, 6.802348336594912, 0.2
1022, 6954.0, 2, 6.797653958944282, 0.2
1023, 6962.0, 8, 6.798828125, 0.2
1024, 6969.0, 7, 6.799024390243902, 0.2
1025, 6975.0, 6, 6.798245614035087, 0.2
1026, 6983.0, 8, 6.799415774099319, 0.2
1027, 6991.0, 8, 6.8005836575875485, 0.2
1028, 6998.0, 7, 6.800777453838679, 0.2
1029, 7005.0, 7, 6.800970873786408, 0.2
1030, 7010.0, 5, 6.7992240543161975, 0.2
1031, 7016.0, 6, 6.7984496124031, 0.2
1032, 7022.0, 6, 6.797676669893514, 0.2
1033, 7029.0, 7, 6.797872340425532, 0.2
1034, 7036.0, 7, 6.798067632850241, 0.2
1035, 7042.0, 6, 6.797297297297297, 0.2
1036, 7049.0, 7, 6.797492767598843, 0.2
1037, 7057.0, 8, 6.798651252408478, 0.2
1038, 7063.0, 6, 6.7978825794032725, 0.2
1039, 7069.0, 6, 6.797115384615385, 0.2
1040, 7074.0, 5, 6.795389048991354, 0.2
1041, 7080.0, 6, 6.794625719769674, 0.2
1042, 7084.0, 4, 6.791946308724833, 0.2
1043, 7092.0, 8, 6.793103448275862, 0.2
1044, 7098.0, 6, 6.7923444976076555, 0.2
1045, 7103.0, 5, 6.7906309751434035, 0.2
1046, 7109.0, 6, 6.789875835721108, 0.2
1047, 7116.0, 7, 6.790076335877862, 0.2
1048, 7124.0, 8, 6.791229742612011, 0.2
1049, 7131.0, 7, 6.791428571428572, 0.2
1050, 7139.0, 8, 6.792578496669838, 0.2
1051, 7145.0, 6, 6.7918250950570345, 0.2
1052, 7145.0, 0, 6.785375118708452, 0.2
1053, 7151.0, 6, 6.7846299810246675, 0.2
1054, 7157.0, 6, 6.783886255924171, 0.2
1055, 7160.0, 3, 6.78030303030303, 0.2
1056, 7168.0, 8, 6.781456953642384, 0.2
1057, 7173.0, 5, 6.779773156899811, 0.2
1058, 7176.0, 3, 6.776203966005665, 0.2
1059, 7183.0, 7, 6.776415094339622, 0.2
1060, 7189.0, 6, 6.775683317624882, 0.2
1061, 7196.0, 7, 6.775894538606403, 0.2
1062, 7199.0, 3, 6.7723424270931325, 0.2
1063, 7205.0, 6, 6.771616541353383, 0.2
1064, 7212.0, 7, 6.771830985915493, 0.2
1065, 7219.0, 7, 6.772045028142589, 0.2
1066, 7226.0, 7, 6.772258669165885, 0.2
1067, 7232.0, 6, 6.771535580524344, 0.2
1068, 7238.0, 6, 6.770813844714687, 0.2
1069, 7245.0, 7, 6.771028037383178, 0.2
1070, 7248.0, 3, 6.76750700280112, 0.2
1071, 7254.0, 6, 6.766791044776119, 0.2
1072, 7260.0, 6, 6.766076421248835, 0.2
1073, 7268.0, 8, 6.767225325884544, 0.2
1074, 7276.0, 8, 6.768372093023256, 0.2
1075, 7280.0, 4, 6.765799256505576, 0.2
1076, 7286.0, 6, 6.765088207985144, 0.2
1077, 7292.0, 6, 6.7643784786641925, 0.2
1078, 7296.0, 4, 6.761816496756256, 0.2
1079, 7302.0, 6, 6.761111111111111, 0.2
1080, 7309.0, 7, 6.761332099907493, 0.2
1081, 7314.0, 5, 6.759704251386322, 0.2
1082, 7321.0, 7, 6.7599261311172665, 0.2
1083, 7322.0, 1, 6.754612546125461, 0.2
1084, 7329.0, 7, 6.754838709677419, 0.2
1085, 7334.0, 5, 6.753222836095764, 0.2
1086, 7341.0, 7, 6.75344986200552, 0.2
1087, 7346.0, 5, 6.751838235294118, 0.2
1088, 7353.0, 7, 6.75206611570248, 0.2
1089, 7359.0, 6, 6.751376146788991, 0.2
1090, 7365.0, 6, 6.750687442713107, 0.2
1091, 7372.0, 7, 6.750915750915751, 0.2
1092, 7379.0, 7, 6.751143641354071, 0.2
1093, 7385.0, 6, 6.750457038391225, 0.2
1094, 7393.0, 8, 6.751598173515982, 0.2
1095, 7400.0, 7, 6.751824817518248, 0.2
1096, 7405.0, 5, 6.750227894257065, 0.2
1097, 7411.0, 6, 6.749544626593807, 0.2
1098, 7414.0, 3, 6.746132848043676, 0.2
1099, 7420.0, 6, 6.745454545454545, 0.2
1100, 7426.0, 6, 6.7447774750227065, 0.2
1101, 7433.0, 7, 6.745009074410163, 0.2
1102, 7437.0, 4, 6.742520398912058, 0.2
1103, 7444.0, 7, 6.742753623188406, 0.2
1104, 7450.0, 6, 6.742081447963801, 0.2
1105, 7456.0, 6, 6.741410488245931, 0.2
1106, 7463.0, 7, 6.741644083107498, 0.2
1107, 7470.0, 7, 6.741877256317689, 0.2
1108, 7476.0, 6, 6.741208295761948, 0.2
1109, 7483.0, 7, 6.741441441441442, 0.2
1110, 7488.0, 5, 6.73987398739874, 0.2
1111, 7496.0, 8, 6.741007194244604, 0.2
1112, 7502.0, 6, 6.740341419586702, 0.2
1113, 7510.0, 8, 6.741472172351885, 0.2
1114, 7513.0, 3, 6.738116591928251, 0.2
1115, 7517.0, 4, 6.735663082437276, 0.2
1116, 7525.0, 8, 6.736794986571173, 0.2
1117, 7527.0, 2, 6.732558139534884, 0.2
1118, 7532.0, 5, 6.731009830205541, 0.2
1119, 7533.0, 1, 6.725892857142857, 0.2
1120, 7539.0, 6, 6.7252453166815345, 0.2
1121, 7547.0, 8, 6.7263814616755795, 0.2
1122, 7555.0, 8, 6.727515583259128, 0.2
1123, 7557.0, 2, 6.723309608540926, 0.2
1124, 7563.0, 6, 6.722666666666667, 0.2
1125, 7571.0, 8, 6.7238010657193605, 0.2
1126, 7575.0, 4, 6.721384205856255, 0.2
1127, 7580.0, 5, 6.719858156028369, 0.2
1128, 7586.0, 6, 6.719220549158547, 0.2
1129, 7593.0, 7, 6.719469026548673, 0.2
1130, 7599.0, 6, 6.718832891246684, 0.2
1131, 7605.0, 6, 6.718197879858657, 0.2
1132, 7613.0, 8, 6.719329214474845, 0.2
1133, 7619.0, 6, 6.718694885361552, 0.2
1134, 7626.0, 7, 6.718942731277533, 0.2
1135, 7634.0, 8, 6.720070422535211, 0.2
1136, 7641.0, 7, 6.720316622691293, 0.2
1137, 7646.0, 5, 6.718804920913884, 0.2
1138, 7653.0, 7, 6.719051799824407, 0.2
1139, 7660.0, 7, 6.719298245614035, 0.2
1140, 7666.0, 6, 6.718667835232252, 0.2
1141, 7672.0, 6, 6.718038528896672, 0.2
1142, 7679.0, 7, 6.718285214348207, 0.2
1143, 7684.0, 5, 6.716783216783217, 0.2
1144, 7690.0, 6, 6.716157205240175, 0.2
1145, 7695.0, 5, 6.714659685863874, 0.2
1146, 7702.0, 7, 6.714908456843941, 0.2
1147, 7708.0, 6, 6.714285714285714, 0.2
1148, 7716.0, 8, 6.715404699738904, 0.2
1149, 7723.0, 7, 6.7156521739130435, 0.2
1150, 7730.0, 7, 6.715899218071242, 0.2
1151, 7735.0, 5, 6.714409722222222, 0.2
1152, 7741.0, 6, 6.71379011274935, 0.2
1153, 7745.0, 4, 6.711438474870017, 0.2
1154, 7751.0, 6, 6.710822510822511, 0.2
1155, 7759.0, 8, 6.711937716262976, 0.2
1156, 7764.0, 5, 6.710458081244598, 0.2
1157, 7769.0, 5, 6.708981001727116, 0.2
1158, 7777.0, 8, 6.710094909404659, 0.2
1159, 7784.0, 7, 6.710344827586207, 0.2
1160, 7790.0, 6, 6.709732988802756, 0.2
1161, 7795.0, 5, 6.708261617900172, 0.2
1162, 7800.0, 5, 6.706792777300086, 0.2
1163, 7805.0, 5, 6.7053264604811, 0.2
1164, 7810.0, 5, 6.703862660944206, 0.2
1165, 7818.0, 8, 6.704974271012007, 0.2
1166, 7819.0, 1, 6.700085689802913, 0.2
1167, 7824.0, 5, 6.698630136986301, 0.2
1168, 7831.0, 7, 6.698887938408896, 0.2
1169, 7838.0, 7, 6.699145299145299, 0.2
1170, 7841.0, 3, 6.69598633646456, 0.2
1171, 7847.0, 6, 6.695392491467577, 0.2
1172, 7852.0, 5, 6.693947144075021, 0.2
1173, 7860.0, 8, 6.695059625212947, 0.2
1174, 7867.0, 7, 6.6953191489361705, 0.2
1175, 7874.0, 7, 6.695578231292517, 0.2
1176, 7875.0, 1, 6.690739167374681, 0.2
1177, 7882.0, 7, 6.69100169779287, 0.2
1178, 7887.0, 5, 6.689567430025445, 0.2
1179, 7891.0, 4, 6.687288135593221, 0.2
1180, 7898.0, 7, 6.687552921253175, 0.2
1181, 7906.0, 8, 6.688663282571912, 0.2
1182, 7912.0, 6, 6.688081149619611, 0.2
1183, 7920.0, 8, 6.6891891891891895, 0.2
1184, 7924.0, 4, 6.686919831223629, 0.2
1185, 7929.0, 5, 6.685497470489039, 0.2
1186, 7937.0, 8, 6.686604886267903, 0.2
1187, 7945.0, 8, 6.687710437710438, 0.2
1188, 7951.0, 6, 6.6871320437342305, 0.2
1189, 7959.0, 8, 6.688235294117647, 0.2
1190, 7966.0, 7, 6.688497061293031, 0.2
1191, 7972.0, 6, 6.6879194630872485, 0.2
1192, 7979.0, 7, 6.688181056160939, 0.2
1193, 7984.0, 5, 6.686767169179229, 0.2
1194, 7991.0, 7, 6.687029288702929, 0.2
1195, 7995.0, 4, 6.684782608695652, 0.2
1196, 8002.0, 7, 6.685045948203843, 0.2
1197, 8010.0, 8, 6.686143572621035, 0.2
1198, 8016.0, 6, 6.68557130942452, 0.2
1199, 8023.0, 7, 6.685833333333333, 0.2
1200, 8031.0, 8, 6.686927560366361, 0.2
1201, 8038.0, 7, 6.687188019966722, 0.2
1202, 8046.0, 8, 6.688279301745636, 0.2
1203, 8053.0, 7, 6.688538205980066, 0.2
1204, 8059.0, 6, 6.687966804979253, 0.2
1205, 8065.0, 6, 6.687396351575456, 0.2
1206, 8073.0, 8, 6.688483844241922, 0.2
1207, 8079.0, 6, 6.687913907284768, 0.2
1208, 8081.0, 2, 6.684036393713813, 0.2
1209, 8081.0, 0, 6.678512396694215, 0.2
1210, 8087.0, 6, 6.677952105697771, 0.2
1211, 8095.0, 8, 6.679042904290429, 0.2
1212, 8098.0, 3, 6.6760098928277, 0.2
1213, 8104.0, 6, 6.675453047775948, 0.2
1214, 8109.0, 5, 6.674074074074074, 0.2
1215, 8113.0, 4, 6.671875, 0.2
1216, 8119.0, 6, 6.671322925225965, 0.2
1217, 8123.0, 4, 6.669129720853859, 0.2
1218, 8129.0, 6, 6.668580803937654, 0.2
1219, 8134.0, 5, 6.667213114754098, 0.2
1220, 8138.0, 4, 6.665028665028665, 0.2
1221, 8143.0, 5, 6.6636661211129296, 0.2
1222, 8148.0, 5, 6.662305805396566, 0.2
1223, 8155.0, 7, 6.662581699346405, 0.2
1224, 8163.0, 8, 6.6636734693877555, 0.2
1225, 8168.0, 5, 6.66231647634584, 0.2
1226, 8176.0, 8, 6.663406682966585, 0.2
1227, 8182.0, 6, 6.662866449511401, 0.2
1228, 8187.0, 5, 6.661513425549227, 0.2
1229, 8193.0, 6, 6.660975609756098, 0.2
1230, 8200.0, 7, 6.661251015434606, 0.2
1231, 8207.0, 7, 6.661525974025974, 0.2
1232, 8212.0, 5, 6.660178426601784, 0.2
1233, 8213.0, 1, 6.655591572123177, 0.2
1234, 8220.0, 7, 6.65587044534413, 0.2
1235, 8227.0, 7, 6.656148867313916, 0.2
1236, 8234.0, 7, 6.65642683912692, 0.2
1237, 8238.0, 4, 6.654281098546042, 0.2
1238, 8239.0, 1, 6.649717514124294, 0.2
1239, 8245.0, 6, 6.649193548387097, 0.2
1240, 8252.0, 7, 6.649476228847703, 0.2
1241, 8255.0, 3, 6.646537842190016, 0.2
1242, 8256.0, 1, 6.641995172968624, 0.2
1243, 8262.0, 6, 6.641479099678457, 0.2
1244, 8268.0, 6, 6.6409638554216865, 0.2
1245, 8276.0, 8, 6.642054574638844, 0.2
1246, 8283.0, 7, 6.6423416198877305, 0.2
1247, 8289.0, 6, 6.641826923076923, 0.2
1248, 8295.0, 6, 6.641313050440353, 0.2
1249, 8300.0, 5, 6.64, 0.2
1250, 8306.0, 6, 6.639488409272582, 0.2
1251, 8313.0, 7, 6.639776357827476, 0.2
1252, 8321.0, 8, 6.640861931364725, 0.2
1253, 8327.0, 6, 6.640350877192983, 0.2
1254, 8334.0, 7, 6.640637450199203, 0.2
1255, 8341.0, 7, 6.640923566878981, 0.2
1256, 8344.0, 3, 6.638027048528242, 0.2
1257, 8350.0, 6, 6.63751987281399, 0.2
1258, 8357.0, 7, 6.6378077839555205, 0.2
1259, 8363.0, 6, 6.637301587301588, 0.2
1260, 8367.0, 4, 6.635210150674069, 0.2
1261, 8372.0, 5, 6.63391442155309, 0.2
1262, 8379.0, 7, 6.634204275534442, 0.2
1263, 8387.0, 8, 6.635284810126582, 0.2
1264, 8394.0, 7, 6.635573122529644, 0.2
1265, 8396.0, 2, 6.631911532385466, 0.2
1266, 8402.0, 6, 6.6314127861089185, 0.2
1267, 8408.0, 6, 6.630914826498422, 0.2
1268, 8416.0, 8, 6.631993695823483, 0.2
1269, 8420.0, 4, 6.6299212598425195, 0.2
1270, 8427.0, 7, 6.630212431156569, 0.2
1271, 8434.0, 7, 6.630503144654088, 0.2
1272, 8442.0, 8, 6.631578947368421, 0.2
1273, 8446.0, 4, 6.629513343799058, 0.2
1274, 8450.0, 4, 6.627450980392157, 0.2
1275, 8457.0, 7, 6.627742946708464, 0.2
1276, 8464.0, 7, 6.628034455755677, 0.2
1277, 8464.0, 0, 6.622848200312989, 0.2
1278, 8468.0, 4, 6.620797498045348, 0.2
1279, 8475.0, 7, 6.62109375, 0.2
1280, 8482.0, 7, 6.621389539422326, 0.2
1281, 8485.0, 3, 6.618564742589704, 0.2
1282, 8492.0, 7, 6.618862042088854, 0.2
1283, 8499.0, 7, 6.619158878504673, 0.2
1284, 8507.0, 8, 6.620233463035019, 0.2
1285, 8514.0, 7, 6.620528771384137, 0.2
1286, 8520.0, 6, 6.62004662004662, 0.2
1287, 8527.0, 7, 6.620341614906832, 0.2
1288, 8534.0, 7, 6.620636152055857, 0.2
1289, 8540.0, 6, 6.62015503875969, 0.2
1290, 8547.0, 7, 6.620449264136329, 0.2
1291, 8554.0, 7, 6.620743034055727, 0.2
1292, 8561.0, 7, 6.6210363495746325, 0.2
1293, 8563.0, 2, 6.617465224111283, 0.2
1294, 8569.0, 6, 6.616988416988417, 0.2
1295, 8575.0, 6, 6.616512345679013, 0.2
1296, 8580.0, 5, 6.61526599845798, 0.2
1297, 8580.0, 0, 6.610169491525424, 0.2
1298, 8585.0, 5, 6.6089299461123945, 0.2
1299, 8591.0, 6, 6.608461538461539, 0.2
1300, 8596.0, 5, 6.607225211375865, 0.2
1301, 8602.0, 6, 6.606758832565284, 0.2
1302, 8607.0, 5, 6.60552570990023, 0.2
1303, 8614.0, 7, 6.605828220858895, 0.2
1304, 8621.0, 7, 6.606130268199234, 0.2
1305, 8627.0, 6, 6.605666156202144, 0.2
1306, 8635.0, 8, 6.6067329762815605, 0.2
1307, 8641.0, 6, 6.606269113149847, 0.2
1308, 8649.0, 8, 6.60733384262796, 0.2
1309, 8655.0, 6, 6.606870229007634, 0.2
1310, 8663.0, 8, 6.607932875667429, 0.2
1311, 8671.0, 8, 6.608993902439025, 0.2
1312, 8677.0, 6, 6.608530083777609, 0.2
1313, 8685.0, 8, 6.609589041095891, 0.2
1314, 8692.0, 7, 6.609885931558935, 0.2
1315, 8698.0, 6, 6.609422492401216, 0.2
1316, 8704.0, 6, 6.6089597570235386, 0.2
1317, 8711.0, 7, 6.609256449165402, 0.2
1318, 8717.0, 6, 6.608794541319181, 0.2
1319, 8725.0, 8, 6.609848484848484, 0.2
1320, 8731.0, 6, 6.609386828160485, 0.2
1321, 8738.0, 7, 6.609682299546142, 0.2
1322, 8743.0, 5, 6.608465608465608, 0.2
1323, 8749.0, 6, 6.608006042296073, 0.2
1324, 8754.0, 5, 6.606792452830189, 0.2
1325, 8760.0, 6, 6.606334841628959, 0.2
1326, 8763.0, 3, 6.60361718161266, 0.2
1327, 8769.0, 6, 6.6031626506024095, 0.2
1328, 8776.0, 7, 6.6034612490594435, 0.2
1329, 8783.0, 7, 6.603759398496241, 0.2
1330, 8791.0, 8, 6.60480841472577, 0.2
1331, 8798.0, 7, 6.605105105105105, 0.2
1332, 8805.0, 7, 6.605401350337584, 0.2
1333, 8813.0, 8, 6.606446776611694, 0.2
1334, 8818.0, 5, 6.605243445692884, 0.2
1335, 8826.0, 8, 6.6062874251497, 0.2
1336, 8832.0, 6, 6.605833956619297, 0.2
1337, 8835.0, 3, 6.603139013452915, 0.2
1338, 8842.0, 7, 6.603435399551905, 0.2
1339, 8850.0, 8, 6.604477611940299, 0.2
1340, 8855.0, 5, 6.603281133482476, 0.2
1341, 8856.0, 1, 6.599105812220566, 0.2
1342, 8862.0, 6, 6.598659717051378, 0.2
1343, 8870.0, 8, 6.599702380952381, 0.2
1344, 8877.0, 7, 6.6, 0.2
1345, 8883.0, 6, 6.599554234769688, 0.2
1346, 8891.0, 8, 6.600593912397922, 0.2
1347, 8898.0, 7, 6.600890207715134, 0.2
1348, 8903.0, 5, 6.599703484062268, 0.2
1349, 8910.0, 7, 6.6, 0.2
1350, 8917.0, 7, 6.6002960769800145, 0.2
1351, 8924.0, 7, 6.600591715976331, 0.2
1352, 8932.0, 8, 6.6016260162601625, 0.2
1353, 8939.0, 7, 6.60192023633678, 0.2
1354, 8944.0, 5, 6.600738007380074, 0.2
1355, 8950.0, 6, 6.600294985250738, 0.2
1356, 8956.0, 6, 6.599852616064849, 0.2
1357, 8962.0, 6, 6.59941089837997, 0.2
1358, 8964.0, 2, 6.596026490066225, 0.2
1359, 8965.0, 1, 6.591911764705882, 0.2
1360, 8971.0, 6, 6.59147685525349, 0.2
1361, 8978.0, 7, 6.591776798825257, 0.2
1362, 8983.0, 5, 6.590608950843727, 0.2
1363, 8989.0, 6, 6.590175953079179, 0.2
1364, 8996.0, 7, 6.59047619047619, 0.2
1365, 9001.0, 5, 6.589311859443631, 0.2
1366, 9002.0, 1, 6.585223116313094, 0.2
1367, 9008.0, 6, 6.584795321637427, 0.2
1368, 9016.0, 8, 6.585829072315558, 0.2
1369, 9023.0, 7, 6.586131386861314, 0.2
1370, 9030.0, 7, 6.586433260393873, 0.2
1371, 9037.0, 7, 6.586734693877551, 0.2
1372, 9037.0, 0, 6.581937363437728, 0.2
1373, 9042.0, 5, 6.580786026200873, 0.2
1374, 9048.0, 6, 6.580363636363637, 0.2
1375, 9055.0, 7, 6.580668604651163, 0.2
1376, 9061.0, 6, 6.580246913580247, 0.2
1377, 9067.0, 6, 6.579825834542816, 0.2
1378, 9075.0, 8, 6.580855692530819, 0.2
1379, 9080.0, 5, 6.579710144927536, 0.2
1380, 9088.0, 8, 6.580738595220854, 0.2
1381, 9095.0, 7, 6.581041968162084, 0.2
1382, 9096.0, 1, 6.577006507592191, 0.2
1383, 9102.0, 6, 6.576589595375722, 0.2
1384, 9106.0, 4, 6.5747292418772565, 0.2
1385, 9111.0, 5, 6.573593073593074, 0.2
1386, 9119.0, 8, 6.574621485219899, 0.2
1387, 9120.0, 1, 6.5706051873198845, 0.2
1388, 9127.0, 7, 6.570914326853852, 0.2
1389, 9132.0, 5, 6.569784172661871, 0.2
1390, 9136.0, 4, 6.567936736161035, 0.2
1391, 9144.0, 8, 6.568965517241379, 0.2
1392, 9149.0, 5, 6.567839195979899, 0.2
1393, 9155.0, 6, 6.567431850789096, 0.2
1394, 9162.0, 7, 6.567741935483871, 0.2
1395, 9168.0, 6, 6.567335243553009, 0.2
1396, 9175.0, 7, 6.567644953471725, 0.2
1397, 9182.0, 7, 6.567954220314736, 0.2
1398, 9189.0, 7, 6.5682630450321655, 0.2
1399, 9195.0, 6, 6.567857142857143, 0.2
1400, 9197.0, 2, 6.5645967166309775, 0.2
1401, 9205.0, 8, 6.565620542082739, 0.2
1402, 9212.0, 7, 6.565930149679259, 0.2
1403, 9215.0, 3, 6.563390313390314, 0.2
1404, 9221.0, 6, 6.562989323843416, 0.2
1405, 9228.0, 7, 6.563300142247511, 0.2
1406, 9235.0, 7, 6.563610518834399, 0.2
1407, 9241.0, 6, 6.5632102272727275, 0.2
1408, 9246.0, 5, 6.562100780695529, 0.2
1409, 9253.0, 7, 6.56241134751773, 0.2
1410, 9261.0, 8, 6.56343019135365, 0.2
1411, 9266.0, 5, 6.562322946175637, 0.2
1412, 9272.0, 6, 6.561924982307148, 0.2
1413, 9278.0, 6, 6.561527581329561, 0.2
1414, 9283.0, 5, 6.560424028268551, 0.2
1415, 9290.0, 7, 6.5607344632768365, 0.2
1416, 9297.0, 7, 6.561044460127029, 0.2
1417, 9299.0, 2, 6.557827926657263, 0.2
1418, 9305.0, 6, 6.557434813248767, 0.2
1419, 9310.0, 5, 6.556338028169014, 0.2
1420, 9312.0, 2, 6.553131597466573, 0.2
1421, 9319.0, 7, 6.553445850914206, 0.2
1422, 9326.0, 7, 6.553759662684469, 0.2
1423, 9334.0, 8, 6.554775280898877, 0.2
1424, 9341.0, 7, 6.555087719298245, 0.2
1425, 9349.0, 8, 6.556100981767181, 0.2
1426, 9351.0, 2, 6.552908199018921, 0.2
1427, 9353.0, 2, 6.549719887955182, 0.2
1428, 9361.0, 8, 6.55073477956613, 0.2
1429, 9366.0, 5, 6.549650349650349, 0.2
1430, 9367.0, 1, 6.545772187281621, 0.2
1431, 9373.0, 6, 6.545391061452514, 0.2
1432, 9377.0, 4, 6.543614794138172, 0.2
1433, 9383.0, 6, 6.54323570432357, 0.2
1434, 9390.0, 7, 6.543554006968641, 0.2
1435, 9396.0, 6, 6.543175487465181, 0.2
1436, 9401.0, 5, 6.542101600556715, 0.2
1437, 9407.0, 6, 6.5417246175243395, 0.2
1438, 9415.0, 8, 6.5427380125086865, 0.2
1439, 9422.0, 7, 6.543055555555555, 0.2
1440, 9428.0, 6, 6.542678695350451, 0.2
1441, 9435.0, 7, 6.542995839112344, 0.2
1442, 9441.0, 6, 6.542619542619542, 0.2
1443, 9445.0, 4, 6.5408587257617725, 0.2
1444, 9451.0, 6, 6.540484429065744, 0.2
1445, 9458.0, 7, 6.540802213001383, 0.2
1446, 9463.0, 5, 6.539737387698687, 0.2
1447, 9470.0, 7, 6.540055248618785, 0.2
1448, 9478.0, 8, 6.541062801932367, 0.2
1449, 9485.0, 7, 6.541379310344827, 0.2
1450, 9492.0, 7, 6.541695382494831, 0.2
1451, 9497.0, 5, 6.540633608815427, 0.2
1452, 9504.0, 7, 6.540949759119064, 0.2
1453, 9512.0, 8, 6.541953232462173, 0.2
1454, 9519.0, 7, 6.542268041237113, 0.2
1455, 9526.0, 7, 6.542582417582418, 0.2
1456, 9532.0, 6, 6.542210020590254, 0.2
1457, 9540.0, 8, 6.54320987654321, 0.2
1458, 9545.0, 5, 6.542152159013023, 0.2
1459, 9552.0, 7, 6.542465753424658, 0.2
1460, 9558.0, 6, 6.542094455852156, 0.2
1461, 9565.0, 7, 6.542407660738714, 0.2
1462, 9570.0, 5, 6.541353383458647, 0.2
1463, 9576.0, 6, 6.540983606557377, 0.2
1464, 9583.0, 7, 6.541296928327645, 0.2
1465, 9590.0, 7, 6.541609822646658, 0.2
1466, 9596.0, 6, 6.541240627130198, 0.2
1467, 9602.0, 6, 6.540871934604905, 0.2
1468, 9608.0, 6, 6.540503744043567, 0.2
1469, 9615.0, 7, 6.540816326530612, 0.2
1470, 9622.0, 7, 6.541128484024473, 0.2
1471, 9630.0, 8, 6.542119565217392, 0.2
1472, 9636.0, 6, 6.541751527494909, 0.2
1473, 9642.0, 6, 6.541383989145183, 0.2
1474, 9649.0, 7, 6.541694915254237, 0.2
1475, 9656.0, 7, 6.542005420054201, 0.2
1476, 9663.0, 7, 6.542315504400812, 0.2
1477, 9669.0, 6, 6.541948579161028, 0.2
1478, 9676.0, 7, 6.542258282623394, 0.2
1479, 9681.0, 5, 6.541216216216216, 0.2
1480, 9686.0, 5, 6.540175557056044, 0.2
1481, 9693.0, 7, 6.540485829959514, 0.2
1482, 9700.0, 7, 6.540795684423466, 0.2
1483, 9706.0, 6, 6.540431266846361, 0.2
1484, 9711.0, 5, 6.539393939393939, 0.2
1485, 9714.0, 3, 6.537012113055182, 0.2
1486, 9720.0, 6, 6.536650975117687, 0.2
1487, 9728.0, 8, 6.537634408602151, 0.2
1488, 9735.0, 7, 6.537944929482874, 0.2
1489, 9741.0, 6, 6.53758389261745, 0.2
1490, 9743.0, 2, 6.534540576794098, 0.2
1491, 9743.0, 0, 6.5301608579088475, 0.2
1492, 9746.0, 3, 6.527796383121232, 0.2
1493, 9752.0, 6, 6.527443105756359, 0.2
1494, 9756.0, 4, 6.525752508361204, 0.2
1495, 9763.0, 7, 6.526069518716578, 0.2
1496, 9769.0, 6, 6.525718102872411, 0.2
1497, 9777.0, 8, 6.526702269692924, 0.2
1498, 9783.0, 6, 6.5263509006004, 0.2
1499, 9789.0, 6, 6.526, 0.2
1500, 9797.0, 8, 6.526982011992005, 0.2
1501, 9803.0, 6, 6.526631158455393, 0.2
1502, 9811.0, 8, 6.527611443779109, 0.2
1503, 9818.0, 7, 6.527925531914893, 0.2
1504, 9824.0, 6, 6.527574750830564, 0.2
1505, 9830.0, 6, 6.52722443559097, 0.2
1506, 9835.0, 5, 6.52621101526211, 0.2
1507, 9841.0, 6, 6.525862068965517, 0.2
1508, 9848.0, 7, 6.526176275679258, 0.2
1509, 9853.0, 5, 6.525165562913907, 0.2
1510, 9859.0, 6, 6.524818001323626, 0.2
1511, 9867.0, 8, 6.525793650793651, 0.2
1512, 9873.0, 6, 6.5254461335095835, 0.2
1513, 9876.0, 3, 6.523117569352708, 0.2
1514, 9879.0, 3, 6.52079207920792, 0.2
1515, 9886.0, 7, 6.521108179419525, 0.2
1516, 9894.0, 8, 6.522083058668424, 0.2
1517, 9901.0, 7, 6.522397891963109, 0.2
1518, 9909.0, 8, 6.523370638578012, 0.2
1519, 9917.0, 8, 6.524342105263158, 0.2
1520, 9925.0, 8, 6.525312294543064, 0.2
1521, 9932.0, 7, 6.525624178712221, 0.2
1522, 9939.0, 7, 6.525935653315824, 0.2
1523, 9946.0, 7, 6.526246719160105, 0.2
1524, 9951.0, 5, 6.5252459016393445, 0.2
1525, 9958.0, 7, 6.525557011795544, 0.2
1526, 9959.0, 1, 6.521938441388343, 0.2
1527, 9965.0, 6, 6.521596858638744, 0.2
1528, 9972.0, 7, 6.521909744931327, 0.2
1529, 9976.0, 4, 6.520261437908497, 0.2
1530, 9984.0, 8, 6.521227955584585, 0.2
1531, 9991.0, 7, 6.52154046997389, 0.2
1532, 9996.0, 5, 6.52054794520548, 0.2
1533, 10003.0, 7, 6.520860495436767, 0.2
1534, 10010.0, 7, 6.521172638436482, 0.2
1535, 10012.0, 2, 6.518229166666667, 0.2
1536, 10020.0, 8, 6.519193233571893, 0.2
1537, 10027.0, 7, 6.519505851755526, 0.2
1538, 10030.0, 3, 6.517218973359324, 0.2
1539, 10038.0, 8, 6.5181818181818185, 0.2
1540, 10046.0, 8, 6.519143413367943, 0.2
1541, 10051.0, 5, 6.518158236057069, 0.2
1542, 10055.0, 4, 6.5165262475696695, 0.2
1543, 10055.0, 0, 6.512305699481865, 0.2
1544, 10063.0, 8, 6.513268608414239, 0.2
1545, 10068.0, 5, 6.512289780077619, 0.2
1546, 10076.0, 8, 6.513251454427925, 0.2
1547, 10082.0, 6, 6.512919896640827, 0.2
1548, 10086.0, 4, 6.511297611362169, 0.2
1549, 10093.0, 7, 6.5116129032258065, 0.2
1550, 10101.0, 8, 6.51257253384913, 0.2
1551, 10105.0, 4, 6.510953608247423, 0.2
1552, 10112.0, 7, 6.5112685125563425, 0.2
1553, 10117.0, 5, 6.510296010296011, 0.2
1554, 10125.0, 8, 6.511254019292605, 0.2
1555, 10130.0, 5, 6.510282776349614, 0.2
1556, 10137.0, 7, 6.510597302504817, 0.2
1557, 10144.0, 7, 6.510911424903723, 0.2
1558, 10150.0, 6, 6.510583707504811, 0.2
1559, 10158.0, 8, 6.5115384615384615, 0.2
1560, 10164.0, 6, 6.511210762331839, 0.2
1561, 10164.0, 0, 6.507042253521127, 0.2
1562, 10171.0, 7, 6.507357645553423, 0.2
1563, 10178.0, 7, 6.5076726342711, 0.2
1564, 10183.0, 5, 6.506709265175719, 0.2
1565, 10188.0, 5, 6.505747126436781, 0.2
1566, 10194.0, 6, 6.505424377791959, 0.2
1567, 10199.0, 5, 6.504464285714286, 0.2
1568, 10206.0, 7, 6.504780114722753, 0.2
1569, 10212.0, 6, 6.5044585987261145, 0.2
1570, 10219.0, 7, 6.504774029280713, 0.2
1571, 10224.0, 5, 6.5038167938931295, 0.2
1572, 10231.0, 7, 6.5041322314049586, 0.2
1573, 10238.0, 7, 6.504447268106734, 0.2
1574, 10245.0, 7, 6.504761904761905, 0.2
1575, 10253.0, 8, 6.505710659898477, 0.2
1576, 10257.0, 4, 6.504121750158529, 0.2
1577, 10260.0, 3, 6.501901140684411, 0.2
1578, 10263.0, 3, 6.499683343888537, 0.2
1579, 10270.0, 7, 6.5, 0.2
1580, 10270.0, 0, 6.495888678051866, 0.2
1581, 10277.0, 7, 6.496207332490519, 0.2
1582, 10283.0, 6, 6.495893872394189, 0.2
1583, 10288.0, 5, 6.494949494949495, 0.2
1584, 10290.0, 2, 6.492113564668769, 0.2
1585, 10297.0, 7, 6.4924337957124845, 0.2
1586, 10304.0, 7, 6.492753623188406, 0.2
1587, 10305.0, 1, 6.489294710327456, 0.2
1588, 10313.0, 8, 6.4902454373820015, 0.2
1589, 10320.0, 7, 6.490566037735849, 0.2
1590, 10327.0, 7, 6.490886235072281, 0.2
1591, 10334.0, 7, 6.491206030150754, 0.2
1592, 10334.0, 0, 6.4871311989956055, 0.2
1593, 10340.0, 6, 6.486825595984944, 0.2
1594, 10348.0, 8, 6.487774294670847, 0.2
1595, 10356.0, 8, 6.488721804511278, 0.2
1596, 10363.0, 7, 6.4890419536631185, 0.2
1597, 10367.0, 4, 6.487484355444305, 0.2
1598, 10372.0, 5, 6.4865540963101935, 0.2
1599, 10379.0, 7, 6.486875, 0.2
1600, 10387.0, 8, 6.4878201124297314, 0.2
1601, 10393.0, 6, 6.487515605493134, 0.2
1602, 10397.0, 4, 6.485963817841547, 0.2
1603, 10402.0, 5, 6.485037406483791, 0.2
1604, 10409.0, 7, 6.485358255451714, 0.2
1605, 10411.0, 2, 6.482565379825654, 0.2
1606, 10418.0, 7, 6.482887367766024, 0.2
1607, 10420.0, 2, 6.480099502487562, 0.2
1608, 10425.0, 5, 6.479179614667495, 0.2
1609, 10432.0, 7, 6.479503105590062, 0.2
1610, 10438.0, 6, 6.479205462445686, 0.2
1611, 10446.0, 8, 6.48014888337469, 0.2
1612, 10451.0, 5, 6.479231246125233, 0.2
1613, 10453.0, 2, 6.476456009913259, 0.2
1614, 10454.0, 1, 6.473065015479876, 0.2
1615, 10461.0, 7, 6.473391089108911, 0.2
1616, 10468.0, 7, 6.473716759431045, 0.2
1617, 10474.0, 6, 6.473423980222497, 0.2
1618, 10475.0, 1, 6.470043236565782, 0.2
1619, 10477.0, 2, 6.467283950617284, 0.2
1620, 10485.0, 8, 6.4682294879703885, 0.2
1621, 10488.0, 3, 6.466091245376079, 0.2
1622, 10495.0, 7, 6.466420209488601, 0.2
1623, 10501.0, 6, 6.4661330049261085, 0.2
1624, 10507.0, 6, 6.465846153846154, 0.2
1625, 10513.0, 6, 6.4655596555965555, 0.2
1626, 10519.0, 6, 6.465273509526736, 0.2
1627, 10526.0, 7, 6.465601965601966, 0.2
1628, 10530.0, 4, 6.464088397790055, 0.2
1629, 10538.0, 8, 6.465030674846626, 0.2
1630, 10546.0, 8, 6.4659717964439, 0.2
1631, 10552.0, 6, 6.465686274509804, 0.2
1632, 10558.0, 6, 6.465401102265768, 0.2
1633, 10562.0, 4, 6.463892288861689, 0.2
1634, 10569.0, 7, 6.464220183486239, 0.2
1635, 10576.0, 7, 6.4645476772616135, 0.2
1636, 10581.0, 5, 6.463653023824069, 0.2
1637, 10586.0, 5, 6.462759462759463, 0.2
1638, 10592.0, 6, 6.462477120195241, 0.2
1639, 10599.0, 7, 6.462804878048781, 0.2
1640, 10605.0, 6, 6.462522851919561, 0.2
1641, 10612.0, 7, 6.4628501827040195, 0.2
1642, 10620.0, 8, 6.463785757760195, 0.2
1643, 10621.0, 1, 6.4604622871046224, 0.2
1644, 10628.0, 7, 6.460790273556231, 0.2
1645, 10634.0, 6, 6.460510328068044, 0.2
1646, 10641.0, 7, 6.460837887067395, 0.2
1647, 10647.0, 6, 6.460558252427185, 0.2
1648, 10653.0, 6, 6.460278956943602, 0.2
1649, 10660.0, 7, 6.460606060606061, 0.2
1650, 10667.0, 7, 6.460932768019382, 0.2
1651, 10669.0, 2, 6.458232445520581, 0.2
1652, 10675.0, 6, 6.457955232909861, 0.2
1653, 10682.0, 7, 6.458282950423216, 0.2
1654, 10684.0, 2, 6.455589123867069, 0.2
1655, 10691.0, 7, 6.455917874396135, 0.2
1656, 10698.0, 7, 6.456246228123114, 0.2
1657, 10698.0, 0, 6.452352231604342, 0.2
1658, 10704.0, 6, 6.452079566003617, 0.2
1659, 10709.0, 5, 6.451204819277108, 0.2
1660, 10715.0, 6, 6.450933172787478, 0.2
1661, 10722.0, 7, 6.451263537906137, 0.2
1662, 10729.0, 7, 6.451593505712568, 0.2
1663, 10735.0, 6, 6.451322115384615, 0.2
1664, 10742.0, 7, 6.451651651651652, 0.2
1665, 10749.0, 7, 6.451980792316927, 0.2
1666, 10755.0, 6, 6.451709658068387, 0.2
1667, 10762.0, 7, 6.452038369304557, 0.2
1668, 10764.0, 2, 6.449370880766926, 0.2
1669, 10764.0, 0, 6.445508982035928, 0.2
1670, 10771.0, 7, 6.445840813883902, 0.2
1671, 10775.0, 4, 6.444377990430622, 0.2
1672, 10781.0, 6, 6.444112372982666, 0.2
1673, 10783.0, 2, 6.441457586618877, 0.2
1674, 10790.0, 7, 6.441791044776119, 0.2
1675, 10796.0, 6, 6.441527446300716, 0.2
1676, 10802.0, 6, 6.441264162194395, 0.2
1677, 10809.0, 7, 6.441597139451728, 0.2
1678, 10812.0, 3, 6.439547349612865, 0.2
1679, 10817.0, 5, 6.438690476190477, 0.2
1680, 10823.0, 6, 6.438429506246282, 0.2
1681, 10829.0, 6, 6.438168846611177, 0.2
1682, 10836.0, 7, 6.438502673796791, 0.2
1683, 10843.0, 7, 6.438836104513064, 0.2
1684, 10849.0, 6, 6.438575667655786, 0.2
1685, 10856.0, 7, 6.438908659549229, 0.2
1686, 10864.0, 8, 6.439834024896266, 0.2
1687, 10870.0, 6, 6.43957345971564, 0.2
1688, 10876.0, 6, 6.439313203078745, 0.2
1689, 10883.0, 7, 6.439644970414201, 0.2
1690, 10889.0, 6, 6.439384979302188, 0.2
1691, 10897.0, 8, 6.440307328605201, 0.2
1692, 10904.0, 7, 6.440637920850561, 0.2
1693, 10910.0, 6, 6.440377804014168, 0.2
1694, 10916.0, 6, 6.440117994100295, 0.2
1695, 10919.0, 3, 6.43808962264151, 0.2
1696, 10919.0, 0, 6.4342958161461405, 0.2
1697, 10925.0, 6, 6.4340400471142525, 0.2
1698, 10931.0, 6, 6.4337845791642145, 0.2
1699, 10939.0, 8, 6.434705882352941, 0.2
1700, 10945.0, 6, 6.434450323339212, 0.2
1701, 10952.0, 7, 6.434782608695652, 0.2
1702, 10960.0, 8, 6.435701702877275, 0.2
1703, 10965.0, 5, 6.434859154929577, 0.2
1704, 10969.0, 4, 6.433431085043988, 0.2
1705, 10971.0, 2, 6.430832356389215, 0.2
1706, 10974.0, 3, 6.428822495606327, 0.2
1707, 10981.0, 7, 6.429156908665106, 0.2
1708, 10987.0, 6, 6.428905792861323, 0.2
1709, 10994.0, 7, 6.429239766081872, 0.2
1710, 11000.0, 6, 6.428988895382817, 0.2
1711, 11004.0, 4, 6.427570093457944, 0.2
1712, 11006.0, 2, 6.424985405720958, 0.2
1713, 11013.0, 7, 6.425320886814469, 0.2
1714, 11013.0, 0, 6.421574344023323, 0.2
1715, 11018.0, 5, 6.4207459207459205, 0.2
1716, 11025.0, 7, 6.421083284799068, 0.2
1717, 11033.0, 8, 6.422002328288708, 0.2
1718, 11038.0, 5, 6.4211751018033745, 0.2
1719, 11042.0, 4, 6.419767441860465, 0.2
1720, 11048.0, 6, 6.41952353282975, 0.2
1721, 11054.0, 6, 6.4192799070847855, 0.2
1722, 11060.0, 6, 6.419036564132328, 0.2
1723, 11066.0, 6, 6.418793503480279, 0.2
1724, 11072.0, 6, 6.418550724637681, 0.2
1725, 11073.0, 1, 6.415411355735805, 0.2
1726, 11079.0, 6, 6.415170816444702, 0.2
1727, 11085.0, 6, 6.414930555555555, 0.2
1728, 11086.0, 1, 6.411798727588201, 0.2
1729, 11090.0, 4, 6.410404624277457, 0.2
1730, 11097.0, 7, 6.410745233968804, 0.2
1731, 11100.0, 3, 6.40877598152425, 0.2
1732, 11105.0, 5, 6.407963069821119, 0.2
1733, 11110.0, 5, 6.40715109573241, 0.2
1734, 11115.0, 5, 6.406340057636887, 0.2
1735, 11123.0, 8, 6.407258064516129, 0.2
1736, 11129.0, 6, 6.407023603914795, 0.2
1737, 11136.0, 7, 6.407364787111622, 0.2
1738, 11136.0, 0, 6.403680276020702, 0.2
1739, 11143.0, 7, 6.404022988505747, 0.2
1740, 11148.0, 5, 6.403216542217117, 0.2
1741, 11148.0, 0, 6.399540757749713, 0.2
1742, 11154.0, 6, 6.3993115318416525, 0.2
1743, 11162.0, 8, 6.400229357798165, 0.2
1744, 11167.0, 5, 6.399426934097421, 0.2
1745, 11170.0, 3, 6.3974799541809855, 0.2
1746, 11175.0, 5, 6.396680022896394, 0.2
1747, 11182.0, 7, 6.397025171624714, 0.2
1748, 11190.0, 8, 6.397941680960549, 0.2
1749, 11193.0, 3, 6.396, 0.2
1750, 11195.0, 2, 6.393489434608795, 0.2
1751, 11202.0, 7, 6.3938356164383565, 0.2
1752, 11210.0, 8, 6.394751853964632, 0.2
1753, 11217.0, 7, 6.395096921322691, 0.2
1754, 11220.0, 3, 6.3931623931623935, 0.2
1755, 11225.0, 5, 6.392369020501139, 0.2
1756, 11231.0, 6, 6.392145702902675, 0.2
1757, 11237.0, 6, 6.391922639362912, 0.2
1758, 11243.0, 6, 6.391699829448551, 0.2
1759, 11250.0, 7, 6.392045454545454, 0.2
1760, 11255.0, 5, 6.391254968767746, 0.2
1761, 11257.0, 2, 6.388762769580023, 0.2
1762, 11263.0, 6, 6.388542257515598, 0.2
1763, 11270.0, 7, 6.388888888888889, 0.2
1764, 11275.0, 5, 6.388101983002833, 0.2
1765, 11282.0, 7, 6.388448471121178, 0.2
1766, 11288.0, 6, 6.388228636106395, 0.2
1767, 11296.0, 8, 6.389140271493213, 0.2
1768, 11301.0, 5, 6.388355002826455, 0.2
1769, 11308.0, 7, 6.388700564971751, 0.2
1770, 11314.0, 6, 6.388481084133258, 0.2
1771, 11319.0, 5, 6.3876975169300225, 0.2
1772, 11326.0, 7, 6.388042865200226, 0.2
1773, 11333.0, 7, 6.388387824126268, 0.2
1774, 11339.0, 6, 6.388169014084507, 0.2
1775, 11347.0, 8, 6.389076576576577, 0.2
1776, 11351.0, 4, 6.387732132808104, 0.2
1777, 11359.0, 8, 6.388638920134983, 0.2
1778, 11362.0, 3, 6.386734120292299, 0.2
1779, 11364.0, 2, 6.384269662921349, 0.2
1780, 11369.0, 5, 6.38349241998877, 0.2
1781, 11377.0, 8, 6.384399551066218, 0.2
1782, 11382.0, 5, 6.383623107122827, 0.2
1783, 11389.0, 7, 6.38396860986547, 0.2
1784, 11394.0, 5, 6.383193277310925, 0.2
1785, 11400.0, 6, 6.382978723404255, 0.2
1786, 11402.0, 2, 6.380526021264689, 0.2
1787, 11403.0, 1, 6.37751677852349, 0.2
1788, 11407.0, 4, 6.376187814421464, 0.2
1789, 11412.0, 5, 6.375418994413407, 0.2
1790, 11419.0, 7, 6.375767727526521, 0.2
1791, 11426.0, 7, 6.376116071428571, 0.2
1792, 11431.0, 5, 6.375348577802566, 0.2
1793, 11438.0, 7, 6.375696767001115, 0.2
1794, 11444.0, 6, 6.375487465181059, 0.2
1795, 11452.0, 8, 6.3763919821826285, 0.2
1796, 11458.0, 6, 6.3761825264329435, 0.2
1797, 11463.0, 5, 6.375417130144605, 0.2
1798, 11471.0, 8, 6.3763201778765985, 0.2
1799, 11478.0, 7, 6.376666666666667, 0.2
1800, 11486.0, 8, 6.377568017767906, 0.2
1801, 11491.0, 5, 6.376803551609323, 0.2
1802, 11497.0, 6, 6.376594564614531, 0.2
1803, 11501.0, 4, 6.3752771618625275, 0.2
1804, 11507.0, 6, 6.375069252077562, 0.2
1805, 11513.0, 6, 6.374861572535991, 0.2
1806, 11520.0, 7, 6.375207526286663, 0.2
1807, 11526.0, 6, 6.375, 0.2
1808, 11533.0, 7, 6.37534549474848, 0.2
1809, 11538.0, 5, 6.374585635359116, 0.2
1810, 11544.0, 6, 6.374378796245169, 0.2
1811, 11549.0, 5, 6.373620309050772, 0.2
1812, 11553.0, 4, 6.372311086596801, 0.2
1813, 11559.0, 6, 6.372105843439912, 0.2
1814, 11564.0, 5, 6.3713498622589535, 0.2
1815, 11568.0, 4, 6.370044052863436, 0.2
1816, 11573.0, 5, 6.369290038525041, 0.2
1817, 11580.0, 7, 6.36963696369637, 0.2
1818, 11588.0, 8, 6.370533260032985, 0.2
1819, 11596.0, 8, 6.371428571428571, 0.2
1820, 11599.0, 3, 6.369577155409116, 0.2
1821, 11606.0, 7, 6.369923161361141, 0.2
1822, 11612.0, 6, 6.369720241360395, 0.2
1823, 11617.0, 5, 6.368969298245614, 0.2
1824, 11623.0, 6, 6.368767123287671, 0.2
1825, 11628.0, 5, 6.3680175246440305, 0.2
1826, 11635.0, 7, 6.368363437328955, 0.2
1827, 11641.0, 6, 6.3681619256017505, 0.2
1828, 11647.0, 6, 6.367960634226353, 0.2
1829, 11647.0, 0, 6.36448087431694, 0.2
1830, 11655.0, 8, 6.365374112506827, 0.2
1831, 11660.0, 5, 6.364628820960698, 0.2
1832, 11667.0, 7, 6.364975450081833, 0.2
1833, 11674.0, 7, 6.365321701199564, 0.2
1834, 11680.0, 6, 6.3651226158038146, 0.2
1835, 11682.0, 2, 6.362745098039215, 0.2
1836, 11689.0, 7, 6.363091997822536, 0.2
1837, 11695.0, 6, 6.362894450489662, 0.2
1838, 11703.0, 8, 6.363784665579119, 0.2
1839, 11705.0, 2, 6.361413043478261, 0.2
1840, 11711.0, 6, 6.361216730038023, 0.2
1841, 11718.0, 7, 6.361563517915309, 0.2
1842, 11724.0, 6, 6.361367335865436, 0.2
1843, 11731.0, 7, 6.361713665943601, 0.2
1844, 11739.0, 8, 6.36260162601626, 0.2
1845, 11746.0, 7, 6.362946912242687, 0.2
1846, 11753.0, 7, 6.363291824580401, 0.2
1847, 11761.0, 8, 6.364177489177489, 0.2
1848, 11761.0, 0, 6.36073553272039, 0.2
1849, 11768.0, 7, 6.361081081081081, 0.2
1850, 11774.0, 6, 6.360886007563479, 0.2
1851, 11779.0, 5, 6.360151187904967, 0.2
1852, 11786.0, 7, 6.3604964921748515, 0.2
1853, 11786.0, 0, 6.357065803667745, 0.2
1854, 11786.0, 0, 6.353638814016173, 0.2
1855, 11793.0, 7, 6.353987068965517, 0.2
1856, 11798.0, 5, 6.353257942918686, 0.2
1857, 11801.0, 3, 6.351453175457481, 0.2
1858, 11809.0, 8, 6.352339967724583, 0.2
1859, 11816.0, 7, 6.352688172043011, 0.2
1860, 11820.0, 4, 6.351423965609887, 0.2
1861, 11826.0, 6, 6.351235230934479, 0.2
1862, 11833.0, 7, 6.351583467525496, 0.2
1863, 11833.0, 0, 6.348175965665236, 0.2
1864, 11839.0, 6, 6.34798927613941, 0.2
1865, 11845.0, 6, 6.347802786709539, 0.2
1866, 11852.0, 7, 6.348152115693626, 0.2
1867, 11859.0, 7, 6.348501070663811, 0.2
1868, 11866.0, 7, 6.348849652220439, 0.2
1869, 11871.0, 5, 6.348128342245989, 0.2
1870, 11878.0, 7, 6.348476750400855, 0.2
1871, 11884.0, 6, 6.348290598290598, 0.2
1872, 11890.0, 6, 6.348104644954618, 0.2
1873, 11896.0, 6, 6.347918890074706, 0.2
1874, 11901.0, 5, 6.3472, 0.2
1875, 11907.0, 6, 6.347014925373134, 0.2
1876, 11909.0, 2, 6.344698987746404, 0.2
1877, 11917.0, 8, 6.345580404685836, 0.2
1878, 11922.0, 5, 6.3448642895157, 0.2
1879, 11928.0, 6, 6.3446808510638295, 0.2
1880, 11934.0, 6, 6.344497607655502, 0.2
1881, 11940.0, 6, 6.344314558979809, 0.2
1882, 11947.0, 7, 6.344662772172065, 0.2
1883, 11953.0, 6, 6.34447983014862, 0.2
1884, 11959.0, 6, 6.344297082228117, 0.2
1885, 11962.0, 3, 6.342523860021209, 0.2
1886, 11962.0, 0, 6.339162692103868, 0.2
1887, 11968.0, 6, 6.338983050847458, 0.2
1888, 11974.0, 6, 6.338803599788248, 0.2
1889, 11981.0, 7, 6.339153439153439, 0.2
1890, 11986.0, 5, 6.338445267054468, 0.2
1891, 11994.0, 8, 6.339323467230444, 0.2
1892, 11997.0, 3, 6.337559429477021, 0.2
1893, 12004.0, 7, 6.337909186906019, 0.2
1894, 12010.0, 6, 6.337730870712401, 0.2
1895, 12016.0, 6, 6.337552742616034, 0.2
1896, 12021.0, 5, 6.336847654190827, 0.2
1897, 12022.0, 1, 6.334035827186512, 0.2
1898, 12028.0, 6, 6.333859926276988, 0.2
1899, 12032.0, 4, 6.332631578947368, 0.2
1900, 12039.0, 7, 6.332982640715413, 0.2
1901, 12043.0, 4, 6.331756046267087, 0.2
1902, 12048.0, 5, 6.331056227009984, 0.2
1903, 12054.0, 6, 6.330882352941177, 0.2
1904, 12060.0, 6, 6.330708661417323, 0.2
1905, 12068.0, 8, 6.331584470094438, 0.2
1906, 12075.0, 7, 6.331934976402727, 0.2
1907, 12081.0, 6, 6.331761006289308, 0.2
1908, 12089.0, 8, 6.3326348873755895, 0.2
1909, 12096.0, 7, 6.332984293193717, 0.2
1910, 12100.0, 4, 6.331763474620617, 0.2
1911, 12107.0, 7, 6.332112970711297, 0.2
1912, 12113.0, 6, 6.331939362258233, 0.2
1913, 12118.0, 5, 6.331243469174503, 0.2
1914, 12122.0, 4, 6.330026109660574, 0.2
1915, 12129.0, 7, 6.330375782881002, 0.2
1916, 12135.0, 6, 6.330203442879499, 0.2
1917, 12142.0, 7, 6.330552659019812, 0.2
1918, 12147.0, 5, 6.329859301719646, 0.2
1919, 12147.0, 0, 6.3265625, 0.2
1920, 12155.0, 8, 6.327433628318584, 0.2
1921, 12162.0, 7, 6.327783558792924, 0.2
1922, 12169.0, 7, 6.328133125325013, 0.2
1923, 12175.0, 6, 6.327962577962578, 0.2
1924, 12182.0, 7, 6.328311688311688, 0.2
1925, 12189.0, 7, 6.3286604361370715, 0.2
1926, 12197.0, 8, 6.32952776336274, 0.2
1927, 12202.0, 5, 6.328838174273859, 0.2
1928, 12209.0, 7, 6.3291861067910835, 0.2
1929, 12215.0, 6, 6.329015544041451, 0.2
1930, 12223.0, 8, 6.329880890730192, 0.2
1931, 12230.0, 7, 6.330227743271221, 0.2
1932, 12236.0, 6, 6.330056906363166, 0.2
1933, 12244.0, 8, 6.330920372285419, 0.2
1934, 12249.0, 5, 6.330232558139535, 0.2
1935, 12256.0, 7, 6.330578512396694, 0.2
1936, 12262.0, 6, 6.330407847186371, 0.2
1937, 12269.0, 7, 6.330753353973169, 0.2
1938, 12275.0, 6, 6.330582774626096, 0.2
1939, 12283.0, 8, 6.331443298969072, 0.2
1940, 12291.0, 8, 6.332302936630603, 0.2
1941, 12297.0, 6, 6.332131822863028, 0.2
1942, 12303.0, 6, 6.3319608852290274, 0.2
1943, 12310.0, 7, 6.332304526748971, 0.2
1944, 12315.0, 5, 6.331619537275064, 0.2
1945, 12322.0, 7, 6.3319630010277494, 0.2
1946, 12327.0, 5, 6.331278890600925, 0.2
1947, 12335.0, 8, 6.332135523613963, 0.2
1948, 12342.0, 7, 6.332478193945613, 0.2
1949, 12350.0, 8, 6.333333333333333, 0.2
1950, 12357.0, 7, 6.333675038441824, 0.2
1951, 12363.0, 6, 6.333504098360656, 0.2
1952, 12371.0, 8, 6.334357398873528, 0.2
1953, 12377.0, 6, 6.334186284544524, 0.2
1954, 12385.0, 8, 6.335038363171355, 0.2
1955, 12391.0, 6, 6.334867075664621, 0.2
1956, 12397.0, 6, 6.334695963208993, 0.2
1957, 12405.0, 8, 6.335546475995915, 0.2
1958, 12413.0, 8, 6.336396120469628, 0.2
1959, 12417.0, 4, 6.335204081632653, 0.2
1960, 12422.0, 5, 6.3345232024477305, 0.2
1961, 12428.0, 6, 6.334352701325178, 0.2
1962, 12431.0, 3, 6.332654100866021, 0.2
1963, 12437.0, 6, 6.332484725050916, 0.2
1964, 12444.0, 7, 6.332824427480916, 0.2
1965, 12452.0, 8, 6.333672431332655, 0.2
1966, 12460.0, 8, 6.334519572953736, 0.2
1967, 12460.0, 0, 6.33130081300813, 0.2
1968, 12463.0, 3, 6.329608938547486, 0.2
1969, 12467.0, 4, 6.328426395939086, 0.2
1970, 12472.0, 5, 6.327752409944191, 0.2
1971, 12479.0, 7, 6.328093306288032, 0.2
1972, 12485.0, 6, 6.327927014698429, 0.2
1973, 12491.0, 6, 6.327760891590679, 0.2
1974, 12491.0, 0, 6.324556962025317, 0.2
1975, 12498.0, 7, 6.324898785425101, 0.2
1976, 12498.0, 0, 6.321699544764795, 0.2
1977, 12504.0, 6, 6.321536905965622, 0.2
1978, 12510.0, 6, 6.321374431531076, 0.2
1979, 12515.0, 5, 6.320707070707071, 0.2
1980, 12522.0, 7, 6.321049974760222, 0.2
1981, 12530.0, 8, 6.321897073662966, 0.2
1982, 12538.0, 8, 6.32274331820474, 0.2
1983, 12546.0, 8, 6.323588709677419, 0.2
1984, 12551.0, 5, 6.322921914357683, 0.2
1985, 12556.0, 5, 6.322255790533736, 0.2
1986, 12564.0, 8, 6.323100150981379, 0.2
1987, 12570.0, 6, 6.322937625754527, 0.2
1988, 12577.0, 7, 6.323278029160382, 0.2
1989, 12584.0, 7, 6.323618090452261, 0.2
1990, 12591.0, 7, 6.3239578101456555, 0.2
1991, 12597.0, 6, 6.323795180722891, 0.2
1992, 12605.0, 8, 6.324636226793778, 0.2
1993, 12612.0, 7, 6.324974924774323, 0.2
1994, 12616.0, 4, 6.3238095238095235, 0.2
1995, 12621.0, 5, 6.323146292585171, 0.2
1996, 12627.0, 6, 6.322984476715073, 0.2
1997, 12634.0, 7, 6.323323323323323, 0.2
1998, 12641.0, 7, 6.323661830915458, 0.2
1999, 12649.0, 8, 6.3245, 0.2
