0, 8.0, 8, 8.0, 0.2
1, 16.0, 8, 8.0, 0.2
2, 24.0, 8, 8.0, 0.2
3, 32.0, 8, 8.0, 0.2
4, 40.0, 8, 8.0, 0.2
5, 48.0, 8, 8.0, 0.2
6, 56.0, 8, 8.0, 0.2
7, 64.0, 8, 8.0, 0.2
8, 72.0, 8, 8.0, 0.2
9, 80.0, 8, 8.0, 0.2
10, 88.0, 8, 8.0, 0.2
11, 96.0, 8, 8.0, 0.2
12, 104.0, 8, 8.0, 0.2
13, 112.0, 8, 8.0, 0.2
14, 120.0, 8, 8.0, 0.2
15, 128.0, 8, 8.0, 0.2
16, 136.0, 8, 8.0, 0.2
17, 144.0, 8, 8.0, 0.2
18, 152.0, 8, 8.0, 0.2
19, 160.0, 8, 8.0, 0.2
20, 168.0, 8, 8.0, 0.2
21, 176.0, 8, 8.0, 0.2
22, 184.0, 8, 8.0, 0.2
23, 192.0, 8, 8.0, 0.2
24, 200.0, 8, 8.0, 0.2
25, 208.0, 8, 8.0, 0.2
26, 216.0, 8, 8.0, 0.2
27, 224.0, 8, 8.0, 0.2
28, 232.0, 8, 8.0, 0.2
29, 240.0, 8, 8.0, 0.2
30, 248.0, 8, 8.0, 0.2
31, 256.0, 8, 8.0, 0.2
32, 264.0, 8, 8.0, 0.2
33, 272.0, 8, 8.0, 0.2
34, 280.0, 8, 8.0, 0.2
35, 288.0, 8, 8.0, 0.2
36, 296.0, 8, 8.0, 0.2
37, 304.0, 8, 8.0, 0.2
38, 312.0, 8, 8.0, 0.2
39, 320.0, 8, 8.0, 0.2
40, 328.0, 8, 8.0, 0.2
41, 336.0, 8, 8.0, 0.2
42, 344.0, 8, 8.0, 0.2
43, 352.0, 8, 8.0, 0.2
44, 360.0, 8, 8.0, 0.2
45, 368.0, 8, 8.0, 0.2
46, 376.0, 8, 8.0, 0.2
47, 384.0, 8, 8.0, 0.2
48, 392.0, 8, 8.0, 0.2
49, 400.0, 8, 8.0, 0.2
50, 408.0, 8, 8.0, 0.2
51, 416.0, 8, 8.0, 0.2
52, 424.0, 8, 8.0, 0.2
53, 432.0, 8, 8.0, 0.2
54, 440.0, 8, 8.0, 0.2
55, 448.0, 8, 8.0, 0.2
56, 456.0, 8, 8.0, 0.2
57, 464.0, 8, 8.0, 0.2
58, 472.0, 8, 8.0, 0.2
59, 480.0, 8, 8.0, 0.2
60, 488.0, 8, 8.0, 0.2
61, 496.0, 8, 8.0, 0.2
62, 504.0, 8, 8.0, 0.2
63, 512.0, 8, 8.0, 0.2
64, 520.0, 8, 8.0, 0.2
65, 528.0, 8, 8.0, 0.2
66, 536.0, 8, 8.0, 0.2
67, 544.0, 8, 8.0, 0.2
68, 552.0, 8, 8.0, 0.2
69, 560.0, 8, 8.0, 0.2
70, 568.0, 8, 8.0, 0.2
71, 576.0, 8, 8.0, 0.2
72, 584.0, 8, 8.0, 0.2
73, 592.0, 8, 8.0, 0.2
74, 600.0, 8, 8.0, 0.2
75, 608.0, 8, 8.0, 0.2
76, 616.0, 8, 8.0, 0.2
77, 624.0, 8, 8.0, 0.2
78, 632.0, 8, 8.0, 0.2
79, 640.0, 8, 8.0, 0.2
80, 648.0, 8, 8.0, 0.2
81, 656.0, 8, 8.0, 0.2
82, 664.0, 8, 8.0, 0.2
83, 672.0, 8, 8.0, 0.2
84, 680.0, 8, 8.0, 0.2
85, 688.0, 8, 8.0, 0.2
86, 696.0, 8, 8.0, 0.2
87, 704.0, 8, 8.0, 0.2
88, 712.0, 8, 8.0, 0.2
89, 720.0, 8, 8.0, 0.2
90, 728.0, 8, 8.0, 0.2
91, 736.0, 8, 8.0, 0.2
92, 744.0, 8, 8.0, 0.2
93, 752.0, 8, 8.0, 0.2
94, 760.0, 8, 8.0, 0.2
95, 768.0, 8, 8.0, 0.2
96, 776.0, 8, 8.0, 0.2
97, 784.0, 8, 8.0, 0.2
98, 792.0, 8, 8.0, 0.2
99, 800.0, 8, 8.0, 0.2
100, 808.0, 8, 8.0, 0.2
101, 816.0, 8, 8.0, 0.2
102, 824.0, 8, 8.0, 0.2
103, 832.0, 8, 8.0, 0.2
104, 840.0, 8, 8.0, 0.2
105, 848.0, 8, 8.0, 0.2
106, 856.0, 8, 8.0, 0.2
107, 864.0, 8, 8.0, 0.2
108, 872.0, 8, 8.0, 0.2
109, 880.0, 8, 8.0, 0.2
110, 888.0, 8, 8.0, 0.2
111, 896.0, 8, 8.0, 0.2
112, 904.0, 8, 8.0, 0.2
113, 912.0, 8, 8.0, 0.2
114, 913.0, 1, 7.939130434782609, 0.2
115, 918.0, 5, 7.913793103448276, 0.2
116, 923.0, 5, 7.888888888888889, 0.2
117, 930.0, 7, 7.88135593220339, 0.2
118, 937.0, 7, 7.873949579831932, 0.2
119, 943.0, 6, 7.858333333333333, 0.2
120, 949.0, 6, 7.8429752066115705, 0.2
121, 954.0, 5, 7.819672131147541, 0.2
122, 962.0, 8, 7.821138211382114, 0.2
123, 969.0, 7, 7.814516129032258, 0.2
124, 974.0, 5, 7.792, 0.2
125, 981.0, 7, 7.785714285714286, 0.2
126, 988.0, 7, 7.7795275590551185, 0.2
127, 995.0, 7, 7.7734375, 0.2
128, 1000.0, 5, 7.751937984496124, 0.2
129, 1007.0, 7, 7.746153846153846, 0.2
130, 1013.0, 6, 7.732824427480916, 0.2
131, 1019.0, 6, 7.71969696969697, 0.2
132, 1026.0, 7, 7.714285714285714, 0.2
133, 1033.0, 7, 7.708955223880597, 0.2
134, 1039.0, 6, 7.696296296296296, 0.2
135, 1046.0, 7, 7.6911764705882355, 0.2
136, 1051.0, 5, 7.671532846715328, 0.2
137, 1059.0, 8, 7.673913043478261, 0.2
138, 1067.0, 8, 7.676258992805756, 0.2
139, 1074.0, 7, 7.671428571428572, 0.2
140, 1079.0, 5, 7.652482269503546, 0.2
141, 1085.0, 6, 7.640845070422535, 0.2
142, 1091.0, 6, 7.629370629370629, 0.2
143, 1099.0, 8, 7.631944444444445, 0.2
144, 1105.0, 6, 7.620689655172414, 0.2
145, 1111.0, 6, 7.609589041095891, 0.2
146, 1117.0, 6, 7.598639455782313, 0.2
147, 1125.0, 8, 7.601351351351352, 0.2
148, 1132.0, 7, 7.597315436241611, 0.2
149, 1138.0, 6, 7.586666666666667, 0.2
150, 1145.0, 7, 7.582781456953643, 0.2
151, 1150.0, 5, 7.565789473684211, 0.2
152, 1156.0, 6, 7.555555555555555, 0.2
153, 1162.0, 6, 7.545454545454546, 0.2
154, 1169.0, 7, 7.541935483870968, 0.2
155, 1177.0, 8, 7.544871794871795, 0.2
156, 1182.0, 5, 7.528662420382165, 0.2
157, 1188.0, 6, 7.518987341772152, 0.2
158, 1196.0, 8, 7.522012578616352, 0.2
159, 1203.0, 7, 7.51875, 0.2
160, 1211.0, 8, 7.521739130434782, 0.2
161, 1218.0, 7, 7.518518518518518, 0.2
162, 1226.0, 8, 7.521472392638037, 0.2
163, 1232.0, 6, 7.512195121951219, 0.2
164, 1239.0, 7, 7.509090909090909, 0.2
165, 1244.0, 5, 7.493975903614458, 0.2
166, 1252.0, 8, 7.497005988023952, 0.2
167, 1254.0, 2, 7.464285714285714, 0.2
168, 1261.0, 7, 7.461538461538462, 0.2
169, 1267.0, 6, 7.452941176470588, 0.2
170, 1273.0, 6, 7.444444444444445, 0.2
171, 1281.0, 8, 7.4476744186046515, 0.2
172, 1287.0, 6, 7.4393063583815024, 0.2
173, 1288.0, 1, 7.402298850574713, 0.2
174, 1295.0, 7, 7.4, 0.2
175, 1300.0, 5, 7.386363636363637, 0.2
176, 1307.0, 7, 7.3841807909604515, 0.2
177, 1313.0, 6, 7.376404494382022, 0.2
178, 1321.0, 8, 7.379888268156424, 0.2
179, 1328.0, 7, 7.377777777777778, 0.2
180, 1335.0, 7, 7.375690607734807, 0.2
181, 1341.0, 6, 7.368131868131868, 0.2
182, 1348.0, 7, 7.366120218579235, 0.2
183, 1355.0, 7, 7.364130434782608, 0.2
184, 1360.0, 5, 7.351351351351352, 0.2
185, 1368.0, 8, 7.354838709677419, 0.2
186, 1374.0, 6, 7.347593582887701, 0.2
187, 1378.0, 4, 7.329787234042553, 0.2
188, 1384.0, 6, 7.322751322751323, 0.2
189, 1392.0, 8, 7.326315789473684, 0.2
190, 1398.0, 6, 7.319371727748691, 0.2
191, 1404.0, 6, 7.3125, 0.2
192, 1411.0, 7, 7.310880829015544, 0.2
193, 1414.0, 3, 7.288659793814433, 0.2
194, 1420.0, 6, 7.282051282051282, 0.2
195, 1423.0, 3, 7.260204081632653, 0.2
196, 1431.0, 8, 7.2639593908629445, 0.2
197, 1438.0, 7, 7.262626262626263, 0.2
198, 1445.0, 7, 7.261306532663316, 0.2
199, 1449.0, 4, 7.245, 0.2
200, 1455.0, 6, 7.2388059701492535, 0.2
201, 1463.0, 8, 7.242574257425742, 0.2
202, 1470.0, 7, 7.241379310344827, 0.2
203, 1472.0, 2, 7.215686274509804, 0.2
204, 1478.0, 6, 7.209756097560976, 0.2
205, 1484.0, 6, 7.203883495145631, 0.2
206, 1490.0, 6, 7.1980676328502415, 0.2
207, 1496.0, 6, 7.1923076923076925, 0.2
208, 1496.0, 0, 7.157894736842105, 0.2
209, 1500.0, 4, 7.142857142857143, 0.2
210, 1505.0, 5, 7.132701421800948, 0.2
211, 1512.0, 7, 7.132075471698113, 0.2
212, 1520.0, 8, 7.136150234741784, 0.2
213, 1525.0, 5, 7.126168224299065, 0.2
214, 1528.0, 3, 7.1069767441860465, 0.2
215, 1535.0, 7, 7.106481481481482, 0.2
216, 1539.0, 4, 7.092165898617512, 0.2
217, 1545.0, 6, 7.087155963302752, 0.2
218, 1550.0, 5, 7.077625570776256, 0.2
219, 1557.0, 7, 7.077272727272727, 0.2
220, 1563.0, 6, 7.072398190045249, 0.2
221, 1569.0, 6, 7.0675675675675675, 0.2
222, 1576.0, 7, 7.067264573991031, 0.2
223, 1582.0, 6, 7.0625, 0.2
224, 1588.0, 6, 7.057777777777778, 0.2
225, 1592.0, 4, 7.04424778761062, 0.2
226, 1600.0, 8, 7.048458149779735, 0.2
227, 1607.0, 7, 7.048245614035087, 0.2
228, 1614.0, 7, 7.048034934497816, 0.2
229, 1621.0, 7, 7.047826086956522, 0.2
230, 1626.0, 5, 7.038961038961039, 0.2
231, 1631.0, 5, 7.030172413793103, 0.2
232, 1635.0, 4, 7.017167381974249, 0.2
233, 1641.0, 6, 7.012820512820513, 0.2
234, 1647.0, 6, 7.008510638297873, 0.2
235, 1653.0, 6, 7.004237288135593, 0.2
236, 1661.0, 8, 7.008438818565401, 0.2
237, 1668.0, 7, 7.008403361344538, 0.2
238, 1676.0, 8, 7.01255230125523, 0.2
239, 1684.0, 8, 7.016666666666667, 0.2
240, 1690.0, 6, 7.012448132780083, 0.2
241, 1693.0, 3, 6.9958677685950414, 0.2
242, 1698.0, 5, 6.987654320987654, 0.2
243, 1704.0, 6, 6.983606557377049, 0.2
244, 1711.0, 7, 6.983673469387755, 0.2
245, 1718.0, 7, 6.983739837398374, 0.2
246, 1725.0, 7, 6.983805668016195, 0.2
247, 1731.0, 6, 6.979838709677419, 0.2
248, 1736.0, 5, 6.971887550200803, 0.2
249, 1743.0, 7, 6.972, 0.2
250, 1750.0, 7, 6.972111553784861, 0.2
251, 1755.0, 5, 6.964285714285714, 0.2
252, 1761.0, 6, 6.9604743083003955, 0.2
253, 1768.0, 7, 6.960629921259843, 0.2
254, 1774.0, 6, 6.956862745098039, 0.2
255, 1780.0, 6, 6.953125, 0.2
256, 1785.0, 5, 6.945525291828794, 0.2
257, 1793.0, 8, 6.949612403100775, 0.2
258, 1800.0, 7, 6.94980694980695, 0.2
259, 1805.0, 5, 6.9423076923076925, 0.2
260, 1813.0, 8, 6.946360153256705, 0.2
261, 1821.0, 8, 6.950381679389313, 0.2
262, 1829.0, 8, 6.9543726235741445, 0.2
263, 1836.0, 7, 6.954545454545454, 0.2
264, 1842.0, 6, 6.950943396226415, 0.2
265, 1844.0, 2, 6.932330827067669, 0.2
266, 1851.0, 7, 6.932584269662922, 0.2
267, 1859.0, 8, 6.936567164179104, 0.2
268, 1865.0, 6, 6.933085501858736, 0.2
269, 1872.0, 7, 6.933333333333334, 0.2
270, 1878.0, 6, 6.929889298892989, 0.2
271, 1884.0, 6, 6.926470588235294, 0.2
272, 1890.0, 6, 6.923076923076923, 0.2
273, 1895.0, 5, 6.916058394160584, 0.2
274, 1899.0, 4, 6.905454545454545, 0.2
275, 1905.0, 6, 6.9021739130434785, 0.2
276, 1910.0, 5, 6.8953068592057765, 0.2
277, 1916.0, 6, 6.892086330935252, 0.2
278, 1920.0, 4, 6.881720430107527, 0.2
279, 1921.0, 1, 6.860714285714286, 0.2
280, 1927.0, 6, 6.857651245551601, 0.2
281, 1935.0, 8, 6.861702127659575, 0.2
282, 1942.0, 7, 6.862190812720848, 0.2
283, 1949.0, 7, 6.862676056338028, 0.2
284, 1957.0, 8, 6.866666666666666, 0.2
285, 1963.0, 6, 6.863636363636363, 0.2
286, 1970.0, 7, 6.86411149825784, 0.2
287, 1977.0, 7, 6.864583333333333, 0.2
288, 1985.0, 8, 6.868512110726644, 0.2
289, 1992.0, 7, 6.86896551724138, 0.2
290, 1997.0, 5, 6.86254295532646, 0.2
291, 2002.0, 5, 6.8561643835616435, 0.2
292, 2007.0, 5, 6.849829351535837, 0.2
293, 2015.0, 8, 6.85374149659864, 0.2
294, 2018.0, 3, 6.840677966101695, 0.2
295, 2024.0, 6, 6.837837837837838, 0.2
296, 2031.0, 7, 6.838383838383838, 0.2
297, 2039.0, 8, 6.842281879194631, 0.2
298, 2043.0, 4, 6.832775919732441, 0.2
299, 2048.0, 5, 6.826666666666667, 0.2
300, 2055.0, 7, 6.827242524916944, 0.2
301, 2060.0, 5, 6.821192052980132, 0.2
302, 2067.0, 7, 6.821782178217822, 0.2
303, 2073.0, 6, 6.819078947368421, 0.2
304, 2078.0, 5, 6.81311475409836, 0.2
305, 2080.0, 2, 6.7973856209150325, 0.2
306, 2087.0, 7, 6.798045602605863, 0.2
307, 2095.0, 8, 6.8019480519480515, 0.2
308, 2099.0, 4, 6.792880258899676, 0.2
309, 2105.0, 6, 6.790322580645161, 0.2
310, 2111.0, 6, 6.787781350482315, 0.2
311, 2117.0, 6, 6.785256410256411, 0.2
312, 2122.0, 5, 6.779552715654952, 0.2
313, 2128.0, 6, 6.777070063694268, 0.2
314, 2130.0, 2, 6.761904761904762, 0.2
315, 2135.0, 5, 6.756329113924051, 0.2
316, 2140.0, 5, 6.750788643533123, 0.2
317, 2147.0, 7, 6.751572327044025, 0.2
318, 2153.0, 6, 6.7492163009404385, 0.2
319, 2160.0, 7, 6.75, 0.2
320, 2167.0, 7, 6.750778816199377, 0.2
321, 2169.0, 2, 6.736024844720497, 0.2
322, 2176.0, 7, 6.7368421052631575, 0.2
323, 2183.0, 7, 6.737654320987654, 0.2
324, 2190.0, 7, 6.7384615384615385, 0.2
325, 2197.0, 7, 6.7392638036809815, 0.2
326, 2203.0, 6, 6.7370030581039755, 0.2
327, 2206.0, 3, 6.725609756097561, 0.2
328, 2211.0, 5, 6.720364741641338, 0.2
329, 2218.0, 7, 6.721212121212122, 0.2
330, 2224.0, 6, 6.719033232628399, 0.2
331, 2228.0, 4, 6.710843373493976, 0.2
332, 2233.0, 5, 6.7057057057057055, 0.2
333, 2237.0, 4, 6.697604790419161, 0.2
334, 2243.0, 6, 6.695522388059701, 0.2
335, 2251.0, 8, 6.699404761904762, 0.2
336, 2258.0, 7, 6.700296735905044, 0.2
337, 2264.0, 6, 6.6982248520710055, 0.2
338, 2271.0, 7, 6.699115044247788, 0.2
339, 2278.0, 7, 6.7, 0.2
340, 2286.0, 8, 6.703812316715543, 0.2
341, 2291.0, 5, 6.6988304093567255, 0.2
342, 2298.0, 7, 6.699708454810495, 0.2
343, 2302.0, 4, 6.691860465116279, 0.2
344, 2302.0, 0, 6.672463768115942, 0.2
345, 2308.0, 6, 6.670520231213873, 0.2
346, 2311.0, 3, 6.659942363112392, 0.2
347, 2315.0, 4, 6.652298850574713, 0.2
348, 2321.0, 6, 6.650429799426934, 0.2
349, 2327.0, 6, 6.648571428571429, 0.2
350, 2333.0, 6, 6.646723646723647, 0.2
351, 2340.0, 7, 6.6477272727272725, 0.2
352, 2345.0, 5, 6.643059490084986, 0.2
353, 2350.0, 5, 6.638418079096045, 0.2
354, 2358.0, 8, 6.642253521126761, 0.2
355, 2360.0, 2, 6.629213483146067, 0.2
356, 2365.0, 5, 6.624649859943977, 0.2
357, 2371.0, 6, 6.622905027932961, 0.2
358, 2378.0, 7, 6.623955431754875, 0.2
359, 2384.0, 6, 6.622222222222222, 0.2
360, 2392.0, 8, 6.626038781163435, 0.2
361, 2397.0, 5, 6.621546961325967, 0.2
362, 2403.0, 6, 6.619834710743802, 0.2
363, 2409.0, 6, 6.618131868131868, 0.2
364, 2416.0, 7, 6.619178082191781, 0.2
365, 2423.0, 7, 6.620218579234972, 0.2
366, 2431.0, 8, 6.623978201634878, 0.2
367, 2438.0, 7, 6.625, 0.2
368, 2446.0, 8, 6.6287262872628725, 0.2
369, 2454.0, 8, 6.632432432432433, 0.2
370, 2460.0, 6, 6.630727762803234, 0.2
371, 2467.0, 7, 6.631720430107527, 0.2
372, 2471.0, 4, 6.624664879356568, 0.2
373, 2477.0, 6, 6.622994652406417, 0.2
374, 2483.0, 6, 6.621333333333333, 0.2
375, 2489.0, 6, 6.61968085106383, 0.2
376, 2493.0, 4, 6.612732095490716, 0.2
377, 2500.0, 7, 6.613756613756614, 0.2
378, 2506.0, 6, 6.612137203166227, 0.2
379, 2512.0, 6, 6.610526315789474, 0.2
380, 2520.0, 8, 6.6141732283464565, 0.2
381, 2525.0, 5, 6.609947643979058, 0.2
382, 2532.0, 7, 6.610966057441253, 0.2
383, 2537.0, 5, 6.606770833333333, 0.2
384, 2544.0, 7, 6.607792207792208, 0.2
385, 2551.0, 7, 6.608808290155441, 0.2
386, 2552.0, 1, 6.594315245478036, 0.2
387, 2558.0, 6, 6.592783505154639, 0.2
388, 2566.0, 8, 6.596401028277635, 0.2
389, 2571.0, 5, 6.592307692307692, 0.2
390, 2579.0, 8, 6.595907928388747, 0.2
391, 2580.0, 1, 6.581632653061225, 0.2
392, 2588.0, 8, 6.585241730279898, 0.2
393, 2594.0, 6, 6.583756345177665, 0.2
394, 2600.0, 6, 6.582278481012659, 0.2
395, 2607.0, 7, 6.583333333333333, 0.2
396, 2611.0, 4, 6.576826196473552, 0.2
397, 2612.0, 1, 6.562814070351759, 0.2
398, 2618.0, 6, 6.56140350877193, 0.2
399, 2623.0, 5, 6.5575, 0.2
400, 2625.0, 2, 6.546134663341646, 0.2
401, 2631.0, 6, 6.544776119402985, 0.2
402, 2637.0, 6, 6.543424317617866, 0.2
403, 2641.0, 4, 6.537128712871287, 0.2
404, 2648.0, 7, 6.538271604938272, 0.2
405, 2651.0, 3, 6.529556650246305, 0.2
406, 2658.0, 7, 6.530712530712531, 0.2
407, 2662.0, 4, 6.5245098039215685, 0.2
408, 2668.0, 6, 6.52322738386308, 0.2
409, 2676.0, 8, 6.5268292682926825, 0.2
410, 2681.0, 5, 6.523114355231144, 0.2
411, 2688.0, 7, 6.524271844660194, 0.2
412, 2695.0, 7, 6.52542372881356, 0.2
413, 2700.0, 5, 6.521739130434782, 0.2
414, 2708.0, 8, 6.525301204819277, 0.2
415, 2715.0, 7, 6.5264423076923075, 0.2
416, 2722.0, 7, 6.52757793764988, 0.2
417, 2729.0, 7, 6.528708133971292, 0.2
418, 2737.0, 8, 6.5322195704057275, 0.2
419, 2744.0, 7, 6.533333333333333, 0.2
420, 2750.0, 6, 6.532066508313539, 0.2
421, 2756.0, 6, 6.530805687203792, 0.2
422, 2763.0, 7, 6.531914893617022, 0.2
423, 2767.0, 4, 6.525943396226415, 0.2
424, 2772.0, 5, 6.522352941176471, 0.2
425, 2776.0, 4, 6.516431924882629, 0.2
426, 2783.0, 7, 6.517564402810304, 0.2
427, 2788.0, 5, 6.514018691588785, 0.2
428, 2794.0, 6, 6.512820512820513, 0.2
429, 2799.0, 5, 6.5093023255813955, 0.2
430, 2804.0, 5, 6.505800464037123, 0.2
431, 2811.0, 7, 6.506944444444445, 0.2
432, 2819.0, 8, 6.510392609699769, 0.2
433, 2827.0, 8, 6.513824884792626, 0.2
434, 2834.0, 7, 6.514942528735633, 0.2
435, 2841.0, 7, 6.51605504587156, 0.2
436, 2844.0, 3, 6.508009153318078, 0.2
437, 2852.0, 8, 6.511415525114155, 0.2
438, 2858.0, 6, 6.510250569476082, 0.2
439, 2866.0, 8, 6.513636363636364, 0.2
440, 2870.0, 4, 6.507936507936508, 0.2
441, 2878.0, 8, 6.51131221719457, 0.2
442, 2881.0, 3, 6.503386004514673, 0.2
443, 2889.0, 8, 6.506756756756757, 0.2
444, 2894.0, 5, 6.503370786516854, 0.2
445, 2901.0, 7, 6.504484304932736, 0.2
446, 2907.0, 6, 6.503355704697986, 0.2
447, 2910.0, 3, 6.495535714285714, 0.2
448, 2914.0, 4, 6.489977728285078, 0.2
449, 2918.0, 4, 6.484444444444445, 0.2
450, 2926.0, 8, 6.487804878048781, 0.2
451, 2931.0, 5, 6.484513274336283, 0.2
452, 2937.0, 6, 6.483443708609271, 0.2
453, 2942.0, 5, 6.4801762114537445, 0.2
454, 2948.0, 6, 6.479120879120879, 0.2
455, 2952.0, 4, 6.473684210526316, 0.2
456, 2958.0, 6, 6.472647702407002, 0.2
457, 2965.0, 7, 6.473799126637554, 0.2
458, 2971.0, 6, 6.47276688453159, 0.2
459, 2975.0, 4, 6.467391304347826, 0.2
460, 2981.0, 6, 6.466377440347071, 0.2
461, 2986.0, 5, 6.463203463203463, 0.2
462, 2991.0, 5, 6.460043196544277, 0.2
463, 2999.0, 8, 6.463362068965517, 0.2
464, 3007.0, 8, 6.466666666666667, 0.2
465, 3014.0, 7, 6.467811158798283, 0.2
466, 3021.0, 7, 6.4689507494646685, 0.2
467, 3027.0, 6, 6.467948717948718, 0.2
468, 3031.0, 4, 6.462686567164179, 0.2
469, 3037.0, 6, 6.461702127659574, 0.2
470, 3042.0, 5, 6.45859872611465, 0.2
471, 3048.0, 6, 6.4576271186440675, 0.2
472, 3054.0, 6, 6.456659619450317, 0.2
473, 3060.0, 6, 6.455696202531645, 0.2
474, 3066.0, 6, 6.454736842105263, 0.2
475, 3074.0, 8, 6.457983193277311, 0.2
476, 3074.0, 0, 6.444444444444445, 0.2
477, 3078.0, 4, 6.439330543933054, 0.2
478, 3084.0, 6, 6.438413361169102, 0.2
479, 3089.0, 5, 6.435416666666667, 0.2
480, 3095.0, 6, 6.4345114345114345, 0.2
481, 3103.0, 8, 6.437759336099585, 0.2
482, 3107.0, 4, 6.432712215320911, 0.2
483, 3113.0, 6, 6.431818181818182, 0.2
484, 3113.0, 0, 6.418556701030928, 0.2
485, 3117.0, 4, 6.41358024691358, 0.2
486, 3121.0, 4, 6.408624229979466, 0.2
487, 3128.0, 7, 6.409836065573771, 0.2
488, 3134.0, 6, 6.408997955010225, 0.2
489, 3140.0, 6, 6.408163265306122, 0.2
490, 3148.0, 8, 6.411405295315682, 0.2
491, 3156.0, 8, 6.414634146341464, 0.2
492, 3159.0, 3, 6.407707910750507, 0.2
493, 3165.0, 6, 6.406882591093117, 0.2
494, 3167.0, 2, 6.397979797979798, 0.2
495, 3174.0, 7, 6.399193548387097, 0.2
496, 3181.0, 7, 6.400402414486922, 0.2
497, 3189.0, 8, 6.403614457831325, 0.2
498, 3196.0, 7, 6.404809619238477, 0.2
499, 3201.0, 5, 6.402, 0.2
500, 3206.0, 5, 6.399201596806387, 0.2
501, 3212.0, 6, 6.398406374501992, 0.2
502, 3220.0, 8, 6.401590457256461, 0.2
503, 3223.0, 3, 6.39484126984127, 0.2
504, 3229.0, 6, 6.394059405940594, 0.2
505, 3235.0, 6, 6.393280632411067, 0.2
506, 3241.0, 6, 6.392504930966469, 0.2
507, 3248.0, 7, 6.393700787401575, 0.2
508, 3255.0, 7, 6.394891944990177, 0.2
509, 3260.0, 5, 6.392156862745098, 0.2
510, 3266.0, 6, 6.391389432485323, 0.2
511, 3273.0, 7, 6.392578125, 0.2
512, 3279.0, 6, 6.391812865497076, 0.2
513, 3286.0, 7, 6.392996108949417, 0.2
514, 3293.0, 7, 6.3941747572815535, 0.2
515, 3299.0, 6, 6.3934108527131785, 0.2
516, 3302.0, 3, 6.386847195357833, 0.2
517, 3304.0, 2, 6.378378378378378, 0.2
518, 3310.0, 6, 6.377649325626204, 0.2
519, 3317.0, 7, 6.378846153846154, 0.2
520, 3324.0, 7, 6.380038387715931, 0.2
521, 3331.0, 7, 6.381226053639847, 0.2
522, 3337.0, 6, 6.3804971319311665, 0.2
523, 3344.0, 7, 6.3816793893129775, 0.2
524, 3352.0, 8, 6.384761904761905, 0.2
525, 3359.0, 7, 6.385931558935361, 0.2
526, 3360.0, 1, 6.375711574952562, 0.2
527, 3365.0, 5, 6.3731060606060606, 0.2
528, 3370.0, 5, 6.370510396975425, 0.2
529, 3377.0, 7, 6.371698113207547, 0.2
530, 3383.0, 6, 6.370998116760829, 0.2
531, 3389.0, 6, 6.370300751879699, 0.2
532, 3392.0, 3, 6.3639774859287055, 0.2
533, 3399.0, 7, 6.365168539325842, 0.2
534, 3406.0, 7, 6.366355140186916, 0.2
535, 3412.0, 6, 6.365671641791045, 0.2
536, 3419.0, 7, 6.366852886405959, 0.2
537, 3426.0, 7, 6.368029739776952, 0.2
538, 3426.0, 0, 6.3562152133580705, 0.2
539, 3430.0, 4, 6.351851851851852, 0.2
540, 3436.0, 6, 6.351201478743068, 0.2
541, 3443.0, 7, 6.35239852398524, 0.2
542, 3451.0, 8, 6.355432780847146, 0.2
543, 3458.0, 7, 6.356617647058823, 0.2
544, 3463.0, 5, 6.354128440366972, 0.2
545, 3471.0, 8, 6.357142857142857, 0.2
546, 3478.0, 7, 6.358318098720292, 0.2
547, 3478.0, 0, 6.346715328467154, 0.2
548, 3485.0, 7, 6.347905282331512, 0.2
549, 3492.0, 7, 6.349090909090909, 0.2
550, 3497.0, 5, 6.346642468239565, 0.2
551, 3501.0, 4, 6.342391304347826, 0.2
552, 3508.0, 7, 6.343580470162749, 0.2
553, 3515.0, 7, 6.344765342960288, 0.2
554, 3521.0, 6, 6.344144144144144, 0.2
555, 3528.0, 7, 6.345323741007194, 0.2
556, 3534.0, 6, 6.344703770197486, 0.2
557, 3540.0, 6, 6.344086021505376, 0.2
558, 3547.0, 7, 6.34525939177102, 0.2
559, 3552.0, 5, 6.3428571428571425, 0.2
560, 3557.0, 5, 6.340463458110517, 0.2
561, 3564.0, 7, 6.341637010676156, 0.2
562, 3569.0, 5, 6.339253996447602, 0.2
563, 3576.0, 7, 6.340425531914893, 0.2
564, 3577.0, 1, 6.330973451327433, 0.2
565, 3583.0, 6, 6.330388692579505, 0.2
566, 3589.0, 6, 6.329805996472663, 0.2
567, 3597.0, 8, 6.332746478873239, 0.2
568, 3597.0, 0, 6.321616871704745, 0.2
569, 3604.0, 7, 6.32280701754386, 0.2
570, 3609.0, 5, 6.3204903677758315, 0.2
571, 3613.0, 4, 6.316433566433567, 0.2
572, 3619.0, 6, 6.315881326352531, 0.2
573, 3624.0, 5, 6.313588850174216, 0.2
574, 3631.0, 7, 6.314782608695652, 0.2
575, 3639.0, 8, 6.317708333333333, 0.2
576, 3646.0, 7, 6.318890814558059, 0.2
577, 3652.0, 6, 6.318339100346021, 0.2
578, 3659.0, 7, 6.319516407599309, 0.2
579, 3667.0, 8, 6.322413793103448, 0.2
580, 3674.0, 7, 6.323580034423408, 0.2
581, 3681.0, 7, 6.324742268041237, 0.2
582, 3683.0, 2, 6.317324185248713, 0.2
583, 3687.0, 4, 6.313356164383562, 0.2
584, 3689.0, 2, 6.305982905982906, 0.2
585, 3696.0, 7, 6.30716723549488, 0.2
586, 3703.0, 7, 6.308347529812607, 0.2
587, 3711.0, 8, 6.311224489795919, 0.2
588, 3718.0, 7, 6.312393887945671, 0.2
589, 3718.0, 0, 6.301694915254237, 0.2
590, 3723.0, 5, 6.299492385786802, 0.2
591, 3731.0, 8, 6.302364864864865, 0.2
592, 3737.0, 6, 6.301854974704891, 0.2
593, 3737.0, 0, 6.2912457912457915, 0.2
594, 3743.0, 6, 6.290756302521008, 0.2
595, 3751.0, 8, 6.293624161073826, 0.2
596, 3757.0, 6, 6.293132328308208, 0.2
597, 3764.0, 7, 6.294314381270903, 0.2
598, 3772.0, 8, 6.297161936560935, 0.2
599, 3780.0, 8, 6.3, 0.2
600, 3784.0, 4, 6.2961730449251245, 0.2
601, 3788.0, 4, 6.292358803986711, 0.2
602, 3796.0, 8, 6.295190713101161, 0.2
603, 3799.0, 3, 6.289735099337748, 0.2
604, 3805.0, 6, 6.289256198347108, 0.2
605, 3812.0, 7, 6.29042904290429, 0.2
606, 3812.0, 0, 6.28006589785832, 0.2
607, 3815.0, 3, 6.274671052631579, 0.2
608, 3817.0, 2, 6.267651888341543, 0.2
609, 3820.0, 3, 6.262295081967213, 0.2
610, 3821.0, 1, 6.253682487725041, 0.2
611, 3826.0, 5, 6.251633986928105, 0.2
612, 3833.0, 7, 6.252854812398042, 0.2
613, 3838.0, 5, 6.250814332247557, 0.2
614, 3843.0, 5, 6.248780487804878, 0.2
615, 3851.0, 8, 6.251623376623376, 0.2
616, 3858.0, 7, 6.252836304700162, 0.2
617, 3863.0, 5, 6.250809061488673, 0.2
618, 3868.0, 5, 6.248788368336026, 0.2
619, 3876.0, 8, 6.251612903225807, 0.2
620, 3876.0, 0, 6.241545893719807, 0.2
621, 3883.0, 7, 6.242765273311897, 0.2
622, 3889.0, 6, 6.242375601926164, 0.2
623, 3896.0, 7, 6.243589743589744, 0.2
624, 3901.0, 5, 6.2416, 0.2
625, 3908.0, 7, 6.242811501597444, 0.2
626, 3916.0, 8, 6.245614035087719, 0.2
627, 3922.0, 6, 6.245222929936306, 0.2
628, 3928.0, 6, 6.24483306836248, 0.2
629, 3936.0, 8, 6.247619047619048, 0.2
630, 3944.0, 8, 6.250396196513471, 0.2
631, 3945.0, 1, 6.242088607594937, 0.2
632, 3948.0, 3, 6.23696682464455, 0.2
633, 3948.0, 0, 6.2271293375394325, 0.2
634, 3956.0, 8, 6.22992125984252, 0.2
635, 3962.0, 6, 6.229559748427673, 0.2
636, 3970.0, 8, 6.232339089481947, 0.2
637, 3978.0, 8, 6.235109717868339, 0.2
638, 3985.0, 7, 6.236306729264475, 0.2
639, 3991.0, 6, 6.2359375, 0.2
640, 3998.0, 7, 6.237129485179407, 0.2
641, 4004.0, 6, 6.2367601246105915, 0.2
642, 4009.0, 5, 6.234836702954899, 0.2
643, 4015.0, 6, 6.234472049689441, 0.2
644, 4022.0, 7, 6.235658914728682, 0.2
645, 4029.0, 7, 6.2368421052631575, 0.2
646, 4033.0, 4, 6.23338485316847, 0.2
647, 4038.0, 5, 6.231481481481482, 0.2
648, 4041.0, 3, 6.2265023112480735, 0.2
649, 4048.0, 7, 6.227692307692307, 0.2
650, 4055.0, 7, 6.228878648233487, 0.2
651, 4062.0, 7, 6.230061349693251, 0.2
652, 4070.0, 8, 6.232771822358346, 0.2
653, 4078.0, 8, 6.235474006116208, 0.2
654, 4084.0, 6, 6.235114503816794, 0.2
655, 4090.0, 6, 6.234756097560975, 0.2
656, 4097.0, 7, 6.235920852359208, 0.2
657, 4103.0, 6, 6.235562310030395, 0.2
658, 4109.0, 6, 6.235204855842185, 0.2
659, 4116.0, 7, 6.236363636363636, 0.2
660, 4124.0, 8, 6.2390317700453854, 0.2
661, 4131.0, 7, 6.240181268882175, 0.2
662, 4138.0, 7, 6.24132730015083, 0.2
663, 4142.0, 4, 6.2379518072289155, 0.2
664, 4147.0, 5, 6.23609022556391, 0.2
665, 4152.0, 5, 6.2342342342342345, 0.2
666, 4160.0, 8, 6.2368815592203894, 0.2
667, 4164.0, 4, 6.233532934131737, 0.2
668, 4171.0, 7, 6.234678624813154, 0.2
669, 4178.0, 7, 6.235820895522388, 0.2
670, 4185.0, 7, 6.236959761549925, 0.2
671, 4190.0, 5, 6.2351190476190474, 0.2
672, 4198.0, 8, 6.237741456166419, 0.2
673, 4199.0, 1, 6.229970326409496, 0.2
674, 4202.0, 3, 6.225185185185185, 0.2
675, 4206.0, 4, 6.22189349112426, 0.2
676, 4214.0, 8, 6.224519940915805, 0.2
677, 4221.0, 7, 6.225663716814159, 0.2
678, 4223.0, 2, 6.219440353460972, 0.2
679, 4228.0, 5, 6.2176470588235295, 0.2
680, 4234.0, 6, 6.217327459618208, 0.2
681, 4241.0, 7, 6.218475073313783, 0.2
682, 4246.0, 5, 6.216691068814056, 0.2
683, 4254.0, 8, 6.219298245614035, 0.2
684, 4256.0, 2, 6.213138686131387, 0.2
685, 4263.0, 7, 6.214285714285714, 0.2
686, 4268.0, 5, 6.212518195050946, 0.2
687, 4273.0, 5, 6.210755813953488, 0.2
688, 4281.0, 8, 6.213352685050798, 0.2
689, 4288.0, 7, 6.214492753623189, 0.2
690, 4289.0, 1, 6.206946454413893, 0.2
691, 4296.0, 7, 6.208092485549133, 0.2
692, 4297.0, 1, 6.2005772005772, 0.2
693, 4304.0, 7, 6.2017291066282425, 0.2
694, 4308.0, 4, 6.1985611510791365, 0.2
695, 4313.0, 5, 6.19683908045977, 0.2
696, 4318.0, 5, 6.195121951219512, 0.2
697, 4324.0, 6, 6.19484240687679, 0.2
698, 4328.0, 4, 6.19170243204578, 0.2
699, 4328.0, 0, 6.182857142857143, 0.2
700, 4335.0, 7, 6.184022824536377, 0.2
701, 4336.0, 1, 6.176638176638177, 0.2
702, 4342.0, 6, 6.176386913229019, 0.2
703, 4348.0, 6, 6.176136363636363, 0.2
704, 4356.0, 8, 6.178723404255319, 0.2
705, 4360.0, 4, 6.175637393767706, 0.2
706, 4366.0, 6, 6.175388967468176, 0.2
707, 4374.0, 8, 6.177966101694915, 0.2
708, 4374.0, 0, 6.169252468265162, 0.2
709, 4382.0, 8, 6.171830985915493, 0.2
710, 4390.0, 8, 6.174402250351617, 0.2
711, 4396.0, 6, 6.174157303370786, 0.2
712, 4401.0, 5, 6.172510518934081, 0.2
713, 4401.0, 0, 6.163865546218488, 0.2
714, 4407.0, 6, 6.163636363636364, 0.2
715, 4414.0, 7, 6.164804469273743, 0.2
716, 4419.0, 5, 6.163179916317992, 0.2
717, 4425.0, 6, 6.162952646239554, 0.2
718, 4431.0, 6, 6.162726008344923, 0.2
719, 4433.0, 2, 6.156944444444444, 0.2
720, 4440.0, 7, 6.158113730929265, 0.2
721, 4448.0, 8, 6.160664819944598, 0.2
722, 4453.0, 5, 6.159059474412172, 0.2
723, 4459.0, 6, 6.1588397790055245, 0.2
724, 4465.0, 6, 6.158620689655172, 0.2
725, 4465.0, 0, 6.150137741046832, 0.2
726, 4467.0, 2, 6.144429160935351, 0.2
727, 4474.0, 7, 6.145604395604396, 0.2
728, 4477.0, 3, 6.141289437585734, 0.2
729, 4479.0, 2, 6.135616438356164, 0.2
730, 4480.0, 1, 6.12859097127223, 0.2
731, 4487.0, 7, 6.129781420765028, 0.2
732, 4492.0, 5, 6.128240109140519, 0.2
733, 4499.0, 7, 6.129427792915531, 0.2
734, 4506.0, 7, 6.130612244897959, 0.2
735, 4510.0, 4, 6.127717391304348, 0.2
736, 4513.0, 3, 6.123473541383989, 0.2
737, 4520.0, 7, 6.124661246612466, 0.2
738, 4528.0, 8, 6.127198917456021, 0.2
739, 4536.0, 8, 6.129729729729729, 0.2
740, 4539.0, 3, 6.125506072874494, 0.2
741, 4545.0, 6, 6.12533692722372, 0.2
742, 4553.0, 8, 6.1278600269179, 0.2
743, 4559.0, 6, 6.127688172043011, 0.2
744, 4566.0, 7, 6.128859060402685, 0.2
745, 4572.0, 6, 6.128686327077748, 0.2
746, 4579.0, 7, 6.1298527443105755, 0.2
747, 4581.0, 2, 6.124331550802139, 0.2
748, 4586.0, 5, 6.12283044058745, 0.2
749, 4591.0, 5, 6.121333333333333, 0.2
750, 4596.0, 5, 6.119840213049268, 0.2
751, 4599.0, 3, 6.115691489361702, 0.2
752, 4605.0, 6, 6.115537848605578, 0.2
753, 4606.0, 1, 6.108753315649867, 0.2
754, 4613.0, 7, 6.109933774834437, 0.2
755, 4618.0, 5, 6.108465608465608, 0.2
756, 4624.0, 6, 6.1083223249669745, 0.2
757, 4632.0, 8, 6.110817941952506, 0.2
758, 4635.0, 3, 6.106719367588933, 0.2
759, 4642.0, 7, 6.1078947368421055, 0.2
760, 4649.0, 7, 6.109067017082785, 0.2
761, 4651.0, 2, 6.103674540682415, 0.2
762, 4658.0, 7, 6.104849279161206, 0.2
763, 4664.0, 6, 6.104712041884817, 0.2
764, 4670.0, 6, 6.104575163398692, 0.2
765, 4675.0, 5, 6.103133159268929, 0.2
766, 4683.0, 8, 6.105606258148631, 0.2
767, 4689.0, 6, 6.10546875, 0.2
768, 4689.0, 0, 6.097529258777633, 0.2
769, 4690.0, 1, 6.090909090909091, 0.2
770, 4697.0, 7, 6.092088197146563, 0.2
771, 4705.0, 8, 6.094559585492228, 0.2
772, 4707.0, 2, 6.089262613195343, 0.2
773, 4712.0, 5, 6.087855297157622, 0.2
774, 4719.0, 7, 6.089032258064516, 0.2
775, 4725.0, 6, 6.088917525773196, 0.2
776, 4733.0, 8, 6.091377091377091, 0.2
777, 4739.0, 6, 6.091259640102828, 0.2
778, 4741.0, 2, 6.086007702182285, 0.2
779, 4742.0, 1, 6.079487179487179, 0.2
780, 4743.0, 1, 6.072983354673496, 0.2
781, 4745.0, 2, 6.067774936061381, 0.2
782, 4751.0, 6, 6.067688378033206, 0.2
783, 4757.0, 6, 6.067602040816326, 0.2
784, 4764.0, 7, 6.068789808917198, 0.2
785, 4772.0, 8, 6.071246819338422, 0.2
786, 4780.0, 8, 6.073697585768742, 0.2
787, 4787.0, 7, 6.074873096446701, 0.2
788, 4794.0, 7, 6.076045627376426, 0.2
789, 4799.0, 5, 6.074683544303798, 0.2
790, 4803.0, 4, 6.072060682680152, 0.2
791, 4811.0, 8, 6.07449494949495, 0.2
792, 4817.0, 6, 6.074401008827238, 0.2
793, 4823.0, 6, 6.074307304785894, 0.2
794, 4831.0, 8, 6.076729559748427, 0.2
795, 4838.0, 7, 6.077889447236181, 0.2
796, 4844.0, 6, 6.077791718946048, 0.2
797, 4850.0, 6, 6.0776942355889725, 0.2
798, 4856.0, 6, 6.0775969962453065, 0.2
799, 4863.0, 7, 6.07875, 0.2
800, 4870.0, 7, 6.079900124843945, 0.2
801, 4875.0, 5, 6.0785536159601, 0.2
802, 4882.0, 7, 6.0797011207970115, 0.2
803, 4889.0, 7, 6.080845771144278, 0.2
804, 4894.0, 5, 6.079503105590062, 0.2
805, 4898.0, 4, 6.076923076923077, 0.2
806, 4899.0, 1, 6.070631970260223, 0.2
807, 4907.0, 8, 6.073019801980198, 0.2
808, 4912.0, 5, 6.071693448702101, 0.2
809, 4918.0, 6, 6.071604938271605, 0.2
810, 4924.0, 6, 6.0715166461159065, 0.2
811, 4928.0, 4, 6.068965517241379, 0.2
812, 4935.0, 7, 6.070110701107011, 0.2
813, 4941.0, 6, 6.07002457002457, 0.2
814, 4946.0, 5, 6.068711656441717, 0.2
815, 4954.0, 8, 6.071078431372549, 0.2
816, 4959.0, 5, 6.069767441860465, 0.2
817, 4967.0, 8, 6.072127139364303, 0.2
818, 4973.0, 6, 6.072039072039072, 0.2
819, 4981.0, 8, 6.074390243902439, 0.2
820, 4987.0, 6, 6.074299634591961, 0.2
821, 4994.0, 7, 6.075425790754258, 0.2
822, 5001.0, 7, 6.0765492102065615, 0.2
823, 5005.0, 4, 6.074029126213592, 0.2
824, 5007.0, 2, 6.069090909090909, 0.2
825, 5013.0, 6, 6.0690072639225185, 0.2
826, 5020.0, 7, 6.070133010882708, 0.2
827, 5028.0, 8, 6.072463768115942, 0.2
828, 5033.0, 5, 6.071170084439083, 0.2
829, 5040.0, 7, 6.072289156626506, 0.2
830, 5046.0, 6, 6.072202166064982, 0.2
831, 5053.0, 7, 6.0733173076923075, 0.2
832, 5060.0, 7, 6.074429771908764, 0.2
833, 5066.0, 6, 6.074340527577938, 0.2
834, 5071.0, 5, 6.073053892215569, 0.2
835, 5073.0, 2, 6.068181818181818, 0.2
836, 5079.0, 6, 6.068100358422939, 0.2
837, 5082.0, 3, 6.064439140811456, 0.2
838, 5088.0, 6, 6.064362336114422, 0.2
839, 5092.0, 4, 6.061904761904762, 0.2
840, 5097.0, 5, 6.06064209274673, 0.2
841, 5104.0, 7, 6.061757719714964, 0.2
842, 5106.0, 2, 6.056939501779359, 0.2
843, 5111.0, 5, 6.055687203791469, 0.2
844, 5118.0, 7, 6.056804733727811, 0.2
845, 5125.0, 7, 6.057919621749409, 0.2
846, 5133.0, 8, 6.0602125147579695, 0.2
847, 5140.0, 7, 6.061320754716981, 0.2
848, 5146.0, 6, 6.0612485276796235, 0.2
849, 5150.0, 4, 6.0588235294117645, 0.2
850, 5156.0, 6, 6.058754406580493, 0.2
851, 5162.0, 6, 6.05868544600939, 0.2
852, 5167.0, 5, 6.057444314185228, 0.2
853, 5174.0, 7, 6.058548009367682, 0.2
854, 5179.0, 5, 6.057309941520468, 0.2
855, 5185.0, 6, 6.057242990654205, 0.2
856, 5185.0, 0, 6.050175029171529, 0.2
857, 5189.0, 4, 6.047785547785548, 0.2
858, 5196.0, 7, 6.048894062863795, 0.2
859, 5201.0, 5, 6.047674418604651, 0.2
860, 5208.0, 7, 6.048780487804878, 0.2
861, 5211.0, 3, 6.045243619489559, 0.2
862, 5214.0, 3, 6.041714947856315, 0.2
863, 5216.0, 2, 6.037037037037037, 0.2
864, 5222.0, 6, 6.036994219653179, 0.2
865, 5229.0, 7, 6.03810623556582, 0.2
866, 5237.0, 8, 6.040369088811995, 0.2
867, 5242.0, 5, 6.039170506912442, 0.2
868, 5249.0, 7, 6.0402761795166855, 0.2
869, 5255.0, 6, 6.040229885057471, 0.2
870, 5262.0, 7, 6.041331802525832, 0.2
871, 5269.0, 7, 6.04243119266055, 0.2
872, 5272.0, 3, 6.038946162657503, 0.2
873, 5272.0, 0, 6.032036613272311, 0.2
874, 5276.0, 4, 6.029714285714285, 0.2
875, 5284.0, 8, 6.031963470319635, 0.2
876, 5292.0, 8, 6.034207525655645, 0.2
877, 5300.0, 8, 6.0364464692482915, 0.2
878, 5305.0, 5, 6.035267349260523, 0.2
879, 5305.0, 0, 6.028409090909091, 0.2
880, 5313.0, 8, 6.030646992054484, 0.2
881, 5319.0, 6, 6.030612244897959, 0.2
882, 5323.0, 4, 6.028312570781427, 0.2
883, 5331.0, 8, 6.030542986425339, 0.2
884, 5337.0, 6, 6.030508474576271, 0.2
885, 5338.0, 1, 6.024830699774267, 0.2
886, 5342.0, 4, 6.022547914317926, 0.2
887, 5347.0, 5, 6.021396396396397, 0.2
888, 5354.0, 7, 6.022497187851519, 0.2
889, 5361.0, 7, 6.023595505617978, 0.2
890, 5368.0, 7, 6.0246913580246915, 0.2
891, 5375.0, 7, 6.0257847533632285, 0.2
892, 5380.0, 5, 6.0246360582306835, 0.2
893, 5384.0, 4, 6.022371364653244, 0.2
894, 5390.0, 6, 6.022346368715084, 0.2
895, 5397.0, 7, 6.0234375, 0.2
896, 5400.0, 3, 6.0200668896321075, 0.2
897, 5407.0, 7, 6.021158129175946, 0.2
898, 5414.0, 7, 6.022246941045606, 0.2
899, 5420.0, 6, 6.022222222222222, 0.2
900, 5425.0, 5, 6.021087680355161, 0.2
901, 5426.0, 1, 6.015521064301552, 0.2
902, 5432.0, 6, 6.015503875968992, 0.2
903, 5439.0, 7, 6.0165929203539825, 0.2
904, 5446.0, 7, 6.01767955801105, 0.2
905, 5454.0, 8, 6.0198675496688745, 0.2
906, 5461.0, 7, 6.020948180815877, 0.2
907, 5467.0, 6, 6.020925110132159, 0.2
908, 5475.0, 8, 6.023102310231023, 0.2
909, 5482.0, 7, 6.024175824175824, 0.2
910, 5487.0, 5, 6.023051591657519, 0.2
911, 5487.0, 0, 6.016447368421052, 0.2
912, 5493.0, 6, 6.016429353778752, 0.2
913, 5498.0, 5, 6.0153172866520785, 0.2
914, 5504.0, 6, 6.0153005464480875, 0.2
915, 5512.0, 8, 6.0174672489082965, 0.2
916, 5516.0, 4, 6.015267175572519, 0.2
917, 5523.0, 7, 6.016339869281046, 0.2
918, 5530.0, 7, 6.017410228509249, 0.2
919, 5537.0, 7, 6.018478260869565, 0.2
920, 5537.0, 0, 6.011943539630836, 0.2
921, 5544.0, 7, 6.0130151843817785, 0.2
922, 5551.0, 7, 6.014084507042254, 0.2
923, 5555.0, 4, 6.011904761904762, 0.2
924, 5561.0, 6, 6.011891891891892, 0.2
925, 5566.0, 5, 6.010799136069115, 0.2
926, 5573.0, 7, 6.011866235167206, 0.2
927, 5580.0, 7, 6.012931034482759, 0.2
928, 5587.0, 7, 6.013993541442411, 0.2
929, 5595.0, 8, 6.016129032258065, 0.2
930, 5601.0, 6, 6.0161117078410316, 0.2
931, 5608.0, 7, 6.017167381974249, 0.2
932, 5611.0, 3, 6.013933547695606, 0.2
933, 5611.0, 0, 6.007494646680942, 0.2
934, 5617.0, 6, 6.007486631016043, 0.2
935, 5623.0, 6, 6.007478632478633, 0.2
936, 5628.0, 5, 6.006403415154749, 0.2
937, 5635.0, 7, 6.007462686567164, 0.2
938, 5640.0, 5, 6.006389776357827, 0.2
939, 5645.0, 5, 6.00531914893617, 0.2
940, 5649.0, 4, 6.003188097768332, 0.2
941, 5654.0, 5, 6.002123142250531, 0.2
942, 5659.0, 5, 6.001060445387062, 0.2
943, 5664.0, 5, 6.0, 0.2
944, 5666.0, 2, 5.995767195767196, 0.2
945, 5672.0, 6, 5.995771670190275, 0.2
946, 5679.0, 7, 5.996832101372756, 0.2
947, 5687.0, 8, 5.998945147679325, 0.2
948, 5694.0, 7, 6.0, 0.2
949, 5698.0, 4, 5.997894736842105, 0.2
950, 5699.0, 1, 5.992639327024185, 0.2
951, 5706.0, 7, 5.993697478991597, 0.2
952, 5709.0, 3, 5.990556138509969, 0.2
953, 5717.0, 8, 5.9926624737945495, 0.2
954, 5722.0, 5, 5.991623036649215, 0.2
955, 5724.0, 2, 5.98744769874477, 0.2
956, 5731.0, 7, 5.988505747126437, 0.2
957, 5739.0, 8, 5.990605427974947, 0.2
958, 5744.0, 5, 5.989572471324296, 0.2
959, 5749.0, 5, 5.988541666666666, 0.2
960, 5756.0, 7, 5.989594172736733, 0.2
961, 5764.0, 8, 5.991683991683992, 0.2
962, 5768.0, 4, 5.989615784008308, 0.2
963, 5773.0, 5, 5.988589211618257, 0.2
964, 5775.0, 2, 5.984455958549223, 0.2
965, 5780.0, 5, 5.98343685300207, 0.2
966, 5787.0, 7, 5.984488107549121, 0.2
967, 5792.0, 5, 5.983471074380165, 0.2
968, 5796.0, 4, 5.981424148606811, 0.2
969, 5803.0, 7, 5.982474226804124, 0.2
970, 5809.0, 6, 5.98249227600412, 0.2
971, 5815.0, 6, 5.982510288065844, 0.2
972, 5819.0, 4, 5.980472764645427, 0.2
973, 5824.0, 5, 5.979466119096509, 0.2
974, 5831.0, 7, 5.98051282051282, 0.2
975, 5837.0, 6, 5.980532786885246, 0.2
976, 5844.0, 7, 5.981576253838281, 0.2
977, 5851.0, 7, 5.982617586912065, 0.2
978, 5857.0, 6, 5.982635342185904, 0.2
979, 5863.0, 6, 5.9826530612244895, 0.2
980, 5868.0, 5, 5.981651376146789, 0.2
981, 5870.0, 2, 5.977596741344196, 0.2
982, 5876.0, 6, 5.977619532044761, 0.2
983, 5883.0, 7, 5.978658536585366, 0.2
984, 5884.0, 1, 5.973604060913706, 0.2
985, 5888.0, 4, 5.971602434077079, 0.2
986, 5894.0, 6, 5.971631205673759, 0.2
987, 5898.0, 4, 5.969635627530365, 0.2
988, 5903.0, 5, 5.968655207280081, 0.2
989, 5910.0, 7, 5.96969696969697, 0.2
990, 5916.0, 6, 5.969727547931383, 0.2
991, 5920.0, 4, 5.967741935483871, 0.2
992, 5924.0, 4, 5.9657603222557904, 0.2
993, 5930.0, 6, 5.96579476861167, 0.2
994, 5937.0, 7, 5.966834170854272, 0.2
995, 5942.0, 5, 5.965863453815261, 0.2
996, 5947.0, 5, 5.964894684052156, 0.2
997, 5948.0, 1, 5.959919839679359, 0.2
998, 5955.0, 7, 5.960960960960961, 0.2
999, 5962.0, 7, 5.962, 0.2
1000, 5969.0, 7, 5.963036963036963, 0.2
1001, 5977.0, 8, 5.965069860279441, 0.2
1002, 5977.0, 0, 5.959122632103689, 0.2
1003, 5978.0, 1, 5.9541832669322705, 0.2
1004, 5984.0, 6, 5.954228855721393, 0.2
1005, 5992.0, 8, 5.956262425447316, 0.2
1006, 5999.0, 7, 5.957298907646475, 0.2
1007, 6006.0, 7, 5.958333333333333, 0.2
1008, 6012.0, 6, 5.958374628344896, 0.2
1009, 6017.0, 5, 5.957425742574258, 0.2
1010, 6024.0, 7, 5.958456973293768, 0.2
1011, 6031.0, 7, 5.959486166007905, 0.2
1012, 6038.0, 7, 5.9605133267522215, 0.2
1013, 6042.0, 4, 5.958579881656805, 0.2
1014, 6042.0, 0, 5.952709359605912, 0.2
1015, 6050.0, 8, 5.9547244094488185, 0.2
1016, 6055.0, 5, 5.9537856440511305, 0.2
1017, 6062.0, 7, 5.954813359528488, 0.2
1018, 6069.0, 7, 5.955839057899902, 0.2
1019, 6073.0, 4, 5.953921568627451, 0.2
1020, 6077.0, 4, 5.9520078354554355, 0.2
1021, 6082.0, 5, 5.951076320939334, 0.2
1022, 6083.0, 1, 5.946236559139785, 0.2
1023, 6087.0, 4, 5.9443359375, 0.2
1024, 6088.0, 1, 5.939512195121951, 0.2
1025, 6095.0, 7, 5.940545808966862, 0.2
1026, 6102.0, 7, 5.94157740993184, 0.2
1027, 6104.0, 2, 5.937743190661479, 0.2
1028, 6109.0, 5, 5.9368318756073855, 0.2
1029, 6115.0, 6, 5.936893203883495, 0.2
1030, 6122.0, 7, 5.937924345295829, 0.2
1031, 6128.0, 6, 5.937984496124031, 0.2
1032, 6134.0, 6, 5.938044530493707, 0.2
1033, 6138.0, 4, 5.9361702127659575, 0.2
1034, 6140.0, 2, 5.932367149758454, 0.2
1035, 6143.0, 3, 5.92953667953668, 0.2
1036, 6148.0, 5, 5.928640308582449, 0.2
1037, 6153.0, 5, 5.927745664739884, 0.2
1038, 6159.0, 6, 5.92781520692974, 0.2
1039, 6167.0, 8, 5.929807692307692, 0.2
1040, 6173.0, 6, 5.929875120076849, 0.2
1041, 6178.0, 5, 5.928982725527831, 0.2
1042, 6184.0, 6, 5.929050814956855, 0.2
1043, 6190.0, 6, 5.92911877394636, 0.2
1044, 6198.0, 8, 5.9311004784689, 0.2
1045, 6204.0, 6, 5.9311663479923515, 0.2
1046, 6204.0, 0, 5.925501432664756, 0.2
1047, 6211.0, 7, 5.926526717557252, 0.2
1048, 6217.0, 6, 5.926596758817922, 0.2
1049, 6222.0, 5, 5.925714285714286, 0.2
1050, 6230.0, 8, 5.9276879162702185, 0.2
1051, 6236.0, 6, 5.927756653992396, 0.2
1052, 6243.0, 7, 5.928774928774929, 0.2
1053, 6250.0, 7, 5.9297912713472485, 0.2
1054, 6256.0, 6, 5.929857819905213, 0.2
1055, 6260.0, 4, 5.928030303030303, 0.2
1056, 6268.0, 8, 5.929990539262063, 0.2
1057, 6276.0, 8, 5.9319470699432895, 0.2
1058, 6283.0, 7, 5.932955618508027, 0.2
1059, 6290.0, 7, 5.933962264150943, 0.2
1060, 6295.0, 5, 5.933081998114986, 0.2
1061, 6302.0, 7, 5.934086629001883, 0.2
1062, 6304.0, 2, 5.93038570084666, 0.2
1063, 6309.0, 5, 5.929511278195489, 0.2
1064, 6314.0, 5, 5.9286384976525826, 0.2
1065, 6320.0, 6, 5.928705440900563, 0.2
1066, 6326.0, 6, 5.928772258669166, 0.2
1067, 6330.0, 4, 5.926966292134831, 0.2
1068, 6331.0, 1, 5.922357343311506, 0.2
1069, 6338.0, 7, 5.923364485981309, 0.2
1070, 6338.0, 0, 5.917833800186742, 0.2
1071, 6346.0, 8, 5.919776119402985, 0.2
1072, 6354.0, 8, 5.921714818266542, 0.2
1073, 6360.0, 6, 5.921787709497207, 0.2
1074, 6366.0, 6, 5.921860465116279, 0.2
1075, 6368.0, 2, 5.9182156133829, 0.2
1076, 6373.0, 5, 5.91736304549675, 0.2
1077, 6380.0, 7, 5.918367346938775, 0.2
1078, 6385.0, 5, 5.917516218721038, 0.2
1079, 6392.0, 7, 5.9185185185185185, 0.2
1080, 6400.0, 8, 5.9204440333024975, 0.2
1081, 6404.0, 4, 5.918669131238447, 0.2
1082, 6408.0, 4, 5.916897506925208, 0.2
1083, 6414.0, 6, 5.916974169741698, 0.2
1084, 6421.0, 7, 5.917972350230415, 0.2
1085, 6427.0, 6, 5.91804788213628, 0.2
1086, 6427.0, 0, 5.912603495860165, 0.2
1087, 6434.0, 7, 5.913602941176471, 0.2
1088, 6439.0, 5, 5.912764003673095, 0.2
1089, 6441.0, 2, 5.909174311926606, 0.2
1090, 6442.0, 1, 5.9046746104491294, 0.2
1091, 6445.0, 3, 5.902014652014652, 0.2
1092, 6449.0, 4, 5.900274473924977, 0.2
1093, 6451.0, 2, 5.896709323583181, 0.2
1094, 6457.0, 6, 5.896803652968036, 0.2
1095, 6461.0, 4, 5.8950729927007295, 0.2
1096, 6466.0, 5, 5.894257064721969, 0.2
1097, 6469.0, 3, 5.891621129326047, 0.2
1098, 6474.0, 5, 5.89080982711556, 0.2
1099, 6480.0, 6, 5.890909090909091, 0.2
1100, 6488.0, 8, 5.892824704813806, 0.2
1101, 6494.0, 6, 5.892921960072595, 0.2
1102, 6502.0, 8, 5.894832275611967, 0.2
1103, 6507.0, 5, 5.894021739130435, 0.2
1104, 6514.0, 7, 5.8950226244343895, 0.2
1105, 6518.0, 4, 5.893309222423146, 0.2
1106, 6520.0, 2, 5.889792231255646, 0.2
1107, 6527.0, 7, 5.890794223826715, 0.2
1108, 6529.0, 2, 5.8872858431018935, 0.2
1109, 6534.0, 5, 5.886486486486486, 0.2
1110, 6541.0, 7, 5.887488748874888, 0.2
1111, 6544.0, 3, 5.884892086330935, 0.2
1112, 6551.0, 7, 5.885893980233603, 0.2
1113, 6557.0, 6, 5.8859964093357275, 0.2
1114, 6564.0, 7, 5.886995515695067, 0.2
1115, 6568.0, 4, 5.885304659498208, 0.2
1116, 6575.0, 7, 5.886302596239928, 0.2
1117, 6579.0, 4, 5.884615384615385, 0.2
1118, 6582.0, 3, 5.882037533512064, 0.2
1119, 6585.0, 3, 5.879464285714286, 0.2
1120, 6588.0, 3, 5.876895628902766, 0.2
1121, 6594.0, 6, 5.877005347593583, 0.2
1122, 6596.0, 2, 5.873552983081033, 0.2
1123, 6602.0, 6, 5.8736654804270465, 0.2
1124, 6610.0, 8, 5.875555555555556, 0.2
1125, 6617.0, 7, 5.876554174067495, 0.2
1126, 6624.0, 7, 5.877551020408164, 0.2
1127, 6629.0, 5, 5.87677304964539, 0.2
1128, 6634.0, 5, 5.87599645704163, 0.2
1129, 6641.0, 7, 5.876991150442477, 0.2
1130, 6645.0, 4, 5.8753315649867375, 0.2
1131, 6649.0, 4, 5.873674911660777, 0.2
1132, 6655.0, 6, 5.87378640776699, 0.2
1133, 6662.0, 7, 5.874779541446208, 0.2
1134, 6664.0, 2, 5.87136563876652, 0.2
1135, 6666.0, 2, 5.867957746478873, 0.2
1136, 6672.0, 6, 5.8680738786279685, 0.2
1137, 6677.0, 5, 5.867311072056239, 0.2
1138, 6685.0, 8, 5.86918349429324, 0.2
1139, 6691.0, 6, 5.8692982456140355, 0.2
1140, 6696.0, 5, 5.868536371603856, 0.2
1141, 6700.0, 4, 5.866900175131349, 0.2
1142, 6705.0, 5, 5.866141732283465, 0.2
1143, 6711.0, 6, 5.866258741258742, 0.2
1144, 6719.0, 8, 5.868122270742358, 0.2
1145, 6724.0, 5, 5.867364746945899, 0.2
1146, 6727.0, 3, 5.864864864864865, 0.2
1147, 6732.0, 5, 5.86411149825784, 0.2
1148, 6737.0, 5, 5.863359442993907, 0.2
1149, 6741.0, 4, 5.861739130434783, 0.2
1150, 6742.0, 1, 5.857515204170287, 0.2
1151, 6749.0, 7, 5.858506944444445, 0.2
1152, 6755.0, 6, 5.8586296617519515, 0.2
1153, 6761.0, 6, 5.858752166377816, 0.2
1154, 6762.0, 1, 5.8545454545454545, 0.2
1155, 6766.0, 4, 5.852941176470588, 0.2
1156, 6771.0, 5, 5.8522039757994815, 0.2
1157, 6776.0, 5, 5.85146804835924, 0.2
1158, 6784.0, 8, 5.853321829163072, 0.2
1159, 6792.0, 8, 5.855172413793103, 0.2
1160, 6798.0, 6, 5.855297157622739, 0.2
1161, 6804.0, 6, 5.855421686746988, 0.2
1162, 6810.0, 6, 5.8555460017196905, 0.2
1163, 6817.0, 7, 5.856529209621993, 0.2
1164, 6821.0, 4, 5.854935622317597, 0.2
1165, 6824.0, 3, 5.852487135506004, 0.2
1166, 6829.0, 5, 5.851756640959726, 0.2
1167, 6834.0, 5, 5.851027397260274, 0.2
1168, 6840.0, 6, 5.851154833190761, 0.2
1169, 6847.0, 7, 5.852136752136752, 0.2
1170, 6854.0, 7, 5.853116994022203, 0.2
1171, 6862.0, 8, 5.854948805460751, 0.2
1172, 6868.0, 6, 5.855072463768116, 0.2
1173, 6874.0, 6, 5.855195911413969, 0.2
1174, 6880.0, 6, 5.85531914893617, 0.2
1175, 6886.0, 6, 5.855442176870748, 0.2
1176, 6893.0, 7, 5.85641461342396, 0.2
1177, 6899.0, 6, 5.856536502546689, 0.2
1178, 6906.0, 7, 5.857506361323155, 0.2
1179, 6912.0, 6, 5.857627118644068, 0.2
1180, 6913.0, 1, 5.853513971210838, 0.2
1181, 6919.0, 6, 5.853637901861252, 0.2
1182, 6921.0, 2, 5.850380388841927, 0.2
1183, 6924.0, 3, 5.847972972972973, 0.2
1184, 6932.0, 8, 5.849789029535865, 0.2
1185, 6933.0, 1, 5.845699831365936, 0.2
1186, 6940.0, 7, 5.846672283066554, 0.2
1187, 6947.0, 7, 5.847643097643098, 0.2
1188, 6953.0, 6, 5.847771236333053, 0.2
1189, 6957.0, 4, 5.846218487394958, 0.2
1190, 6963.0, 6, 5.846347607052897, 0.2
1191, 6966.0, 3, 5.843959731543624, 0.2
1192, 6966.0, 0, 5.839061190276613, 0.2
1193, 6971.0, 5, 5.838358458961474, 0.2
1194, 6975.0, 4, 5.836820083682008, 0.2
1195, 6977.0, 2, 5.833612040133779, 0.2
1196, 6984.0, 7, 5.834586466165414, 0.2
1197, 6987.0, 3, 5.832220367278798, 0.2
1198, 6991.0, 4, 5.83069224353628, 0.2
1199, 6997.0, 6, 5.8308333333333335, 0.2
1200, 7003.0, 6, 5.830974188176519, 0.2
1201, 7008.0, 5, 5.830282861896839, 0.2
1202, 7015.0, 7, 5.831255195344971, 0.2
1203, 7020.0, 5, 5.8305647840531565, 0.2
1204, 7026.0, 6, 5.830705394190871, 0.2
1205, 7032.0, 6, 5.830845771144278, 0.2
1206, 7039.0, 7, 5.831814415907208, 0.2
1207, 7041.0, 2, 5.828642384105961, 0.2
1208, 7041.0, 0, 5.823821339950372, 0.2
1209, 7048.0, 7, 5.824793388429752, 0.2
1210, 7055.0, 7, 5.825763831544179, 0.2
1211, 7061.0, 6, 5.825907590759076, 0.2
1212, 7066.0, 5, 5.82522671063479, 0.2
1213, 7073.0, 7, 5.826194398682043, 0.2
1214, 7076.0, 3, 5.8238683127572015, 0.2
1215, 7079.0, 3, 5.821546052631579, 0.2
1216, 7081.0, 2, 5.818405916187346, 0.2
1217, 7088.0, 7, 5.819376026272578, 0.2
1218, 7093.0, 5, 5.81870385561936, 0.2
1219, 7100.0, 7, 5.819672131147541, 0.2
1220, 7105.0, 5, 5.819000819000819, 0.2
1221, 7107.0, 2, 5.815875613747954, 0.2
1222, 7114.0, 7, 5.816843826655765, 0.2
1223, 7121.0, 7, 5.81781045751634, 0.2
1224, 7129.0, 8, 5.819591836734694, 0.2
1225, 7132.0, 3, 5.817292006525285, 0.2
1226, 7139.0, 7, 5.818255908720457, 0.2
1227, 7145.0, 6, 5.818403908794788, 0.2
1228, 7151.0, 6, 5.818551668022783, 0.2
1229, 7152.0, 1, 5.814634146341463, 0.2
1230, 7155.0, 3, 5.812347684809098, 0.2
1231, 7158.0, 3, 5.810064935064935, 0.2
1232, 7163.0, 5, 5.80940794809408, 0.2
1233, 7170.0, 7, 5.810372771474879, 0.2
1234, 7175.0, 5, 5.809716599190283, 0.2
1235, 7181.0, 6, 5.809870550161812, 0.2
1236, 7187.0, 6, 5.81002425222312, 0.2
1237, 7188.0, 1, 5.806138933764136, 0.2
1238, 7194.0, 6, 5.806295399515738, 0.2
1239, 7195.0, 1, 5.80241935483871, 0.2
1240, 7200.0, 5, 5.801772763900081, 0.2
1241, 7206.0, 6, 5.8019323671497585, 0.2
1242, 7212.0, 6, 5.8020917135961385, 0.2
1243, 7218.0, 6, 5.802250803858521, 0.2
1244, 7223.0, 5, 5.801606425702811, 0.2
1245, 7229.0, 6, 5.801765650080257, 0.2
1246, 7233.0, 4, 5.800320769847635, 0.2
1247, 7239.0, 6, 5.800480769230769, 0.2
1248, 7245.0, 6, 5.800640512409928, 0.2
1249, 7252.0, 7, 5.8016, 0.2
1250, 7253.0, 1, 5.797761790567546, 0.2
1251, 7260.0, 7, 5.798722044728435, 0.2
1252, 7260.0, 0, 5.794094173982442, 0.2
1253, 7266.0, 6, 5.794258373205742, 0.2
1254, 7271.0, 5, 5.793625498007968, 0.2
1255, 7275.0, 4, 5.792197452229299, 0.2
1256, 7279.0, 4, 5.790771678599841, 0.2
1257, 7287.0, 8, 5.792527821939586, 0.2
1258, 7294.0, 7, 5.793486894360604, 0.2
1259, 7300.0, 6, 5.7936507936507935, 0.2
1260, 7305.0, 5, 5.7930214115781125, 0.2
1261, 7311.0, 6, 5.793185419968304, 0.2
1262, 7316.0, 5, 5.7925574030087095, 0.2
1263, 7320.0, 4, 5.791139240506329, 0.2
1264, 7326.0, 6, 5.791304347826087, 0.2
1265, 7333.0, 7, 5.792259083728278, 0.2
1266, 7340.0, 7, 5.793212312549329, 0.2
1267, 7343.0, 3, 5.791009463722397, 0.2
1268, 7349.0, 6, 5.79117415287628, 0.2
1269, 7351.0, 2, 5.788188976377953, 0.2
1270, 7358.0, 7, 5.789142407553108, 0.2
1271, 7358.0, 0, 5.784591194968553, 0.2
1272, 7366.0, 8, 5.786331500392773, 0.2
1273, 7369.0, 3, 5.78414442700157, 0.2
1274, 7375.0, 6, 5.784313725490196, 0.2
1275, 7382.0, 7, 5.785266457680251, 0.2
1276, 7389.0, 7, 5.786217697729052, 0.2
1277, 7396.0, 7, 5.78716744913928, 0.2
1278, 7402.0, 6, 5.787333854573886, 0.2
1279, 7407.0, 5, 5.78671875, 0.2
1280, 7410.0, 3, 5.784543325526932, 0.2
1281, 7417.0, 7, 5.785491419656786, 0.2
1282, 7424.0, 7, 5.786438035853468, 0.2
1283, 7430.0, 6, 5.786604361370716, 0.2
1284, 7438.0, 8, 5.788326848249027, 0.2
1285, 7445.0, 7, 5.789269051321928, 0.2
1286, 7451.0, 6, 5.789432789432789, 0.2
1287, 7456.0, 5, 5.788819875776397, 0.2
1288, 7464.0, 8, 5.7905352986811485, 0.2
1289, 7469.0, 5, 5.789922480620155, 0.2
1290, 7470.0, 1, 5.786212238574748, 0.2
1291, 7476.0, 6, 5.786377708978328, 0.2
1292, 7482.0, 6, 5.786542923433875, 0.2
1293, 7488.0, 6, 5.786707882534776, 0.2
1294, 7495.0, 7, 5.787644787644788, 0.2
1295, 7496.0, 1, 5.783950617283951, 0.2
1296, 7497.0, 1, 5.780262143407865, 0.2
1297, 7501.0, 4, 5.778890600924499, 0.2
1298, 7503.0, 2, 5.775981524249422, 0.2
1299, 7509.0, 6, 5.776153846153846, 0.2
1300, 7514.0, 5, 5.775557263643352, 0.2
1301, 7520.0, 6, 5.775729646697388, 0.2
1302, 7525.0, 5, 5.775134305448964, 0.2
1303, 7530.0, 5, 5.774539877300613, 0.2
1304, 7536.0, 6, 5.774712643678161, 0.2
1305, 7544.0, 8, 5.776416539050536, 0.2
1306, 7552.0, 8, 5.778117827084928, 0.2
1307, 7552.0, 0, 5.773700305810397, 0.2
1308, 7557.0, 5, 5.773109243697479, 0.2
1309, 7563.0, 6, 5.7732824427480915, 0.2
1310, 7570.0, 7, 5.774218154080854, 0.2
1311, 7570.0, 0, 5.7698170731707314, 0.2
1312, 7576.0, 6, 5.76999238385377, 0.2
1313, 7581.0, 5, 5.769406392694064, 0.2
1314, 7586.0, 5, 5.768821292775665, 0.2
1315, 7591.0, 5, 5.768237082066869, 0.2
1316, 7592.0, 1, 5.76461655277145, 0.2
1317, 7599.0, 7, 5.765553869499241, 0.2
1318, 7606.0, 7, 5.766489764973465, 0.2
1319, 7613.0, 7, 5.767424242424243, 0.2
1320, 7618.0, 5, 5.766843300529902, 0.2
1321, 7618.0, 0, 5.762481089258699, 0.2
1322, 7624.0, 6, 5.762660619803477, 0.2
1323, 7631.0, 7, 5.763595166163142, 0.2
1324, 7634.0, 3, 5.761509433962265, 0.2
1325, 7634.0, 0, 5.757164404223228, 0.2
1326, 7641.0, 7, 5.758100979653354, 0.2
1327, 7644.0, 3, 5.756024096385542, 0.2
1328, 7649.0, 5, 5.755455229495862, 0.2
1329, 7655.0, 6, 5.7556390977443606, 0.2
1330, 7662.0, 7, 5.756574004507889, 0.2
1331, 7668.0, 6, 5.756756756756757, 0.2
1332, 7676.0, 8, 5.758439609902475, 0.2
1333, 7677.0, 1, 5.754872563718141, 0.2
1334, 7683.0, 6, 5.755056179775281, 0.2
1335, 7689.0, 6, 5.755239520958084, 0.2
1336, 7691.0, 2, 5.75243081525804, 0.2
1337, 7694.0, 3, 5.750373692077728, 0.2
1338, 7694.0, 0, 5.746079163554891, 0.2
1339, 7701.0, 7, 5.747014925373135, 0.2
1340, 7704.0, 3, 5.74496644295302, 0.2
1341, 7705.0, 1, 5.7414307004470935, 0.2
1342, 7707.0, 2, 5.738644825018615, 0.2
1343, 7712.0, 5, 5.738095238095238, 0.2
1344, 7716.0, 4, 5.736802973977695, 0.2
1345, 7723.0, 7, 5.737741456166419, 0.2
1346, 7723.0, 0, 5.733481811432814, 0.2
1347, 7725.0, 2, 5.730712166172107, 0.2
1348, 7725.0, 0, 5.72646404744255, 0.2
1349, 7731.0, 6, 5.726666666666667, 0.2
1350, 7737.0, 6, 5.726868985936344, 0.2
1351, 7743.0, 6, 5.72707100591716, 0.2
1352, 7750.0, 7, 5.728011825572801, 0.2
1353, 7755.0, 5, 5.727474150664698, 0.2
1354, 7757.0, 2, 5.724723247232473, 0.2
1355, 7764.0, 7, 5.725663716814159, 0.2
1356, 7767.0, 3, 5.723655121591746, 0.2
1357, 7775.0, 8, 5.725331369661267, 0.2
1358, 7780.0, 5, 5.724797645327446, 0.2
1359, 7783.0, 3, 5.722794117647059, 0.2
1360, 7786.0, 3, 5.720793534166054, 0.2
1361, 7788.0, 2, 5.71806167400881, 0.2
1362, 7793.0, 5, 5.717534849596478, 0.2
1363, 7797.0, 4, 5.7162756598240465, 0.2
1364, 7803.0, 6, 5.716483516483517, 0.2
1365, 7804.0, 1, 5.71303074670571, 0.2
1366, 7804.0, 0, 5.708851499634235, 0.2
1367, 7808.0, 4, 5.707602339181286, 0.2
1368, 7813.0, 5, 5.707085463842221, 0.2
1369, 7820.0, 7, 5.708029197080292, 0.2
1370, 7820.0, 0, 5.703865791393143, 0.2
1371, 7820.0, 0, 5.699708454810495, 0.2
1372, 7820.0, 0, 5.695557174071377, 0.2
1373, 7820.0, 0, 5.691411935953421, 0.2
1374, 7825.0, 5, 5.6909090909090905, 0.2
1375, 7830.0, 5, 5.690406976744186, 0.2
1376, 7830.0, 0, 5.686274509803922, 0.2
1377, 7836.0, 6, 5.686502177068215, 0.2
1378, 7838.0, 2, 5.683828861493836, 0.2
1379, 7839.0, 1, 5.680434782608696, 0.2
1380, 7846.0, 7, 5.681390296886314, 0.2
1381, 7847.0, 1, 5.6780028943560055, 0.2
1382, 7848.0, 1, 5.674620390455531, 0.2
1383, 7852.0, 4, 5.673410404624278, 0.2
1384, 7860.0, 8, 5.675090252707581, 0.2
1385, 7866.0, 6, 5.675324675324675, 0.2
1386, 7870.0, 4, 5.674116798846431, 0.2
1387, 7878.0, 8, 5.675792507204611, 0.2
1388, 7884.0, 6, 5.676025917926566, 0.2
1389, 7891.0, 7, 5.676978417266187, 0.2
1390, 7896.0, 5, 5.6764917325664985, 0.2
1391, 7904.0, 8, 5.67816091954023, 0.2
1392, 7911.0, 7, 5.679109834888729, 0.2
1393, 7911.0, 0, 5.675035868005739, 0.2
1394, 7917.0, 6, 5.675268817204301, 0.2
1395, 7922.0, 5, 5.674785100286533, 0.2
1396, 7927.0, 5, 5.674302075876879, 0.2
1397, 7934.0, 7, 5.675250357653791, 0.2
1398, 7941.0, 7, 5.676197283774124, 0.2
1399, 7946.0, 5, 5.675714285714286, 0.2
1400, 7948.0, 2, 5.673090649536046, 0.2
1401, 7955.0, 7, 5.674037089871612, 0.2
1402, 7961.0, 6, 5.674269422665716, 0.2
1403, 7966.0, 5, 5.6737891737891735, 0.2
1404, 7974.0, 8, 5.675444839857652, 0.2
1405, 7980.0, 6, 5.675675675675675, 0.2
1406, 7984.0, 4, 5.674484719260839, 0.2
1407, 7986.0, 2, 5.671875, 0.2
1408, 7992.0, 6, 5.672107877927608, 0.2
1409, 7999.0, 7, 5.673049645390071, 0.2
1410, 8004.0, 5, 5.672572643515237, 0.2
1411, 8009.0, 5, 5.672096317280453, 0.2
1412, 8015.0, 6, 5.672328379334749, 0.2
1413, 8017.0, 2, 5.669731258840169, 0.2
1414, 8022.0, 5, 5.669257950530035, 0.2
1415, 8027.0, 5, 5.668785310734464, 0.2
1416, 8034.0, 7, 5.669724770642202, 0.2
1417, 8042.0, 8, 5.671368124118477, 0.2
1418, 8043.0, 1, 5.668076109936575, 0.2
1419, 8049.0, 6, 5.668309859154929, 0.2
1420, 8052.0, 3, 5.66643209007741, 0.2
1421, 8054.0, 2, 5.663853727144867, 0.2
1422, 8060.0, 6, 5.664089950808152, 0.2
1423, 8066.0, 6, 5.66432584269663, 0.2
1424, 8067.0, 1, 5.661052631578947, 0.2
1425, 8070.0, 3, 5.659186535764376, 0.2
1426, 8076.0, 6, 5.659425367904695, 0.2
1427, 8081.0, 5, 5.658963585434174, 0.2
1428, 8086.0, 5, 5.65850244926522, 0.2
1429, 8093.0, 7, 5.65944055944056, 0.2
1430, 8101.0, 8, 5.661076170510133, 0.2
1431, 8108.0, 7, 5.662011173184357, 0.2
1432, 8110.0, 2, 5.659455687369156, 0.2
1433, 8112.0, 2, 5.656903765690377, 0.2
1434, 8120.0, 8, 5.658536585365853, 0.2
1435, 8121.0, 1, 5.655292479108635, 0.2
1436, 8127.0, 6, 5.65553235908142, 0.2
1437, 8132.0, 5, 5.6550764951321275, 0.2
1438, 8137.0, 5, 5.6546212647672, 0.2
1439, 8142.0, 5, 5.654166666666667, 0.2
1440, 8148.0, 6, 5.65440666204025, 0.2
1441, 8154.0, 6, 5.654646324549237, 0.2
1442, 8155.0, 1, 5.6514206514206515, 0.2
1443, 8159.0, 4, 5.650277008310249, 0.2
1444, 8166.0, 7, 5.65121107266436, 0.2
1445, 8166.0, 0, 5.647302904564316, 0.2
1446, 8172.0, 6, 5.647546648237733, 0.2
1447, 8180.0, 8, 5.649171270718232, 0.2
1448, 8186.0, 6, 5.649413388543823, 0.2
1449, 8189.0, 3, 5.647586206896552, 0.2
1450, 8195.0, 6, 5.647829083390765, 0.2
1451, 8201.0, 6, 5.648071625344353, 0.2
1452, 8209.0, 8, 5.649690295939435, 0.2
1453, 8212.0, 3, 5.64786795048143, 0.2
1454, 8219.0, 7, 5.648797250859107, 0.2
1455, 8220.0, 1, 5.645604395604396, 0.2
1456, 8223.0, 3, 5.64378860672615, 0.2
1457, 8229.0, 6, 5.6440329218107, 0.2
1458, 8234.0, 5, 5.6435915010281015, 0.2
1459, 8236.0, 2, 5.641095890410959, 0.2
1460, 8244.0, 8, 5.642710472279261, 0.2
1461, 8250.0, 6, 5.642954856361149, 0.2
1462, 8254.0, 4, 5.641831852358168, 0.2
1463, 8261.0, 7, 5.64275956284153, 0.2
1464, 8266.0, 5, 5.642320819112628, 0.2
1465, 8267.0, 1, 5.639154160982264, 0.2
1466, 8268.0, 1, 5.6359918200409, 0.2
1467, 8270.0, 2, 5.633514986376022, 0.2
1468, 8276.0, 6, 5.633764465622873, 0.2
1469, 8282.0, 6, 5.634013605442177, 0.2
1470, 8282.0, 0, 5.63018354860639, 0.2
1471, 8285.0, 3, 5.628396739130435, 0.2
1472, 8291.0, 6, 5.628649015614393, 0.2
1473, 8291.0, 0, 5.62483039348711, 0.2
1474, 8294.0, 3, 5.623050847457627, 0.2
1475, 8302.0, 8, 5.624661246612466, 0.2
1476, 8307.0, 5, 5.624238320920785, 0.2
1477, 8307.0, 0, 5.620433017591339, 0.2
1478, 8310.0, 3, 5.618661257606491, 0.2
1479, 8318.0, 8, 5.620270270270271, 0.2
1480, 8325.0, 7, 5.62120189061445, 0.2
1481, 8330.0, 5, 5.620782726045884, 0.2
1482, 8338.0, 8, 5.622387053270398, 0.2
1483, 8344.0, 6, 5.622641509433962, 0.2
1484, 8351.0, 7, 5.623569023569024, 0.2
1485, 8358.0, 7, 5.624495289367429, 0.2
1486, 8358.0, 0, 5.620712844653665, 0.2
1487, 8365.0, 7, 5.621639784946237, 0.2
1488, 8372.0, 7, 5.622565480188046, 0.2
1489, 8374.0, 2, 5.620134228187919, 0.2
1490, 8377.0, 3, 5.618376928236083, 0.2
1491, 8384.0, 7, 5.619302949061662, 0.2
1492, 8386.0, 2, 5.616878767582049, 0.2
1493, 8390.0, 4, 5.615796519410977, 0.2
1494, 8395.0, 5, 5.615384615384615, 0.2
1495, 8395.0, 0, 5.6116310160427805, 0.2
1496, 8401.0, 6, 5.61189044756179, 0.2
1497, 8406.0, 5, 5.6114819759679575, 0.2
1498, 8410.0, 4, 5.610406937958639, 0.2
1499, 8414.0, 4, 5.609333333333334, 0.2
1500, 8418.0, 4, 5.608261159227182, 0.2
1501, 8422.0, 4, 5.607190412782956, 0.2
1502, 8428.0, 6, 5.607451763140386, 0.2
1503, 8434.0, 6, 5.607712765957447, 0.2
1504, 8441.0, 7, 5.6086378737541525, 0.2
1505, 8446.0, 5, 5.608233731739708, 0.2
1506, 8454.0, 8, 5.6098208360982085, 0.2
1507, 8460.0, 6, 5.610079575596817, 0.2
1508, 8466.0, 6, 5.610337972166998, 0.2
1509, 8471.0, 5, 5.609933774834437, 0.2
1510, 8476.0, 5, 5.609530112508272, 0.2
1511, 8481.0, 5, 5.609126984126984, 0.2
1512, 8482.0, 1, 5.606080634500992, 0.2
1513, 8488.0, 6, 5.606340819022457, 0.2
1514, 8491.0, 3, 5.604620462046205, 0.2
1515, 8498.0, 7, 5.605540897097625, 0.2
1516, 8504.0, 6, 5.605800922874094, 0.2
1517, 8511.0, 7, 5.606719367588933, 0.2
1518, 8516.0, 5, 5.606319947333772, 0.2
1519, 8522.0, 6, 5.606578947368421, 0.2
1520, 8524.0, 2, 5.604207758053912, 0.2
1521, 8529.0, 5, 5.603810775295663, 0.2
1522, 8534.0, 5, 5.603414313854235, 0.2
1523, 8541.0, 7, 5.604330708661418, 0.2
1524, 8545.0, 4, 5.60327868852459, 0.2
1525, 8549.0, 4, 5.602228047182176, 0.2
1526, 8554.0, 5, 5.6018336607727575, 0.2
1527, 8560.0, 6, 5.602094240837697, 0.2
1528, 8566.0, 6, 5.6023544800523215, 0.2
1529, 8572.0, 6, 5.602614379084967, 0.2
1530, 8573.0, 1, 5.599608099281515, 0.2
1531, 8580.0, 7, 5.600522193211488, 0.2
1532, 8585.0, 5, 5.600130463144162, 0.2
1533, 8590.0, 5, 5.599739243807041, 0.2
1534, 8594.0, 4, 5.598697068403909, 0.2
1535, 8594.0, 0, 5.595052083333333, 0.2
1536, 8601.0, 7, 5.5959661678594665, 0.2
1537, 8605.0, 4, 5.594928478543563, 0.2
1538, 8611.0, 6, 5.595191682910981, 0.2
1539, 8617.0, 6, 5.595454545454546, 0.2
1540, 8622.0, 5, 5.595068137573005, 0.2
1541, 8629.0, 7, 5.59597924773022, 0.2
1542, 8636.0, 7, 5.596889176928062, 0.2
1543, 8638.0, 2, 5.594559585492228, 0.2
1544, 8639.0, 1, 5.591585760517799, 0.2
1545, 8643.0, 4, 5.590556274256145, 0.2
1546, 8644.0, 1, 5.5875888817065285, 0.2
1547, 8650.0, 6, 5.587855297157622, 0.2
1548, 8656.0, 6, 5.588121368624919, 0.2
1549, 8660.0, 4, 5.587096774193548, 0.2
1550, 8668.0, 8, 5.588652482269503, 0.2
1551, 8671.0, 3, 5.586984536082475, 0.2
1552, 8675.0, 4, 5.585962652929814, 0.2
1553, 8676.0, 1, 5.583011583011583, 0.2
1554, 8682.0, 6, 5.583279742765273, 0.2
1555, 8682.0, 0, 5.579691516709511, 0.2
1556, 8688.0, 6, 5.579961464354528, 0.2
1557, 8688.0, 0, 5.576379974326059, 0.2
1558, 8695.0, 7, 5.577293136626042, 0.2
1559, 8702.0, 7, 5.578205128205128, 0.2
1560, 8708.0, 6, 5.57847533632287, 0.2
1561, 8715.0, 7, 5.5793854033290655, 0.2
1562, 8720.0, 5, 5.579014715291107, 0.2
1563, 8726.0, 6, 5.579283887468031, 0.2
1564, 8730.0, 4, 5.578274760383387, 0.2
1565, 8733.0, 3, 5.576628352490421, 0.2
1566, 8740.0, 7, 5.577536694320357, 0.2
1567, 8745.0, 5, 5.577168367346939, 0.2
1568, 8751.0, 6, 5.577437858508604, 0.2
1569, 8757.0, 6, 5.577707006369427, 0.2
1570, 8764.0, 7, 5.578612348822406, 0.2
1571, 8767.0, 3, 5.576972010178117, 0.2
1572, 8773.0, 6, 5.577240940877305, 0.2
1573, 8780.0, 7, 5.578144853875476, 0.2
1574, 8786.0, 6, 5.5784126984126985, 0.2
1575, 8790.0, 4, 5.5774111675126905, 0.2
1576, 8792.0, 2, 5.575142675967026, 0.2
1577, 8798.0, 6, 5.575411913814956, 0.2
1578, 8798.0, 0, 5.57188093730209, 0.2
1579, 8803.0, 5, 5.571518987341772, 0.2
1580, 8807.0, 4, 5.570524984187223, 0.2
1581, 8814.0, 7, 5.571428571428571, 0.2
1582, 8817.0, 3, 5.569804169298799, 0.2
1583, 8823.0, 6, 5.570075757575758, 0.2
1584, 8827.0, 4, 5.569085173501577, 0.2
1585, 8827.0, 0, 5.565573770491803, 0.2
1586, 8832.0, 5, 5.565217391304348, 0.2
1587, 8837.0, 5, 5.564861460957179, 0.2
1588, 8841.0, 4, 5.563876651982379, 0.2
1589, 8848.0, 7, 5.564779874213836, 0.2
1590, 8855.0, 7, 5.565681961030799, 0.2
1591, 8857.0, 2, 5.563442211055277, 0.2
1592, 8858.0, 1, 5.5605775266792214, 0.2
1593, 8864.0, 6, 5.560853199498118, 0.2
1594, 8871.0, 7, 5.561755485893417, 0.2
1595, 8877.0, 6, 5.56203007518797, 0.2
1596, 8885.0, 8, 5.563556668753914, 0.2
1597, 8892.0, 7, 5.564455569461828, 0.2
1598, 8897.0, 5, 5.564102564102564, 0.2
1599, 8902.0, 5, 5.56375, 0.2
1600, 8905.0, 3, 5.5621486570893195, 0.2
1601, 8907.0, 2, 5.559925093632959, 0.2
1602, 8914.0, 7, 5.560823456019962, 0.2
1603, 8915.0, 1, 5.557980049875312, 0.2
1604, 8922.0, 7, 5.558878504672897, 0.2
1605, 8927.0, 5, 5.558530510585305, 0.2
1606, 8932.0, 5, 5.55818294959552, 0.2
1607, 8933.0, 1, 5.555348258706467, 0.2
1608, 8941.0, 8, 5.556867619639528, 0.2
1609, 8946.0, 5, 5.556521739130435, 0.2
1610, 8952.0, 6, 5.556797020484171, 0.2
1611, 8957.0, 5, 5.556451612903226, 0.2
1612, 8963.0, 6, 5.556726596404216, 0.2
1613, 8968.0, 5, 5.55638166047088, 0.2
1614, 8969.0, 1, 5.553560371517028, 0.2
1615, 8976.0, 7, 5.554455445544554, 0.2
1616, 8983.0, 7, 5.555349412492269, 0.2
1617, 8990.0, 7, 5.556242274412855, 0.2
1618, 8997.0, 7, 5.557134033353922, 0.2
1619, 9002.0, 5, 5.55679012345679, 0.2
1620, 9007.0, 5, 5.556446637877853, 0.2
1621, 9010.0, 3, 5.554870530209618, 0.2
1622, 9012.0, 2, 5.55268022181146, 0.2
1623, 9019.0, 7, 5.553571428571429, 0.2
1624, 9024.0, 5, 5.553230769230769, 0.2
1625, 9028.0, 4, 5.552275522755227, 0.2
1626, 9034.0, 6, 5.552550706822372, 0.2
1627, 9041.0, 7, 5.553439803439804, 0.2
1628, 9041.0, 0, 5.550030693677103, 0.2
1629, 9046.0, 5, 5.549693251533743, 0.2
1630, 9051.0, 5, 5.549356223175966, 0.2
1631, 9058.0, 7, 5.550245098039215, 0.2
1632, 9059.0, 1, 5.54745866503368, 0.2
1633, 9065.0, 6, 5.5477356181150554, 0.2
1634, 9071.0, 6, 5.5480122324159025, 0.2
1635, 9077.0, 6, 5.548288508557457, 0.2
1636, 9081.0, 4, 5.547342700061088, 0.2
1637, 9087.0, 6, 5.5476190476190474, 0.2
1638, 9090.0, 3, 5.546064673581452, 0.2
1639, 9093.0, 3, 5.544512195121952, 0.2
1640, 9101.0, 8, 5.546008531383303, 0.2
1641, 9107.0, 6, 5.546285018270402, 0.2
1642, 9109.0, 2, 5.544126597687158, 0.2
1643, 9113.0, 4, 5.543187347931873, 0.2
1644, 9117.0, 4, 5.54224924012158, 0.2
1645, 9124.0, 7, 5.543134872417983, 0.2
1646, 9129.0, 5, 5.542805100182149, 0.2
1647, 9130.0, 1, 5.540048543689321, 0.2
1648, 9134.0, 4, 5.539114614918132, 0.2
1649, 9135.0, 1, 5.536363636363636, 0.2
1650, 9136.0, 1, 5.5336159903089035, 0.2
1651, 9139.0, 3, 5.532082324455206, 0.2
1652, 9146.0, 7, 5.5329703569268, 0.2
1653, 9152.0, 6, 5.5332527206771465, 0.2
1654, 9158.0, 6, 5.533534743202417, 0.2
1655, 9162.0, 4, 5.532608695652174, 0.2
1656, 9168.0, 6, 5.532890766445383, 0.2
1657, 9174.0, 6, 5.533172496984318, 0.2
1658, 9180.0, 6, 5.533453887884268, 0.2
1659, 9185.0, 5, 5.533132530120482, 0.2
1660, 9186.0, 1, 5.530403371462974, 0.2
1661, 9190.0, 4, 5.529482551143201, 0.2
1662, 9190.0, 0, 5.5261575466025254, 0.2
1663, 9191.0, 1, 5.5234375, 0.2
1664, 9193.0, 2, 5.521321321321321, 0.2
1665, 9199.0, 6, 5.521608643457383, 0.2
1666, 9205.0, 6, 5.521895620875825, 0.2
1667, 9212.0, 7, 5.522781774580336, 0.2
1668, 9215.0, 3, 5.521270221689634, 0.2
1669, 9215.0, 0, 5.517964071856287, 0.2
1670, 9220.0, 5, 5.517654099341711, 0.2
1671, 9225.0, 5, 5.517344497607655, 0.2
1672, 9232.0, 7, 5.518230723251643, 0.2
1673, 9234.0, 2, 5.516129032258065, 0.2
1674, 9242.0, 8, 5.517611940298507, 0.2
1675, 9244.0, 2, 5.515513126491647, 0.2
1676, 9252.0, 8, 5.516994633273703, 0.2
1677, 9257.0, 5, 5.51668653158522, 0.2
1678, 9261.0, 4, 5.515783204288267, 0.2
1679, 9266.0, 5, 5.515476190476191, 0.2
1680, 9270.0, 4, 5.514574657941702, 0.2
1681, 9273.0, 3, 5.51307966706302, 0.2
1682, 9276.0, 3, 5.5115864527629235, 0.2
1683, 9282.0, 6, 5.51187648456057, 0.2
1684, 9286.0, 4, 5.510979228486647, 0.2
1685, 9288.0, 2, 5.5088967971530245, 0.2
1686, 9289.0, 1, 5.5062240663900415, 0.2
1687, 9295.0, 6, 5.506516587677726, 0.2
1688, 9298.0, 3, 5.505032563647129, 0.2
1689, 9306.0, 8, 5.5065088757396445, 0.2
1690, 9311.0, 5, 5.506209343583678, 0.2
1691, 9318.0, 7, 5.50709219858156, 0.2
1692, 9318.0, 0, 5.503839338452451, 0.2
1693, 9323.0, 5, 5.503541912632822, 0.2
1694, 9327.0, 4, 5.502654867256637, 0.2
1695, 9335.0, 8, 5.504127358490566, 0.2
1696, 9337.0, 2, 5.502062463170301, 0.2
1697, 9342.0, 5, 5.501766784452297, 0.2
1698, 9345.0, 3, 5.50029429075927, 0.2
1699, 9352.0, 7, 5.501176470588235, 0.2
1700, 9359.0, 7, 5.502057613168724, 0.2
1701, 9367.0, 8, 5.503525264394829, 0.2
1702, 9370.0, 3, 5.5020551967116855, 0.2
1703, 9373.0, 3, 5.500586854460094, 0.2
1704, 9374.0, 1, 5.497947214076246, 0.2
1705, 9378.0, 4, 5.497069167643611, 0.2
1706, 9379.0, 1, 5.494434680726421, 0.2
1707, 9385.0, 6, 5.494730679156909, 0.2
1708, 9387.0, 2, 5.492685781158572, 0.2
1709, 9388.0, 1, 5.490058479532164, 0.2
1710, 9393.0, 5, 5.489772063120982, 0.2
1711, 9398.0, 5, 5.489485981308412, 0.2
1712, 9400.0, 2, 5.4874489200233505, 0.2
1713, 9406.0, 6, 5.487747957992998, 0.2
1714, 9414.0, 8, 5.4892128279883385, 0.2
1715, 9421.0, 7, 5.49009324009324, 0.2
1716, 9427.0, 6, 5.490390215492138, 0.2
1717, 9434.0, 7, 5.491268917345751, 0.2
1718, 9440.0, 6, 5.491564863292612, 0.2
1719, 9446.0, 6, 5.491860465116279, 0.2
1720, 9452.0, 6, 5.4921557234166185, 0.2
1721, 9459.0, 7, 5.493031358885017, 0.2
1722, 9460.0, 1, 5.490423679628555, 0.2
1723, 9467.0, 7, 5.491299303944316, 0.2
1724, 9474.0, 7, 5.492173913043478, 0.2
1725, 9480.0, 6, 5.492468134414832, 0.2
1726, 9482.0, 2, 5.490445859872612, 0.2
1727, 9482.0, 0, 5.487268518518518, 0.2
1728, 9488.0, 6, 5.487565066512435, 0.2
1729, 9489.0, 1, 5.484971098265896, 0.2
1730, 9497.0, 8, 5.486424032351242, 0.2
1731, 9503.0, 6, 5.486720554272518, 0.2
1732, 9505.0, 2, 5.484708597807271, 0.2
1733, 9512.0, 7, 5.4855824682814305, 0.2
1734, 9518.0, 6, 5.485878962536023, 0.2
1735, 9523.0, 5, 5.485599078341014, 0.2
1736, 9530.0, 7, 5.486470926885435, 0.2
1737, 9535.0, 5, 5.4861910241657075, 0.2
1738, 9542.0, 7, 5.487061529614721, 0.2
1739, 9547.0, 5, 5.486781609195402, 0.2
1740, 9555.0, 8, 5.488225157955198, 0.2
1741, 9562.0, 7, 5.489092996555683, 0.2
1742, 9566.0, 4, 5.488238668961561, 0.2
1743, 9572.0, 6, 5.488532110091743, 0.2
1744, 9575.0, 3, 5.487106017191977, 0.2
1745, 9581.0, 6, 5.487399770904926, 0.2
1746, 9584.0, 3, 5.485975958786491, 0.2
1747, 9592.0, 8, 5.4874141876430205, 0.2
1748, 9595.0, 3, 5.485991995425958, 0.2
1749, 9601.0, 6, 5.486285714285715, 0.2
1750, 9607.0, 6, 5.486579097658481, 0.2
1751, 9615.0, 8, 5.488013698630137, 0.2
1752, 9623.0, 8, 5.489446662863663, 0.2
1753, 9624.0, 1, 5.486887115165336, 0.2
1754, 9630.0, 6, 5.487179487179487, 0.2
1755, 9633.0, 3, 5.485763097949886, 0.2
1756, 9640.0, 7, 5.4866249288560045, 0.2
1757, 9645.0, 5, 5.486348122866894, 0.2
1758, 9650.0, 5, 5.486071631608868, 0.2
1759, 9657.0, 7, 5.4869318181818185, 0.2
1760, 9663.0, 6, 5.4872231686541735, 0.2
1761, 9671.0, 8, 5.488649262202043, 0.2
1762, 9676.0, 5, 5.488372093023256, 0.2
1763, 9679.0, 3, 5.486961451247166, 0.2
1764, 9684.0, 5, 5.486685552407932, 0.2
1765, 9690.0, 6, 5.486976217440543, 0.2
1766, 9695.0, 5, 5.486700622524052, 0.2
1767, 9702.0, 7, 5.487556561085973, 0.2
1768, 9710.0, 8, 5.488976823063878, 0.2
1769, 9714.0, 4, 5.488135593220339, 0.2
1770, 9719.0, 5, 5.487859966120836, 0.2
1771, 9719.0, 0, 5.484762979683973, 0.2
1772, 9727.0, 8, 5.486181613085166, 0.2
1773, 9734.0, 7, 5.487034949267192, 0.2
1774, 9740.0, 6, 5.487323943661972, 0.2
1775, 9747.0, 7, 5.488175675675675, 0.2
1776, 9747.0, 0, 5.485087225661227, 0.2
1777, 9749.0, 2, 5.483127109111361, 0.2
1778, 9756.0, 7, 5.48397976391231, 0.2
1779, 9756.0, 0, 5.480898876404495, 0.2
1780, 9756.0, 0, 5.477821448624368, 0.2
1781, 9759.0, 3, 5.476430976430977, 0.2
1782, 9763.0, 4, 5.475602916432978, 0.2
1783, 9769.0, 6, 5.4758968609865475, 0.2
1784, 9775.0, 6, 5.476190476190476, 0.2
1785, 9778.0, 3, 5.474804031354983, 0.2
1786, 9785.0, 7, 5.475657526580862, 0.2
1787, 9792.0, 7, 5.476510067114094, 0.2
1788, 9798.0, 6, 5.4768026830631635, 0.2
1789, 9806.0, 8, 5.4782122905027935, 0.2
1790, 9806.0, 0, 5.475153545505305, 0.2
1791, 9806.0, 0, 5.472098214285714, 0.2
1792, 9807.0, 1, 5.4696040156162855, 0.2
1793, 9808.0, 1, 5.46711259754738, 0.2
1794, 9810.0, 2, 5.465181058495822, 0.2
1795, 9814.0, 4, 5.464365256124721, 0.2
1796, 9814.0, 0, 5.461324429604897, 0.2
1797, 9820.0, 6, 5.461624026696329, 0.2
1798, 9827.0, 7, 5.462479155086159, 0.2
1799, 9832.0, 5, 5.4622222222222225, 0.2
1800, 9836.0, 4, 5.46141032759578, 0.2
1801, 9839.0, 3, 5.460044395116538, 0.2
1802, 9846.0, 7, 5.46089850249584, 0.2
1803, 9850.0, 4, 5.460088691796009, 0.2
1804, 9853.0, 3, 5.458725761772853, 0.2
1805, 9854.0, 1, 5.456256921373201, 0.2
1806, 9861.0, 7, 5.457111234089651, 0.2
1807, 9866.0, 5, 5.456858407079646, 0.2
1808, 9872.0, 6, 5.457158651188502, 0.2
1809, 9877.0, 5, 5.456906077348067, 0.2
1810, 9885.0, 8, 5.458310325786858, 0.2
1811, 9891.0, 6, 5.458609271523179, 0.2
1812, 9891.0, 0, 5.455598455598456, 0.2
1813, 9898.0, 7, 5.456449834619625, 0.2
1814, 9905.0, 7, 5.457300275482094, 0.2
1815, 9908.0, 3, 5.455947136563877, 0.2
1816, 9913.0, 5, 5.455696202531645, 0.2
1817, 9916.0, 3, 5.4543454345434546, 0.2
1818, 9923.0, 7, 5.45519516217702, 0.2
1819, 9924.0, 1, 5.452747252747253, 0.2
1820, 9931.0, 7, 5.453596924766612, 0.2
1821, 9938.0, 7, 5.4544456641053785, 0.2
1822, 9944.0, 6, 5.454744925946242, 0.2
1823, 9945.0, 1, 5.452302631578948, 0.2
1824, 9951.0, 6, 5.452602739726028, 0.2
1825, 9958.0, 7, 5.453450164293538, 0.2
1826, 9964.0, 6, 5.453749315818281, 0.2
1827, 9971.0, 7, 5.454595185995624, 0.2
1828, 9978.0, 7, 5.4554401312192455, 0.2
1829, 9982.0, 4, 5.454644808743169, 0.2
1830, 9985.0, 3, 5.453304205352267, 0.2
1831, 9988.0, 3, 5.451965065502184, 0.2
1832, 9995.0, 7, 5.452809601745772, 0.2
1833, 10003.0, 8, 5.4541984732824424, 0.2
1834, 10008.0, 5, 5.453950953678474, 0.2
1835, 10013.0, 5, 5.453703703703703, 0.2
1836, 10020.0, 7, 5.454545454545454, 0.2
1837, 10026.0, 6, 5.454842219804135, 0.2
1838, 10033.0, 7, 5.45568243610658, 0.2
1839, 10034.0, 1, 5.453260869565217, 0.2
1840, 10041.0, 7, 5.4541010320478005, 0.2
1841, 10042.0, 1, 5.451682953311618, 0.2
1842, 10044.0, 2, 5.449810092240911, 0.2
1843, 10045.0, 1, 5.447396963123644, 0.2
1844, 10051.0, 6, 5.4476964769647696, 0.2
1845, 10059.0, 8, 5.449079089924161, 0.2
1846, 10067.0, 8, 5.450460205739036, 0.2
1847, 10070.0, 3, 5.449134199134199, 0.2
1848, 10074.0, 4, 5.44835045970795, 0.2
1849, 10075.0, 1, 5.445945945945946, 0.2
1850, 10083.0, 8, 5.447325769854133, 0.2
1851, 10091.0, 8, 5.448704103671706, 0.2
1852, 10097.0, 6, 5.449001618996222, 0.2
1853, 10102.0, 5, 5.4487594390507015, 0.2
1854, 10103.0, 1, 5.446361185983828, 0.2
1855, 10107.0, 4, 5.445581896551724, 0.2
1856, 10113.0, 6, 5.445880452342488, 0.2
1857, 10121.0, 8, 5.447255113024758, 0.2
1858, 10122.0, 1, 5.444862829478214, 0.2
1859, 10128.0, 6, 5.445161290322581, 0.2
1860, 10136.0, 8, 5.446534121440086, 0.2
1861, 10143.0, 7, 5.447368421052632, 0.2
1862, 10150.0, 7, 5.448201825013419, 0.2
1863, 10158.0, 8, 5.4495708154506435, 0.2
1864, 10164.0, 6, 5.449865951742628, 0.2
1865, 10165.0, 1, 5.447481243301179, 0.2
1866, 10171.0, 6, 5.4477771826459565, 0.2
1867, 10175.0, 4, 5.447002141327623, 0.2
1868, 10178.0, 3, 5.4456928838951315, 0.2
1869, 10185.0, 7, 5.446524064171123, 0.2
1870, 10186.0, 1, 5.444147514698022, 0.2
1871, 10193.0, 7, 5.444978632478633, 0.2
1872, 10198.0, 5, 5.444741057127603, 0.2
1873, 10204.0, 6, 5.44503735325507, 0.2
1874, 10212.0, 8, 5.4464, 0.2
1875, 10220.0, 8, 5.447761194029851, 0.2
1876, 10225.0, 5, 5.4475226425146515, 0.2
1877, 10231.0, 6, 5.447816826411076, 0.2
1878, 10238.0, 7, 5.448642895156999, 0.2
1879, 10243.0, 5, 5.448404255319149, 0.2
1880, 10249.0, 6, 5.448697501329081, 0.2
1881, 10255.0, 6, 5.448990435706695, 0.2
1882, 10257.0, 2, 5.447158789166224, 0.2
1883, 10263.0, 6, 5.447452229299363, 0.2
1884, 10270.0, 7, 5.448275862068965, 0.2
1885, 10278.0, 8, 5.449628844114528, 0.2
1886, 10283.0, 5, 5.449390567037626, 0.2
1887, 10291.0, 8, 5.450741525423729, 0.2
1888, 10297.0, 6, 5.4510322922181045, 0.2
1889, 10302.0, 5, 5.450793650793651, 0.2
1890, 10304.0, 2, 5.448968799576943, 0.2
1891, 10309.0, 5, 5.4487315010570825, 0.2
1892, 10314.0, 5, 5.448494453248811, 0.2
1893, 10317.0, 3, 5.447201689545935, 0.2
1894, 10320.0, 3, 5.445910290237467, 0.2
1895, 10321.0, 1, 5.443565400843882, 0.2
1896, 10327.0, 6, 5.443858724301529, 0.2
1897, 10335.0, 8, 5.445205479452055, 0.2
1898, 10337.0, 2, 5.443391258557135, 0.2
1899, 10343.0, 6, 5.443684210526316, 0.2
1900, 10347.0, 4, 5.442924776433456, 0.2
1901, 10353.0, 6, 5.443217665615142, 0.2
1902, 10359.0, 6, 5.443510246978455, 0.2
1903, 10364.0, 5, 5.44327731092437, 0.2
1904, 10364.0, 0, 5.4404199475065615, 0.2
1905, 10372.0, 8, 5.441762854144806, 0.2
1906, 10379.0, 7, 5.442579968536969, 0.2
1907, 10385.0, 6, 5.4428721174004195, 0.2
1908, 10385.0, 0, 5.440020953378732, 0.2
1909, 10390.0, 5, 5.439790575916231, 0.2
1910, 10396.0, 6, 5.4400837257980115, 0.2
1911, 10402.0, 6, 5.440376569037657, 0.2
1912, 10408.0, 6, 5.440669106116048, 0.2
1913, 10411.0, 3, 5.4393939393939394, 0.2
1914, 10414.0, 3, 5.438120104438642, 0.2
1915, 10421.0, 7, 5.438935281837161, 0.2
1916, 10423.0, 2, 5.437141366718832, 0.2
1917, 10429.0, 6, 5.4374348279457765, 0.2
1918, 10435.0, 6, 5.437727983324648, 0.2
1919, 10442.0, 7, 5.438541666666667, 0.2
1920, 10448.0, 6, 5.4388339406559085, 0.2
1921, 10455.0, 7, 5.439646201873049, 0.2
1922, 10461.0, 6, 5.4399375975039, 0.2
1923, 10464.0, 3, 5.4386694386694385, 0.2
1924, 10467.0, 3, 5.437402597402597, 0.2
1925, 10472.0, 5, 5.437175493250259, 0.2
1926, 10478.0, 6, 5.437467566165023, 0.2
1927, 10486.0, 8, 5.4387966804979255, 0.2
1928, 10492.0, 6, 5.439087610160705, 0.2
1929, 10496.0, 4, 5.438341968911917, 0.2
1930, 10503.0, 7, 5.439150699119627, 0.2
1931, 10510.0, 7, 5.4399585921325055, 0.2
1932, 10518.0, 8, 5.441282979824107, 0.2
1933, 10524.0, 6, 5.441571871768356, 0.2
1934, 10527.0, 3, 5.44031007751938, 0.2
1935, 10530.0, 3, 5.43904958677686, 0.2
1936, 10536.0, 6, 5.439339184305627, 0.2
1937, 10542.0, 6, 5.439628482972136, 0.2
1938, 10550.0, 8, 5.440948942753997, 0.2
1939, 10557.0, 7, 5.441752577319588, 0.2
1940, 10562.0, 5, 5.441524987120041, 0.2
1941, 10568.0, 6, 5.441812564366632, 0.2
1942, 10572.0, 4, 5.441070509521358, 0.2
1943, 10576.0, 4, 5.440329218106996, 0.2
1944, 10583.0, 7, 5.4411311053984575, 0.2
1945, 10583.0, 0, 5.438335046248715, 0.2
1946, 10587.0, 4, 5.437596302003081, 0.2
1947, 10589.0, 2, 5.435831622176591, 0.2
1948, 10597.0, 8, 5.437147255002565, 0.2
1949, 10605.0, 8, 5.438461538461539, 0.2
1950, 10610.0, 5, 5.438236801640184, 0.2
1951, 10616.0, 6, 5.438524590163935, 0.2
1952, 10623.0, 7, 5.439324116743472, 0.2
1953, 10623.0, 0, 5.43654042988741, 0.2
1954, 10629.0, 6, 5.436828644501278, 0.2
1955, 10631.0, 2, 5.4350715746421265, 0.2
1956, 10638.0, 7, 5.43587123147675, 0.2
1957, 10644.0, 6, 5.4361593462717055, 0.2
1958, 10650.0, 6, 5.436447166921899, 0.2
1959, 10657.0, 7, 5.437244897959184, 0.2
1960, 10662.0, 5, 5.437021927587965, 0.2
1961, 10663.0, 1, 5.434760448521916, 0.2
1962, 10669.0, 6, 5.435048395313296, 0.2
1963, 10671.0, 2, 5.433299389002037, 0.2
1964, 10675.0, 4, 5.432569974554707, 0.2
1965, 10682.0, 7, 5.433367243133265, 0.2
1966, 10685.0, 3, 5.4321301474326384, 0.2
1967, 10689.0, 4, 5.4314024390243905, 0.2
1968, 10692.0, 3, 5.430167597765363, 0.2
1969, 10699.0, 7, 5.430964467005076, 0.2
1970, 10707.0, 8, 5.432267884322679, 0.2
1971, 10712.0, 5, 5.432048681541582, 0.2
1972, 10716.0, 4, 5.4313228585909785, 0.2
1973, 10717.0, 1, 5.429078014184397, 0.2
1974, 10722.0, 5, 5.428860759493671, 0.2
1975, 10725.0, 3, 5.427631578947368, 0.2
1976, 10731.0, 6, 5.427921092564492, 0.2
1977, 10734.0, 3, 5.426693629929221, 0.2
1978, 10734.0, 0, 5.423951490651844, 0.2
1979, 10741.0, 7, 5.424747474747475, 0.2
1980, 10747.0, 6, 5.425037859666835, 0.2
1981, 10754.0, 7, 5.425832492431887, 0.2
1982, 10760.0, 6, 5.426122037317196, 0.2
1983, 10760.0, 0, 5.423387096774194, 0.2
1984, 10768.0, 8, 5.424685138539043, 0.2
1985, 10774.0, 6, 5.424974823766364, 0.2
1986, 10778.0, 4, 5.424257674886764, 0.2
1987, 10782.0, 4, 5.423541247484909, 0.2
1988, 10788.0, 6, 5.423831070889895, 0.2
1989, 10795.0, 7, 5.424623115577889, 0.2
1990, 10802.0, 7, 5.425414364640884, 0.2
1991, 10806.0, 4, 5.424698795180723, 0.2
1992, 10809.0, 3, 5.4234821876567985, 0.2
1993, 10814.0, 5, 5.423269809428285, 0.2
1994, 10817.0, 3, 5.422055137844612, 0.2
1995, 10823.0, 6, 5.4223446893787575, 0.2
1996, 10827.0, 4, 5.42163244867301, 0.2
1997, 10831.0, 4, 5.420920920920921, 0.2
1998, 10831.0, 0, 5.418209104552276, 0.2
1999, 10836.0, 5, 5.418, 0.2
