0, 8.0, 8, 8.0, 0.2
1, 16.0, 8, 8.0, 0.2
2, 24.0, 8, 8.0, 0.2
3, 32.0, 8, 8.0, 0.2
4, 40.0, 8, 8.0, 0.2
5, 48.0, 8, 8.0, 0.2
6, 56.0, 8, 8.0, 0.2
7, 64.0, 8, 8.0, 0.2
8, 72.0, 8, 8.0, 0.2
9, 80.0, 8, 8.0, 0.2
10, 88.0, 8, 8.0, 0.2
11, 96.0, 8, 8.0, 0.2
12, 104.0, 8, 8.0, 0.2
13, 112.0, 8, 8.0, 0.2
14, 120.0, 8, 8.0, 0.2
15, 128.0, 8, 8.0, 0.2
16, 136.0, 8, 8.0, 0.2
17, 144.0, 8, 8.0, 0.2
18, 152.0, 8, 8.0, 0.2
19, 160.0, 8, 8.0, 0.2
20, 168.0, 8, 8.0, 0.2
21, 176.0, 8, 8.0, 0.2
22, 184.0, 8, 8.0, 0.2
23, 192.0, 8, 8.0, 0.2
24, 200.0, 8, 8.0, 0.2
25, 208.0, 8, 8.0, 0.2
26, 216.0, 8, 8.0, 0.2
27, 224.0, 8, 8.0, 0.2
28, 232.0, 8, 8.0, 0.2
29, 240.0, 8, 8.0, 0.2
30, 248.0, 8, 8.0, 0.2
31, 256.0, 8, 8.0, 0.2
32, 264.0, 8, 8.0, 0.2
33, 272.0, 8, 8.0, 0.2
34, 280.0, 8, 8.0, 0.2
35, 288.0, 8, 8.0, 0.2
36, 296.0, 8, 8.0, 0.2
37, 304.0, 8, 8.0, 0.2
38, 312.0, 8, 8.0, 0.2
39, 320.0, 8, 8.0, 0.2
40, 328.0, 8, 8.0, 0.2
41, 336.0, 8, 8.0, 0.2
42, 344.0, 8, 8.0, 0.2
43, 352.0, 8, 8.0, 0.2
44, 360.0, 8, 8.0, 0.2
45, 368.0, 8, 8.0, 0.2
46, 376.0, 8, 8.0, 0.2
47, 384.0, 8, 8.0, 0.2
48, 392.0, 8, 8.0, 0.2
49, 400.0, 8, 8.0, 0.2
50, 408.0, 8, 8.0, 0.2
51, 416.0, 8, 8.0, 0.2
52, 424.0, 8, 8.0, 0.2
53, 432.0, 8, 8.0, 0.2
54, 440.0, 8, 8.0, 0.2
55, 448.0, 8, 8.0, 0.2
56, 456.0, 8, 8.0, 0.2
57, 464.0, 8, 8.0, 0.2
58, 472.0, 8, 8.0, 0.2
59, 480.0, 8, 8.0, 0.2
60, 488.0, 8, 8.0, 0.2
61, 496.0, 8, 8.0, 0.2
62, 504.0, 8, 8.0, 0.2
63, 512.0, 8, 8.0, 0.2
64, 520.0, 8, 8.0, 0.2
65, 528.0, 8, 8.0, 0.2
66, 536.0, 8, 8.0, 0.2
67, 544.0, 8, 8.0, 0.2
68, 552.0, 8, 8.0, 0.2
69, 560.0, 8, 8.0, 0.2
70, 568.0, 8, 8.0, 0.2
71, 576.0, 8, 8.0, 0.2
72, 584.0, 8, 8.0, 0.2
73, 592.0, 8, 8.0, 0.2
74, 600.0, 8, 8.0, 0.2
75, 608.0, 8, 8.0, 0.2
76, 616.0, 8, 8.0, 0.2
77, 624.0, 8, 8.0, 0.2
78, 632.0, 8, 8.0, 0.2
79, 640.0, 8, 8.0, 0.2
80, 648.0, 8, 8.0, 0.2
81, 656.0, 8, 8.0, 0.2
82, 664.0, 8, 8.0, 0.2
83, 672.0, 8, 8.0, 0.2
84, 680.0, 8, 8.0, 0.2
85, 688.0, 8, 8.0, 0.2
86, 696.0, 8, 8.0, 0.2
87, 704.0, 8, 8.0, 0.2
88, 712.0, 8, 8.0, 0.2
89, 720.0, 8, 8.0, 0.2
90, 728.0, 8, 8.0, 0.2
91, 736.0, 8, 8.0, 0.2
92, 744.0, 8, 8.0, 0.2
93, 752.0, 8, 8.0, 0.2
94, 760.0, 8, 8.0, 0.2
95, 768.0, 8, 8.0, 0.2
96, 776.0, 8, 8.0, 0.2
97, 784.0, 8, 8.0, 0.2
98, 792.0, 8, 8.0, 0.2
99, 800.0, 8, 8.0, 0.2
100, 808.0, 8, 8.0, 0.2
101, 816.0, 8, 8.0, 0.2
102, 824.0, 8, 8.0, 0.2
103, 832.0, 8, 8.0, 0.2
104, 840.0, 8, 8.0, 0.2
105, 848.0, 8, 8.0, 0.2
106, 856.0, 8, 8.0, 0.2
107, 864.0, 8, 8.0, 0.2
108, 872.0, 8, 8.0, 0.2
109, 880.0, 8, 8.0, 0.2
110, 888.0, 8, 8.0, 0.2
111, 896.0, 8, 8.0, 0.2
112, 904.0, 8, 8.0, 0.2
113, 912.0, 8, 8.0, 0.2
114, 920.0, 8, 8.0, 0.2
115, 928.0, 8, 8.0, 0.2
116, 936.0, 8, 8.0, 0.2
117, 944.0, 8, 8.0, 0.2
118, 952.0, 8, 8.0, 0.2
119, 960.0, 8, 8.0, 0.2
120, 968.0, 8, 8.0, 0.2
121, 976.0, 8, 8.0, 0.2
122, 984.0, 8, 8.0, 0.2
123, 992.0, 8, 8.0, 0.2
124, 1000.0, 8, 8.0, 0.2
125, 1008.0, 8, 8.0, 0.2
126, 1016.0, 8, 8.0, 0.2
127, 1024.0, 8, 8.0, 0.2
128, 1032.0, 8, 8.0, 0.2
129, 1040.0, 8, 8.0, 0.2
130, 1048.0, 8, 8.0, 0.2
131, 1056.0, 8, 8.0, 0.2
132, 1064.0, 8, 8.0, 0.2
133, 1072.0, 8, 8.0, 0.2
134, 1080.0, 8, 8.0, 0.2
135, 1088.0, 8, 8.0, 0.2
136, 1096.0, 8, 8.0, 0.2
137, 1104.0, 8, 8.0, 0.2
138, 1112.0, 8, 8.0, 0.2
139, 1120.0, 8, 8.0, 0.2
140, 1128.0, 8, 8.0, 0.2
141, 1136.0, 8, 8.0, 0.2
142, 1144.0, 8, 8.0, 0.2
143, 1152.0, 8, 8.0, 0.2
144, 1160.0, 8, 8.0, 0.2
145, 1168.0, 8, 8.0, 0.2
146, 1176.0, 8, 8.0, 0.2
147, 1184.0, 8, 8.0, 0.2
148, 1192.0, 8, 8.0, 0.2
149, 1200.0, 8, 8.0, 0.2
150, 1208.0, 8, 8.0, 0.2
151, 1216.0, 8, 8.0, 0.2
152, 1224.0, 8, 8.0, 0.2
153, 1232.0, 8, 8.0, 0.2
154, 1240.0, 8, 8.0, 0.2
155, 1248.0, 8, 8.0, 0.2
156, 1256.0, 8, 8.0, 0.2
157, 1264.0, 8, 8.0, 0.2
158, 1272.0, 8, 8.0, 0.2
159, 1280.0, 8, 8.0, 0.2
160, 1288.0, 8, 8.0, 0.2
161, 1296.0, 8, 8.0, 0.2
162, 1304.0, 8, 8.0, 0.2
163, 1312.0, 8, 8.0, 0.2
164, 1320.0, 8, 8.0, 0.2
165, 1328.0, 8, 8.0, 0.2
166, 1336.0, 8, 8.0, 0.2
167, 1344.0, 8, 8.0, 0.2
168, 1352.0, 8, 8.0, 0.2
169, 1360.0, 8, 8.0, 0.2
170, 1368.0, 8, 8.0, 0.2
171, 1376.0, 8, 8.0, 0.2
172, 1384.0, 8, 8.0, 0.2
173, 1392.0, 8, 8.0, 0.2
174, 1400.0, 8, 8.0, 0.2
175, 1408.0, 8, 8.0, 0.2
176, 1416.0, 8, 8.0, 0.2
177, 1424.0, 8, 8.0, 0.2
178, 1432.0, 8, 8.0, 0.2
179, 1440.0, 8, 8.0, 0.2
180, 1448.0, 8, 8.0, 0.2
181, 1456.0, 8, 8.0, 0.2
182, 1464.0, 8, 8.0, 0.2
183, 1472.0, 8, 8.0, 0.2
184, 1480.0, 8, 8.0, 0.2
185, 1488.0, 8, 8.0, 0.2
186, 1496.0, 8, 8.0, 0.2
187, 1504.0, 8, 8.0, 0.2
188, 1512.0, 8, 8.0, 0.2
189, 1520.0, 8, 8.0, 0.2
190, 1528.0, 8, 8.0, 0.2
191, 1536.0, 8, 8.0, 0.2
192, 1544.0, 8, 8.0, 0.2
193, 1552.0, 8, 8.0, 0.2
194, 1560.0, 8, 8.0, 0.2
195, 1568.0, 8, 8.0, 0.2
196, 1576.0, 8, 8.0, 0.2
197, 1584.0, 8, 8.0, 0.2
198, 1592.0, 8, 8.0, 0.2
199, 1600.0, 8, 8.0, 0.2
200, 1608.0, 8, 8.0, 0.2
201, 1616.0, 8, 8.0, 0.2
202, 1624.0, 8, 8.0, 0.2
203, 1632.0, 8, 8.0, 0.2
204, 1640.0, 8, 8.0, 0.2
205, 1648.0, 8, 8.0, 0.2
206, 1656.0, 8, 8.0, 0.2
207, 1664.0, 8, 8.0, 0.2
208, 1672.0, 8, 8.0, 0.2
209, 1680.0, 8, 8.0, 0.2
210, 1688.0, 8, 8.0, 0.2
211, 1696.0, 8, 8.0, 0.2
212, 1704.0, 8, 8.0, 0.2
213, 1712.0, 8, 8.0, 0.2
214, 1720.0, 8, 8.0, 0.2
215, 1728.0, 8, 8.0, 0.2
216, 1736.0, 8, 8.0, 0.2
217, 1744.0, 8, 8.0, 0.2
218, 1752.0, 8, 8.0, 0.2
219, 1760.0, 8, 8.0, 0.2
220, 1768.0, 8, 8.0, 0.2
221, 1776.0, 8, 8.0, 0.2
222, 1784.0, 8, 8.0, 0.2
223, 1792.0, 8, 8.0, 0.2
224, 1800.0, 8, 8.0, 0.2
225, 1808.0, 8, 8.0, 0.2
226, 1816.0, 8, 8.0, 0.2
227, 1824.0, 8, 8.0, 0.2
228, 1830.0, 6, 7.991266375545852, 0.2
229, 1837.0, 7, 7.98695652173913, 0.2
230, 1844.0, 7, 7.982683982683983, 0.2
231, 1851.0, 7, 7.978448275862069, 0.2
232, 1859.0, 8, 7.978540772532189, 0.2
233, 1867.0, 8, 7.978632478632479, 0.2
234, 1874.0, 7, 7.974468085106383, 0.2
235, 1881.0, 7, 7.970338983050848, 0.2
236, 1888.0, 7, 7.966244725738397, 0.2
237, 1894.0, 6, 7.957983193277311, 0.2
238, 1901.0, 7, 7.953974895397489, 0.2
239, 1909.0, 8, 7.954166666666667, 0.2
240, 1917.0, 8, 7.954356846473029, 0.2
241, 1925.0, 8, 7.954545454545454, 0.2
242, 1933.0, 8, 7.954732510288066, 0.2
243, 1941.0, 8, 7.954918032786885, 0.2
244, 1947.0, 6, 7.946938775510204, 0.2
245, 1955.0, 8, 7.9471544715447155, 0.2
246, 1960.0, 5, 7.935222672064778, 0.2
247, 1966.0, 6, 7.92741935483871, 0.2
248, 1970.0, 4, 7.911646586345381, 0.2
249, 1977.0, 7, 7.908, 0.2
250, 1984.0, 7, 7.904382470119522, 0.2
251, 1990.0, 6, 7.896825396825397, 0.2
252, 1998.0, 8, 7.897233201581027, 0.2
253, 2006.0, 8, 7.897637795275591, 0.2
254, 2014.0, 8, 7.898039215686275, 0.2
255, 2022.0, 8, 7.8984375, 0.2
256, 2029.0, 7, 7.8949416342412455, 0.2
257, 2037.0, 8, 7.895348837209302, 0.2
258, 2045.0, 8, 7.895752895752896, 0.2
259, 2051.0, 6, 7.888461538461539, 0.2
260, 2058.0, 7, 7.885057471264368, 0.2
261, 2064.0, 6, 7.877862595419847, 0.2
262, 2072.0, 8, 7.8783269961977185, 0.2
263, 2080.0, 8, 7.878787878787879, 0.2
264, 2088.0, 8, 7.879245283018868, 0.2
265, 2095.0, 7, 7.87593984962406, 0.2
266, 2102.0, 7, 7.872659176029963, 0.2
267, 2107.0, 5, 7.861940298507463, 0.2
268, 2114.0, 7, 7.858736059479554, 0.2
269, 2119.0, 5, 7.848148148148148, 0.2
270, 2125.0, 6, 7.841328413284133, 0.2
271, 2131.0, 6, 7.834558823529412, 0.2
272, 2137.0, 6, 7.827838827838828, 0.2
273, 2144.0, 7, 7.824817518248175, 0.2
274, 2150.0, 6, 7.818181818181818, 0.2
275, 2157.0, 7, 7.815217391304348, 0.2
276, 2163.0, 6, 7.808664259927798, 0.2
277, 2171.0, 8, 7.809352517985611, 0.2
278, 2179.0, 8, 7.810035842293907, 0.2
279, 2186.0, 7, 7.807142857142857, 0.2
280, 2192.0, 6, 7.800711743772242, 0.2
281, 2199.0, 7, 7.797872340425532, 0.2
282, 2205.0, 6, 7.791519434628976, 0.2
283, 2210.0, 5, 7.78169014084507, 0.2
284, 2215.0, 5, 7.771929824561403, 0.2
285, 2218.0, 3, 7.755244755244755, 0.2
286, 2226.0, 8, 7.7560975609756095, 0.2
287, 2232.0, 6, 7.75, 0.2
288, 2239.0, 7, 7.747404844290657, 0.2
289, 2246.0, 7, 7.744827586206896, 0.2
290, 2253.0, 7, 7.742268041237113, 0.2
291, 2261.0, 8, 7.743150684931507, 0.2
292, 2268.0, 7, 7.7406143344709895, 0.2
293, 2274.0, 6, 7.73469387755102, 0.2
294, 2282.0, 8, 7.735593220338983, 0.2
295, 2288.0, 6, 7.72972972972973, 0.2
296, 2296.0, 8, 7.730639730639731, 0.2
297, 2304.0, 8, 7.731543624161074, 0.2
298, 2311.0, 7, 7.729096989966555, 0.2
299, 2316.0, 5, 7.72, 0.2
300, 2322.0, 6, 7.714285714285714, 0.2
301, 2329.0, 7, 7.711920529801325, 0.2
302, 2336.0, 7, 7.70957095709571, 0.2
303, 2343.0, 7, 7.707236842105263, 0.2
304, 2350.0, 7, 7.704918032786885, 0.2
305, 2353.0, 3, 7.689542483660131, 0.2
306, 2359.0, 6, 7.684039087947883, 0.2
307, 2366.0, 7, 7.681818181818182, 0.2
308, 2372.0, 6, 7.676375404530744, 0.2
309, 2373.0, 1, 7.65483870967742, 0.2
310, 2380.0, 7, 7.652733118971061, 0.2
311, 2388.0, 8, 7.653846153846154, 0.2
312, 2396.0, 8, 7.654952076677317, 0.2
313, 2403.0, 7, 7.6528662420382165, 0.2
314, 2411.0, 8, 7.653968253968254, 0.2
315, 2415.0, 4, 7.6424050632911396, 0.2
316, 2423.0, 8, 7.643533123028392, 0.2
317, 2428.0, 5, 7.635220125786163, 0.2
318, 2435.0, 7, 7.633228840125392, 0.2
319, 2440.0, 5, 7.625, 0.2
320, 2447.0, 7, 7.623052959501558, 0.2
321, 2454.0, 7, 7.62111801242236, 0.2
322, 2461.0, 7, 7.6191950464396285, 0.2
323, 2467.0, 6, 7.614197530864198, 0.2
324, 2473.0, 6, 7.609230769230769, 0.2
325, 2479.0, 6, 7.604294478527607, 0.2
326, 2486.0, 7, 7.602446483180428, 0.2
327, 2492.0, 6, 7.597560975609756, 0.2
328, 2498.0, 6, 7.592705167173253, 0.2
329, 2502.0, 4, 7.581818181818182, 0.2
330, 2508.0, 6, 7.577039274924472, 0.2
331, 2514.0, 6, 7.572289156626506, 0.2
332, 2522.0, 8, 7.573573573573573, 0.2
333, 2529.0, 7, 7.57185628742515, 0.2
334, 2536.0, 7, 7.570149253731343, 0.2
335, 2541.0, 5, 7.5625, 0.2
336, 2548.0, 7, 7.560830860534125, 0.2
337, 2553.0, 5, 7.553254437869822, 0.2
338, 2561.0, 8, 7.554572271386431, 0.2
339, 2568.0, 7, 7.552941176470588, 0.2
340, 2574.0, 6, 7.548387096774194, 0.2
341, 2579.0, 5, 7.54093567251462, 0.2
342, 2585.0, 6, 7.536443148688047, 0.2
343, 2591.0, 6, 7.531976744186046, 0.2
344, 2595.0, 4, 7.521739130434782, 0.2
345, 2600.0, 5, 7.514450867052023, 0.2
346, 2606.0, 6, 7.510086455331412, 0.2
347, 2611.0, 5, 7.502873563218391, 0.2
348, 2619.0, 8, 7.504297994269341, 0.2
349, 2625.0, 6, 7.5, 0.2
350, 2633.0, 8, 7.501424501424501, 0.2
351, 2639.0, 6, 7.497159090909091, 0.2
352, 2645.0, 6, 7.492917847025495, 0.2
353, 2652.0, 7, 7.491525423728813, 0.2
354, 2657.0, 5, 7.484507042253521, 0.2
355, 2663.0, 6, 7.480337078651686, 0.2
356, 2670.0, 7, 7.4789915966386555, 0.2
357, 2676.0, 6, 7.4748603351955305, 0.2
358, 2682.0, 6, 7.47075208913649, 0.2
359, 2688.0, 6, 7.466666666666667, 0.2
360, 2695.0, 7, 7.465373961218837, 0.2
361, 2700.0, 5, 7.458563535911602, 0.2
362, 2707.0, 7, 7.457300275482094, 0.2
363, 2714.0, 7, 7.456043956043956, 0.2
364, 2719.0, 5, 7.449315068493151, 0.2
365, 2723.0, 4, 7.439890710382514, 0.2
366, 2730.0, 7, 7.438692098092643, 0.2
367, 2736.0, 6, 7.434782608695652, 0.2
368, 2743.0, 7, 7.43360433604336, 0.2
369, 2750.0, 7, 7.4324324324324325, 0.2
370, 2756.0, 6, 7.428571428571429, 0.2
371, 2763.0, 7, 7.42741935483871, 0.2
372, 2771.0, 8, 7.428954423592494, 0.2
373, 2776.0, 5, 7.422459893048129, 0.2
374, 2782.0, 6, 7.418666666666667, 0.2
375, 2787.0, 5, 7.412234042553192, 0.2
376, 2794.0, 7, 7.411140583554377, 0.2
377, 2801.0, 7, 7.41005291005291, 0.2
378, 2809.0, 8, 7.411609498680739, 0.2
379, 2816.0, 7, 7.410526315789474, 0.2
380, 2818.0, 2, 7.396325459317585, 0.2
381, 2824.0, 6, 7.392670157068062, 0.2
382, 2832.0, 8, 7.394255874673629, 0.2
383, 2837.0, 5, 7.388020833333333, 0.2
384, 2845.0, 8, 7.3896103896103895, 0.2
385, 2851.0, 6, 7.3860103626943, 0.2
386, 2855.0, 4, 7.377260981912145, 0.2
387, 2863.0, 8, 7.378865979381444, 0.2
388, 2871.0, 8, 7.380462724935732, 0.2
389, 2876.0, 5, 7.374358974358974, 0.2
390, 2883.0, 7, 7.373401534526854, 0.2
391, 2883.0, 0, 7.354591836734694, 0.2
392, 2890.0, 7, 7.353689567430026, 0.2
393, 2890.0, 0, 7.33502538071066, 0.2
394, 2898.0, 8, 7.336708860759494, 0.2
395, 2899.0, 1, 7.320707070707071, 0.2
396, 2906.0, 7, 7.319899244332493, 0.2
397, 2913.0, 7, 7.319095477386934, 0.2
398, 2920.0, 7, 7.318295739348371, 0.2
399, 2926.0, 6, 7.315, 0.2
400, 2934.0, 8, 7.316708229426434, 0.2
401, 2940.0, 6, 7.313432835820896, 0.2
402, 2944.0, 4, 7.305210918114144, 0.2
403, 2952.0, 8, 7.306930693069307, 0.2
404, 2958.0, 6, 7.303703703703704, 0.2
405, 2965.0, 7, 7.302955665024631, 0.2
406, 2970.0, 5, 7.297297297297297, 0.2
407, 2977.0, 7, 7.296568627450981, 0.2
408, 2982.0, 5, 7.290953545232274, 0.2
409, 2988.0, 6, 7.287804878048781, 0.2
410, 2994.0, 6, 7.2846715328467155, 0.2
411, 3001.0, 7, 7.283980582524272, 0.2
412, 3008.0, 7, 7.283292978208232, 0.2
413, 3016.0, 8, 7.285024154589372, 0.2
414, 3023.0, 7, 7.284337349397591, 0.2
415, 3029.0, 6, 7.28125, 0.2
416, 3035.0, 6, 7.278177458033573, 0.2
417, 3042.0, 7, 7.277511961722488, 0.2
418, 3048.0, 6, 7.274463007159905, 0.2
419, 3053.0, 5, 7.269047619047619, 0.2
420, 3053.0, 0, 7.251781472684086, 0.2
421, 3060.0, 7, 7.251184834123222, 0.2
422, 3067.0, 7, 7.250591016548463, 0.2
423, 3074.0, 7, 7.25, 0.2
424, 3080.0, 6, 7.247058823529412, 0.2
425, 3086.0, 6, 7.244131455399061, 0.2
426, 3093.0, 7, 7.243559718969555, 0.2
427, 3100.0, 7, 7.242990654205608, 0.2
428, 3108.0, 8, 7.244755244755245, 0.2
429, 3116.0, 8, 7.246511627906977, 0.2
430, 3122.0, 6, 7.243619489559165, 0.2
431, 3130.0, 8, 7.24537037037037, 0.2
432, 3137.0, 7, 7.244803695150115, 0.2
433, 3144.0, 7, 7.244239631336406, 0.2
434, 3151.0, 7, 7.24367816091954, 0.2
435, 3158.0, 7, 7.243119266055046, 0.2
436, 3164.0, 6, 7.240274599542334, 0.2
437, 3165.0, 1, 7.226027397260274, 0.2
438, 3168.0, 3, 7.216400911161731, 0.2
439, 3176.0, 8, 7.218181818181818, 0.2
440, 3184.0, 8, 7.219954648526077, 0.2
441, 3190.0, 6, 7.217194570135747, 0.2
442, 3196.0, 6, 7.214446952595937, 0.2
443, 3196.0, 0, 7.198198198198198, 0.2
444, 3200.0, 4, 7.191011235955056, 0.2
445, 3206.0, 6, 7.188340807174888, 0.2
446, 3208.0, 2, 7.176733780760626, 0.2
447, 3214.0, 6, 7.174107142857143, 0.2
448, 3221.0, 7, 7.173719376391982, 0.2
449, 3227.0, 6, 7.171111111111111, 0.2
450, 3234.0, 7, 7.170731707317073, 0.2
451, 3240.0, 6, 7.168141592920354, 0.2
452, 3246.0, 6, 7.1655629139072845, 0.2
453, 3250.0, 4, 7.158590308370044, 0.2
454, 3255.0, 5, 7.153846153846154, 0.2
455, 3262.0, 7, 7.1535087719298245, 0.2
456, 3268.0, 6, 7.150984682713348, 0.2
457, 3275.0, 7, 7.150655021834061, 0.2
458, 3282.0, 7, 7.150326797385621, 0.2
459, 3285.0, 3, 7.141304347826087, 0.2
460, 3291.0, 6, 7.13882863340564, 0.2
461, 3296.0, 5, 7.134199134199134, 0.2
462, 3301.0, 5, 7.129589632829374, 0.2
463, 3308.0, 7, 7.129310344827586, 0.2
464, 3316.0, 8, 7.131182795698924, 0.2
465, 3323.0, 7, 7.130901287553648, 0.2
466, 3323.0, 0, 7.115631691648822, 0.2
467, 3330.0, 7, 7.115384615384615, 0.2
468, 3336.0, 6, 7.113006396588486, 0.2
469, 3342.0, 6, 7.110638297872341, 0.2
470, 3350.0, 8, 7.112526539278131, 0.2
471, 3351.0, 1, 7.09957627118644, 0.2
472, 3354.0, 3, 7.090909090909091, 0.2
473, 3359.0, 5, 7.086497890295359, 0.2
474, 3364.0, 5, 7.082105263157895, 0.2
475, 3371.0, 7, 7.081932773109243, 0.2
476, 3378.0, 7, 7.081761006289308, 0.2
477, 3384.0, 6, 7.079497907949791, 0.2
478, 3392.0, 8, 7.081419624217119, 0.2
479, 3398.0, 6, 7.079166666666667, 0.2
480, 3406.0, 8, 7.081081081081081, 0.2
481, 3413.0, 7, 7.080912863070539, 0.2
482, 3420.0, 7, 7.080745341614906, 0.2
483, 3427.0, 7, 7.080578512396694, 0.2
484, 3435.0, 8, 7.082474226804123, 0.2
485, 3437.0, 2, 7.07201646090535, 0.2
486, 3442.0, 5, 7.06776180698152, 0.2
487, 3449.0, 7, 7.067622950819672, 0.2
488, 3455.0, 6, 7.065439672801636, 0.2
489, 3456.0, 1, 7.053061224489796, 0.2
490, 3460.0, 4, 7.04684317718941, 0.2
491, 3468.0, 8, 7.048780487804878, 0.2
492, 3474.0, 6, 7.046653144016227, 0.2
493, 3480.0, 6, 7.044534412955466, 0.2
494, 3486.0, 6, 7.042424242424242, 0.2
495, 3493.0, 7, 7.042338709677419, 0.2
496, 3501.0, 8, 7.044265593561368, 0.2
497, 3508.0, 7, 7.044176706827309, 0.2
498, 3515.0, 7, 7.044088176352705, 0.2
499, 3523.0, 8, 7.046, 0.2
500, 3524.0, 1, 7.033932135728543, 0.2
501, 3529.0, 5, 7.02988047808765, 0.2
502, 3536.0, 7, 7.029821073558648, 0.2
503, 3542.0, 6, 7.027777777777778, 0.2
504, 3549.0, 7, 7.027722772277228, 0.2
505, 3557.0, 8, 7.029644268774703, 0.2
506, 3564.0, 7, 7.029585798816568, 0.2
507, 3570.0, 6, 7.02755905511811, 0.2
508, 3577.0, 7, 7.027504911591356, 0.2
509, 3585.0, 8, 7.029411764705882, 0.2
510, 3586.0, 1, 7.01761252446184, 0.2
511, 3592.0, 6, 7.015625, 0.2
512, 3599.0, 7, 7.015594541910332, 0.2
513, 3606.0, 7, 7.01556420233463, 0.2
514, 3614.0, 8, 7.01747572815534, 0.2
515, 3620.0, 6, 7.015503875968992, 0.2
516, 3625.0, 5, 7.011605415860735, 0.2
517, 3631.0, 6, 7.0096525096525095, 0.2
518, 3638.0, 7, 7.009633911368016, 0.2
519, 3643.0, 5, 7.005769230769231, 0.2
520, 3649.0, 6, 7.00383877159309, 0.2
521, 3655.0, 6, 7.001915708812261, 0.2
522, 3663.0, 8, 7.003824091778203, 0.2
523, 3669.0, 6, 7.001908396946565, 0.2
524, 3675.0, 6, 7.0, 0.2
525, 3682.0, 7, 7.0, 0.2
526, 3688.0, 6, 6.998102466793169, 0.2
527, 3695.0, 7, 6.9981060606060606, 0.2
528, 3702.0, 7, 6.998109640831758, 0.2
529, 3705.0, 3, 6.990566037735849, 0.2
530, 3713.0, 8, 6.992467043314501, 0.2
531, 3719.0, 6, 6.9906015037593985, 0.2
532, 3726.0, 7, 6.990619136960601, 0.2
533, 3732.0, 6, 6.98876404494382, 0.2
534, 3739.0, 7, 6.988785046728972, 0.2
535, 3745.0, 6, 6.986940298507463, 0.2
536, 3750.0, 5, 6.983240223463687, 0.2
537, 3757.0, 7, 6.983271375464684, 0.2
538, 3764.0, 7, 6.98330241187384, 0.2
539, 3770.0, 6, 6.981481481481482, 0.2
540, 3777.0, 7, 6.981515711645102, 0.2
541, 3784.0, 7, 6.981549815498155, 0.2
542, 3790.0, 6, 6.979742173112339, 0.2
543, 3797.0, 7, 6.979779411764706, 0.2
544, 3805.0, 8, 6.981651376146789, 0.2
545, 3810.0, 5, 6.978021978021978, 0.2
546, 3816.0, 6, 6.976234003656307, 0.2
547, 3821.0, 5, 6.9726277372262775, 0.2
548, 3826.0, 5, 6.969034608378871, 0.2
549, 3834.0, 8, 6.970909090909091, 0.2
550, 3841.0, 7, 6.970961887477314, 0.2
551, 3846.0, 5, 6.967391304347826, 0.2
552, 3848.0, 2, 6.958408679927667, 0.2
553, 3854.0, 6, 6.956678700361011, 0.2
554, 3861.0, 7, 6.956756756756757, 0.2
555, 3868.0, 7, 6.956834532374101, 0.2
556, 3873.0, 5, 6.953321364452424, 0.2
557, 3879.0, 6, 6.951612903225806, 0.2
558, 3886.0, 7, 6.95169946332737, 0.2
559, 3892.0, 6, 6.95, 0.2
560, 3898.0, 6, 6.948306595365419, 0.2
561, 3906.0, 8, 6.950177935943061, 0.2
562, 3913.0, 7, 6.950266429840142, 0.2
563, 3919.0, 6, 6.948581560283688, 0.2
564, 3927.0, 8, 6.9504424778761065, 0.2
565, 3933.0, 6, 6.948763250883392, 0.2
566, 3939.0, 6, 6.947089947089947, 0.2
567, 3945.0, 6, 6.945422535211268, 0.2
568, 3949.0, 4, 6.940246045694201, 0.2
569, 3955.0, 6, 6.93859649122807, 0.2
570, 3959.0, 4, 6.933450087565674, 0.2
571, 3963.0, 4, 6.928321678321678, 0.2
572, 3968.0, 5, 6.924956369982548, 0.2
573, 3975.0, 7, 6.925087108013937, 0.2
574, 3978.0, 3, 6.918260869565217, 0.2
575, 3982.0, 4, 6.913194444444445, 0.2
576, 3989.0, 7, 6.913344887348353, 0.2
577, 3996.0, 7, 6.913494809688581, 0.2
578, 4001.0, 5, 6.910189982728843, 0.2
579, 4009.0, 8, 6.912068965517242, 0.2
580, 4012.0, 3, 6.905335628227195, 0.2
581, 4020.0, 8, 6.907216494845361, 0.2
582, 4028.0, 8, 6.909090909090909, 0.2
583, 4036.0, 8, 6.910958904109589, 0.2
584, 4042.0, 6, 6.90940170940171, 0.2
585, 4048.0, 6, 6.907849829351536, 0.2
586, 4056.0, 8, 6.909710391822828, 0.2
587, 4061.0, 5, 6.906462585034014, 0.2
588, 4069.0, 8, 6.9083191850594226, 0.2
589, 4075.0, 6, 6.906779661016949, 0.2
590, 4083.0, 8, 6.908629441624366, 0.2
591, 4090.0, 7, 6.908783783783784, 0.2
592, 4098.0, 8, 6.9106239460370995, 0.2
593, 4098.0, 0, 6.898989898989899, 0.2
594, 4106.0, 8, 6.900840336134454, 0.2
595, 4112.0, 6, 6.899328859060403, 0.2
596, 4113.0, 1, 6.889447236180905, 0.2
597, 4121.0, 8, 6.891304347826087, 0.2
598, 4128.0, 7, 6.891485809682805, 0.2
599, 4131.0, 3, 6.885, 0.2
600, 4136.0, 5, 6.881863560732113, 0.2
601, 4142.0, 6, 6.880398671096345, 0.2
602, 4147.0, 5, 6.877280265339967, 0.2
603, 4153.0, 6, 6.875827814569536, 0.2
604, 4159.0, 6, 6.874380165289256, 0.2
605, 4165.0, 6, 6.872937293729373, 0.2
606, 4172.0, 7, 6.873146622734761, 0.2
607, 4177.0, 5, 6.870065789473684, 0.2
608, 4183.0, 6, 6.8686371100164205, 0.2
609, 4191.0, 8, 6.870491803278688, 0.2
610, 4193.0, 2, 6.862520458265139, 0.2
611, 4198.0, 5, 6.859477124183006, 0.2
612, 4205.0, 7, 6.859706362153344, 0.2
613, 4210.0, 5, 6.856677524429967, 0.2
614, 4216.0, 6, 6.855284552845529, 0.2
615, 4222.0, 6, 6.853896103896104, 0.2
616, 4228.0, 6, 6.8525121555915725, 0.2
617, 4230.0, 2, 6.844660194174757, 0.2
618, 4238.0, 8, 6.846526655896607, 0.2
619, 4243.0, 5, 6.843548387096774, 0.2
620, 4248.0, 5, 6.840579710144928, 0.2
621, 4253.0, 5, 6.837620578778135, 0.2
622, 4258.0, 5, 6.834670947030498, 0.2
623, 4263.0, 5, 6.831730769230769, 0.2
624, 4265.0, 2, 6.824, 0.2
625, 4272.0, 7, 6.824281150159744, 0.2
626, 4278.0, 6, 6.822966507177034, 0.2
627, 4286.0, 8, 6.82484076433121, 0.2
628, 4292.0, 6, 6.823529411764706, 0.2
629, 4292.0, 0, 6.8126984126984125, 0.2
630, 4299.0, 7, 6.812995245641838, 0.2
631, 4306.0, 7, 6.813291139240507, 0.2
632, 4311.0, 5, 6.81042654028436, 0.2
633, 4316.0, 5, 6.807570977917981, 0.2
634, 4322.0, 6, 6.806299212598425, 0.2
635, 4328.0, 6, 6.80503144654088, 0.2
636, 4336.0, 8, 6.80690737833595, 0.2
637, 4343.0, 7, 6.807210031347962, 0.2
638, 4345.0, 2, 6.799687010954616, 0.2
639, 4352.0, 7, 6.8, 0.2
640, 4354.0, 2, 6.792511700468019, 0.2
641, 4362.0, 8, 6.794392523364486, 0.2
642, 4367.0, 5, 6.791601866251944, 0.2
643, 4373.0, 6, 6.790372670807454, 0.2
644, 4379.0, 6, 6.789147286821706, 0.2
645, 4385.0, 6, 6.787925696594427, 0.2
646, 4392.0, 7, 6.788253477588872, 0.2
647, 4398.0, 6, 6.787037037037037, 0.2
648, 4401.0, 3, 6.781201848998459, 0.2
649, 4409.0, 8, 6.783076923076923, 0.2
650, 4413.0, 4, 6.778801843317972, 0.2
651, 4418.0, 5, 6.776073619631902, 0.2
652, 4419.0, 1, 6.767228177641654, 0.2
653, 4425.0, 6, 6.76605504587156, 0.2
654, 4428.0, 3, 6.76030534351145, 0.2
655, 4432.0, 4, 6.7560975609756095, 0.2
656, 4438.0, 6, 6.754946727549467, 0.2
657, 4445.0, 7, 6.75531914893617, 0.2
658, 4453.0, 8, 6.757207890743551, 0.2
659, 4459.0, 6, 6.756060606060606, 0.2
660, 4463.0, 4, 6.751891074130106, 0.2
661, 4467.0, 4, 6.74773413897281, 0.2
662, 4472.0, 5, 6.745098039215686, 0.2
663, 4477.0, 5, 6.742469879518072, 0.2
664, 4483.0, 6, 6.741353383458646, 0.2
665, 4490.0, 7, 6.741741741741742, 0.2
666, 4496.0, 6, 6.740629685157422, 0.2
667, 4498.0, 2, 6.733532934131737, 0.2
668, 4506.0, 8, 6.73542600896861, 0.2
669, 4514.0, 8, 6.737313432835821, 0.2
670, 4520.0, 6, 6.736214605067064, 0.2
671, 4528.0, 8, 6.738095238095238, 0.2
672, 4534.0, 6, 6.736998514115899, 0.2
673, 4541.0, 7, 6.7373887240356085, 0.2
674, 4547.0, 6, 6.736296296296296, 0.2
675, 4555.0, 8, 6.738165680473373, 0.2
676, 4556.0, 1, 6.729689807976366, 0.2
677, 4562.0, 6, 6.728613569321534, 0.2
678, 4569.0, 7, 6.729013254786451, 0.2
679, 4577.0, 8, 6.730882352941176, 0.2
680, 4578.0, 1, 6.722466960352423, 0.2
681, 4585.0, 7, 6.722873900293255, 0.2
682, 4593.0, 8, 6.7247437774524155, 0.2
683, 4600.0, 7, 6.7251461988304095, 0.2
684, 4607.0, 7, 6.725547445255475, 0.2
685, 4613.0, 6, 6.724489795918367, 0.2
686, 4619.0, 6, 6.723435225618632, 0.2
687, 4622.0, 3, 6.718023255813954, 0.2
688, 4628.0, 6, 6.716981132075472, 0.2
689, 4631.0, 3, 6.711594202898551, 0.2
690, 4638.0, 7, 6.712011577424023, 0.2
691, 4642.0, 4, 6.708092485549133, 0.2
692, 4648.0, 6, 6.707070707070707, 0.2
693, 4654.0, 6, 6.706051873198847, 0.2
694, 4661.0, 7, 6.706474820143885, 0.2
695, 4669.0, 8, 6.708333333333333, 0.2
696, 4676.0, 7, 6.708751793400287, 0.2
697, 4682.0, 6, 6.707736389684814, 0.2
698, 4688.0, 6, 6.706723891273247, 0.2
699, 4695.0, 7, 6.707142857142857, 0.2
700, 4702.0, 7, 6.70756062767475, 0.2
701, 4706.0, 4, 6.703703703703703, 0.2
702, 4713.0, 7, 6.704125177809388, 0.2
703, 4720.0, 7, 6.704545454545454, 0.2
704, 4724.0, 4, 6.700709219858156, 0.2
705, 4729.0, 5, 6.698300283286119, 0.2
706, 4734.0, 5, 6.6958981612446955, 0.2
707, 4741.0, 7, 6.696327683615819, 0.2
708, 4748.0, 7, 6.696755994358251, 0.2
709, 4754.0, 6, 6.695774647887324, 0.2
710, 4754.0, 0, 6.686357243319269, 0.2
711, 4761.0, 7, 6.686797752808989, 0.2
712, 4766.0, 5, 6.6844319775596075, 0.2
713, 4773.0, 7, 6.684873949579832, 0.2
714, 4780.0, 7, 6.685314685314685, 0.2
715, 4784.0, 4, 6.681564245810056, 0.2
716, 4791.0, 7, 6.682008368200837, 0.2
717, 4798.0, 7, 6.6824512534818945, 0.2
718, 4803.0, 5, 6.680111265646731, 0.2
719, 4810.0, 7, 6.680555555555555, 0.2
720, 4816.0, 6, 6.679611650485437, 0.2
721, 4822.0, 6, 6.678670360110804, 0.2
722, 4829.0, 7, 6.67911479944675, 0.2
723, 4836.0, 7, 6.679558011049724, 0.2
724, 4844.0, 8, 6.681379310344828, 0.2
725, 4850.0, 6, 6.680440771349862, 0.2
726, 4857.0, 7, 6.680880330123796, 0.2
727, 4861.0, 4, 6.677197802197802, 0.2
728, 4869.0, 8, 6.679012345679013, 0.2
729, 4871.0, 2, 6.6726027397260275, 0.2
730, 4871.0, 0, 6.663474692202462, 0.2
731, 4878.0, 7, 6.663934426229508, 0.2
732, 4882.0, 4, 6.660300136425648, 0.2
733, 4889.0, 7, 6.660762942779291, 0.2
734, 4895.0, 6, 6.659863945578231, 0.2
735, 4901.0, 6, 6.658967391304348, 0.2
736, 4905.0, 4, 6.655359565807327, 0.2
737, 4911.0, 6, 6.654471544715447, 0.2
738, 4917.0, 6, 6.653585926928281, 0.2
739, 4924.0, 7, 6.654054054054054, 0.2
740, 4931.0, 7, 6.654520917678813, 0.2
741, 4938.0, 7, 6.654986522911051, 0.2
742, 4941.0, 3, 6.650067294751009, 0.2
743, 4949.0, 8, 6.651881720430108, 0.2
744, 4956.0, 7, 6.652348993288591, 0.2
745, 4961.0, 5, 6.650134048257373, 0.2
746, 4969.0, 8, 6.65194109772423, 0.2
747, 4976.0, 7, 6.652406417112299, 0.2
748, 4983.0, 7, 6.65287049399199, 0.2
749, 4989.0, 6, 6.652, 0.2
750, 4995.0, 6, 6.651131824234354, 0.2
751, 5001.0, 6, 6.650265957446808, 0.2
752, 5008.0, 7, 6.650730411686587, 0.2
753, 5008.0, 0, 6.641909814323608, 0.2
754, 5012.0, 4, 6.63841059602649, 0.2
755, 5019.0, 7, 6.638888888888889, 0.2
756, 5021.0, 2, 6.632760898282695, 0.2
757, 5026.0, 5, 6.630606860158311, 0.2
758, 5032.0, 6, 6.629776021080369, 0.2
759, 5038.0, 6, 6.628947368421053, 0.2
760, 5044.0, 6, 6.628120893561104, 0.2
761, 5052.0, 8, 6.6299212598425195, 0.2
762, 5055.0, 3, 6.62516382699869, 0.2
763, 5059.0, 4, 6.621727748691099, 0.2
764, 5066.0, 7, 6.622222222222222, 0.2
765, 5069.0, 3, 6.617493472584856, 0.2
766, 5076.0, 7, 6.617992177314211, 0.2
767, 5076.0, 0, 6.609375, 0.2
768, 5084.0, 8, 6.611183355006502, 0.2
769, 5086.0, 2, 6.605194805194805, 0.2
770, 5093.0, 7, 6.605706874189364, 0.2
771, 5098.0, 5, 6.603626943005182, 0.2
772, 5102.0, 4, 6.60025873221216, 0.2
773, 5109.0, 7, 6.60077519379845, 0.2
774, 5114.0, 5, 6.598709677419355, 0.2
775, 5119.0, 5, 6.596649484536083, 0.2
776, 5125.0, 6, 6.595881595881596, 0.2
777, 5133.0, 8, 6.597686375321337, 0.2
778, 5138.0, 5, 6.595635430038511, 0.2
779, 5143.0, 5, 6.593589743589743, 0.2
780, 5145.0, 2, 6.587708066581306, 0.2
781, 5150.0, 5, 6.585677749360614, 0.2
782, 5150.0, 0, 6.577266922094508, 0.2
783, 5151.0, 1, 6.57015306122449, 0.2
784, 5157.0, 6, 6.569426751592356, 0.2
785, 5165.0, 8, 6.571246819338422, 0.2
786, 5170.0, 5, 6.569250317662008, 0.2
787, 5174.0, 4, 6.565989847715736, 0.2
788, 5179.0, 5, 6.564005069708492, 0.2
789, 5182.0, 3, 6.559493670886076, 0.2
790, 5188.0, 6, 6.558786346396966, 0.2
791, 5195.0, 7, 6.559343434343434, 0.2
792, 5196.0, 1, 6.552332912988651, 0.2
793, 5199.0, 3, 6.547858942065491, 0.2
794, 5206.0, 7, 6.548427672955975, 0.2
795, 5212.0, 6, 6.547738693467337, 0.2
796, 5219.0, 7, 6.548306148055207, 0.2
797, 5225.0, 6, 6.5476190476190474, 0.2
798, 5231.0, 6, 6.546933667083855, 0.2
799, 5232.0, 1, 6.54, 0.2
800, 5239.0, 7, 6.540574282147316, 0.2
801, 5246.0, 7, 6.541147132169576, 0.2
802, 5252.0, 6, 6.540473225404733, 0.2
803, 5253.0, 1, 6.5335820895522385, 0.2
804, 5260.0, 7, 6.53416149068323, 0.2
805, 5265.0, 5, 6.532258064516129, 0.2
806, 5272.0, 7, 6.532837670384139, 0.2
807, 5278.0, 6, 6.532178217821782, 0.2
808, 5284.0, 6, 6.531520395550062, 0.2
809, 5291.0, 7, 6.5320987654320986, 0.2
810, 5295.0, 4, 6.5289765721331685, 0.2
811, 5302.0, 7, 6.529556650246305, 0.2
812, 5309.0, 7, 6.530135301353013, 0.2
813, 5310.0, 1, 6.523341523341523, 0.2
814, 5318.0, 8, 6.5251533742331285, 0.2
815, 5324.0, 6, 6.5245098039215685, 0.2
816, 5332.0, 8, 6.526315789473684, 0.2
817, 5332.0, 0, 6.518337408312958, 0.2
818, 5340.0, 8, 6.52014652014652, 0.2
819, 5346.0, 6, 6.519512195121951, 0.2
820, 5353.0, 7, 6.520097442143727, 0.2
821, 5358.0, 5, 6.518248175182482, 0.2
822, 5364.0, 6, 6.517618469015796, 0.2
823, 5371.0, 7, 6.518203883495145, 0.2
824, 5377.0, 6, 6.517575757575758, 0.2
825, 5385.0, 8, 6.519370460048426, 0.2
826, 5389.0, 4, 6.516324062877872, 0.2
827, 5396.0, 7, 6.516908212560386, 0.2
828, 5402.0, 6, 6.5162846803377565, 0.2
829, 5403.0, 1, 6.509638554216868, 0.2
830, 5411.0, 8, 6.511432009626955, 0.2
831, 5417.0, 6, 6.5108173076923075, 0.2
832, 5420.0, 3, 6.506602641056422, 0.2
833, 5427.0, 7, 6.5071942446043165, 0.2
834, 5428.0, 1, 6.50059880239521, 0.2
835, 5436.0, 8, 6.502392344497608, 0.2
836, 5440.0, 4, 6.499402628434886, 0.2
837, 5447.0, 7, 6.5, 0.2
838, 5455.0, 8, 6.501787842669845, 0.2
839, 5460.0, 5, 6.5, 0.2
840, 5466.0, 6, 6.499405469678954, 0.2
841, 5472.0, 6, 6.498812351543943, 0.2
842, 5476.0, 4, 6.495848161328588, 0.2
843, 5482.0, 6, 6.495260663507109, 0.2
844, 5489.0, 7, 6.495857988165681, 0.2
845, 5495.0, 6, 6.495271867612293, 0.2
846, 5501.0, 6, 6.4946871310507674, 0.2
847, 5507.0, 6, 6.494103773584905, 0.2
848, 5513.0, 6, 6.493521790341578, 0.2
849, 5521.0, 8, 6.495294117647059, 0.2
850, 5528.0, 7, 6.4958871915393654, 0.2
851, 5535.0, 7, 6.496478873239437, 0.2
852, 5535.0, 0, 6.488862837045721, 0.2
853, 5542.0, 7, 6.489461358313817, 0.2
854, 5548.0, 6, 6.488888888888889, 0.2
855, 5554.0, 6, 6.488317757009346, 0.2
856, 5560.0, 6, 6.487747957992998, 0.2
857, 5566.0, 6, 6.487179487179487, 0.2
858, 5572.0, 6, 6.486612339930152, 0.2
859, 5578.0, 6, 6.486046511627907, 0.2
860, 5582.0, 4, 6.483159117305458, 0.2
861, 5589.0, 7, 6.483758700696056, 0.2
862, 5596.0, 7, 6.484356894553882, 0.2
863, 5599.0, 3, 6.480324074074074, 0.2
864, 5604.0, 5, 6.478612716763005, 0.2
865, 5610.0, 6, 6.478060046189376, 0.2
866, 5617.0, 7, 6.478662053056516, 0.2
867, 5623.0, 6, 6.478110599078341, 0.2
868, 5631.0, 8, 6.479861910241657, 0.2
869, 5638.0, 7, 6.480459770114942, 0.2
870, 5640.0, 2, 6.475315729047073, 0.2
871, 5646.0, 6, 6.474770642201835, 0.2
872, 5654.0, 8, 6.47651775486827, 0.2
873, 5660.0, 6, 6.475972540045767, 0.2
874, 5668.0, 8, 6.477714285714286, 0.2
875, 5670.0, 2, 6.472602739726027, 0.2
876, 5677.0, 7, 6.473204104903079, 0.2
877, 5682.0, 5, 6.471526195899772, 0.2
878, 5689.0, 7, 6.472127417519909, 0.2
879, 5691.0, 2, 6.467045454545454, 0.2
880, 5697.0, 6, 6.4665153234960275, 0.2
881, 5704.0, 7, 6.467120181405896, 0.2
882, 5711.0, 7, 6.467723669309173, 0.2
883, 5716.0, 5, 6.46606334841629, 0.2
884, 5719.0, 3, 6.462146892655367, 0.2
885, 5726.0, 7, 6.462753950338601, 0.2
886, 5730.0, 4, 6.459977452085682, 0.2
887, 5732.0, 2, 6.454954954954955, 0.2
888, 5735.0, 3, 6.451068616422947, 0.2
889, 5742.0, 7, 6.451685393258427, 0.2
890, 5744.0, 2, 6.44668911335578, 0.2
891, 5752.0, 8, 6.448430493273543, 0.2
892, 5760.0, 8, 6.4501679731243, 0.2
893, 5765.0, 5, 6.448545861297539, 0.2
894, 5772.0, 7, 6.449162011173184, 0.2
895, 5774.0, 2, 6.444196428571429, 0.2
896, 5777.0, 3, 6.44035674470457, 0.2
897, 5783.0, 6, 6.439866369710468, 0.2
898, 5791.0, 8, 6.441601779755284, 0.2
899, 5798.0, 7, 6.442222222222222, 0.2
900, 5805.0, 7, 6.442841287458379, 0.2
901, 5812.0, 7, 6.443458980044346, 0.2
902, 5817.0, 5, 6.441860465116279, 0.2
903, 5817.0, 0, 6.4347345132743365, 0.2
904, 5823.0, 6, 6.434254143646409, 0.2
905, 5829.0, 6, 6.433774834437086, 0.2
906, 5836.0, 7, 6.434399117971334, 0.2
907, 5841.0, 5, 6.432819383259912, 0.2
908, 5849.0, 8, 6.434543454345435, 0.2
909, 5854.0, 5, 6.432967032967033, 0.2
910, 5859.0, 5, 6.431394072447859, 0.2
911, 5866.0, 7, 6.432017543859649, 0.2
912, 5873.0, 7, 6.432639649507119, 0.2
913, 5880.0, 7, 6.433260393873085, 0.2
914, 5884.0, 4, 6.4306010928961745, 0.2
915, 5890.0, 6, 6.430131004366812, 0.2
916, 5890.0, 0, 6.423118865866957, 0.2
917, 5898.0, 8, 6.42483660130719, 0.2
918, 5906.0, 8, 6.426550598476605, 0.2
919, 5908.0, 2, 6.421739130434783, 0.2
920, 5914.0, 6, 6.42128121606949, 0.2
921, 5921.0, 7, 6.421908893709327, 0.2
922, 5926.0, 5, 6.4203683640303355, 0.2
923, 5934.0, 8, 6.422077922077922, 0.2
924, 5942.0, 8, 6.423783783783784, 0.2
925, 5942.0, 0, 6.416846652267819, 0.2
926, 5950.0, 8, 6.418554476806904, 0.2
927, 5956.0, 6, 6.418103448275862, 0.2
928, 5964.0, 8, 6.419806243272336, 0.2
929, 5970.0, 6, 6.419354838709677, 0.2
930, 5970.0, 0, 6.412459720730397, 0.2
931, 5976.0, 6, 6.412017167381975, 0.2
932, 5979.0, 3, 6.408360128617363, 0.2
933, 5985.0, 6, 6.407922912205567, 0.2
934, 5989.0, 4, 6.405347593582888, 0.2
935, 5994.0, 5, 6.403846153846154, 0.2
936, 5994.0, 0, 6.397011739594451, 0.2
937, 5999.0, 5, 6.395522388059701, 0.2
938, 6006.0, 7, 6.396166134185304, 0.2
939, 6013.0, 7, 6.396808510638298, 0.2
940, 6020.0, 7, 6.397449521785335, 0.2
941, 6023.0, 3, 6.39384288747346, 0.2
942, 6028.0, 5, 6.392364793213149, 0.2
943, 6036.0, 8, 6.3940677966101696, 0.2
944, 6043.0, 7, 6.394708994708995, 0.2
945, 6049.0, 6, 6.394291754756871, 0.2
946, 6053.0, 4, 6.391763463569165, 0.2
947, 6059.0, 6, 6.391350210970464, 0.2
948, 6062.0, 3, 6.387776606954689, 0.2
949, 6070.0, 8, 6.389473684210526, 0.2
950, 6075.0, 5, 6.38801261829653, 0.2
951, 6080.0, 5, 6.38655462184874, 0.2
952, 6086.0, 6, 6.3861490031479535, 0.2
953, 6089.0, 3, 6.382599580712788, 0.2
954, 6094.0, 5, 6.381151832460733, 0.2
955, 6098.0, 4, 6.378661087866109, 0.2
956, 6106.0, 8, 6.380355276907001, 0.2
957, 6107.0, 1, 6.374739039665971, 0.2
958, 6112.0, 5, 6.373305526590198, 0.2
959, 6117.0, 5, 6.371875, 0.2
960, 6124.0, 7, 6.372528616024974, 0.2
961, 6130.0, 6, 6.372141372141372, 0.2
962, 6135.0, 5, 6.370716510903427, 0.2
963, 6138.0, 3, 6.367219917012448, 0.2
964, 6142.0, 4, 6.364766839378238, 0.2
965, 6148.0, 6, 6.364389233954451, 0.2
966, 6155.0, 7, 6.365046535677353, 0.2
967, 6160.0, 5, 6.363636363636363, 0.2
968, 6168.0, 8, 6.365325077399381, 0.2
969, 6169.0, 1, 6.359793814432989, 0.2
970, 6176.0, 7, 6.360453141091658, 0.2
971, 6182.0, 6, 6.360082304526749, 0.2
972, 6188.0, 6, 6.359712230215828, 0.2
973, 6193.0, 5, 6.3583162217659135, 0.2
974, 6199.0, 6, 6.357948717948718, 0.2
975, 6202.0, 3, 6.354508196721311, 0.2
976, 6210.0, 8, 6.356192425793244, 0.2
977, 6217.0, 7, 6.356850715746421, 0.2
978, 6225.0, 8, 6.3585291113381, 0.2
979, 6228.0, 3, 6.355102040816327, 0.2
980, 6235.0, 7, 6.355759429153925, 0.2
981, 6235.0, 0, 6.3492871690427695, 0.2
982, 6239.0, 4, 6.346897253306206, 0.2
983, 6246.0, 7, 6.347560975609756, 0.2
984, 6252.0, 6, 6.3472081218274115, 0.2
985, 6260.0, 8, 6.348884381338743, 0.2
986, 6265.0, 5, 6.347517730496454, 0.2
987, 6271.0, 6, 6.347165991902834, 0.2
988, 6277.0, 6, 6.346814964610718, 0.2
989, 6281.0, 4, 6.344444444444444, 0.2
990, 6289.0, 8, 6.346115035317861, 0.2
991, 6296.0, 7, 6.346774193548387, 0.2
992, 6304.0, 8, 6.348439073514602, 0.2
993, 6311.0, 7, 6.349094567404427, 0.2
994, 6319.0, 8, 6.350753768844221, 0.2
995, 6325.0, 6, 6.350401606425703, 0.2
996, 6330.0, 5, 6.349047141424273, 0.2
997, 6338.0, 8, 6.350701402805611, 0.2
998, 6346.0, 8, 6.352352352352352, 0.2
999, 6351.0, 5, 6.351, 0.2
1000, 6358.0, 7, 6.351648351648351, 0.2
1001, 6363.0, 5, 6.350299401197605, 0.2
1002, 6371.0, 8, 6.351944167497508, 0.2
1003, 6375.0, 4, 6.349601593625498, 0.2
1004, 6383.0, 8, 6.351243781094527, 0.2
1005, 6389.0, 6, 6.350894632206759, 0.2
1006, 6396.0, 7, 6.351539225422045, 0.2
1007, 6404.0, 8, 6.353174603174603, 0.2
1008, 6410.0, 6, 6.352824578790882, 0.2
1009, 6416.0, 6, 6.352475247524753, 0.2
1010, 6423.0, 7, 6.353115727002967, 0.2
1011, 6426.0, 3, 6.349802371541502, 0.2
1012, 6430.0, 4, 6.347482724580454, 0.2
1013, 6435.0, 5, 6.346153846153846, 0.2
1014, 6443.0, 8, 6.347783251231527, 0.2
1015, 6450.0, 7, 6.3484251968503935, 0.2
1016, 6455.0, 5, 6.347099311701082, 0.2
1017, 6462.0, 7, 6.347740667976424, 0.2
1018, 6465.0, 3, 6.344455348380765, 0.2
1019, 6473.0, 8, 6.346078431372549, 0.2
1020, 6478.0, 5, 6.344760039177277, 0.2
1021, 6486.0, 8, 6.346379647749511, 0.2
1022, 6489.0, 3, 6.343108504398827, 0.2
1023, 6495.0, 6, 6.3427734375, 0.2
1024, 6501.0, 6, 6.342439024390244, 0.2
1025, 6508.0, 7, 6.34307992202729, 0.2
1026, 6514.0, 6, 6.342745861733204, 0.2
1027, 6521.0, 7, 6.343385214007782, 0.2
1028, 6526.0, 5, 6.3420796890184645, 0.2
1029, 6533.0, 7, 6.342718446601942, 0.2
1030, 6539.0, 6, 6.342386032977692, 0.2
1031, 6547.0, 8, 6.3439922480620154, 0.2
1032, 6553.0, 6, 6.343659244917715, 0.2
1033, 6560.0, 7, 6.344294003868472, 0.2
1034, 6567.0, 7, 6.344927536231884, 0.2
1035, 6573.0, 6, 6.344594594594595, 0.2
1036, 6573.0, 0, 6.33847637415622, 0.2
1037, 6578.0, 5, 6.33718689788054, 0.2
1038, 6585.0, 7, 6.337824831568816, 0.2
1039, 6592.0, 7, 6.338461538461538, 0.2
1040, 6599.0, 7, 6.3390970220941405, 0.2
1041, 6605.0, 6, 6.338771593090211, 0.2
1042, 6612.0, 7, 6.339405560882071, 0.2
1043, 6618.0, 6, 6.339080459770115, 0.2
1044, 6624.0, 6, 6.338755980861244, 0.2
1045, 6630.0, 6, 6.338432122370937, 0.2
1046, 6631.0, 1, 6.333333333333333, 0.2
1047, 6638.0, 7, 6.333969465648855, 0.2
1048, 6644.0, 6, 6.333651096282174, 0.2
1049, 6652.0, 8, 6.335238095238095, 0.2
1050, 6654.0, 2, 6.331113225499524, 0.2
1051, 6659.0, 5, 6.329847908745247, 0.2
1052, 6663.0, 4, 6.327635327635328, 0.2
1053, 6671.0, 8, 6.329222011385199, 0.2
1054, 6671.0, 0, 6.323222748815166, 0.2
1055, 6677.0, 6, 6.322916666666667, 0.2
1056, 6681.0, 4, 6.320719016083254, 0.2
1057, 6687.0, 6, 6.3204158790170135, 0.2
1058, 6694.0, 7, 6.3210576015108595, 0.2
1059, 6702.0, 8, 6.3226415094339625, 0.2
1060, 6710.0, 8, 6.324222431668238, 0.2
1061, 6718.0, 8, 6.325800376647834, 0.2
1062, 6723.0, 5, 6.3245531514581375, 0.2
1063, 6728.0, 5, 6.323308270676692, 0.2
1064, 6733.0, 5, 6.32206572769953, 0.2
1065, 6740.0, 7, 6.322701688555347, 0.2
1066, 6740.0, 0, 6.316776007497657, 0.2
1067, 6744.0, 4, 6.314606741573034, 0.2
1068, 6752.0, 8, 6.316183348924228, 0.2
1069, 6756.0, 4, 6.314018691588785, 0.2
1070, 6763.0, 7, 6.314659197012138, 0.2
1071, 6766.0, 3, 6.311567164179104, 0.2
1072, 6772.0, 6, 6.311276794035415, 0.2
1073, 6778.0, 6, 6.31098696461825, 0.2
1074, 6784.0, 6, 6.310697674418605, 0.2
1075, 6784.0, 0, 6.304832713754647, 0.2
1076, 6791.0, 7, 6.305478180129991, 0.2
1077, 6798.0, 7, 6.3061224489795915, 0.2
1078, 6804.0, 6, 6.305838739573679, 0.2
1079, 6811.0, 7, 6.306481481481481, 0.2
1080, 6817.0, 6, 6.306197964847364, 0.2
1081, 6824.0, 7, 6.306839186691312, 0.2
1082, 6831.0, 7, 6.307479224376731, 0.2
1083, 6837.0, 6, 6.307195571955719, 0.2
1084, 6843.0, 6, 6.306912442396313, 0.2
1085, 6851.0, 8, 6.308471454880294, 0.2
1086, 6856.0, 5, 6.3072677092916285, 0.2
1087, 6861.0, 5, 6.306066176470588, 0.2
1088, 6869.0, 8, 6.307621671258035, 0.2
1089, 6875.0, 6, 6.307339449541284, 0.2
1090, 6882.0, 7, 6.307974335472044, 0.2
1091, 6889.0, 7, 6.308608058608058, 0.2
1092, 6891.0, 2, 6.304666056724611, 0.2
1093, 6894.0, 3, 6.301645338208409, 0.2
1094, 6901.0, 7, 6.302283105022831, 0.2
1095, 6908.0, 7, 6.302919708029197, 0.2
1096, 6912.0, 4, 6.300820419325433, 0.2
1097, 6917.0, 5, 6.2996357012750455, 0.2
1098, 6925.0, 8, 6.301182893539582, 0.2
1099, 6928.0, 3, 6.298181818181818, 0.2
1100, 6934.0, 6, 6.297910990009083, 0.2
1101, 6939.0, 5, 6.296733212341198, 0.2
1102, 6945.0, 6, 6.296464188576609, 0.2
1103, 6950.0, 5, 6.295289855072464, 0.2
1104, 6952.0, 2, 6.2914027149321265, 0.2
1105, 6957.0, 5, 6.2902350813743215, 0.2
1106, 6965.0, 8, 6.291779584462511, 0.2
1107, 6971.0, 6, 6.291516245487364, 0.2
1108, 6978.0, 7, 6.292155094679892, 0.2
1109, 6983.0, 5, 6.290990990990991, 0.2
1110, 6990.0, 7, 6.2916291629162915, 0.2
1111, 6997.0, 7, 6.29226618705036, 0.2
1112, 7002.0, 5, 6.291105121293801, 0.2
1113, 7009.0, 7, 6.291741472172352, 0.2
1114, 7016.0, 7, 6.29237668161435, 0.2
1115, 7019.0, 3, 6.289426523297491, 0.2
1116, 7024.0, 5, 6.288272157564906, 0.2
1117, 7032.0, 8, 6.289803220035778, 0.2
1118, 7040.0, 8, 6.291331546023235, 0.2
1119, 7046.0, 6, 6.291071428571429, 0.2
1120, 7054.0, 8, 6.292595896520964, 0.2
1121, 7061.0, 7, 6.293226381461675, 0.2
1122, 7066.0, 5, 6.292074799643811, 0.2
1123, 7072.0, 6, 6.291814946619217, 0.2
1124, 7079.0, 7, 6.2924444444444445, 0.2
1125, 7086.0, 7, 6.293072824156305, 0.2
1126, 7093.0, 7, 6.2937000887311445, 0.2
1127, 7099.0, 6, 6.293439716312057, 0.2
1128, 7105.0, 6, 6.29317980513729, 0.2
1129, 7113.0, 8, 6.294690265486726, 0.2
1130, 7119.0, 6, 6.294429708222812, 0.2
1131, 7124.0, 5, 6.293286219081272, 0.2
1132, 7130.0, 6, 6.293027360988526, 0.2
1133, 7135.0, 5, 6.291887125220459, 0.2
1134, 7138.0, 3, 6.2889867841409695, 0.2
1135, 7141.0, 3, 6.286091549295775, 0.2
1136, 7146.0, 5, 6.284960422163588, 0.2
1137, 7152.0, 6, 6.284710017574692, 0.2
1138, 7160.0, 8, 6.286215978928885, 0.2
1139, 7167.0, 7, 6.286842105263158, 0.2
1140, 7173.0, 6, 6.286590709903593, 0.2
1141, 7180.0, 7, 6.287215411558669, 0.2
1142, 7187.0, 7, 6.287839020122485, 0.2
1143, 7192.0, 5, 6.286713286713287, 0.2
1144, 7200.0, 8, 6.288209606986899, 0.2
1145, 7208.0, 8, 6.289703315881327, 0.2
1146, 7214.0, 6, 6.289450741063645, 0.2
1147, 7222.0, 8, 6.290940766550523, 0.2
1148, 7229.0, 7, 6.291557876414274, 0.2
1149, 7235.0, 6, 6.291304347826087, 0.2
1150, 7236.0, 1, 6.286707211120764, 0.2
1151, 7241.0, 5, 6.285590277777778, 0.2
1152, 7247.0, 6, 6.285342584562012, 0.2
1153, 7252.0, 5, 6.284228769497401, 0.2
1154, 7259.0, 7, 6.284848484848485, 0.2
1155, 7267.0, 8, 6.286332179930795, 0.2
1156, 7273.0, 6, 6.286084701815039, 0.2
1157, 7279.0, 6, 6.285837651122625, 0.2
1158, 7284.0, 5, 6.284728213977567, 0.2
1159, 7290.0, 6, 6.2844827586206895, 0.2
1160, 7297.0, 7, 6.285099052540913, 0.2
1161, 7303.0, 6, 6.284853700516351, 0.2
1162, 7307.0, 4, 6.2828890799656065, 0.2
1163, 7315.0, 8, 6.284364261168385, 0.2
1164, 7322.0, 7, 6.284978540772532, 0.2
1165, 7326.0, 4, 6.283018867924528, 0.2
1166, 7332.0, 6, 6.282776349614396, 0.2
1167, 7338.0, 6, 6.282534246575342, 0.2
1168, 7344.0, 6, 6.28229255774166, 0.2
1169, 7350.0, 6, 6.282051282051282, 0.2
1170, 7356.0, 6, 6.281810418445773, 0.2
1171, 7362.0, 6, 6.2815699658703075, 0.2
1172, 7367.0, 5, 6.280477408354646, 0.2
1173, 7374.0, 7, 6.281090289608177, 0.2
1174, 7379.0, 5, 6.28, 0.2
1175, 7386.0, 7, 6.280612244897959, 0.2
1176, 7391.0, 5, 6.279524214103653, 0.2
1177, 7398.0, 7, 6.280135823429542, 0.2
1178, 7404.0, 6, 6.2798982188295165, 0.2
1179, 7404.0, 0, 6.274576271186441, 0.2
1180, 7409.0, 5, 6.273497036409823, 0.2
1181, 7416.0, 7, 6.274111675126903, 0.2
1182, 7423.0, 7, 6.274725274725275, 0.2
1183, 7429.0, 6, 6.274493243243243, 0.2
1184, 7436.0, 7, 6.275105485232068, 0.2
1185, 7443.0, 7, 6.275716694772344, 0.2
1186, 7448.0, 5, 6.274641954507161, 0.2
1187, 7455.0, 7, 6.275252525252525, 0.2
1188, 7463.0, 8, 6.276703111858705, 0.2
1189, 7469.0, 6, 6.276470588235294, 0.2
1190, 7476.0, 7, 6.277078085642318, 0.2
1191, 7482.0, 6, 6.276845637583893, 0.2
1192, 7489.0, 7, 6.27745180217938, 0.2
1193, 7493.0, 4, 6.275544388609715, 0.2
1194, 7500.0, 7, 6.2761506276150625, 0.2
1195, 7506.0, 6, 6.275919732441472, 0.2
1196, 7512.0, 6, 6.275689223057644, 0.2
1197, 7515.0, 3, 6.272954924874791, 0.2
1198, 7523.0, 8, 6.274395329441201, 0.2
1199, 7530.0, 7, 6.275, 0.2
1200, 7537.0, 7, 6.275603663613655, 0.2
1201, 7543.0, 6, 6.275374376039934, 0.2
1202, 7550.0, 7, 6.27597672485453, 0.2
1203, 7556.0, 6, 6.275747508305648, 0.2
1204, 7562.0, 6, 6.27551867219917, 0.2
1205, 7569.0, 7, 6.276119402985074, 0.2
1206, 7576.0, 7, 6.276719138359569, 0.2
1207, 7584.0, 8, 6.2781456953642385, 0.2
1208, 7590.0, 6, 6.277915632754342, 0.2
1209, 7595.0, 5, 6.276859504132231, 0.2
1210, 7601.0, 6, 6.2766308835673, 0.2
1211, 7606.0, 5, 6.275577557755776, 0.2
1212, 7610.0, 4, 6.273701566364386, 0.2
1213, 7613.0, 3, 6.271004942339374, 0.2
1214, 7618.0, 5, 6.269958847736626, 0.2
1215, 7624.0, 6, 6.269736842105263, 0.2
1216, 7629.0, 5, 6.2686935086277735, 0.2
1217, 7637.0, 8, 6.2701149425287355, 0.2
1218, 7645.0, 8, 6.271534044298606, 0.2
1219, 7653.0, 8, 6.272950819672131, 0.2
1220, 7659.0, 6, 6.2727272727272725, 0.2
1221, 7665.0, 6, 6.272504091653028, 0.2
1222, 7669.0, 4, 6.2706459525756335, 0.2
1223, 7672.0, 3, 6.26797385620915, 0.2
1224, 7678.0, 6, 6.267755102040816, 0.2
1225, 7682.0, 4, 6.265905383360522, 0.2
1226, 7688.0, 6, 6.265688671556642, 0.2
1227, 7694.0, 6, 6.265472312703583, 0.2
1228, 7698.0, 4, 6.263628966639544, 0.2
1229, 7703.0, 5, 6.26260162601626, 0.2
1230, 7706.0, 3, 6.259951259138911, 0.2
1231, 7713.0, 7, 6.2605519480519485, 0.2
1232, 7721.0, 8, 6.261962692619627, 0.2
1233, 7728.0, 7, 6.2625607779578605, 0.2
1234, 7735.0, 7, 6.2631578947368425, 0.2
1235, 7737.0, 2, 6.259708737864078, 0.2
1236, 7742.0, 5, 6.258690379951496, 0.2
1237, 7749.0, 7, 6.259289176090468, 0.2
1238, 7752.0, 3, 6.256658595641646, 0.2
1239, 7759.0, 7, 6.257258064516129, 0.2
1240, 7766.0, 7, 6.257856567284448, 0.2
1241, 7771.0, 5, 6.256843800322061, 0.2
1242, 7771.0, 0, 6.251810136765889, 0.2
1243, 7775.0, 4, 6.25, 0.2
1244, 7780.0, 5, 6.248995983935743, 0.2
1245, 7787.0, 7, 6.24959871589085, 0.2
1246, 7793.0, 6, 6.249398556535685, 0.2
1247, 7799.0, 6, 6.249198717948718, 0.2
1248, 7803.0, 4, 6.247397918334668, 0.2
1249, 7809.0, 6, 6.2472, 0.2
1250, 7816.0, 7, 6.247801758593125, 0.2
1251, 7821.0, 5, 6.246805111821086, 0.2
1252, 7827.0, 6, 6.2466081404628895, 0.2
1253, 7833.0, 6, 6.246411483253588, 0.2
1254, 7839.0, 6, 6.246215139442231, 0.2
1255, 7839.0, 0, 6.24124203821656, 0.2
1256, 7847.0, 8, 6.242641209228322, 0.2
1257, 7848.0, 1, 6.238473767885533, 0.2
1258, 7854.0, 6, 6.238284352660842, 0.2
1259, 7861.0, 7, 6.238888888888889, 0.2
1260, 7865.0, 4, 6.237113402061856, 0.2
1261, 7871.0, 6, 6.236925515055468, 0.2
1262, 7878.0, 7, 6.237529691211401, 0.2
1263, 7884.0, 6, 6.237341772151899, 0.2
1264, 7890.0, 6, 6.237154150197629, 0.2
1265, 7894.0, 4, 6.235387045813586, 0.2
1266, 7902.0, 8, 6.236779794790844, 0.2
1267, 7910.0, 8, 6.238170347003154, 0.2
1268, 7916.0, 6, 6.237982663514578, 0.2
1269, 7920.0, 4, 6.2362204724409445, 0.2
1270, 7926.0, 6, 6.2360346184107005, 0.2
1271, 7933.0, 7, 6.236635220125786, 0.2
1272, 7941.0, 8, 6.238020424194816, 0.2
1273, 7947.0, 6, 6.237833594976452, 0.2
1274, 7954.0, 7, 6.2384313725490195, 0.2
1275, 7961.0, 7, 6.2390282131661445, 0.2
1276, 7968.0, 7, 6.239624119028974, 0.2
1277, 7976.0, 8, 6.241001564945227, 0.2
1278, 7983.0, 7, 6.241594996090696, 0.2
1279, 7990.0, 7, 6.2421875, 0.2
1280, 7995.0, 5, 6.241217798594848, 0.2
1281, 8000.0, 5, 6.240249609984399, 0.2
1282, 8006.0, 6, 6.240062353858145, 0.2
1283, 8011.0, 5, 6.239096573208723, 0.2
1284, 8018.0, 7, 6.239688715953307, 0.2
1285, 8026.0, 8, 6.2410575427682735, 0.2
1286, 8032.0, 6, 6.240870240870241, 0.2
1287, 8038.0, 6, 6.240683229813665, 0.2
1288, 8044.0, 6, 6.240496508921645, 0.2
1289, 8050.0, 6, 6.24031007751938, 0.2
1290, 8056.0, 6, 6.24012393493416, 0.2
1291, 8063.0, 7, 6.2407120743034055, 0.2
1292, 8070.0, 7, 6.241299303944316, 0.2
1293, 8077.0, 7, 6.241885625965997, 0.2
1294, 8082.0, 5, 6.240926640926641, 0.2
1295, 8089.0, 7, 6.241512345679013, 0.2
1296, 8096.0, 7, 6.242097147262914, 0.2
1297, 8103.0, 7, 6.242681047765793, 0.2
1298, 8109.0, 6, 6.242494226327945, 0.2
1299, 8115.0, 6, 6.242307692307692, 0.2
1300, 8123.0, 8, 6.243658724058417, 0.2
1301, 8130.0, 7, 6.244239631336406, 0.2
1302, 8136.0, 6, 6.244052187260169, 0.2
1303, 8142.0, 6, 6.243865030674846, 0.2
1304, 8147.0, 5, 6.242911877394636, 0.2
1305, 8150.0, 3, 6.240428790199081, 0.2
1306, 8156.0, 6, 6.240244835501148, 0.2
1307, 8163.0, 7, 6.240825688073395, 0.2
1308, 8171.0, 8, 6.242169595110772, 0.2
1309, 8179.0, 8, 6.243511450381679, 0.2
1310, 8183.0, 4, 6.241800152555301, 0.2
1311, 8189.0, 6, 6.241615853658536, 0.2
1312, 8195.0, 6, 6.241431835491241, 0.2
1313, 8201.0, 6, 6.241248097412481, 0.2
1314, 8209.0, 8, 6.242585551330799, 0.2
1315, 8212.0, 3, 6.240121580547113, 0.2
1316, 8219.0, 7, 6.240698557327259, 0.2
1317, 8226.0, 7, 6.241274658573596, 0.2
1318, 8232.0, 6, 6.24109173616376, 0.2
1319, 8239.0, 7, 6.241666666666666, 0.2
1320, 8246.0, 7, 6.24224072672218, 0.2
1321, 8254.0, 8, 6.24357034795764, 0.2
1322, 8261.0, 7, 6.244142101284958, 0.2
1323, 8268.0, 7, 6.244712990936556, 0.2
1324, 8272.0, 4, 6.243018867924528, 0.2
1325, 8276.0, 4, 6.24132730015083, 0.2
1326, 8281.0, 5, 6.240391861341371, 0.2
1327, 8287.0, 6, 6.240210843373494, 0.2
1328, 8293.0, 6, 6.240030097817908, 0.2
1329, 8300.0, 7, 6.2406015037593985, 0.2
1330, 8308.0, 8, 6.241923365890308, 0.2
1331, 8313.0, 5, 6.240990990990991, 0.2
1332, 8319.0, 6, 6.240810202550637, 0.2
1333, 8325.0, 6, 6.240629685157422, 0.2
1334, 8331.0, 6, 6.240449438202247, 0.2
1335, 8339.0, 8, 6.241766467065868, 0.2
1336, 8345.0, 6, 6.241585639491398, 0.2
1337, 8352.0, 7, 6.242152466367713, 0.2
1338, 8359.0, 7, 6.242718446601942, 0.2
1339, 8367.0, 8, 6.244029850746268, 0.2
1340, 8375.0, 8, 6.245339299030574, 0.2
1341, 8376.0, 1, 6.2414307004470935, 0.2
1342, 8381.0, 5, 6.2405063291139244, 0.2
1343, 8387.0, 6, 6.240327380952381, 0.2
1344, 8395.0, 8, 6.241635687732342, 0.2
1345, 8402.0, 7, 6.242199108469539, 0.2
1346, 8407.0, 5, 6.241276911655531, 0.2
1347, 8412.0, 5, 6.240356083086054, 0.2
1348, 8418.0, 6, 6.240177909562639, 0.2
1349, 8425.0, 7, 6.2407407407407405, 0.2
1350, 8427.0, 2, 6.23760177646188, 0.2
1351, 8431.0, 4, 6.2359467455621305, 0.2
1352, 8439.0, 8, 6.237250554323725, 0.2
1353, 8446.0, 7, 6.23781388478582, 0.2
1354, 8451.0, 5, 6.23690036900369, 0.2
1355, 8459.0, 8, 6.238200589970502, 0.2
1356, 8465.0, 6, 6.2380250552689755, 0.2
1357, 8465.0, 0, 6.233431516936672, 0.2
1358, 8471.0, 6, 6.233259749816042, 0.2
1359, 8477.0, 6, 6.233088235294118, 0.2
1360, 8481.0, 4, 6.231447465099191, 0.2
1361, 8486.0, 5, 6.230543318649046, 0.2
1362, 8494.0, 8, 6.231841526045488, 0.2
1363, 8501.0, 7, 6.2324046920821115, 0.2
1364, 8507.0, 6, 6.232234432234432, 0.2
1365, 8514.0, 7, 6.232796486090776, 0.2
1366, 8519.0, 5, 6.231894659839064, 0.2
1367, 8519.0, 0, 6.22733918128655, 0.2
1368, 8524.0, 5, 6.226442658875091, 0.2
1369, 8531.0, 7, 6.227007299270073, 0.2
1370, 8537.0, 6, 6.226841721371262, 0.2
1371, 8542.0, 5, 6.225947521865889, 0.2
1372, 8550.0, 8, 6.227239621267298, 0.2
1373, 8555.0, 5, 6.226346433770015, 0.2
1374, 8561.0, 6, 6.226181818181818, 0.2
1375, 8568.0, 7, 6.226744186046512, 0.2
1376, 8576.0, 8, 6.22803195352215, 0.2
1377, 8582.0, 6, 6.227866473149492, 0.2
1378, 8588.0, 6, 6.227701232777375, 0.2
1379, 8594.0, 6, 6.227536231884058, 0.2
1380, 8602.0, 8, 6.228819695872556, 0.2
1381, 8606.0, 4, 6.227206946454414, 0.2
1382, 8613.0, 7, 6.227765726681128, 0.2
1383, 8619.0, 6, 6.2276011560693645, 0.2
1384, 8624.0, 5, 6.226714801444043, 0.2
1385, 8629.0, 5, 6.225829725829726, 0.2
1386, 8637.0, 8, 6.227108868060562, 0.2
1387, 8644.0, 7, 6.227665706051873, 0.2
1388, 8650.0, 6, 6.227501799856012, 0.2
1389, 8656.0, 6, 6.2273381294964025, 0.2
1390, 8661.0, 5, 6.2264557872034505, 0.2
1391, 8667.0, 6, 6.226293103448276, 0.2
1392, 8673.0, 6, 6.226130653266332, 0.2
1393, 8673.0, 0, 6.221664275466284, 0.2
1394, 8680.0, 7, 6.222222222222222, 0.2
1395, 8686.0, 6, 6.222063037249284, 0.2
1396, 8694.0, 8, 6.223335719398712, 0.2
1397, 8699.0, 5, 6.2224606580829755, 0.2
1398, 8706.0, 7, 6.2230164403145105, 0.2
1399, 8711.0, 5, 6.222142857142857, 0.2
1400, 8717.0, 6, 6.2219842969307635, 0.2
1401, 8722.0, 5, 6.221112696148359, 0.2
1402, 8729.0, 7, 6.221667854597292, 0.2
1403, 8737.0, 8, 6.222934472934473, 0.2
1404, 8744.0, 7, 6.2234875444839854, 0.2
1405, 8751.0, 7, 6.2240398293029875, 0.2
1406, 8759.0, 8, 6.225302061122957, 0.2
1407, 8764.0, 5, 6.224431818181818, 0.2
1408, 8770.0, 6, 6.2242725337118525, 0.2
1409, 8777.0, 7, 6.224822695035461, 0.2
1410, 8780.0, 3, 6.222537207654146, 0.2
1411, 8788.0, 8, 6.223796033994335, 0.2
1412, 8793.0, 5, 6.222929936305732, 0.2
1413, 8800.0, 7, 6.223479490806223, 0.2
1414, 8808.0, 8, 6.224734982332156, 0.2
1415, 8808.0, 0, 6.220338983050848, 0.2
1416, 8812.0, 4, 6.218772053634439, 0.2
1417, 8820.0, 8, 6.2200282087447105, 0.2
1418, 8824.0, 4, 6.2184637068357995, 0.2
1419, 8828.0, 4, 6.216901408450704, 0.2
1420, 8832.0, 4, 6.215341308937368, 0.2
1421, 8839.0, 7, 6.215893108298172, 0.2
1422, 8847.0, 8, 6.217146872803935, 0.2
1423, 8855.0, 8, 6.218398876404494, 0.2
1424, 8863.0, 8, 6.219649122807017, 0.2
1425, 8869.0, 6, 6.219495091164095, 0.2
1426, 8875.0, 6, 6.219341275402943, 0.2
1427, 8879.0, 4, 6.2177871148459385, 0.2
1428, 8887.0, 8, 6.219034289713086, 0.2
1429, 8893.0, 6, 6.218881118881119, 0.2
1430, 8901.0, 8, 6.220125786163522, 0.2
1431, 8907.0, 6, 6.219972067039106, 0.2
1432, 8915.0, 8, 6.221214235868807, 0.2
1433, 8921.0, 6, 6.221059972105997, 0.2
1434, 8924.0, 3, 6.218815331010453, 0.2
1435, 8931.0, 7, 6.219359331476323, 0.2
1436, 8937.0, 6, 6.219206680584551, 0.2
1437, 8942.0, 5, 6.2183588317107095, 0.2
1438, 8949.0, 7, 6.2189020152883945, 0.2
1439, 8949.0, 0, 6.214583333333334, 0.2
1440, 8956.0, 7, 6.215128383067315, 0.2
1441, 8964.0, 8, 6.216366158113731, 0.2
1442, 8967.0, 3, 6.214137214137214, 0.2
1443, 8972.0, 5, 6.213296398891967, 0.2
1444, 8979.0, 7, 6.213840830449827, 0.2
1445, 8979.0, 0, 6.20954356846473, 0.2
1446, 8986.0, 7, 6.210089841050449, 0.2
1447, 8990.0, 4, 6.208563535911602, 0.2
1448, 8995.0, 5, 6.207729468599034, 0.2
1449, 9000.0, 5, 6.206896551724138, 0.2
1450, 9005.0, 5, 6.2060647829083395, 0.2
1451, 9005.0, 0, 6.201790633608815, 0.2
1452, 9010.0, 5, 6.200963523743978, 0.2
1453, 9015.0, 5, 6.200137551581843, 0.2
1454, 9021.0, 6, 6.2, 0.2
1455, 9028.0, 7, 6.200549450549451, 0.2
1456, 9028.0, 0, 6.196293754289636, 0.2
1457, 9034.0, 6, 6.196159122085048, 0.2
1458, 9041.0, 7, 6.196710075394106, 0.2
1459, 9047.0, 6, 6.196575342465754, 0.2
1460, 9051.0, 4, 6.195071868583162, 0.2
1461, 9056.0, 5, 6.194254445964432, 0.2
1462, 9062.0, 6, 6.194121667805878, 0.2
1463, 9067.0, 5, 6.1933060109289615, 0.2
1464, 9072.0, 5, 6.192491467576792, 0.2
1465, 9079.0, 7, 6.193042291950887, 0.2
1466, 9083.0, 4, 6.191547375596455, 0.2
1467, 9090.0, 7, 6.192098092643052, 0.2
1468, 9098.0, 8, 6.193328795098707, 0.2
1469, 9104.0, 6, 6.193197278911565, 0.2
1470, 9109.0, 5, 6.192386131883072, 0.2
1471, 9115.0, 6, 6.192255434782608, 0.2
1472, 9117.0, 2, 6.189409368635438, 0.2
1473, 9124.0, 7, 6.189959294436906, 0.2
1474, 9130.0, 6, 6.189830508474576, 0.2
1475, 9136.0, 6, 6.1897018970189706, 0.2
1476, 9141.0, 5, 6.188896411645227, 0.2
1477, 9146.0, 5, 6.188092016238159, 0.2
1478, 9152.0, 6, 6.187964841108857, 0.2
1479, 9160.0, 8, 6.1891891891891895, 0.2
1480, 9166.0, 6, 6.1890614449696155, 0.2
1481, 9174.0, 8, 6.190283400809717, 0.2
1482, 9180.0, 6, 6.190155091031692, 0.2
1483, 9185.0, 5, 6.189353099730458, 0.2
1484, 9191.0, 6, 6.18922558922559, 0.2
1485, 9196.0, 5, 6.18842530282638, 0.2
1486, 9201.0, 5, 6.187626092804304, 0.2
1487, 9207.0, 6, 6.1875, 0.2
1488, 9211.0, 4, 6.186030893216924, 0.2
1489, 9217.0, 6, 6.185906040268456, 0.2
1490, 9221.0, 4, 6.184439973172368, 0.2
1491, 9224.0, 3, 6.18230563002681, 0.2
1492, 9231.0, 7, 6.182853315472204, 0.2
1493, 9238.0, 7, 6.183400267737617, 0.2
1494, 9244.0, 6, 6.183277591973244, 0.2
1495, 9252.0, 8, 6.184491978609626, 0.2
1496, 9259.0, 7, 6.185036740146961, 0.2
1497, 9267.0, 8, 6.186248331108144, 0.2
1498, 9274.0, 7, 6.18679119412942, 0.2
1499, 9279.0, 5, 6.186, 0.2
1500, 9287.0, 8, 6.1872085276482345, 0.2
1501, 9290.0, 3, 6.18508655126498, 0.2
1502, 9297.0, 7, 6.18562874251497, 0.2
1503, 9305.0, 8, 6.186835106382978, 0.2
1504, 9310.0, 5, 6.186046511627907, 0.2
1505, 9315.0, 5, 6.185258964143427, 0.2
1506, 9320.0, 5, 6.184472461844725, 0.2
1507, 9326.0, 6, 6.184350132625995, 0.2
1508, 9333.0, 7, 6.184890656063618, 0.2
1509, 9338.0, 5, 6.1841059602649, 0.2
1510, 9344.0, 6, 6.183984116479153, 0.2
1511, 9350.0, 6, 6.1838624338624335, 0.2
1512, 9352.0, 2, 6.1810971579643095, 0.2
1513, 9360.0, 8, 6.182298546895641, 0.2
1514, 9367.0, 7, 6.182838283828382, 0.2
1515, 9374.0, 7, 6.183377308707124, 0.2
1516, 9382.0, 8, 6.18457481872116, 0.2
1517, 9388.0, 6, 6.184453227931489, 0.2
1518, 9390.0, 2, 6.181698485845951, 0.2
1519, 9394.0, 4, 6.1802631578947365, 0.2
1520, 9401.0, 7, 6.180802103879027, 0.2
1521, 9406.0, 5, 6.180026281208936, 0.2
1522, 9411.0, 5, 6.179251477347341, 0.2
1523, 9417.0, 6, 6.179133858267717, 0.2
1524, 9420.0, 3, 6.177049180327868, 0.2
1525, 9424.0, 4, 6.175622542595019, 0.2
1526, 9431.0, 7, 6.176162409954158, 0.2
1527, 9438.0, 7, 6.1767015706806285, 0.2
1528, 9443.0, 5, 6.175931981687377, 0.2
1529, 9449.0, 6, 6.1758169934640526, 0.2
1530, 9456.0, 7, 6.176355323318092, 0.2
1531, 9463.0, 7, 6.176892950391645, 0.2
1532, 9469.0, 6, 6.176777560339204, 0.2
1533, 9469.0, 0, 6.172750977835723, 0.2
1534, 9474.0, 5, 6.171986970684039, 0.2
1535, 9480.0, 6, 6.171875, 0.2
1536, 9485.0, 5, 6.171112556929082, 0.2
1537, 9487.0, 2, 6.168400520156047, 0.2
1538, 9493.0, 6, 6.16829109811566, 0.2
1539, 9498.0, 5, 6.167532467532467, 0.2
1540, 9499.0, 1, 6.164179104477612, 0.2
1541, 9506.0, 7, 6.164721141374838, 0.2
1542, 9506.0, 0, 6.160725858716786, 0.2
1543, 9513.0, 7, 6.161269430051814, 0.2
1544, 9520.0, 7, 6.1618122977346275, 0.2
1545, 9527.0, 7, 6.16235446313066, 0.2
1546, 9535.0, 8, 6.1635423400129286, 0.2
1547, 9541.0, 6, 6.16343669250646, 0.2
1548, 9547.0, 6, 6.16333118140736, 0.2
1549, 9547.0, 0, 6.159354838709677, 0.2
1550, 9554.0, 7, 6.159896840747905, 0.2
1551, 9561.0, 7, 6.160438144329897, 0.2
1552, 9567.0, 6, 6.160334835801674, 0.2
1553, 9575.0, 8, 6.161518661518661, 0.2
1554, 9582.0, 7, 6.1620578778135044, 0.2
1555, 9588.0, 6, 6.161953727506427, 0.2
1556, 9595.0, 7, 6.162491971740526, 0.2
1557, 9601.0, 6, 6.162387676508344, 0.2
1558, 9606.0, 5, 6.161642078255292, 0.2
1559, 9611.0, 5, 6.160897435897436, 0.2
1560, 9617.0, 6, 6.160794362588085, 0.2
1561, 9623.0, 6, 6.160691421254802, 0.2
1562, 9628.0, 5, 6.159948816378759, 0.2
1563, 9635.0, 7, 6.160485933503836, 0.2
1564, 9642.0, 7, 6.161022364217253, 0.2
1565, 9649.0, 7, 6.161558109833972, 0.2
1566, 9656.0, 7, 6.162093171665603, 0.2
1567, 9663.0, 7, 6.1626275510204085, 0.2
1568, 9668.0, 5, 6.161886551943914, 0.2
1569, 9676.0, 8, 6.163057324840764, 0.2
1570, 9682.0, 6, 6.162953532781668, 0.2
1571, 9683.0, 1, 6.159669211195928, 0.2
1572, 9690.0, 7, 6.160203432930706, 0.2
1573, 9696.0, 6, 6.16010165184244, 0.2
1574, 9701.0, 5, 6.159365079365079, 0.2
1575, 9703.0, 2, 6.156725888324873, 0.2
1576, 9708.0, 5, 6.155992390615092, 0.2
1577, 9714.0, 6, 6.155893536121673, 0.2
1578, 9722.0, 8, 6.157061431285624, 0.2
1579, 9727.0, 5, 6.156329113924051, 0.2
1580, 9733.0, 6, 6.1562302340290955, 0.2
1581, 9740.0, 7, 6.156763590391909, 0.2
1582, 9747.0, 7, 6.157296272899558, 0.2
1583, 9747.0, 0, 6.153409090909091, 0.2
1584, 9753.0, 6, 6.153312302839117, 0.2
1585, 9758.0, 5, 6.152585119798235, 0.2
1586, 9765.0, 7, 6.153119092627599, 0.2
1587, 9771.0, 6, 6.153022670025189, 0.2
1588, 9775.0, 4, 6.1516677155443675, 0.2
1589, 9782.0, 7, 6.152201257861635, 0.2
1590, 9789.0, 7, 6.152734129478316, 0.2
1591, 9796.0, 7, 6.153266331658291, 0.2
1592, 9803.0, 7, 6.1537978656622725, 0.2
1593, 9808.0, 5, 6.153074027603513, 0.2
1594, 9814.0, 6, 6.152978056426332, 0.2
1595, 9818.0, 4, 6.151629072681704, 0.2
1596, 9825.0, 7, 6.152160300563557, 0.2
1597, 9831.0, 6, 6.152065081351689, 0.2
1598, 9836.0, 5, 6.15134459036898, 0.2
1599, 9843.0, 7, 6.151875, 0.2
1600, 9850.0, 7, 6.1524047470331045, 0.2
1601, 9855.0, 5, 6.151685393258427, 0.2
1602, 9863.0, 8, 6.152838427947598, 0.2
1603, 9865.0, 2, 6.1502493765586035, 0.2
1604, 9873.0, 8, 6.151401869158878, 0.2
1605, 9880.0, 7, 6.151930261519302, 0.2
1606, 9885.0, 5, 6.1512134411947725, 0.2
1607, 9892.0, 7, 6.151741293532338, 0.2
1608, 9896.0, 4, 6.150403977625855, 0.2
1609, 9904.0, 8, 6.151552795031056, 0.2
1610, 9912.0, 8, 6.1527001862197395, 0.2
1611, 9919.0, 7, 6.153225806451613, 0.2
1612, 9925.0, 6, 6.153130812151271, 0.2
1613, 9930.0, 5, 6.152416356877324, 0.2
1614, 9938.0, 8, 6.1535603715170275, 0.2
1615, 9945.0, 7, 6.154084158415841, 0.2
1616, 9952.0, 7, 6.15460729746444, 0.2
1617, 9958.0, 6, 6.15451174289246, 0.2
1618, 9965.0, 7, 6.155033971587399, 0.2
1619, 9972.0, 7, 6.155555555555556, 0.2
1620, 9977.0, 5, 6.154842689697717, 0.2
1621, 9984.0, 7, 6.155363748458693, 0.2
1622, 9989.0, 5, 6.154651879235983, 0.2
1623, 9994.0, 5, 6.153940886699507, 0.2
1624, 9998.0, 4, 6.152615384615385, 0.2
1625, 10003.0, 5, 6.15190651906519, 0.2
1626, 10008.0, 5, 6.15119852489244, 0.2
1627, 10015.0, 7, 6.151719901719901, 0.2
1628, 10015.0, 0, 6.147943523634131, 0.2
1629, 10022.0, 7, 6.148466257668711, 0.2
1630, 10030.0, 8, 6.149601471489883, 0.2
1631, 10035.0, 5, 6.148897058823529, 0.2
1632, 10043.0, 8, 6.15003061849357, 0.2
1633, 10049.0, 6, 6.149938800489596, 0.2
1634, 10052.0, 3, 6.148012232415902, 0.2
1635, 10060.0, 8, 6.1491442542787285, 0.2
1636, 10068.0, 8, 6.150274893097129, 0.2
1637, 10076.0, 8, 6.151404151404152, 0.2
1638, 10077.0, 1, 6.148261134838316, 0.2
1639, 10083.0, 6, 6.148170731707317, 0.2
1640, 10090.0, 7, 6.148689823278489, 0.2
1641, 10098.0, 8, 6.149817295980512, 0.2
1642, 10103.0, 5, 6.149117468046257, 0.2
1643, 10109.0, 6, 6.149026763990268, 0.2
1644, 10116.0, 7, 6.149544072948328, 0.2
1645, 10122.0, 6, 6.149453219927096, 0.2
1646, 10128.0, 6, 6.14936247723133, 0.2
1647, 10134.0, 6, 6.149271844660194, 0.2
1648, 10136.0, 2, 6.146755609460279, 0.2
1649, 10142.0, 6, 6.1466666666666665, 0.2
1650, 10148.0, 6, 6.1465778316172015, 0.2
1651, 10153.0, 5, 6.1458837772397095, 0.2
1652, 10160.0, 7, 6.146400483968542, 0.2
1653, 10167.0, 7, 6.146916565900846, 0.2
1654, 10173.0, 6, 6.146827794561934, 0.2
1655, 10181.0, 8, 6.1479468599033815, 0.2
1656, 10188.0, 7, 6.1484610742305374, 0.2
1657, 10195.0, 7, 6.14897466827503, 0.2
1658, 10202.0, 7, 6.149487643158529, 0.2
1659, 10207.0, 5, 6.1487951807228916, 0.2
1660, 10213.0, 6, 6.148705599036725, 0.2
1661, 10220.0, 7, 6.149217809867629, 0.2
1662, 10222.0, 2, 6.146722790138305, 0.2
1663, 10225.0, 3, 6.144831730769231, 0.2
1664, 10232.0, 7, 6.145345345345345, 0.2
1665, 10239.0, 7, 6.145858343337335, 0.2
1666, 10244.0, 5, 6.145170965806838, 0.2
1667, 10246.0, 2, 6.142685851318944, 0.2
1668, 10251.0, 5, 6.142001198322348, 0.2
1669, 10259.0, 8, 6.14311377245509, 0.2
1670, 10266.0, 7, 6.143626570915619, 0.2
1671, 10274.0, 8, 6.144736842105263, 0.2
1672, 10280.0, 6, 6.144650328750747, 0.2
1673, 10288.0, 8, 6.145758661887694, 0.2
1674, 10292.0, 4, 6.144477611940299, 0.2
1675, 10300.0, 8, 6.145584725536993, 0.2
1676, 10305.0, 5, 6.1449016100178895, 0.2
1677, 10312.0, 7, 6.1454112038140645, 0.2
1678, 10318.0, 6, 6.1453245979749855, 0.2
1679, 10326.0, 8, 6.146428571428571, 0.2
1680, 10332.0, 6, 6.146341463414634, 0.2
1681, 10339.0, 7, 6.146848989298454, 0.2
1682, 10345.0, 6, 6.146761734997029, 0.2
1683, 10347.0, 2, 6.144299287410926, 0.2
1684, 10352.0, 5, 6.143620178041543, 0.2
1685, 10354.0, 2, 6.141162514827995, 0.2
1686, 10355.0, 1, 6.138114997036159, 0.2
1687, 10362.0, 7, 6.138625592417061, 0.2
1688, 10362.0, 0, 6.134991119005329, 0.2
1689, 10369.0, 7, 6.135502958579882, 0.2
1690, 10376.0, 7, 6.136014192785334, 0.2
1691, 10381.0, 5, 6.135342789598108, 0.2
1692, 10386.0, 5, 6.134672179562906, 0.2
1693, 10393.0, 7, 6.135182998819363, 0.2
1694, 10395.0, 2, 6.132743362831858, 0.2
1695, 10399.0, 4, 6.131485849056604, 0.2
1696, 10405.0, 6, 6.13140836770772, 0.2
1697, 10409.0, 4, 6.130153121319199, 0.2
1698, 10415.0, 6, 6.13007651559741, 0.2
1699, 10421.0, 6, 6.13, 0.2
1700, 10424.0, 3, 6.128159905937684, 0.2
1701, 10430.0, 6, 6.1280846063454755, 0.2
1702, 10437.0, 7, 6.128596594245449, 0.2
1703, 10441.0, 4, 6.127347417840376, 0.2
1704, 10447.0, 6, 6.127272727272727, 0.2
1705, 10454.0, 7, 6.127784290738569, 0.2
1706, 10462.0, 8, 6.12888107791447, 0.2
1707, 10470.0, 8, 6.129976580796253, 0.2
1708, 10477.0, 7, 6.130485664131071, 0.2
1709, 10485.0, 8, 6.131578947368421, 0.2
1710, 10493.0, 8, 6.1326709526592635, 0.2
1711, 10500.0, 7, 6.133177570093458, 0.2
1712, 10507.0, 7, 6.133683596030356, 0.2
1713, 10514.0, 7, 6.134189031505251, 0.2
1714, 10520.0, 6, 6.134110787172012, 0.2
1715, 10523.0, 3, 6.132284382284382, 0.2
1716, 10524.0, 1, 6.129295282469424, 0.2
1717, 10530.0, 6, 6.129220023282887, 0.2
1718, 10537.0, 7, 6.129726585223968, 0.2
1719, 10543.0, 6, 6.129651162790697, 0.2
1720, 10549.0, 6, 6.129575828006972, 0.2
1721, 10557.0, 8, 6.130662020905923, 0.2
1722, 10565.0, 8, 6.131746952988973, 0.2
1723, 10571.0, 6, 6.1316705336426915, 0.2
1724, 10578.0, 7, 6.132173913043478, 0.2
1725, 10584.0, 6, 6.132097334878331, 0.2
1726, 10588.0, 4, 6.130862767805443, 0.2
1727, 10594.0, 6, 6.130787037037037, 0.2
1728, 10598.0, 4, 6.129554655870446, 0.2
1729, 10606.0, 8, 6.1306358381502895, 0.2
1730, 10610.0, 4, 6.129404968226459, 0.2
1731, 10612.0, 2, 6.1270207852194, 0.2
1732, 10620.0, 8, 6.128101557991921, 0.2
1733, 10627.0, 7, 6.128604382929643, 0.2
1734, 10633.0, 6, 6.128530259365994, 0.2
1735, 10639.0, 6, 6.128456221198157, 0.2
1736, 10645.0, 6, 6.128382268278641, 0.2
1737, 10651.0, 6, 6.128308400460299, 0.2
1738, 10658.0, 7, 6.128809660724555, 0.2
1739, 10663.0, 5, 6.12816091954023, 0.2
1740, 10670.0, 7, 6.128661688684664, 0.2
1741, 10678.0, 8, 6.129735935706085, 0.2
1742, 10678.0, 0, 6.126219162363741, 0.2
1743, 10685.0, 7, 6.126720183486238, 0.2
1744, 10691.0, 6, 6.126647564469914, 0.2
1745, 10691.0, 0, 6.123138602520045, 0.2
1746, 10693.0, 2, 6.120778477389811, 0.2
1747, 10698.0, 5, 6.120137299771167, 0.2
1748, 10704.0, 6, 6.1200686106346485, 0.2
1749, 10711.0, 7, 6.120571428571429, 0.2
1750, 10718.0, 7, 6.121073672187322, 0.2
1751, 10725.0, 7, 6.1215753424657535, 0.2
1752, 10725.0, 0, 6.1180832857957785, 0.2
1753, 10732.0, 7, 6.1185860889395665, 0.2
1754, 10738.0, 6, 6.118518518518519, 0.2
1755, 10744.0, 6, 6.118451025056948, 0.2
1756, 10749.0, 5, 6.117814456459874, 0.2
1757, 10756.0, 7, 6.118316268486917, 0.2
1758, 10762.0, 6, 6.118249005116543, 0.2
1759, 10769.0, 7, 6.11875, 0.2
1760, 10775.0, 6, 6.118682566723453, 0.2
1761, 10782.0, 7, 6.119182746878547, 0.2
1762, 10790.0, 8, 6.120249574588769, 0.2
1763, 10794.0, 4, 6.119047619047619, 0.2
1764, 10794.0, 0, 6.115580736543909, 0.2
1765, 10801.0, 7, 6.116081540203851, 0.2
1766, 10806.0, 5, 6.115449915110356, 0.2
1767, 10813.0, 7, 6.115950226244344, 0.2
1768, 10820.0, 7, 6.1164499717354435, 0.2
1769, 10827.0, 7, 6.1169491525423725, 0.2
1770, 10835.0, 8, 6.118012422360248, 0.2
1771, 10841.0, 6, 6.117945823927765, 0.2
1772, 10848.0, 7, 6.1184433164128595, 0.2
1773, 10854.0, 6, 6.118376550169109, 0.2
1774, 10859.0, 5, 6.117746478873239, 0.2
1775, 10864.0, 5, 6.117117117117117, 0.2
1776, 10870.0, 6, 6.117051209904333, 0.2
1777, 10874.0, 4, 6.115860517435321, 0.2
1778, 10878.0, 4, 6.114671163575042, 0.2
1779, 10885.0, 7, 6.115168539325842, 0.2
1780, 10891.0, 6, 6.1151038742279615, 0.2
1781, 10898.0, 7, 6.115600448933782, 0.2
1782, 10903.0, 5, 6.114974761637689, 0.2
1783, 10911.0, 8, 6.11603139013453, 0.2
1784, 10918.0, 7, 6.116526610644257, 0.2
1785, 10925.0, 7, 6.117021276595745, 0.2
1786, 10931.0, 6, 6.1169557918298825, 0.2
1787, 10935.0, 4, 6.115771812080537, 0.2
1788, 10939.0, 4, 6.1145891559530465, 0.2
1789, 10943.0, 4, 6.113407821229051, 0.2
1790, 10950.0, 7, 6.11390284757119, 0.2
1791, 10956.0, 6, 6.113839285714286, 0.2
1792, 10963.0, 7, 6.1143335192414945, 0.2
1793, 10968.0, 5, 6.11371237458194, 0.2
1794, 10974.0, 6, 6.113649025069638, 0.2
1795, 10982.0, 8, 6.114699331848552, 0.2
1796, 10989.0, 7, 6.115191986644407, 0.2
1797, 10993.0, 4, 6.114015572858732, 0.2
1798, 10997.0, 4, 6.11284046692607, 0.2
1799, 11004.0, 7, 6.113333333333333, 0.2
1800, 11006.0, 2, 6.111049416990561, 0.2
1801, 11013.0, 7, 6.111542730299667, 0.2
1802, 11020.0, 7, 6.112035496394897, 0.2
1803, 11026.0, 6, 6.111973392461198, 0.2
1804, 11027.0, 1, 6.109141274238227, 0.2
1805, 11032.0, 5, 6.108527131782946, 0.2
1806, 11036.0, 4, 6.1073602656336465, 0.2
1807, 11043.0, 7, 6.107853982300885, 0.2
1808, 11051.0, 8, 6.10889994472084, 0.2
1809, 11057.0, 6, 6.108839779005525, 0.2
1810, 11063.0, 6, 6.108779679734953, 0.2
1811, 11068.0, 5, 6.108167770419426, 0.2
1812, 11076.0, 8, 6.109211252068395, 0.2
1813, 11080.0, 4, 6.1080485115766265, 0.2
1814, 11086.0, 6, 6.107988980716254, 0.2
1815, 11091.0, 5, 6.1073788546255505, 0.2
1816, 11094.0, 3, 6.105668684645019, 0.2
1817, 11099.0, 5, 6.105060506050605, 0.2
1818, 11106.0, 7, 6.105552501374381, 0.2
1819, 11114.0, 8, 6.106593406593406, 0.2
1820, 11115.0, 1, 6.1037891268533775, 0.2
1821, 11121.0, 6, 6.1037321624588365, 0.2
1822, 11127.0, 6, 6.103675260559517, 0.2
1823, 11133.0, 6, 6.103618421052632, 0.2
1824, 11141.0, 8, 6.104657534246575, 0.2
1825, 11149.0, 8, 6.105695509309967, 0.2
1826, 11155.0, 6, 6.105637657361795, 0.2
1827, 11162.0, 7, 6.106126914660831, 0.2
1828, 11169.0, 7, 6.106615636960088, 0.2
1829, 11176.0, 7, 6.107103825136612, 0.2
1830, 11183.0, 7, 6.107591480065538, 0.2
1831, 11188.0, 5, 6.106986899563319, 0.2
1832, 11195.0, 7, 6.107474086197491, 0.2
1833, 11200.0, 5, 6.106870229007634, 0.2
1834, 11202.0, 2, 6.104632152588556, 0.2
1835, 11207.0, 5, 6.1040305010893245, 0.2
1836, 11215.0, 8, 6.10506260206859, 0.2
1837, 11219.0, 4, 6.103917301414581, 0.2
1838, 11227.0, 8, 6.104948341489941, 0.2
1839, 11231.0, 4, 6.103804347826087, 0.2
1840, 11237.0, 6, 6.103747963063553, 0.2
1841, 11244.0, 7, 6.1042345276872965, 0.2
1842, 11246.0, 2, 6.102007596310363, 0.2
1843, 11253.0, 7, 6.1024945770065075, 0.2
1844, 11259.0, 6, 6.102439024390244, 0.2
1845, 11261.0, 2, 6.100216684723727, 0.2
1846, 11268.0, 7, 6.100703844071467, 0.2
1847, 11274.0, 6, 6.10064935064935, 0.2
1848, 11277.0, 3, 6.098972417522986, 0.2
1849, 11279.0, 2, 6.096756756756757, 0.2
1850, 11286.0, 7, 6.097244732576986, 0.2
1851, 11292.0, 6, 6.09719222462203, 0.2
1852, 11298.0, 6, 6.097139773340529, 0.2
1853, 11304.0, 6, 6.097087378640777, 0.2
1854, 11309.0, 5, 6.096495956873316, 0.2
1855, 11315.0, 6, 6.096443965517241, 0.2
1856, 11317.0, 2, 6.094238018309101, 0.2
1857, 11317.0, 0, 6.090958019375673, 0.2
1858, 11322.0, 5, 6.090371167294244, 0.2
1859, 11330.0, 8, 6.091397849462366, 0.2
1860, 11335.0, 5, 6.090811391724879, 0.2
1861, 11341.0, 6, 6.0907626208378085, 0.2
1862, 11347.0, 6, 6.090713902308106, 0.2
1863, 11354.0, 7, 6.0912017167381975, 0.2
1864, 11360.0, 6, 6.091152815013404, 0.2
1865, 11365.0, 5, 6.090568060021436, 0.2
1866, 11371.0, 6, 6.090519550080343, 0.2
1867, 11378.0, 7, 6.091006423982869, 0.2
1868, 11385.0, 7, 6.091492776886035, 0.2
1869, 11391.0, 6, 6.09144385026738, 0.2
1870, 11397.0, 6, 6.091394975948691, 0.2
1871, 11405.0, 8, 6.09241452991453, 0.2
1872, 11411.0, 6, 6.092365189535505, 0.2
1873, 11414.0, 3, 6.090715048025614, 0.2
1874, 11416.0, 2, 6.088533333333333, 0.2
1875, 11422.0, 6, 6.088486140724947, 0.2
1876, 11430.0, 8, 6.08950452850293, 0.2
1877, 11436.0, 6, 6.0894568690095845, 0.2
1878, 11441.0, 5, 6.088877062267163, 0.2
1879, 11446.0, 5, 6.0882978723404255, 0.2
1880, 11450.0, 4, 6.087187666135034, 0.2
1881, 11456.0, 6, 6.087141339001063, 0.2
1882, 11463.0, 7, 6.0876261285183215, 0.2
1883, 11464.0, 1, 6.084925690021231, 0.2
1884, 11470.0, 6, 6.084880636604774, 0.2
1885, 11477.0, 7, 6.085365853658536, 0.2
1886, 11481.0, 4, 6.084260731319555, 0.2
1887, 11481.0, 0, 6.081038135593221, 0.2
1888, 11484.0, 3, 6.079407093700371, 0.2
1889, 11490.0, 6, 6.079365079365079, 0.2
1890, 11496.0, 6, 6.079323109465891, 0.2
1891, 11504.0, 8, 6.080338266384778, 0.2
1892, 11510.0, 6, 6.080295826730058, 0.2
1893, 11516.0, 6, 6.0802534318901795, 0.2
1894, 11522.0, 6, 6.080211081794196, 0.2
1895, 11529.0, 7, 6.080696202531645, 0.2
1896, 11536.0, 7, 6.081180811808118, 0.2
1897, 11536.0, 0, 6.0779768177028455, 0.2
1898, 11543.0, 7, 6.078462348604528, 0.2
1899, 11550.0, 7, 6.078947368421052, 0.2
1900, 11558.0, 8, 6.079957916885849, 0.2
1901, 11565.0, 7, 6.080441640378549, 0.2
1902, 11571.0, 6, 6.08039936941671, 0.2
1903, 11578.0, 7, 6.080882352941177, 0.2
1904, 11586.0, 8, 6.081889763779528, 0.2
1905, 11592.0, 6, 6.081846799580273, 0.2
1906, 11598.0, 6, 6.081803880440482, 0.2
1907, 11603.0, 5, 6.081236897274633, 0.2
1908, 11610.0, 7, 6.08171817705605, 0.2
1909, 11617.0, 7, 6.0821989528795815, 0.2
1910, 11623.0, 6, 6.082155939298796, 0.2
1911, 11629.0, 6, 6.082112970711297, 0.2
1912, 11637.0, 8, 6.083115525352849, 0.2
1913, 11643.0, 6, 6.08307210031348, 0.2
1914, 11647.0, 4, 6.081984334203655, 0.2
1915, 11652.0, 5, 6.081419624217119, 0.2
1916, 11659.0, 7, 6.081898800208659, 0.2
1917, 11666.0, 7, 6.082377476538061, 0.2
1918, 11673.0, 7, 6.082855653986451, 0.2
1919, 11678.0, 5, 6.082291666666666, 0.2
1920, 11684.0, 6, 6.082248828735034, 0.2
1921, 11690.0, 6, 6.082206035379813, 0.2
1922, 11695.0, 5, 6.081643265730629, 0.2
1923, 11703.0, 8, 6.082640332640333, 0.2
1924, 11705.0, 2, 6.080519480519481, 0.2
1925, 11706.0, 1, 6.077881619937695, 0.2
1926, 11713.0, 7, 6.078360145303581, 0.2
1927, 11719.0, 6, 6.078319502074689, 0.2
1928, 11726.0, 7, 6.078797304302747, 0.2
1929, 11733.0, 7, 6.079274611398963, 0.2
1930, 11738.0, 5, 6.078715691351631, 0.2
1931, 11743.0, 5, 6.078157349896481, 0.2
1932, 11743.0, 0, 6.075012933264356, 0.2
1933, 11743.0, 0, 6.07187176835574, 0.2
1934, 11751.0, 8, 6.072868217054263, 0.2
1935, 11756.0, 5, 6.072314049586777, 0.2
1936, 11763.0, 7, 6.072792978833247, 0.2
1937, 11769.0, 6, 6.072755417956657, 0.2
1938, 11776.0, 7, 6.073233625580196, 0.2
1939, 11783.0, 7, 6.073711340206185, 0.2
1940, 11790.0, 7, 6.0741885625966, 0.2
1941, 11797.0, 7, 6.074665293511844, 0.2
1942, 11804.0, 7, 6.075141533710757, 0.2
1943, 11809.0, 5, 6.074588477366255, 0.2
1944, 11816.0, 7, 6.075064267352185, 0.2
1945, 11821.0, 5, 6.074511819116136, 0.2
1946, 11825.0, 4, 6.073446327683616, 0.2
1947, 11832.0, 7, 6.073921971252567, 0.2
1948, 11840.0, 8, 6.07491021036429, 0.2
1949, 11847.0, 7, 6.075384615384616, 0.2
1950, 11852.0, 5, 6.07483341875961, 0.2
1951, 11857.0, 5, 6.074282786885246, 0.2
1952, 11863.0, 6, 6.074244751664106, 0.2
1953, 11869.0, 6, 6.074206755373592, 0.2
1954, 11869.0, 0, 6.071099744245524, 0.2
1955, 11876.0, 7, 6.071574642126789, 0.2
1956, 11884.0, 8, 6.072560040878896, 0.2
1957, 11891.0, 7, 6.073033707865169, 0.2
1958, 11894.0, 3, 6.071465033180194, 0.2
1959, 11899.0, 5, 6.0709183673469385, 0.2
1960, 11906.0, 7, 6.071392146863845, 0.2
1961, 11913.0, 7, 6.071865443425076, 0.2
1962, 11917.0, 4, 6.070809984717269, 0.2
1963, 11925.0, 8, 6.071792260692464, 0.2
1964, 11933.0, 8, 6.072773536895674, 0.2
1965, 11939.0, 6, 6.0727365208545265, 0.2
1966, 11944.0, 5, 6.072191154041688, 0.2
1967, 11950.0, 6, 6.0721544715447155, 0.2
1968, 11955.0, 5, 6.071609954291518, 0.2
1969, 11957.0, 2, 6.069543147208122, 0.2
1970, 11957.0, 0, 6.066463723997971, 0.2
1971, 11962.0, 5, 6.065922920892495, 0.2
1972, 11966.0, 4, 6.064875823618855, 0.2
1973, 11974.0, 8, 6.065856129685917, 0.2
1974, 11977.0, 3, 6.064303797468354, 0.2
1975, 11983.0, 6, 6.064271255060729, 0.2
1976, 11988.0, 5, 6.063732928679818, 0.2
1977, 11993.0, 5, 6.06319514661274, 0.2
1978, 11997.0, 4, 6.062152602324407, 0.2
1979, 11999.0, 2, 6.06010101010101, 0.2
1980, 12006.0, 7, 6.060575466935891, 0.2
1981, 12012.0, 6, 6.0605449041372355, 0.2
1982, 12018.0, 6, 6.0605143721633885, 0.2
1983, 12020.0, 2, 6.058467741935484, 0.2
1984, 12027.0, 7, 6.058942065491184, 0.2
1985, 12033.0, 6, 6.0589123867069485, 0.2
1986, 12041.0, 8, 6.059889280322094, 0.2
1987, 12047.0, 6, 6.059859154929577, 0.2
1988, 12050.0, 3, 6.058320764203117, 0.2
1989, 12055.0, 5, 6.057788944723618, 0.2
1990, 12058.0, 3, 6.056253139126067, 0.2
1991, 12064.0, 6, 6.056224899598393, 0.2
1992, 12066.0, 2, 6.054189663823382, 0.2
1993, 12071.0, 5, 6.053660982948847, 0.2
1994, 12079.0, 8, 6.054636591478697, 0.2
1995, 12084.0, 5, 6.054108216432866, 0.2
1996, 12091.0, 7, 6.054581872809214, 0.2
1997, 12097.0, 6, 6.054554554554555, 0.2
1998, 12097.0, 0, 6.0515257628814405, 0.2
1999, 12104.0, 7, 6.052, 0.2
