1 , 0 , 0, 1.0
2 , 0 , 0, 1.0
3 , 0 , 0, 1.0
4 , 0 , 0, 1.0
5 , 0 , 0, 1.0
6 , 0 , 0, 1.0
7 , 0 , 0, 1.0
8 , 0 , 0, 1.0
9 , 0 , 0, 1.0
10 , 0 , 0, 1.0
11 , 0 , 0, 1.0
12 , 0 , 0, 1.0
13 , 0 , 0, 1.0
14 , 0 , 0, 1.0
15 , 0 , 0, 1.0
16 , 0 , 0, 1.0
17 , 0 , 0, 1.0
18 , 0 , 0, 1.0
19 , 0 , 0, 1.0
20 , 0 , 0, 1.0
21 , 0 , 0, 1.0
22 , 0 , 0, 1.0
23 , 0 , 0, 1.0
24 , 0 , 0, 1.0
25 , 0 , 0, 1.0
26 , 0 , 0, 1.0
27 , 0 , 0, 1.0
28 , 0 , 0, 1.0
29 , 0 , 0, 0.995
30 , 0 , 0, 0.990025
31 , 0 , 0, 0.985074875
32 , 0 , 0, 0.9752487531218751
33 , 0 , 0, 0.9322301194154049
34 , 0 , 0, 0.9275689688183278
35 , 0 , 0, 0.9137248860125932
36 , 0 , 0, 0.9091562615825302
37 , 0 , 0, 0.8734200960253871
38 , 0 , 0, 0.8690529955452602
39 , 0 , 0, 0.851801859600347
40 , 0 , 0, 0.8390886103705794
41 , 0 , 0, 0.8348931673187264
42 , 0 , 0, 0.8224322824348486
43 , 0 , 0, 0.810157377815473
44 , 0 , 0, 0.8061065909263957
45 , 0 , 0, 0.8020760579717637
46 , 0 , 0, 0.7901049725470279
47 , 0 , 0, 0.7861544476842928
48 , 0 , 0, 0.7822236754458713
49 , 0 , 0, 0.778312557068642
50 , 0 , 0, 0.7744209942832988
51 , 0 , 0, 0.7705488893118823
52 , 0 , 0, 0.7666961448653229
53 , 0 , 0, 0.7628626641409962
54 , 0 , 0, 0.7402609576967045
55 , 0 , 0, 0.7328768546436799
56 , 0 , 0, 0.7292124703704616
57 , 0 , 0, 0.7219385759785162
58 , 0 , 0, 0.7111635524897149
59 , 0 , 0, 0.6900935609921609
60 , 0 , 0, 0.6866430931872001
61 , 0 , 0, 0.6730128848950395
62 , 0 , 0, 0.6696478204705644
63 , 0 , 0, 0.6629680834613705
64 , 0 , 0, 0.6563549768288433
65 , 0 , 0, 0.653073201944699
66 , 0 , 0, 0.6401093727576664
67 , 0 , 0, 0.6369088258938781
68 , 0 , 0, 0.6088145090359074
69 , 0 , 0, 0.6057704364907278
70 , 0 , 0, 0.5997278763867329
71 , 0 , 0, 0.5937455908197752
72 , 0 , 0, 0.5907768628656763
73 , 0 , 0, 0.5761543988830038
74 , 0 , 0, 0.5618938591163328
75 , 0 , 0, 0.5562889678716474
76 , 0 , 0, 0.5238143793828016
77 , 0 , 0, 0.5134164023722473
78 , 0 , 0, 0.4982051627146237
79 , 0 , 0, 0.4932355662165453
80 , 0 , 0, 0.4883155414435353
81 , 0 , 0, 0.46444185833082485
82 , 0 , 0, 0.4506816115185697
83 , 0 , 0, 0.4417353564707963
84 , 0 , 0, 0.43952667968844233
85 , 0 , 0, 0.4351424010585501
86 , 0 , 0, 0.43296668905325736
87 , 0 , 0, 0.42013897252428334
88 , 0 , 0, 0.40769130904675194
89 , 0 , 0, 0.39166620452737816
90 , 0 , 0, 0.3858205374665315
91 , 0 , 0, 0.3800621177172763
92 , 0 , 0, 0.3706551064126331
93 , 0 , 0, 0.3438081748424137
94 , 0 , 0, 0.3403786882983606
95 , 0 , 0, 0.33698341088258443
96 , 0 , 0, 0.322118930542046
97 , 0 , 0, 0.3079101286968243
98 , 0 , 0, 0.3033145315372582
99 , 0 , 0, 0.29285644267656924
100 , 0 , 0, 0.28134514724562876
101 , 0 , 0, 0.2730095965279488
102 , 0 , 0, 0.25966219297210513
103 , 0 , 0, 0.2519690537792925
104 , 0 , 0, 0.2494556624678441
105 , 0 , 0, 0.24206491716205145
106 , 0 , 0, 0.23965031961336
107 , 0 , 0, 0.2211807388415433
108 , 0 , 0, 0.2167901907234072
109 , 0 , 0, 0.19611067854912728
110 , 0 , 0, 0.19318370215794672
111 , 0 , 0, 0.18746015382974018
112 , 0 , 0, 0.1800916657318127
113 , 0 , 0, 0.1662122034722543
114 , 0 , 0, 0.1557266555690826
115 , 0 , 0, 0.1549480222912372
116 , 0 , 0, 0.1451730787173275
117 , 0 , 0, 0.13398475271138335
118 , 0 , 0, 0.13001512070402377
119 , 0 , 0, 0.12807462877562611
120 , 0 , 0, 0.1242800989098765
121 , 0 , 0, 0.12242520289863423
122 , 0 , 0, 0.1176130407830293
123 , 0 , 0, 0.1135578192100607
124 , 0 , 0, 0.1042820154910064
125 , 0 , 0, 0.10119240105273684
126 , 0 , 0, 0.10018300685223579
127 , 0 , 0, 0.0996820918179746
128 , 0 , 0, 0.0996820918179746
129 , 0 , 0, 0.0996820918179746
130 , 1 , 1, 0.0996820918179746
131 , 0 , 1, 0.0996820918179746
132 , 0 , 1, 0.0996820918179746
133 , 0 , 1, 0.0996820918179746
134 , 0 , 1, 0.0996820918179746
135 , 0 , 1, 0.0996820918179746
136 , 0 , 1, 0.0996820918179746
137 , 0 , 1, 0.0996820918179746
138 , 0 , 1, 0.0996820918179746
139 , 0 , 1, 0.0996820918179746
140 , 0 , 1, 0.0996820918179746
141 , 0 , 1, 0.0996820918179746
142 , 0 , 1, 0.0996820918179746
143 , 0 , 1, 0.0996820918179746
144 , 0 , 1, 0.0996820918179746
145 , 0 , 1, 0.0996820918179746
146 , 0 , 1, 0.0996820918179746
147 , 0 , 1, 0.0996820918179746
148 , 0 , 1, 0.0996820918179746
149 , 0 , 1, 0.0996820918179746
150 , 0 , 1, 0.0996820918179746
151 , 0 , 1, 0.0996820918179746
152 , 0 , 1, 0.0996820918179746
153 , 0 , 1, 0.0996820918179746
154 , 0 , 1, 0.0996820918179746
155 , 0 , 1, 0.0996820918179746
156 , 0 , 1, 0.0996820918179746
157 , 0 , 1, 0.0996820918179746
158 , 0 , 1, 0.0996820918179746
159 , 0 , 1, 0.0996820918179746
160 , 0 , 1, 0.0996820918179746
161 , 0 , 1, 0.0996820918179746
162 , 0 , 1, 0.0996820918179746
163 , 0 , 1, 0.0996820918179746
164 , 0 , 1, 0.0996820918179746
165 , 0 , 1, 0.0996820918179746
166 , 0 , 1, 0.0996820918179746
167 , 0 , 1, 0.0996820918179746
168 , 0 , 1, 0.0996820918179746
169 , 0 , 1, 0.0996820918179746
170 , 0 , 1, 0.0996820918179746
171 , 0 , 1, 0.0996820918179746
172 , 0 , 1, 0.0996820918179746
173 , 0 , 1, 0.0996820918179746
174 , 0 , 1, 0.0996820918179746
175 , 0 , 1, 0.0996820918179746
176 , 0 , 1, 0.0996820918179746
177 , 0 , 1, 0.0996820918179746
178 , 0 , 1, 0.0996820918179746
179 , 0 , 1, 0.0996820918179746
180 , 0 , 1, 0.0996820918179746
181 , 0 , 1, 0.0996820918179746
182 , 0 , 1, 0.0996820918179746
183 , 0 , 1, 0.0996820918179746
184 , 0 , 1, 0.0996820918179746
185 , 0 , 1, 0.0996820918179746
186 , 0 , 1, 0.0996820918179746
187 , 0 , 1, 0.0996820918179746
188 , 0 , 1, 0.0996820918179746
189 , 0 , 1, 0.0996820918179746
190 , 0 , 1, 0.0996820918179746
191 , 0 , 1, 0.0996820918179746
192 , 0 , 1, 0.0996820918179746
193 , 0 , 1, 0.0996820918179746
194 , 0 , 1, 0.0996820918179746
195 , 0 , 1, 0.0996820918179746
196 , 0 , 1, 0.0996820918179746
197 , 0 , 1, 0.0996820918179746
198 , 0 , 1, 0.0996820918179746
199 , 0 , 1, 0.0996820918179746
200 , 0 , 1, 0.0996820918179746
