1 , 0 , 0, 0.995
2 , 0 , 0, 0.990025
3 , 0 , 0, 0.9752487531218751
4 , 0 , 0, 0.9703725093562657
5 , 0 , 0, 0.960693043575437
6 , 0 , 0, 0.9558895783575597
7 , 0 , 0, 0.946354579813443
8 , 0 , 0, 0.9416228069143757
9 , 0 , 0, 0.9369146928798039
10 , 0 , 0, 0.9322301194154049
11 , 0 , 0, 0.9229311239742362
12 , 0 , 0, 0.9046104802746175
13 , 0 , 0, 0.8955869907338783
14 , 0 , 0, 0.8911090557802088
15 , 0 , 0, 0.8778091417340573
16 , 0 , 0, 0.8690529955452602
17 , 0 , 0, 0.8603841919146962
18 , 0 , 0, 0.8560822709551227
19 , 0 , 0, 0.851801859600347
20 , 0 , 0, 0.8390886103705794
21 , 0 , 0, 0.8307187014821328
22 , 0 , 0, 0.8265651079747222
23 , 0 , 0, 0.8224322824348486
24 , 0 , 0, 0.8183201210226743
25 , 0 , 0, 0.810157377815473
26 , 0 , 0, 0.8020760579717637
27 , 0 , 0, 0.7940753492934954
28 , 0 , 0, 0.778312557068642
29 , 0 , 0, 0.7744209942832988
30 , 0 , 0, 0.7705488893118823
31 , 0 , 0, 0.7628626641409962
32 , 0 , 0, 0.7590483508202912
33 , 0 , 0, 0.7552531090661897
34 , 0 , 0, 0.7439808620067382
35 , 0 , 0, 0.7402609576967045
36 , 0 , 0, 0.7292124703704616
37 , 0 , 0, 0.7219385759785162
38 , 0 , 0, 0.7147372386831305
39 , 0 , 0, 0.7111635524897149
40 , 0 , 0, 0.7076077347272662
41 , 0 , 0, 0.7040696960536299
42 , 0 , 0, 0.697046600835495
43 , 0 , 0, 0.6935613678313175
44 , 0 , 0, 0.6900935609921609
45 , 0 , 0, 0.6866430931872001
46 , 0 , 0, 0.6832098777212641
47 , 0 , 0, 0.6797938283326578
48 , 0 , 0, 0.6763948591909945
49 , 0 , 0, 0.6730128848950395
50 , 0 , 0, 0.6662995813682115
51 , 0 , 0, 0.6629680834613705
52 , 0 , 0, 0.6596532430440636
53 , 0 , 0, 0.6498078359349755
54 , 0 , 0, 0.6465587967553006
55 , 0 , 0, 0.6401093727576664
56 , 0 , 0, 0.6369088258938781
57 , 0 , 0, 0.6337242817644086
58 , 0 , 0, 0.6274028820538087
59 , 0 , 0, 0.6242658676435396
60 , 0 , 0, 0.6211445383053219
61 , 0 , 0, 0.6180388156137953
62 , 0 , 0, 0.6149486215357263
63 , 0 , 0, 0.6057704364907278
64 , 0 , 0, 0.5997278763867329
65 , 0 , 0, 0.5967292370047992
66 , 0 , 0, 0.5937455908197752
67 , 0 , 0, 0.5819594443402982
68 , 0 , 0, 0.5790496471185967
69 , 0 , 0, 0.5761543988830038
70 , 0 , 0, 0.5732736268885887
71 , 0 , 0, 0.5704072587541458
72 , 0 , 0, 0.567555222460375
73 , 0 , 0, 0.5647174463480732
74 , 0 , 0, 0.5590843898207511
75 , 0 , 0, 0.5562889678716474
76 , 0 , 0, 0.5535075230322891
77 , 0 , 0, 0.5507399854171277
78 , 0 , 0, 0.547986285490042
79 , 0 , 0, 0.5452463540625918
80 , 0 , 0, 0.5425201222922789
81 , 0 , 0, 0.5398075216808175
82 , 0 , 0, 0.5371084840724134
83 , 0 , 0, 0.531750826943791
84 , 0 , 0, 0.5238143793828016
85 , 0 , 0, 0.5211953074858876
86 , 0 , 0, 0.5185893309484582
87 , 0 , 0, 0.5159963842937159
88 , 0 , 0, 0.5134164023722473
89 , 0 , 0, 0.510849320360386
90 , 0 , 0, 0.5057535983897912
91 , 0 , 0, 0.5032248303978422
92 , 0 , 0, 0.49571413690105054
93 , 0 , 0, 0.4932355662165453
94 , 0 , 0, 0.4907693883854626
95 , 0 , 0, 0.4883155414435353
96 , 0 , 0, 0.4858739637363176
97 , 0 , 0, 0.46444185833082485
98 , 0 , 0, 0.46211964903917074
99 , 0 , 0, 0.4598090507939749
100 , 0 , 0, 0.457510005540005
101 , 0 , 0, 0.45522245551230495
102 , 0 , 0, 0.43952667968844233
103 , 0 , 0, 0.43732904629000013
104 , 0 , 0, 0.42650460709830135
105 , 0 , 0, 0.42437208406280985
106 , 0 , 0, 0.4159480862733536
107 , 0 , 0, 0.4016064652978155
108 , 0 , 0, 0.3995984329713264
109 , 0 , 0, 0.3976004408064698
110 , 0 , 0, 0.39561243860243744
111 , 0 , 0, 0.3936343764094253
112 , 0 , 0, 0.39166620452737816
113 , 0 , 0, 0.3877593341372176
114 , 0 , 0, 0.3858205374665315
115 , 0 , 0, 0.38389143477919885
116 , 0 , 0, 0.3800621177172763
117 , 0 , 0, 0.37816180712868996
118 , 0 , 0, 0.3743896431025813
119 , 0 , 0, 0.37251769488706843
120 , 0 , 0, 0.3706551064126331
121 , 0 , 0, 0.36880183088056995
122 , 0 , 0, 0.3669578217261671
123 , 0 , 0, 0.36512303261753626
124 , 0 , 0, 0.3614809303671764
125 , 0 , 0, 0.3596735257153405
126 , 0 , 0, 0.35253382661792404
127 , 0 , 0, 0.3507711574848344
128 , 0 , 0, 0.34901730169741024
129 , 0 , 0, 0.3472722151889232
130 , 0 , 0, 0.3420891339682016
131 , 0 , 0, 0.3403786882983606
132 , 0 , 0, 0.3386767948568688
133 , 0 , 0, 0.33698341088258443
134 , 0 , 0, 0.3352984938281715
135 , 0 , 0, 0.33362200135903064
136 , 0 , 0, 0.33195389135223546
137 , 0 , 0, 0.3302941218954743
138 , 0 , 0, 0.32864265128599696
139 , 0 , 0, 0.326999438029567
140 , 0 , 0, 0.3253644408394192
141 , 0 , 0, 0.3237376186352221
142 , 0 , 0, 0.322118930542046
143 , 0 , 0, 0.31890579420988907
144 , 0 , 0, 0.3173112652388396
145 , 0 , 0, 0.3157247089126454
146 , 0 , 0, 0.3141460853680822
147 , 0 , 0, 0.3125753549412418
148 , 0 , 0, 0.31101247816653554
149 , 0 , 0, 0.30945741577570285
150 , 0 , 0, 0.3063705780533402
151 , 0 , 0, 0.30483872516307353
152 , 0 , 0, 0.3033145315372582
153 , 0 , 0, 0.3017979588795719
154 , 0 , 0, 0.30028896908517405
155 , 0 , 0, 0.2987875242397482
156 , 0 , 0, 0.29580711868545667
157 , 0 , 0, 0.2943280830920294
158 , 0 , 0, 0.29285644267656924
159 , 0 , 0, 0.2913921604631864
160 , 0 , 0, 0.2884855236625661
161 , 0 , 0, 0.28704309604425327
162 , 0 , 0, 0.28417984116121187
163 , 0 , 0, 0.2827589419554058
164 , 0 , 0, 0.28134514724562876
165 , 0 , 0, 0.2743815040481898
166 , 0 , 0, 0.2730095965279488
167 , 0 , 0, 0.27164454854530906
168 , 0 , 0, 0.26359640222486147
169 , 0 , 0, 0.26227842021373715
170 , 0 , 0, 0.2609670281126685
171 , 0 , 0, 0.25966219297210513
172 , 0 , 0, 0.2583638820072446
173 , 0 , 0, 0.2570720625972084
174 , 0 , 0, 0.25578670228422234
175 , 0 , 0, 0.25450776877280124
176 , 0 , 0, 0.2532352299289372
177 , 0 , 0, 0.2519690537792925
178 , 0 , 0, 0.2507092085103961
179 , 0 , 0, 0.2457325055235537
180 , 0 , 0, 0.24450384299593592
181 , 0 , 0, 0.24328132378095624
182 , 0 , 0, 0.24206491716205145
183 , 0 , 0, 0.2384520680152932
184 , 0 , 0, 0.23725980767521673
185 , 0 , 0, 0.23607350863684065
186 , 0 , 0, 0.23255008201124722
187 , 0 , 0, 0.231387331601191
188 , 0 , 0, 0.23023039494318503
189 , 0 , 0, 0.2290792429684691
190 , 0 , 0, 0.22793384675362674
191 , 0 , 0, 0.22566020663225933
192 , 0 , 0, 0.22453190559909803
193 , 0 , 0, 0.22340924607110255
194 , 0 , 0, 0.22229219984074702
195 , 0 , 0, 0.2211807388415433
196 , 0 , 0, 0.22007483514733558
197 , 0 , 0, 0.2189744609715989
198 , 0 , 0, 0.2178795886667409
199 , 0 , 0, 0.2167901907234072
200 , 0 , 0, 0.21570623976979014
