1 , 0 , 0, 1.0
2 , 0 , 0, 0.985074875
3 , 0 , 0, 0.9703725093562657
4 , 0 , 0, 0.960693043575437
5 , 0 , 0, 0.9558895783575597
6 , 0 , 0, 0.946354579813443
7 , 0 , 0, 0.9416228069143757
8 , 0 , 0, 0.9369146928798039
9 , 0 , 0, 0.9322301194154049
10 , 0 , 0, 0.9275689688183278
11 , 0 , 0, 0.9000874278732445
12 , 0 , 0, 0.8955869907338783
13 , 0 , 0, 0.8911090557802088
14 , 0 , 0, 0.8866535105013078
15 , 0 , 0, 0.8822202429488013
16 , 0 , 0, 0.8778091417340573
17 , 0 , 0, 0.8734200960253871
18 , 0 , 0, 0.8690529955452602
19 , 0 , 0, 0.8647077305675338
20 , 0 , 0, 0.851801859600347
21 , 0 , 0, 0.8348931673187264
22 , 0 , 0, 0.8307187014821328
23 , 0 , 0, 0.8183201210226743
24 , 0 , 0, 0.8142285204175609
25 , 0 , 0, 0.810157377815473
26 , 0 , 0, 0.8061065909263957
27 , 0 , 0, 0.798065677681905
28 , 0 , 0, 0.7940753492934954
29 , 0 , 0, 0.7861544476842928
30 , 0 , 0, 0.7705488893118823
31 , 0 , 0, 0.7628626641409962
32 , 0 , 0, 0.7514768435208588
33 , 0 , 0, 0.7477194593032545
34 , 0 , 0, 0.736559652908221
35 , 0 , 0, 0.7328768546436799
36 , 0 , 0, 0.7219385759785162
37 , 0 , 0, 0.7183288830986236
38 , 0 , 0, 0.7147372386831305
39 , 0 , 0, 0.6900935609921609
40 , 0 , 0, 0.6866430931872001
41 , 0 , 0, 0.6763948591909945
42 , 0 , 0, 0.6730128848950395
43 , 0 , 0, 0.6696478204705644
44 , 0 , 0, 0.6596532430440636
45 , 0 , 0, 0.6563549768288433
46 , 0 , 0, 0.653073201944699
47 , 0 , 0, 0.6337242817644086
48 , 0 , 0, 0.6305556603555866
49 , 0 , 0, 0.6274028820538087
50 , 0 , 0, 0.6242658676435396
51 , 0 , 0, 0.6211445383053219
52 , 0 , 0, 0.6180388156137953
53 , 0 , 0, 0.6088145090359074
54 , 0 , 0, 0.6057704364907278
55 , 0 , 0, 0.6027415843082742
56 , 0 , 0, 0.5997278763867329
57 , 0 , 0, 0.5967292370047992
58 , 0 , 0, 0.5937455908197752
59 , 0 , 0, 0.5907768628656763
60 , 0 , 0, 0.5878229785513479
61 , 0 , 0, 0.5848838636585911
62 , 0 , 0, 0.5819594443402982
63 , 0 , 0, 0.5790496471185967
64 , 0 , 0, 0.567555222460375
65 , 0 , 0, 0.5618938591163328
66 , 0 , 0, 0.5590843898207511
67 , 0 , 0, 0.547986285490042
68 , 0 , 0, 0.5452463540625918
69 , 0 , 0, 0.5425201222922789
70 , 0 , 0, 0.531750826943791
71 , 0 , 0, 0.5290920728090721
72 , 0 , 0, 0.5211953074858876
73 , 0 , 0, 0.510849320360386
74 , 0 , 0, 0.5057535983897912
75 , 0 , 0, 0.5032248303978422
76 , 0 , 0, 0.4982051627146237
77 , 0 , 0, 0.4907693883854626
78 , 0 , 0, 0.46677573701590436
79 , 0 , 0, 0.46211964903917074
80 , 0 , 0, 0.4598090507939749
81 , 0 , 0, 0.45522245551230495
82 , 0 , 0, 0.4484282034609769
83 , 0 , 0, 0.446186062443672
84 , 0 , 0, 0.42650460709830135
85 , 0 , 0, 0.4180382776616619
86 , 0 , 0, 0.40974000909221303
87 , 0 , 0, 0.39166620452737816
88 , 0 , 0, 0.38389143477919885
89 , 0 , 0, 0.37816180712868996
90 , 0 , 0, 0.3614809303671764
91 , 0 , 0, 0.3543053533848483
92 , 0 , 0, 0.3472722151889232
93 , 0 , 0, 0.3403786882983606
94 , 0 , 0, 0.33698341088258443
95 , 0 , 0, 0.3352984938281715
96 , 0 , 0, 0.3253644408394192
97 , 0 , 0, 0.32050833588933575
98 , 0 , 0, 0.3141460853680822
99 , 0 , 0, 0.31101247816653554
100 , 0 , 0, 0.3079101286968243
101 , 0 , 0, 0.3017979588795719
102 , 0 , 0, 0.29580711868545667
103 , 0 , 0, 0.28993519966087045
104 , 0 , 0, 0.28417984116121187
105 , 0 , 0, 0.27853872940185365
106 , 0 , 0, 0.2702863258025825
107 , 0 , 0, 0.2649210072611673
108 , 0 , 0, 0.26359640222486147
109 , 0 , 0, 0.25578670228422234
110 , 0 , 0, 0.2507092085103961
111 , 0 , 0, 0.24820838415550486
112 , 0 , 0, 0.24696734223472733
113 , 0 , 0, 0.2457325055235537
114 , 0 , 0, 0.2408545925762412
115 , 0 , 0, 0.23607350863684065
116 , 0 , 0, 0.22679417751985861
117 , 0 , 0, 0.22229219984074702
118 , 0 , 0, 0.2178795886667409
119 , 0 , 0, 0.2167901907234072
120 , 0 , 0, 0.21248679717794605
121 , 0 , 0, 0.21142436319205632
122 , 0 , 0, 0.20722748400265262
123 , 0 , 0, 0.2031139149609751
124 , 0 , 0, 0.19908200231898848
125 , 0 , 0, 0.19808659230739353
126 , 0 , 0, 0.19415447453059972
127 , 0 , 0, 0.18840216465300522
128 , 0 , 0, 0.1846622876013121
129 , 0 , 0, 0.18099664897669618
130 , 0 , 0, 0.17740377510930716
131 , 0 , 0, 0.1756341724525918
132 , 0 , 0, 0.16873052768933355
133 , 0 , 0, 0.16538114245489302
134 , 0 , 0, 0.16209824418995536
135 , 0 , 0, 0.16128775296900558
136 , 0 , 0, 0.15650920157696743
137 , 0 , 0, 0.1534024157688821
138 , 0 , 0, 0.15035730121053842
139 , 0 , 0, 0.1473726336968319
141 , 0 , 0, 0.12936504510050365
142 , 0 , 0, 0.1242800989098765
143 , 0 , 0, 0.12304040492325048
144 , 0 , 0, 0.11186295456362313
145 , 0 , 0, 0.1085487359239089
148 , 0 , 0, 0.08075818212241151
151 , 0 , 0, 0.06191698689958447
152 , 0 , 0, 0.060687903789832374
153 , 0 , 0, 0.05948321859358224
154 , 0 , 0, 0.058889873488111255
155 , 0 , 0, 0.05830244700006734
156 , 0 , 0, 0.05714511431233153
157 , 0 , 0, 0.05601075525639029
158 , 0 , 0, 0.052741004581916356
159 , 0 , 0, 0.052477299559006776
162 , 0 , 0, 0.04043632488927963
164 , 0 , 0, 0.034271518052411715
167 , 0 , 0, 0.025754252208694463
168 , 0 , 0, 0.024991218342344988
172 , 0 , 0, 0.017595559502304726
173 , 0 , 0, 0.017420043796269234
174 , 0 , 0, 0.01724627885940145
175 , 0 , 0, 0.01707424722777892
176 , 0 , 0, 0.016988875991640028
177 , 0 , 0, 0.01681941195362342
178 , 0 , 0, 0.016651638319386028
179 , 0 , 0, 0.016485538227150154
180 , 0 , 0, 0.01632109498333433
181 , 0 , 0, 0.016239489508417658
182 , 0 , 0, 0.01607750060057119
183 , 0 , 0, 0.015917127532080494
184 , 0 , 0, 0.01575835418494799
185 , 0 , 0, 0.015601164601953134
186 , 0 , 0, 0.015445542985048652
187 , 0 , 0, 0.01529147369377279
188 , 0 , 0, 0.015138941243677408
189 , 0 , 0, 0.014987930304771725
190 , 0 , 0, 0.014838425699981627
191 , 0 , 0, 0.014690412403624311
192 , 0 , 0, 0.014543875539898159
193 , 0 , 0, 0.014398800381387675
194 , 0 , 0, 0.014255172347583332
196 , 0 , 0, 0.012766746905164949
197 , 0 , 0, 0.012639398604785928
198 , 0 , 0, 0.012513320603703188
199 , 0 , 0, 0.012142582314594924
200 , 0 , 0, 0.01202146005600684
