1 , 0 , 0, 1.0
2 , 0 , 0, 1.0
3 , 0 , 0, 1.0
4 , 0 , 0, 1.0
5 , 0 , 0, 1.0
6 , 0 , 0, 1.0
7 , 0 , 0, 1.0
8 , 0 , 0, 1.0
9 , 0 , 0, 1.0
10 , 0 , 0, 1.0
11 , 0 , 0, 1.0
12 , 0 , 0, 1.0
13 , 0 , 0, 1.0
14 , 0 , 0, 1.0
15 , 0 , 0, 1.0
16 , 0 , 0, 0.995
17 , 0 , 0, 0.985074875
18 , 0 , 0, 0.9703725093562657
19 , 0 , 0, 0.9655206468094844
20 , 0 , 0, 0.9558895783575597
21 , 0 , 0, 0.9511101304657719
22 , 0 , 0, 0.9416228069143757
23 , 0 , 0, 0.9275689688183278
24 , 0 , 0, 0.8955869907338783
25 , 0 , 0, 0.8911090557802088
26 , 0 , 0, 0.8822202429488013
27 , 0 , 0, 0.8475428503023453
28 , 0 , 0, 0.8390886103705794
29 , 0 , 0, 0.8307187014821328
30 , 0 , 0, 0.8265651079747222
31 , 0 , 0, 0.8142285204175609
32 , 0 , 0, 0.8020760579717637
33 , 0 , 0, 0.7861544476842928
34 , 0 , 0, 0.7666961448653229
35 , 0 , 0, 0.7477194593032545
36 , 0 , 0, 0.7439808620067382
37 , 0 , 0, 0.7402609576967045
38 , 0 , 0, 0.7076077347272662
39 , 0 , 0, 0.7040696960536299
40 , 0 , 0, 0.697046600835495
41 , 0 , 0, 0.6763948591909945
42 , 0 , 0, 0.6730128848950395
43 , 0 , 0, 0.6696478204705644
44 , 0 , 0, 0.6498078359349755
45 , 0 , 0, 0.6465587967553006
46 , 0 , 0, 0.6337242817644086
47 , 0 , 0, 0.6274028820538087
48 , 0 , 0, 0.6088145090359074
49 , 0 , 0, 0.5937455908197752
50 , 0 , 0, 0.5761543988830038
51 , 0 , 0, 0.5647174463480732
52 , 0 , 0, 0.5562889678716474
53 , 0 , 0, 0.547986285490042
54 , 0 , 0, 0.5185893309484582
55 , 0 , 0, 0.5159963842937159
56 , 0 , 0, 0.5057535983897912
57 , 0 , 0, 0.4810273709480478
58 , 0 , 0, 0.47147873742168567
59 , 0 , 0, 0.4484282034609769
60 , 0 , 0, 0.43080185560799106
61 , 0 , 0, 0.4286478463299511
62 , 0 , 0, 0.42650460709830135
63 , 0 , 0, 0.3858205374665315
64 , 0 , 0, 0.38389143477919885
65 , 0 , 0, 0.3706551064126331
66 , 0 , 0, 0.3632974174544486
67 , 0 , 0, 0.3543053533848483
68 , 0 , 0, 0.3507711574848344
69 , 0 , 0, 0.3472722151889232
70 , 0 , 0, 0.3420891339682016
71 , 0 , 0, 0.3352984938281715
72 , 0 , 0, 0.32864265128599696
73 , 0 , 0, 0.326999438029567
74 , 0 , 0, 0.29729358661854943
75 , 0 , 0, 0.2943280830920294
76 , 0 , 0, 0.29285644267656924
77 , 0 , 0, 0.28993519966087045
78 , 0 , 0, 0.28704309604425327
79 , 0 , 0, 0.2609670281126685
80 , 0 , 0, 0.2583638820072446
81 , 0 , 0, 0.2570720625972084
82 , 0 , 0, 0.25578670228422234
83 , 0 , 0, 0.23489314109365644
84 , 0 , 0, 0.22679417751985861
85 , 0 , 0, 0.22340924607110255
86 , 0 , 0, 0.21248679717794605
87 , 0 , 0, 0.2010878536592394
88 , 0 , 0, 0.19908200231898848
89 , 0 , 0, 0.19908200231898848
90 , 0 , 0, 0.19908200231898848
91 , 0 , 0, 0.19908200231898848
92 , 0 , 0, 0.19908200231898848
93 , 0 , 0, 0.19908200231898848
94 , 0 , 0, 0.19908200231898848
95 , 0 , 0, 0.19908200231898848
96 , 0 , 0, 0.19908200231898848
97 , 0 , 0, 0.19908200231898848
98 , 0 , 0, 0.19908200231898848
99 , 0 , 0, 0.19908200231898848
100 , 0 , 0, 0.19908200231898848
101 , 0 , 0, 0.19908200231898848
102 , 0 , 0, 0.19908200231898848
103 , 0 , 0, 0.19908200231898848
104 , 0 , 0, 0.19908200231898848
105 , 0 , 0, 0.19908200231898848
106 , 0 , 0, 0.19908200231898848
107 , 0 , 0, 0.19908200231898848
108 , 0 , 0, 0.19908200231898848
109 , 0 , 0, 0.19908200231898848
110 , 0 , 0, 0.19908200231898848
111 , 0 , 0, 0.19908200231898848
112 , 0 , 0, 0.19908200231898848
113 , 0 , 0, 0.19908200231898848
114 , 0 , 0, 0.19908200231898848
115 , 0 , 0, 0.19908200231898848
116 , 0 , 0, 0.19908200231898848
117 , 0 , 0, 0.19908200231898848
118 , 0 , 0, 0.19908200231898848
119 , 0 , 0, 0.19908200231898848
120 , 0 , 0, 0.19908200231898848
121 , 0 , 0, 0.19908200231898848
122 , 0 , 0, 0.19908200231898848
123 , 0 , 0, 0.19908200231898848
124 , 0 , 0, 0.19908200231898848
125 , 0 , 0, 0.19908200231898848
126 , 0 , 0, 0.19908200231898848
127 , 0 , 0, 0.19908200231898848
128 , 0 , 0, 0.19908200231898848
129 , 0 , 0, 0.19908200231898848
130 , 0 , 0, 0.19908200231898848
131 , 0 , 0, 0.19908200231898848
132 , 0 , 0, 0.19908200231898848
133 , 0 , 0, 0.19908200231898848
134 , 0 , 0, 0.19908200231898848
135 , 0 , 0, 0.19908200231898848
136 , 0 , 0, 0.19908200231898848
137 , 0 , 0, 0.19908200231898848
138 , 0 , 0, 0.19908200231898848
139 , 0 , 0, 0.19908200231898848
140 , 0 , 0, 0.19908200231898848
141 , 0 , 0, 0.19908200231898848
142 , 0 , 0, 0.19908200231898848
143 , 0 , 0, 0.19908200231898848
144 , 0 , 0, 0.19908200231898848
145 , 0 , 0, 0.19908200231898848
146 , 0 , 0, 0.19908200231898848
147 , 0 , 0, 0.19908200231898848
148 , 0 , 0, 0.19908200231898848
149 , 0 , 0, 0.19908200231898848
150 , 0 , 0, 0.19908200231898848
151 , 0 , 0, 0.19908200231898848
152 , 0 , 0, 0.19908200231898848
153 , 0 , 0, 0.19908200231898848
154 , 0 , 0, 0.19908200231898848
155 , 0 , 0, 0.19908200231898848
156 , 0 , 0, 0.19908200231898848
157 , 0 , 0, 0.19908200231898848
158 , 0 , 0, 0.19908200231898848
159 , 0 , 0, 0.19908200231898848
160 , 0 , 0, 0.19908200231898848
161 , 0 , 0, 0.19908200231898848
162 , 0 , 0, 0.19908200231898848
163 , 0 , 0, 0.19908200231898848
164 , 0 , 0, 0.19908200231898848
165 , 0 , 0, 0.19908200231898848
166 , 0 , 0, 0.19908200231898848
167 , 0 , 0, 0.19908200231898848
168 , 0 , 0, 0.19908200231898848
169 , 0 , 0, 0.19908200231898848
170 , 0 , 0, 0.19908200231898848
171 , 0 , 0, 0.19908200231898848
172 , 0 , 0, 0.19908200231898848
173 , 0 , 0, 0.19908200231898848
174 , 0 , 0, 0.19908200231898848
175 , 0 , 0, 0.19908200231898848
176 , 0 , 0, 0.19908200231898848
177 , 0 , 0, 0.19908200231898848
178 , 0 , 0, 0.19908200231898848
179 , 0 , 0, 0.19908200231898848
180 , 0 , 0, 0.19908200231898848
181 , 0 , 0, 0.19908200231898848
182 , 0 , 0, 0.19908200231898848
183 , 0 , 0, 0.19908200231898848
184 , 0 , 0, 0.19908200231898848
185 , 0 , 0, 0.19908200231898848
186 , 0 , 0, 0.19908200231898848
187 , 0 , 0, 0.19908200231898848
188 , 0 , 0, 0.19908200231898848
189 , 0 , 0, 0.19908200231898848
190 , 0 , 0, 0.19908200231898848
191 , 0 , 0, 0.19908200231898848
192 , 0 , 0, 0.19908200231898848
193 , 0 , 0, 0.19908200231898848
194 , 0 , 0, 0.19908200231898848
195 , 0 , 0, 0.19908200231898848
196 , 0 , 0, 0.19908200231898848
197 , 0 , 0, 0.19908200231898848
198 , 0 , 0, 0.19908200231898848
199 , 0 , 0, 0.19908200231898848
200 , 0 , 0, 0.19908200231898848
