1 , 0 , 0, 1.0
2 , 0 , 0, 1.0
3 , 0 , 0, 1.0
4 , 0 , 0, 1.0
5 , 0 , 0, 0.995
6 , 0 , 0, 0.9801495006250001
7 , 0 , 0, 0.9703725093562657
8 , 0 , 0, 0.9655206468094844
9 , 0 , 0, 0.9511101304657719
10 , 0 , 0, 0.9416228069143757
11 , 0 , 0, 0.9229311239742362
12 , 0 , 0, 0.9091562615825302
13 , 0 , 0, 0.9000874278732445
14 , 0 , 0, 0.8955869907338783
15 , 0 , 0, 0.8911090557802088
16 , 0 , 0, 0.8734200960253871
17 , 0 , 0, 0.8690529955452602
18 , 0 , 0, 0.8560822709551227
19 , 0 , 0, 0.8475428503023453
20 , 0 , 0, 0.8307187014821328
21 , 0 , 0, 0.8265651079747222
22 , 0 , 0, 0.810157377815473
23 , 0 , 0, 0.7940753492934954
24 , 0 , 0, 0.7901049725470279
25 , 0 , 0, 0.7861544476842928
26 , 0 , 0, 0.7705488893118823
27 , 0 , 0, 0.7628626641409962
28 , 0 , 0, 0.7552531090661897
29 , 0 , 0, 0.7402609576967045
30 , 0 , 0, 0.7255664080186093
31 , 0 , 0, 0.7183288830986236
32 , 0 , 0, 0.7147372386831305
33 , 0 , 0, 0.6866430931872001
34 , 0 , 0, 0.6629680834613705
35 , 0 , 0, 0.6596532430440636
36 , 0 , 0, 0.653073201944699
37 , 0 , 0, 0.6401093727576664
38 , 0 , 0, 0.6337242817644086
39 , 0 , 0, 0.6305556603555866
40 , 0 , 0, 0.6274028820538087
41 , 0 , 0, 0.6149486215357263
42 , 0 , 0, 0.6088145090359074
43 , 0 , 0, 0.6057704364907278
44 , 0 , 0, 0.5997278763867329
45 , 0 , 0, 0.5967292370047992
46 , 0 , 0, 0.5937455908197752
47 , 0 , 0, 0.5907768628656763
48 , 0 , 0, 0.5878229785513479
49 , 0 , 0, 0.5848838636585911
50 , 0 , 0, 0.5790496471185967
51 , 0 , 0, 0.5732736268885887
52 , 0 , 0, 0.5647174463480732
53 , 0 , 0, 0.5590843898207511
54 , 0 , 0, 0.5562889678716474
55 , 0 , 0, 0.5452463540625918
56 , 0 , 0, 0.5371084840724134
57 , 0 , 0, 0.5264466124450268
58 , 0 , 0, 0.500708706245853
59 , 0 , 0, 0.47862223409330756
60 , 0 , 0, 0.4738479773082268
61 , 0 , 0, 0.46677573701590436
62 , 0 , 0, 0.46444185833082485
63 , 0 , 0, 0.4417353564707963
64 , 0 , 0, 0.43296668905325736
65 , 0 , 0, 0.42437208406280985
66 , 0 , 0, 0.4159480862733536
67 , 0 , 0, 0.40769130904675194
68 , 0 , 0, 0.4036245882390106
69 , 0 , 0, 0.4016064652978155
70 , 0 , 0, 0.3995984329713264
71 , 0 , 0, 0.3976004408064698
72 , 0 , 0, 0.39561243860243744
73 , 0 , 0, 0.3897078735047413
74 , 0 , 0, 0.3877593341372176
75 , 0 , 0, 0.3800621177172763
76 , 0 , 0, 0.3706551064126331
77 , 0 , 0, 0.36880183088056995
78 , 0 , 0, 0.3669578217261671
79 , 0 , 0, 0.36512303261753626
80 , 0 , 0, 0.3632974174544486
81 , 0 , 0, 0.3614809303671764
82 , 0 , 0, 0.3596735257153405
83 , 0 , 0, 0.35253382661792404
84 , 0 , 0, 0.3507711574848344
85 , 0 , 0, 0.34901730169741024
86 , 0 , 0, 0.3472722151889232
87 , 0 , 0, 0.3455358541129786
88 , 0 , 0, 0.3438081748424137
89 , 0 , 0, 0.3420891339682016
90 , 0 , 0, 0.3403786882983606
91 , 0 , 0, 0.3386767948568688
92 , 0 , 0, 0.33698341088258443
93 , 0 , 0, 0.3352984938281715
94 , 0 , 0, 0.3302941218954743
95 , 0 , 0, 0.3253644408394192
96 , 0 , 0, 0.32050833588933575
97 , 0 , 0, 0.3141460853680822
98 , 0 , 0, 0.30945741577570285
99 , 0 , 0, 0.3063705780533402
100 , 0 , 0, 0.3017979588795719
101 , 0 , 0, 0.2987875242397482
102 , 0 , 0, 0.2987875242397482
103 , 0 , 0, 0.2987875242397482
104 , 0 , 0, 0.2987875242397482
105 , 0 , 0, 0.2987875242397482
106 , 0 , 0, 0.2987875242397482
107 , 0 , 0, 0.2987875242397482
108 , 0 , 0, 0.2987875242397482
109 , 0 , 0, 0.2987875242397482
110 , 0 , 0, 0.2987875242397482
111 , 0 , 0, 0.2987875242397482
112 , 0 , 0, 0.2987875242397482
113 , 0 , 0, 0.2987875242397482
114 , 0 , 0, 0.2987875242397482
115 , 0 , 0, 0.2987875242397482
116 , 0 , 0, 0.2987875242397482
117 , 0 , 0, 0.2987875242397482
118 , 0 , 0, 0.2987875242397482
119 , 0 , 0, 0.2987875242397482
120 , 0 , 0, 0.2987875242397482
121 , 0 , 0, 0.2987875242397482
122 , 0 , 0, 0.2987875242397482
123 , 0 , 0, 0.2987875242397482
124 , 0 , 0, 0.2987875242397482
125 , 0 , 0, 0.2987875242397482
126 , 0 , 0, 0.2987875242397482
127 , 0 , 0, 0.2987875242397482
128 , 0 , 0, 0.2987875242397482
129 , 0 , 0, 0.2987875242397482
130 , 0 , 0, 0.2987875242397482
131 , 0 , 0, 0.2987875242397482
132 , 0 , 0, 0.2987875242397482
133 , 0 , 0, 0.2987875242397482
134 , 0 , 0, 0.2987875242397482
135 , 0 , 0, 0.2987875242397482
136 , 0 , 0, 0.2987875242397482
137 , 0 , 0, 0.2987875242397482
138 , 0 , 0, 0.2987875242397482
139 , 0 , 0, 0.2987875242397482
140 , 0 , 0, 0.2987875242397482
141 , 0 , 0, 0.2987875242397482
142 , 0 , 0, 0.2987875242397482
143 , 0 , 0, 0.2987875242397482
144 , 0 , 0, 0.2987875242397482
145 , 0 , 0, 0.2987875242397482
146 , 0 , 0, 0.2987875242397482
147 , 0 , 0, 0.2987875242397482
148 , 0 , 0, 0.2987875242397482
149 , 0 , 0, 0.2987875242397482
150 , 0 , 0, 0.2987875242397482
151 , 0 , 0, 0.2987875242397482
152 , 0 , 0, 0.2987875242397482
153 , 0 , 0, 0.2987875242397482
154 , 0 , 0, 0.2987875242397482
155 , 0 , 0, 0.2987875242397482
156 , 0 , 0, 0.2987875242397482
157 , 0 , 0, 0.2987875242397482
158 , 0 , 0, 0.2987875242397482
159 , 0 , 0, 0.2987875242397482
160 , 0 , 0, 0.2987875242397482
161 , 0 , 0, 0.2987875242397482
162 , 0 , 0, 0.2987875242397482
163 , 0 , 0, 0.2987875242397482
164 , 0 , 0, 0.2987875242397482
165 , 0 , 0, 0.2987875242397482
166 , 0 , 0, 0.2987875242397482
167 , 0 , 0, 0.2987875242397482
168 , 0 , 0, 0.2987875242397482
169 , 0 , 0, 0.2987875242397482
170 , 0 , 0, 0.2987875242397482
171 , 0 , 0, 0.2987875242397482
172 , 0 , 0, 0.2987875242397482
173 , 0 , 0, 0.2987875242397482
174 , 0 , 0, 0.2987875242397482
175 , 0 , 0, 0.2987875242397482
176 , 0 , 0, 0.2987875242397482
177 , 0 , 0, 0.2987875242397482
178 , 0 , 0, 0.2987875242397482
179 , 0 , 0, 0.2987875242397482
180 , 0 , 0, 0.2987875242397482
181 , 0 , 0, 0.2987875242397482
182 , 0 , 0, 0.2987875242397482
183 , 0 , 0, 0.2987875242397482
184 , 0 , 0, 0.2987875242397482
185 , 1 , 1, 0.2987875242397482
186 , 0 , 1, 0.2987875242397482
187 , 0 , 1, 0.2987875242397482
188 , 0 , 1, 0.2987875242397482
189 , 0 , 1, 0.2987875242397482
190 , 0 , 1, 0.2987875242397482
191 , 0 , 1, 0.2987875242397482
192 , 0 , 1, 0.2987875242397482
193 , 0 , 1, 0.2987875242397482
194 , 0 , 1, 0.2987875242397482
195 , 0 , 1, 0.2987875242397482
196 , 0 , 1, 0.2987875242397482
197 , 0 , 1, 0.2987875242397482
198 , 0 , 1, 0.2987875242397482
199 , 0 , 1, 0.2987875242397482
200 , 0 , 1, 0.2987875242397482
