1 , 0 , 0, 1.0
2 , 0 , 0, 0.995
3 , 0 , 0, 0.990025
4 , 0 , 0, 0.985074875
5 , 0 , 0, 0.9655206468094844
6 , 0 , 0, 0.960693043575437
7 , 0 , 0, 0.9511101304657719
8 , 0 , 0, 0.946354579813443
9 , 0 , 0, 0.9275689688183278
10 , 0 , 0, 0.9229311239742362
11 , 0 , 0, 0.9137248860125932
12 , 0 , 0, 0.9000874278732445
13 , 0 , 0, 0.8911090557802088
14 , 0 , 0, 0.8647077305675338
15 , 0 , 0, 0.8560822709551227
16 , 0 , 0, 0.851801859600347
17 , 0 , 0, 0.8475428503023453
18 , 0 , 0, 0.8265651079747222
19 , 0 , 0, 0.8224322824348486
20 , 0 , 0, 0.8142285204175609
21 , 0 , 0, 0.798065677681905
22 , 0 , 0, 0.7901049725470279
23 , 0 , 0, 0.778312557068642
24 , 0 , 0, 0.7666961448653229
25 , 0 , 0, 0.7590483508202912
26 , 0 , 0, 0.7552531090661897
27 , 0 , 0, 0.7477194593032545
28 , 0 , 0, 0.7183288830986236
29 , 0 , 0, 0.7147372386831305
30 , 0 , 0, 0.7111635524897149
31 , 0 , 0, 0.7076077347272662
32 , 0 , 0, 0.7005493475733617
33 , 0 , 0, 0.697046600835495
34 , 0 , 0, 0.6797938283326578
35 , 0 , 0, 0.6730128848950395
36 , 0 , 0, 0.6662995813682115
37 , 0 , 0, 0.6465587967553006
38 , 0 , 0, 0.6369088258938781
39 , 0 , 0, 0.6242658676435396
40 , 0 , 0, 0.6180388156137953
41 , 0 , 0, 0.6088145090359074
42 , 0 , 0, 0.6057704364907278
43 , 0 , 0, 0.5997278763867329
44 , 0 , 0, 0.5937455908197752
45 , 0 , 0, 0.5907768628656763
46 , 0 , 0, 0.5878229785513479
47 , 0 , 0, 0.5848838636585911
48 , 0 , 0, 0.5819594443402982
49 , 0 , 0, 0.5732736268885887
50 , 0 , 0, 0.5647174463480732
51 , 0 , 0, 0.5562889678716474
52 , 0 , 0, 0.5535075230322891
53 , 0 , 0, 0.5507399854171277
54 , 0 , 0, 0.5371084840724134
55 , 0 , 0, 0.531750826943791
56 , 0 , 0, 0.5185893309484582
57 , 0 , 0, 0.5134164023722473
58 , 0 , 0, 0.46444185833082485
59 , 0 , 0, 0.4598090507939749
60 , 0 , 0, 0.4439551321314536
61 , 0 , 0, 0.4351424010585501
62 , 0 , 0, 0.4180382776616619
63 , 0 , 0, 0.4159480862733536
64 , 0 , 0, 0.40974000909221303
65 , 0 , 0, 0.40769130904675194
66 , 0 , 0, 0.4016064652978155
67 , 0 , 0, 0.3995984329713264
68 , 0 , 0, 0.3819719776053028
69 , 0 , 0, 0.37816180712868996
70 , 0 , 0, 0.3669578217261671
71 , 0 , 0, 0.3472722151889232
72 , 0 , 0, 0.33195389135223546
73 , 0 , 0, 0.31890579420988907
74 , 0 , 0, 0.3141460853680822
75 , 0 , 0, 0.3017979588795719
76 , 0 , 0, 0.30028896908517405
77 , 0 , 0, 0.2987875242397482
78 , 0 , 0, 0.2987875242397482
79 , 0 , 0, 0.2987875242397482
80 , 0 , 0, 0.2987875242397482
81 , 0 , 0, 0.2987875242397482
82 , 0 , 0, 0.2987875242397482
83 , 0 , 0, 0.2987875242397482
84 , 0 , 0, 0.2987875242397482
85 , 0 , 0, 0.2987875242397482
86 , 0 , 0, 0.2987875242397482
87 , 0 , 0, 0.2987875242397482
88 , 0 , 0, 0.2987875242397482
89 , 0 , 0, 0.2987875242397482
90 , 0 , 0, 0.2987875242397482
91 , 0 , 0, 0.2987875242397482
92 , 0 , 0, 0.2987875242397482
93 , 0 , 0, 0.2987875242397482
94 , 0 , 0, 0.2987875242397482
95 , 0 , 0, 0.2987875242397482
96 , 0 , 0, 0.2987875242397482
97 , 0 , 0, 0.2987875242397482
98 , 0 , 0, 0.2987875242397482
99 , 0 , 0, 0.2987875242397482
100 , 0 , 0, 0.2987875242397482
101 , 0 , 0, 0.2987875242397482
102 , 0 , 0, 0.2987875242397482
103 , 0 , 0, 0.2987875242397482
104 , 0 , 0, 0.2987875242397482
105 , 0 , 0, 0.2987875242397482
106 , 0 , 0, 0.2987875242397482
107 , 0 , 0, 0.2987875242397482
108 , 0 , 0, 0.2987875242397482
109 , 0 , 0, 0.2987875242397482
110 , 0 , 0, 0.2987875242397482
111 , 0 , 0, 0.2987875242397482
112 , 0 , 0, 0.2987875242397482
113 , 0 , 0, 0.2987875242397482
114 , 0 , 0, 0.2987875242397482
115 , 0 , 0, 0.2987875242397482
116 , 0 , 0, 0.2987875242397482
117 , 0 , 0, 0.2987875242397482
118 , 0 , 0, 0.2987875242397482
119 , 0 , 0, 0.2987875242397482
120 , 0 , 0, 0.2987875242397482
121 , 0 , 0, 0.2987875242397482
122 , 0 , 0, 0.2987875242397482
123 , 0 , 0, 0.2987875242397482
124 , 0 , 0, 0.2987875242397482
125 , 0 , 0, 0.2987875242397482
126 , 0 , 0, 0.2987875242397482
127 , 0 , 0, 0.2987875242397482
128 , 0 , 0, 0.2987875242397482
129 , 0 , 0, 0.2987875242397482
130 , 0 , 0, 0.2987875242397482
131 , 0 , 0, 0.2987875242397482
132 , 0 , 0, 0.2987875242397482
133 , 0 , 0, 0.2987875242397482
134 , 0 , 0, 0.2987875242397482
135 , 0 , 0, 0.2987875242397482
136 , 0 , 0, 0.2987875242397482
137 , 0 , 0, 0.2987875242397482
138 , 0 , 0, 0.2987875242397482
139 , 0 , 0, 0.2987875242397482
140 , 0 , 0, 0.2987875242397482
141 , 0 , 0, 0.2987875242397482
142 , 0 , 0, 0.2987875242397482
143 , 0 , 0, 0.2987875242397482
144 , 0 , 0, 0.2987875242397482
145 , 0 , 0, 0.2987875242397482
146 , 0 , 0, 0.2987875242397482
147 , 0 , 0, 0.2987875242397482
148 , 0 , 0, 0.2987875242397482
149 , 0 , 0, 0.2987875242397482
150 , 0 , 0, 0.2987875242397482
151 , 0 , 0, 0.2987875242397482
152 , 0 , 0, 0.2987875242397482
153 , 0 , 0, 0.2987875242397482
154 , 0 , 0, 0.2987875242397482
155 , 0 , 0, 0.2987875242397482
156 , 0 , 0, 0.2987875242397482
157 , 0 , 0, 0.2987875242397482
158 , 0 , 0, 0.2987875242397482
159 , 0 , 0, 0.2987875242397482
160 , 0 , 0, 0.2987875242397482
161 , 0 , 0, 0.2987875242397482
162 , 0 , 0, 0.2987875242397482
163 , 0 , 0, 0.2987875242397482
164 , 0 , 0, 0.2987875242397482
165 , 0 , 0, 0.2987875242397482
166 , 0 , 0, 0.2987875242397482
167 , 0 , 0, 0.2987875242397482
168 , 0 , 0, 0.2987875242397482
169 , 0 , 0, 0.2987875242397482
170 , 0 , 0, 0.2987875242397482
171 , 0 , 0, 0.2987875242397482
172 , 0 , 0, 0.2987875242397482
173 , 0 , 0, 0.2987875242397482
174 , 0 , 0, 0.2987875242397482
175 , 0 , 0, 0.2987875242397482
176 , 0 , 0, 0.2987875242397482
177 , 0 , 0, 0.2987875242397482
178 , 0 , 0, 0.2987875242397482
179 , 0 , 0, 0.2987875242397482
180 , 0 , 0, 0.2987875242397482
181 , 0 , 0, 0.2987875242397482
182 , 0 , 0, 0.2987875242397482
183 , 0 , 0, 0.2987875242397482
184 , 0 , 0, 0.2987875242397482
185 , 0 , 0, 0.2987875242397482
186 , 0 , 0, 0.2987875242397482
187 , 0 , 0, 0.2987875242397482
188 , 0 , 0, 0.2987875242397482
189 , 0 , 0, 0.2987875242397482
190 , 0 , 0, 0.2987875242397482
191 , 0 , 0, 0.2987875242397482
192 , 0 , 0, 0.2987875242397482
193 , 0 , 0, 0.2987875242397482
194 , 0 , 0, 0.2987875242397482
195 , 0 , 0, 0.2987875242397482
196 , 0 , 0, 0.2987875242397482
197 , 0 , 0, 0.2987875242397482
198 , 0 , 0, 0.2987875242397482
199 , 0 , 0, 0.2987875242397482
200 , 0 , 0, 0.2987875242397482
