1 , 0 , 0, 1.0
2 , 0 , 0, 1.0
3 , 0 , 0, 1.0
4 , 0 , 0, 1.0
5 , 0 , 0, 1.0
6 , 0 , 0, 0.985074875
7 , 0 , 0, 0.9801495006250001
8 , 0 , 0, 0.9752487531218751
9 , 0 , 0, 0.9703725093562657
10 , 0 , 0, 0.960693043575437
11 , 0 , 0, 0.9416228069143757
12 , 0 , 0, 0.918316468354365
13 , 0 , 0, 0.9091562615825302
14 , 0 , 0, 0.9046104802746175
15 , 0 , 0, 0.9000874278732445
16 , 0 , 0, 0.8911090557802088
17 , 0 , 0, 0.8822202429488013
18 , 0 , 0, 0.8734200960253871
19 , 0 , 0, 0.8690529955452602
20 , 0 , 0, 0.8603841919146962
21 , 0 , 0, 0.8560822709551227
22 , 0 , 0, 0.851801859600347
23 , 0 , 0, 0.8475428503023453
24 , 0 , 0, 0.8433051360508336
25 , 0 , 0, 0.8390886103705794
26 , 0 , 0, 0.8348931673187264
27 , 0 , 0, 0.8307187014821328
28 , 0 , 0, 0.8265651079747222
29 , 0 , 0, 0.8224322824348486
30 , 0 , 0, 0.8061065909263957
31 , 0 , 0, 0.8020760579717637
32 , 0 , 0, 0.798065677681905
33 , 0 , 0, 0.778312557068642
34 , 0 , 0, 0.7666961448653229
35 , 0 , 0, 0.7590483508202912
36 , 0 , 0, 0.736559652908221
37 , 0 , 0, 0.7328768546436799
38 , 0 , 0, 0.7111635524897149
39 , 0 , 0, 0.7040696960536299
40 , 0 , 0, 0.7005493475733617
41 , 0 , 0, 0.6797938283326578
42 , 0 , 0, 0.6662995813682115
43 , 0 , 0, 0.653073201944699
44 , 0 , 0, 0.6211445383053219
45 , 0 , 0, 0.6149486215357263
46 , 0 , 0, 0.6118738784280476
47 , 0 , 0, 0.5997278763867329
48 , 0 , 0, 0.5848838636585911
49 , 0 , 0, 0.5819594443402982
50 , 0 , 0, 0.5790496471185967
51 , 0 , 0, 0.5761543988830038
52 , 0 , 0, 0.5732736268885887
53 , 0 , 0, 0.5704072587541458
54 , 0 , 0, 0.567555222460375
55 , 0 , 0, 0.5562889678716474
56 , 0 , 0, 0.5398075216808175
57 , 0 , 0, 0.5238143793828016
58 , 0 , 0, 0.5134164023722473
59 , 0 , 0, 0.4982051627146237
60 , 0 , 0, 0.4883155414435353
61 , 0 , 0, 0.4738479773082268
62 , 0 , 0, 0.47147873742168567
63 , 0 , 0, 0.46444185833082485
64 , 0 , 0, 0.457510005540005
65 , 0 , 0, 0.4417353564707963
66 , 0 , 0, 0.43732904629000013
67 , 0 , 0, 0.43080185560799106
68 , 0 , 0, 0.42013897252428334
69 , 0 , 0, 0.4180382776616619
70 , 0 , 0, 0.4117990041127769
71 , 0 , 0, 0.40974000909221303
72 , 0 , 0, 0.39166620452737816
73 , 0 , 0, 0.3858205374665315
74 , 0 , 0, 0.38389143477919885
75 , 0 , 0, 0.3669578217261671
76 , 0 , 0, 0.3632974174544486
77 , 0 , 0, 0.3438081748424137
78 , 0 , 0, 0.3403786882983606
79 , 0 , 0, 0.33362200135903064
80 , 0 , 0, 0.3237376186352221
81 , 1 , 1, 0.29580711868545667
82 , 1 , 2, 0.28417984116121187
83 , 0 , 2, 0.2689348941735696
84 , 0 , 2, 0.25450776877280124
85 , 0 , 2, 0.23023039494318503
86 , 0 , 2, 0.22229219984074702
87 , 0 , 2, 0.21142436319205632
88 , 0 , 2, 0.20826882814336947
89 , 0 , 2, 0.20209834538617025
90 , 0 , 2, 0.19908200231898848
91 , 0 , 2, 0.19908200231898848
92 , 0 , 2, 0.19908200231898848
93 , 0 , 2, 0.19908200231898848
94 , 0 , 2, 0.19908200231898848
95 , 0 , 2, 0.19908200231898848
96 , 0 , 2, 0.19908200231898848
97 , 0 , 2, 0.19908200231898848
98 , 0 , 2, 0.19908200231898848
99 , 0 , 2, 0.19908200231898848
100 , 0 , 2, 0.19908200231898848
101 , 0 , 2, 0.19908200231898848
102 , 0 , 2, 0.19908200231898848
103 , 0 , 2, 0.19908200231898848
104 , 0 , 2, 0.19908200231898848
105 , 0 , 2, 0.19908200231898848
106 , 0 , 2, 0.19908200231898848
107 , 0 , 2, 0.19908200231898848
108 , 0 , 2, 0.19908200231898848
109 , 0 , 2, 0.19908200231898848
110 , 0 , 2, 0.19908200231898848
111 , 0 , 2, 0.19908200231898848
112 , 0 , 2, 0.19908200231898848
113 , 0 , 2, 0.19908200231898848
114 , 0 , 2, 0.19908200231898848
115 , 0 , 2, 0.19908200231898848
116 , 0 , 2, 0.19908200231898848
117 , 0 , 2, 0.19908200231898848
118 , 0 , 2, 0.19908200231898848
119 , 0 , 2, 0.19908200231898848
120 , 0 , 2, 0.19908200231898848
121 , 0 , 2, 0.19908200231898848
122 , 0 , 2, 0.19908200231898848
123 , 0 , 2, 0.19908200231898848
124 , 0 , 2, 0.19908200231898848
125 , 0 , 2, 0.19908200231898848
126 , 0 , 2, 0.19908200231898848
127 , 0 , 2, 0.19908200231898848
128 , 0 , 2, 0.19908200231898848
129 , 0 , 2, 0.19908200231898848
130 , 0 , 2, 0.19908200231898848
131 , 0 , 2, 0.19908200231898848
132 , 0 , 2, 0.19908200231898848
133 , 0 , 2, 0.19908200231898848
134 , 0 , 2, 0.19908200231898848
135 , 0 , 2, 0.19908200231898848
136 , 0 , 2, 0.19908200231898848
137 , 0 , 2, 0.19908200231898848
138 , 0 , 2, 0.19908200231898848
139 , 0 , 2, 0.19908200231898848
140 , 0 , 2, 0.19908200231898848
141 , 0 , 2, 0.19908200231898848
142 , 0 , 2, 0.19908200231898848
143 , 0 , 2, 0.19908200231898848
144 , 0 , 2, 0.19908200231898848
145 , 0 , 2, 0.19908200231898848
146 , 0 , 2, 0.19908200231898848
147 , 0 , 2, 0.19908200231898848
148 , 0 , 2, 0.19908200231898848
149 , 0 , 2, 0.19908200231898848
150 , 0 , 2, 0.19908200231898848
151 , 0 , 2, 0.19908200231898848
152 , 0 , 2, 0.19908200231898848
153 , 0 , 2, 0.19908200231898848
154 , 0 , 2, 0.19908200231898848
155 , 0 , 2, 0.19908200231898848
156 , 0 , 2, 0.19908200231898848
157 , 0 , 2, 0.19908200231898848
158 , 1 , 3, 0.19908200231898848
159 , 0 , 3, 0.19908200231898848
160 , 0 , 3, 0.19908200231898848
161 , 0 , 3, 0.19908200231898848
162 , 0 , 3, 0.19908200231898848
163 , 0 , 3, 0.19908200231898848
164 , 0 , 3, 0.19908200231898848
165 , 0 , 3, 0.19908200231898848
166 , 0 , 3, 0.19908200231898848
167 , 0 , 3, 0.19908200231898848
168 , 0 , 3, 0.19908200231898848
169 , 0 , 3, 0.19908200231898848
170 , 0 , 3, 0.19908200231898848
171 , 0 , 3, 0.19908200231898848
172 , 0 , 3, 0.19908200231898848
173 , 0 , 3, 0.19908200231898848
174 , 0 , 3, 0.19908200231898848
175 , 0 , 3, 0.19908200231898848
176 , 0 , 3, 0.19908200231898848
177 , 0 , 3, 0.19908200231898848
178 , 0 , 3, 0.19908200231898848
179 , 0 , 3, 0.19908200231898848
180 , 0 , 3, 0.19908200231898848
181 , 0 , 3, 0.19908200231898848
182 , 0 , 3, 0.19908200231898848
183 , 0 , 3, 0.19908200231898848
184 , 0 , 3, 0.19908200231898848
185 , 0 , 3, 0.19908200231898848
186 , 0 , 3, 0.19908200231898848
187 , 0 , 3, 0.19908200231898848
188 , 0 , 3, 0.19908200231898848
189 , 0 , 3, 0.19908200231898848
190 , 0 , 3, 0.19908200231898848
191 , 0 , 3, 0.19908200231898848
192 , 0 , 3, 0.19908200231898848
193 , 0 , 3, 0.19908200231898848
194 , 0 , 3, 0.19908200231898848
195 , 0 , 3, 0.19908200231898848
196 , 0 , 3, 0.19908200231898848
197 , 0 , 3, 0.19908200231898848
198 , 0 , 3, 0.19908200231898848
199 , 0 , 3, 0.19908200231898848
200 , 0 , 3, 0.19908200231898848
