1 , 0 , 0, 1.0
2 , 0 , 0, 1.0
3 , 0 , 0, 1.0
4 , 0 , 0, 0.9752487531218751
5 , 0 , 0, 0.9655206468094844
6 , 0 , 0, 0.9369146928798039
7 , 0 , 0, 0.918316468354365
8 , 0 , 0, 0.9137248860125932
9 , 0 , 0, 0.9091562615825302
10 , 0 , 0, 0.9000874278732445
11 , 0 , 0, 0.8911090557802088
12 , 0 , 0, 0.8734200960253871
13 , 0 , 0, 0.8560822709551227
14 , 0 , 0, 0.851801859600347
15 , 0 , 0, 0.8433051360508336
16 , 0 , 0, 0.8348931673187264
17 , 0 , 0, 0.8224322824348486
18 , 0 , 0, 0.8061065909263957
19 , 0 , 0, 0.8020760579717637
20 , 0 , 0, 0.7940753492934954
21 , 0 , 0, 0.778312557068642
22 , 0 , 0, 0.7590483508202912
23 , 0 , 0, 0.7552531090661897
24 , 0 , 0, 0.7514768435208588
25 , 0 , 0, 0.7439808620067382
26 , 0 , 0, 0.7219385759785162
27 , 0 , 0, 0.7076077347272662
28 , 0 , 0, 0.7040696960536299
29 , 0 , 0, 0.6797938283326578
30 , 0 , 0, 0.6662995813682115
31 , 0 , 0, 0.6629680834613705
32 , 0 , 0, 0.6596532430440636
33 , 0 , 0, 0.6563549768288433
34 , 0 , 0, 0.6465587967553006
35 , 0 , 0, 0.6401093727576664
36 , 0 , 0, 0.6337242817644086
37 , 0 , 0, 0.6305556603555866
38 , 0 , 0, 0.6274028820538087
39 , 0 , 0, 0.6180388156137953
40 , 0 , 0, 0.6149486215357263
41 , 0 , 0, 0.6118738784280476
42 , 0 , 0, 0.6088145090359074
43 , 0 , 0, 0.5967292370047992
44 , 0 , 0, 0.5937455908197752
45 , 0 , 0, 0.5878229785513479
46 , 0 , 0, 0.5848838636585911
47 , 1 , 1, 0.5618938591163328
48 , 0 , 1, 0.5507399854171277
49 , 0 , 1, 0.5452463540625918
50 , 0 , 1, 0.5398075216808175
51 , 0 , 1, 0.510849320360386
52 , 0 , 1, 0.5032248303978422
53 , 0 , 1, 0.500708706245853
54 , 0 , 1, 0.46912134373457726
55 , 0 , 1, 0.446186062443672
56 , 0 , 1, 0.43952667968844233
57 , 0 , 1, 0.43080185560799106
58 , 0 , 1, 0.4222502236424958
59 , 0 , 1, 0.40974000909221303
60 , 0 , 1, 0.4036245882390106
61 , 0 , 1, 0.3897078735047413
62 , 0 , 1, 0.37816180712868996
63 , 0 , 1, 0.3743896431025813
64 , 0 , 1, 0.3669578217261671
65 , 0 , 1, 0.3632974174544486
66 , 0 , 1, 0.3614809303671764
67 , 0 , 1, 0.3596735257153405
68 , 1 , 2, 0.34901730169741024
69 , 0 , 2, 0.322118930542046
70 , 0 , 2, 0.32050833588933575
71 , 0 , 2, 0.3079101286968243
72 , 0 , 2, 0.285607880564032
73 , 0 , 2, 0.2757603055760701
74 , 1 , 3, 0.26227842021373715
75 , 0 , 3, 0.25450776877280124
76 , 0 , 3, 0.2494556624678441
77 , 0 , 3, 0.24450384299593592
78 , 0 , 3, 0.24206491716205145
79 , 0 , 3, 0.23725980767521673
80 , 0 , 3, 0.23255008201124722
81 , 0 , 3, 0.22793384675362674
82 , 0 , 3, 0.22340924607110255
83 , 0 , 3, 0.2189744609715989
84 , 0 , 3, 0.2167901907234072
85 , 0 , 3, 0.21462770857094118
86 , 0 , 3, 0.21036724137609603
87 , 0 , 3, 0.20619134658263935
88 , 0 , 3, 0.2041345879004775
89 , 0 , 3, 0.2000824143909432
90 , 0 , 3, 0.19611067854912728
91 , 0 , 3, 0.19318370215794672
92 , 1 , 4, 0.18373897616330553
93 , 1 , 5, 0.17651675623376062
94 , 0 , 5, 0.1730128104744653
95 , 1 , 6, 0.1678868750508869
96 , 0 , 6, 0.16704744067563246
97 , 0 , 6, 0.16373146555890544
98 , 0 , 6, 0.15888051309497406
99 , 0 , 6, 0.1580861105294992
100 , 1 , 7, 0.1534024157688821
101 , 1 , 8, 0.14885748713096328
102 , 1 , 9, 0.14444721332374086
103 , 0 , 9, 0.14157986400593744
104 , 0 , 9, 0.14016760486247823
105 , 0 , 9, 0.138769433003975
106 , 0 , 9, 0.13807558583895513
107 , 0 , 9, 0.13738520790976036
108 , 0 , 9, 0.13669828187021155
109 , 0 , 9, 0.13601479046086049
110 , 0 , 9, 0.13066846301911936
111 , 1 , 10, 0.12679708435358925
112 , 0 , 10, 0.1242800989098765
113 , 0 , 10, 0.12242520289863423
114 , 1 , 11, 0.11879805134519765
115 , 0 , 11, 0.11820406108847166
116 , 0 , 11, 0.11585765144771248
117 , 0 , 11, 0.11470197137452155
118 , 0 , 11, 0.11299003011401039
119 , 1 , 12, 0.10964241905397228
120 , 0 , 12, 0.10692863247165257
121 , 1 , 13, 0.10376060541355137
122 , 1 , 14, 0.10068643904747315
123 , 1 , 15, 0.09672876157528969
124 , 1 , 16, 0.09292664835904782
125 , 0 , 16, 0.09108200798387568
126 , 0 , 16, 0.08972259762946533
127 , 0 , 16, 0.08794155926129824
128 , 0 , 16, 0.08750185146499175
129 , 1 , 17, 0.08490939117940327
130 , 0 , 17, 0.0832238973628649
131 , 1 , 18, 0.08075818212241151
132 , 1 , 19, 0.07836551983717477
133 , 0 , 19, 0.07642587550895225
134 , 0 , 19, 0.07604374613140748
135 , 1 , 20, 0.07379076075438468
136 , 0 , 20, 0.07268942442628039
137 , 1 , 21, 0.07053581918419231
138 , 1 , 22, 0.06844601986126451
139 , 1 , 23, 0.06641813604822402
140 , 1 , 24, 0.06445033334388098
141 , 0 , 24, 0.06348840406243188
142 , 1 , 25, 0.061607401965086545
143 , 1 , 26, 0.05978212923978115
144 , 0 , 26, 0.058889873488111255
145 , 1 , 27, 0.05714511431233153
146 , 1 , 28, 0.0554520479727078
147 , 1 , 29, 0.05380914294022049
148 , 1 , 30, 0.052214913061211746
149 , 1 , 31, 0.05066791621302729
150 , 1 , 32, 0.04916675299948831
151 , 1 , 33, 0.04771006548501318
152 , 1 , 34, 0.046296535966244
153 , 1 , 35, 0.044924885780066794
154 , 1 , 36, 0.04359387414694703
155 , 1 , 37, 0.04230229704853423
156 , 1 , 38, 0.04104898613852031
157 , 0 , 38, 0.04084374120782771
158 , 1 , 39, 0.03963364364733769
159 , 1 , 40, 0.03845939824099909
160 , 1 , 41, 0.037319942779450235
161 , 1 , 42, 0.03621424652392737
162 , 1 , 43, 0.03514130927386981
163 , 1 , 44, 0.034100160462149656
164 , 1 , 45, 0.03308985827710748
165 , 1 , 46, 0.032109488810599975
166 , 1 , 47, 0.031158165231288826
167 , 1 , 48, 0.030235026982422884
168 , 1 , 49, 0.029339239003388088
169 , 1 , 50, 0.028469990974320916
170 , 1 , 51, 0.027626496583102015
171 , 1 , 52, 0.026807992814067
172 , 1 , 53, 0.02601373925779093
173 , 1 , 54, 0.02524301744132218
174 , 1 , 55, 0.024250791254731636
175 , 1 , 56, 0.023297566459620722
176 , 1 , 57, 0.022381810029994047
177 , 1 , 58, 0.02171869316274056
178 , 1 , 59, 0.021075222784267326
179 , 1 , 60, 0.020450816818411825
180 , 1 , 61, 0.019844910434467605
181 , 1 , 62, 0.019256955536244666
182 , 1 , 63, 0.018500023224111744
183 , 1 , 64, 0.017951913959130504
184 , 1 , 65, 0.017420043796269234
185 , 1 , 66, 0.016903931611681827
186 , 1 , 67, 0.0164031105360144
187 , 1 , 68, 0.015917127532080494
188 , 1 , 69, 0.015445542985048652
189 , 1 , 70, 0.014987930304771725
190 , 1 , 71, 0.014543875539898159
191 , 1 , 72, 0.014112977003416188
192 , 1 , 73, 0.013694844909292236
193 , 1 , 74, 0.013289101019874787
194 , 1 , 75, 0.012895378303744804
195 , 1 , 76, 0.012513320603703188
196 , 1 , 77, 0.012142582314594924
197 , 1 , 78, 0.011782828070678488
198 , 1 , 79, 0.011433732442257729
199 , 1 , 80, 0.011094979641301777
200 , 1 , 81, 0.010766263235786683
