1 , 0 , 0, 1.0
2 , 0 , 0, 1.0
3 , 0 , 0, 1.0
4 , 0 , 0, 1.0
5 , 0 , 0, 1.0
6 , 0 , 0, 1.0
7 , 0 , 0, 1.0
8 , 0 , 0, 1.0
9 , 0 , 0, 1.0
10 , 0 , 0, 1.0
11 , 0 , 0, 1.0
12 , 0 , 0, 1.0
13 , 0 , 0, 1.0
14 , 0 , 0, 1.0
15 , 0 , 0, 1.0
16 , 0 , 0, 1.0
17 , 0 , 0, 1.0
18 , 0 , 0, 1.0
19 , 0 , 0, 1.0
20 , 0 , 0, 1.0
21 , 0 , 0, 1.0
22 , 0 , 0, 1.0
23 , 0 , 0, 1.0
24 , 0 , 0, 1.0
25 , 0 , 0, 1.0
26 , 0 , 0, 1.0
27 , 0 , 0, 1.0
28 , 0 , 0, 1.0
29 , 0 , 0, 1.0
30 , 0 , 0, 1.0
31 , 0 , 0, 0.995
32 , 0 , 0, 0.985074875
33 , 0 , 0, 0.9655206468094844
34 , 0 , 0, 0.960693043575437
35 , 0 , 0, 0.9558895783575597
36 , 0 , 0, 0.9275689688183278
37 , 0 , 0, 0.918316468354365
38 , 0 , 0, 0.9137248860125932
39 , 0 , 0, 0.9046104802746175
40 , 0 , 0, 0.8955869907338783
41 , 0 , 0, 0.8911090557802088
42 , 0 , 0, 0.8866535105013078
43 , 0 , 0, 0.8778091417340573
44 , 0 , 0, 0.8690529955452602
45 , 0 , 0, 0.8560822709551227
46 , 0 , 0, 0.8348931673187264
47 , 0 , 0, 0.8224322824348486
48 , 0 , 0, 0.7901049725470279
49 , 0 , 0, 0.7822236754458713
50 , 0 , 0, 0.7705488893118823
51 , 0 , 0, 0.7552531090661897
52 , 0 , 0, 0.7328768546436799
53 , 0 , 0, 0.7255664080186093
54 , 0 , 0, 0.7219385759785162
55 , 0 , 0, 0.7183288830986236
56 , 0 , 0, 0.7111635524897149
57 , 0 , 0, 0.7076077347272662
58 , 0 , 0, 0.6832098777212641
59 , 0 , 0, 0.6596532430440636
60 , 0 , 0, 0.6337242817644086
61 , 0 , 0, 0.6305556603555866
62 , 0 , 0, 0.6242658676435396
63 , 0 , 0, 0.5997278763867329
64 , 0 , 0, 0.5848838636585911
65 , 0 , 0, 0.5819594443402982
66 , 0 , 0, 0.5761543988830038
67 , 0 , 0, 0.5562889678716474
68 , 0 , 0, 0.5452463540625918
69 , 0 , 0, 0.5398075216808175
70 , 0 , 0, 0.5082950737585841
71 , 0 , 0, 0.46677573701590436
72 , 0 , 0, 0.446186062443672
73 , 0 , 0, 0.4439551321314536
74 , 0 , 0, 0.4222502236424958
75 , 0 , 0, 0.42013897252428334
76 , 0 , 0, 0.4159480862733536
77 , 0 , 0, 0.41386834584198684
78 , 0 , 0, 0.4036245882390106
79 , 0 , 0, 0.37816180712868996
80 , 0 , 0, 0.36880183088056995
81 , 0 , 0, 0.3614809303671764
82 , 0 , 0, 0.3543053533848483
83 , 0 , 0, 0.3472722151889232
84 , 0 , 0, 0.3420891339682016
85 , 0 , 0, 0.3403786882983606
86 , 0 , 0, 0.33195389135223546
87 , 0 , 0, 0.326999438029567
88 , 0 , 0, 0.31101247816653554
89 , 0 , 0, 0.3017979588795719
90 , 0 , 0, 0.30028896908517405
91 , 0 , 0, 0.2987875242397482
92 , 0 , 0, 0.2987875242397482
93 , 0 , 0, 0.2987875242397482
94 , 0 , 0, 0.2987875242397482
95 , 0 , 0, 0.2987875242397482
96 , 0 , 0, 0.2987875242397482
97 , 0 , 0, 0.2987875242397482
98 , 0 , 0, 0.2987875242397482
99 , 0 , 0, 0.2987875242397482
100 , 0 , 0, 0.2987875242397482
101 , 0 , 0, 0.2987875242397482
102 , 0 , 0, 0.2987875242397482
103 , 0 , 0, 0.2987875242397482
104 , 0 , 0, 0.2987875242397482
105 , 0 , 0, 0.2987875242397482
106 , 0 , 0, 0.2987875242397482
107 , 0 , 0, 0.2987875242397482
108 , 0 , 0, 0.2987875242397482
109 , 0 , 0, 0.2987875242397482
110 , 0 , 0, 0.2987875242397482
111 , 0 , 0, 0.2987875242397482
112 , 0 , 0, 0.2987875242397482
113 , 0 , 0, 0.2987875242397482
114 , 0 , 0, 0.2987875242397482
115 , 0 , 0, 0.2987875242397482
116 , 0 , 0, 0.2987875242397482
117 , 0 , 0, 0.2987875242397482
118 , 0 , 0, 0.2987875242397482
119 , 0 , 0, 0.2987875242397482
120 , 0 , 0, 0.2987875242397482
121 , 0 , 0, 0.2987875242397482
122 , 0 , 0, 0.2987875242397482
123 , 0 , 0, 0.2987875242397482
124 , 0 , 0, 0.2987875242397482
125 , 0 , 0, 0.2987875242397482
126 , 0 , 0, 0.2987875242397482
127 , 0 , 0, 0.2987875242397482
128 , 0 , 0, 0.2987875242397482
129 , 0 , 0, 0.2987875242397482
130 , 0 , 0, 0.2987875242397482
131 , 0 , 0, 0.2987875242397482
132 , 0 , 0, 0.2987875242397482
133 , 0 , 0, 0.2987875242397482
134 , 0 , 0, 0.2987875242397482
135 , 0 , 0, 0.2987875242397482
136 , 0 , 0, 0.2987875242397482
137 , 0 , 0, 0.2987875242397482
138 , 0 , 0, 0.2987875242397482
139 , 0 , 0, 0.2987875242397482
140 , 0 , 0, 0.2987875242397482
141 , 0 , 0, 0.2987875242397482
142 , 0 , 0, 0.2987875242397482
143 , 0 , 0, 0.2987875242397482
144 , 0 , 0, 0.2987875242397482
145 , 0 , 0, 0.2987875242397482
146 , 0 , 0, 0.2987875242397482
147 , 0 , 0, 0.2987875242397482
148 , 0 , 0, 0.2987875242397482
149 , 0 , 0, 0.2987875242397482
150 , 0 , 0, 0.2987875242397482
151 , 0 , 0, 0.2987875242397482
152 , 0 , 0, 0.2987875242397482
153 , 0 , 0, 0.2987875242397482
154 , 0 , 0, 0.2987875242397482
155 , 0 , 0, 0.2987875242397482
156 , 0 , 0, 0.2987875242397482
157 , 0 , 0, 0.2987875242397482
158 , 0 , 0, 0.2987875242397482
159 , 0 , 0, 0.2987875242397482
160 , 0 , 0, 0.2987875242397482
161 , 0 , 0, 0.2987875242397482
162 , 0 , 0, 0.2987875242397482
163 , 0 , 0, 0.2987875242397482
164 , 0 , 0, 0.2987875242397482
165 , 0 , 0, 0.2987875242397482
166 , 0 , 0, 0.2987875242397482
167 , 0 , 0, 0.2987875242397482
168 , 0 , 0, 0.2987875242397482
169 , 0 , 0, 0.2987875242397482
170 , 0 , 0, 0.2987875242397482
171 , 0 , 0, 0.2987875242397482
172 , 0 , 0, 0.2987875242397482
173 , 0 , 0, 0.2987875242397482
174 , 0 , 0, 0.2987875242397482
175 , 0 , 0, 0.2987875242397482
176 , 0 , 0, 0.2987875242397482
177 , 0 , 0, 0.2987875242397482
178 , 0 , 0, 0.2987875242397482
179 , 0 , 0, 0.2987875242397482
180 , 0 , 0, 0.2987875242397482
181 , 0 , 0, 0.2987875242397482
182 , 0 , 0, 0.2987875242397482
183 , 0 , 0, 0.2987875242397482
184 , 0 , 0, 0.2987875242397482
185 , 0 , 0, 0.2987875242397482
186 , 0 , 0, 0.2987875242397482
187 , 0 , 0, 0.2987875242397482
188 , 0 , 0, 0.2987875242397482
189 , 0 , 0, 0.2987875242397482
190 , 0 , 0, 0.2987875242397482
191 , 0 , 0, 0.2987875242397482
192 , 0 , 0, 0.2987875242397482
193 , 0 , 0, 0.2987875242397482
194 , 0 , 0, 0.2987875242397482
195 , 0 , 0, 0.2987875242397482
196 , 0 , 0, 0.2987875242397482
197 , 0 , 0, 0.2987875242397482
198 , 0 , 0, 0.2987875242397482
199 , 0 , 0, 0.2987875242397482
200 , 0 , 0, 0.2987875242397482
