1 , 0 , 0, 1.0
2 , 0 , 0, 1.0
3 , 0 , 0, 1.0
4 , 0 , 0, 1.0
5 , 0 , 0, 1.0
6 , 0 , 0, 0.995
7 , 0 , 0, 0.990025
8 , 0 , 0, 0.9703725093562657
9 , 0 , 0, 0.960693043575437
10 , 0 , 0, 0.9558895783575597
11 , 0 , 0, 0.9322301194154049
12 , 0 , 0, 0.9275689688183278
13 , 0 , 0, 0.9091562615825302
14 , 0 , 0, 0.9046104802746175
15 , 0 , 0, 0.8866535105013078
16 , 0 , 0, 0.851801859600347
17 , 0 , 0, 0.8348931673187264
18 , 0 , 0, 0.8265651079747222
19 , 0 , 0, 0.8183201210226743
20 , 0 , 0, 0.798065677681905
21 , 0 , 0, 0.7940753492934954
22 , 0 , 0, 0.7861544476842928
23 , 0 , 0, 0.7705488893118823
24 , 0 , 0, 0.7552531090661897
25 , 0 , 0, 0.7402609576967045
26 , 0 , 0, 0.736559652908221
27 , 0 , 0, 0.7292124703704616
28 , 0 , 0, 0.7183288830986236
29 , 0 , 0, 0.7111635524897149
30 , 0 , 0, 0.697046600835495
31 , 0 , 0, 0.6935613678313175
32 , 0 , 0, 0.6900935609921609
33 , 0 , 0, 0.6866430931872001
34 , 0 , 0, 0.6797938283326578
35 , 0 , 0, 0.6563549768288433
36 , 0 , 0, 0.653073201944699
37 , 0 , 0, 0.6465587967553006
38 , 0 , 0, 0.6305556603555866
39 , 0 , 0, 0.5997278763867329
40 , 0 , 0, 0.5878229785513479
41 , 0 , 0, 0.5819594443402982
42 , 0 , 0, 0.5790496471185967
43 , 0 , 0, 0.5732736268885887
44 , 0 , 0, 0.5647174463480732
45 , 0 , 0, 0.5618938591163328
46 , 0 , 0, 0.5507399854171277
47 , 0 , 0, 0.5398075216808175
48 , 0 , 0, 0.5185893309484582
49 , 0 , 0, 0.5159963842937159
50 , 0 , 0, 0.5082950737585841
51 , 0 , 0, 0.5057535983897912
52 , 0 , 0, 0.500708706245853
53 , 0 , 0, 0.4932355662165453
54 , 0 , 0, 0.4907693883854626
55 , 0 , 0, 0.47862223409330756
56 , 0 , 0, 0.4738479773082268
57 , 0 , 0, 0.47147873742168567
58 , 0 , 0, 0.46677573701590436
59 , 0 , 0, 0.46211964903917074
60 , 0 , 0, 0.4598090507939749
61 , 0 , 0, 0.45522245551230495
62 , 0 , 0, 0.4484282034609769
63 , 0 , 0, 0.4417353564707963
64 , 0 , 0, 0.43296668905325736
65 , 0 , 0, 0.42437208406280985
66 , 0 , 0, 0.4180382776616619
67 , 0 , 0, 0.40974000909221303
68 , 0 , 0, 0.3976004408064698
69 , 0 , 0, 0.39561243860243744
70 , 0 , 0, 0.3936343764094253
71 , 0 , 0, 0.3858205374665315
72 , 0 , 0, 0.3632974174544486
73 , 0 , 0, 0.35253382661792404
74 , 0 , 0, 0.33698341088258443
75 , 0 , 0, 0.3237376186352221
76 , 0 , 0, 0.32050833588933575
77 , 0 , 0, 0.3173112652388396
78 , 0 , 0, 0.3033145315372582
79 , 0 , 0, 0.2987875242397482
80 , 0 , 0, 0.2987875242397482
81 , 0 , 0, 0.2987875242397482
82 , 0 , 0, 0.2987875242397482
83 , 0 , 0, 0.2987875242397482
84 , 0 , 0, 0.2987875242397482
85 , 0 , 0, 0.2987875242397482
86 , 0 , 0, 0.2987875242397482
87 , 0 , 0, 0.2987875242397482
88 , 0 , 0, 0.2987875242397482
89 , 0 , 0, 0.2987875242397482
90 , 0 , 0, 0.2987875242397482
91 , 0 , 0, 0.2987875242397482
92 , 0 , 0, 0.2987875242397482
93 , 0 , 0, 0.2987875242397482
94 , 0 , 0, 0.2987875242397482
95 , 0 , 0, 0.2987875242397482
96 , 0 , 0, 0.2987875242397482
97 , 0 , 0, 0.2987875242397482
98 , 0 , 0, 0.2987875242397482
99 , 0 , 0, 0.2987875242397482
100 , 0 , 0, 0.2987875242397482
101 , 0 , 0, 0.2987875242397482
102 , 0 , 0, 0.2987875242397482
103 , 0 , 0, 0.2987875242397482
104 , 0 , 0, 0.2987875242397482
105 , 0 , 0, 0.2987875242397482
106 , 0 , 0, 0.2987875242397482
107 , 0 , 0, 0.2987875242397482
108 , 0 , 0, 0.2987875242397482
109 , 0 , 0, 0.2987875242397482
110 , 0 , 0, 0.2987875242397482
111 , 0 , 0, 0.2987875242397482
112 , 0 , 0, 0.2987875242397482
113 , 0 , 0, 0.2987875242397482
114 , 0 , 0, 0.2987875242397482
115 , 0 , 0, 0.2987875242397482
116 , 0 , 0, 0.2987875242397482
117 , 0 , 0, 0.2987875242397482
118 , 0 , 0, 0.2987875242397482
119 , 0 , 0, 0.2987875242397482
120 , 0 , 0, 0.2987875242397482
121 , 0 , 0, 0.2987875242397482
122 , 0 , 0, 0.2987875242397482
123 , 0 , 0, 0.2987875242397482
124 , 0 , 0, 0.2987875242397482
125 , 0 , 0, 0.2987875242397482
126 , 0 , 0, 0.2987875242397482
127 , 0 , 0, 0.2987875242397482
128 , 0 , 0, 0.2987875242397482
129 , 0 , 0, 0.2987875242397482
130 , 0 , 0, 0.2987875242397482
131 , 0 , 0, 0.2987875242397482
132 , 0 , 0, 0.2987875242397482
133 , 0 , 0, 0.2987875242397482
134 , 0 , 0, 0.2987875242397482
135 , 0 , 0, 0.2987875242397482
136 , 0 , 0, 0.2987875242397482
137 , 0 , 0, 0.2987875242397482
138 , 0 , 0, 0.2987875242397482
139 , 0 , 0, 0.2987875242397482
140 , 0 , 0, 0.2987875242397482
141 , 0 , 0, 0.2987875242397482
142 , 0 , 0, 0.2987875242397482
143 , 0 , 0, 0.2987875242397482
144 , 0 , 0, 0.2987875242397482
145 , 0 , 0, 0.2987875242397482
146 , 0 , 0, 0.2987875242397482
147 , 0 , 0, 0.2987875242397482
148 , 0 , 0, 0.2987875242397482
149 , 0 , 0, 0.2987875242397482
150 , 0 , 0, 0.2987875242397482
151 , 0 , 0, 0.2987875242397482
152 , 0 , 0, 0.2987875242397482
153 , 0 , 0, 0.2987875242397482
154 , 0 , 0, 0.2987875242397482
155 , 0 , 0, 0.2987875242397482
156 , 0 , 0, 0.2987875242397482
157 , 0 , 0, 0.2987875242397482
158 , 0 , 0, 0.2987875242397482
159 , 0 , 0, 0.2987875242397482
160 , 0 , 0, 0.2987875242397482
161 , 0 , 0, 0.2987875242397482
162 , 0 , 0, 0.2987875242397482
163 , 0 , 0, 0.2987875242397482
164 , 0 , 0, 0.2987875242397482
165 , 0 , 0, 0.2987875242397482
166 , 0 , 0, 0.2987875242397482
167 , 0 , 0, 0.2987875242397482
168 , 0 , 0, 0.2987875242397482
169 , 0 , 0, 0.2987875242397482
170 , 0 , 0, 0.2987875242397482
171 , 0 , 0, 0.2987875242397482
172 , 0 , 0, 0.2987875242397482
173 , 0 , 0, 0.2987875242397482
174 , 0 , 0, 0.2987875242397482
175 , 0 , 0, 0.2987875242397482
176 , 0 , 0, 0.2987875242397482
177 , 0 , 0, 0.2987875242397482
178 , 0 , 0, 0.2987875242397482
179 , 0 , 0, 0.2987875242397482
180 , 0 , 0, 0.2987875242397482
181 , 0 , 0, 0.2987875242397482
182 , 0 , 0, 0.2987875242397482
183 , 0 , 0, 0.2987875242397482
184 , 0 , 0, 0.2987875242397482
185 , 0 , 0, 0.2987875242397482
186 , 0 , 0, 0.2987875242397482
187 , 0 , 0, 0.2987875242397482
188 , 0 , 0, 0.2987875242397482
189 , 0 , 0, 0.2987875242397482
190 , 0 , 0, 0.2987875242397482
191 , 0 , 0, 0.2987875242397482
192 , 0 , 0, 0.2987875242397482
193 , 0 , 0, 0.2987875242397482
194 , 0 , 0, 0.2987875242397482
195 , 0 , 0, 0.2987875242397482
196 , 0 , 0, 0.2987875242397482
197 , 0 , 0, 0.2987875242397482
198 , 0 , 0, 0.2987875242397482
199 , 0 , 0, 0.2987875242397482
200 , 0 , 0, 0.2987875242397482
