1 , 0 , 0, 1.0
2 , 0 , 0, 1.0
3 , 0 , 0, 0.995
4 , 0 , 0, 0.985074875
5 , 0 , 0, 0.9752487531218751
6 , 0 , 0, 0.9558895783575597
7 , 0 , 0, 0.9511101304657719
8 , 0 , 0, 0.9416228069143757
9 , 0 , 0, 0.9275689688183278
10 , 0 , 0, 0.9091562615825302
11 , 0 , 0, 0.8822202429488013
12 , 0 , 0, 0.8734200960253871
13 , 0 , 0, 0.8690529955452602
14 , 0 , 0, 0.8603841919146962
15 , 0 , 0, 0.8348931673187264
16 , 0 , 0, 0.8265651079747222
17 , 0 , 0, 0.810157377815473
18 , 0 , 0, 0.8061065909263957
19 , 0 , 0, 0.798065677681905
20 , 0 , 0, 0.7901049725470279
21 , 0 , 0, 0.7514768435208588
22 , 0 , 0, 0.7477194593032545
23 , 0 , 0, 0.7402609576967045
24 , 0 , 0, 0.736559652908221
25 , 0 , 0, 0.7147372386831305
26 , 0 , 0, 0.7040696960536299
27 , 0 , 0, 0.6866430931872001
28 , 0 , 0, 0.6832098777212641
29 , 0 , 0, 0.6730128848950395
30 , 1 , 1, 0.6465587967553006
31 , 0 , 1, 0.6274028820538087
32 , 0 , 1, 0.6211445383053219
33 , 0 , 1, 0.5997278763867329
34 , 0 , 1, 0.5937455908197752
35 , 0 , 1, 0.5848838636585911
36 , 0 , 1, 0.5819594443402982
37 , 0 , 1, 0.5790496471185967
38 , 0 , 1, 0.5761543988830038
39 , 0 , 1, 0.5647174463480732
40 , 0 , 1, 0.5618938591163328
41 , 0 , 1, 0.5507399854171277
42 , 0 , 1, 0.5398075216808175
43 , 0 , 1, 0.5344229416520513
44 , 0 , 1, 0.531750826943791
45 , 0 , 1, 0.5264466124450268
46 , 0 , 1, 0.5159963842937159
47 , 0 , 1, 0.49571413690105054
48 , 0 , 1, 0.483444593917636
49 , 0 , 1, 0.46211964903917074
50 , 0 , 1, 0.42013897252428334
51 , 0 , 1, 0.4159480862733536
52 , 0 , 1, 0.41386834584198684
53 , 0 , 1, 0.40974000909221303
54 , 0 , 1, 0.40769130904675194
55 , 0 , 1, 0.3877593341372176
56 , 0 , 1, 0.3800621177172763
57 , 0 , 1, 0.37816180712868996
58 , 1 , 2, 0.34901730169741024
59 , 0 , 2, 0.3386767948568688
60 , 0 , 2, 0.32864265128599696
61 , 0 , 2, 0.3125753549412418
62 , 0 , 2, 0.3017979588795719
63 , 0 , 2, 0.2987875242397482
64 , 0 , 2, 0.2987875242397482
65 , 0 , 2, 0.2987875242397482
66 , 0 , 2, 0.2987875242397482
67 , 0 , 2, 0.2987875242397482
68 , 0 , 2, 0.2987875242397482
69 , 0 , 2, 0.2987875242397482
70 , 0 , 2, 0.2987875242397482
71 , 0 , 2, 0.2987875242397482
72 , 0 , 2, 0.2987875242397482
73 , 0 , 2, 0.2987875242397482
74 , 0 , 2, 0.2987875242397482
75 , 0 , 2, 0.2987875242397482
76 , 0 , 2, 0.2987875242397482
77 , 0 , 2, 0.2987875242397482
78 , 0 , 2, 0.2987875242397482
79 , 0 , 2, 0.2987875242397482
80 , 0 , 2, 0.2987875242397482
81 , 0 , 2, 0.2987875242397482
82 , 1 , 3, 0.2987875242397482
83 , 0 , 3, 0.2987875242397482
84 , 0 , 3, 0.2987875242397482
85 , 0 , 3, 0.2987875242397482
86 , 0 , 3, 0.2987875242397482
87 , 0 , 3, 0.2987875242397482
88 , 0 , 3, 0.2987875242397482
89 , 0 , 3, 0.2987875242397482
90 , 0 , 3, 0.2987875242397482
91 , 0 , 3, 0.2987875242397482
92 , 0 , 3, 0.2987875242397482
93 , 0 , 3, 0.2987875242397482
94 , 0 , 3, 0.2987875242397482
95 , 0 , 3, 0.2987875242397482
96 , 0 , 3, 0.2987875242397482
97 , 0 , 3, 0.2987875242397482
98 , 0 , 3, 0.2987875242397482
99 , 0 , 3, 0.2987875242397482
100 , 0 , 3, 0.2987875242397482
101 , 0 , 3, 0.2987875242397482
102 , 0 , 3, 0.2987875242397482
103 , 0 , 3, 0.2987875242397482
104 , 1 , 4, 0.2987875242397482
105 , 0 , 4, 0.2987875242397482
106 , 0 , 4, 0.2987875242397482
107 , 0 , 4, 0.2987875242397482
108 , 0 , 4, 0.2987875242397482
109 , 0 , 4, 0.2987875242397482
110 , 0 , 4, 0.2987875242397482
111 , 0 , 4, 0.2987875242397482
112 , 0 , 4, 0.2987875242397482
113 , 0 , 4, 0.2987875242397482
114 , 0 , 4, 0.2987875242397482
115 , 0 , 4, 0.2987875242397482
116 , 0 , 4, 0.2987875242397482
117 , 0 , 4, 0.2987875242397482
118 , 0 , 4, 0.2987875242397482
119 , 0 , 4, 0.2987875242397482
120 , 0 , 4, 0.2987875242397482
121 , 0 , 4, 0.2987875242397482
122 , 0 , 4, 0.2987875242397482
123 , 0 , 4, 0.2987875242397482
124 , 0 , 4, 0.2987875242397482
125 , 0 , 4, 0.2987875242397482
126 , 0 , 4, 0.2987875242397482
127 , 0 , 4, 0.2987875242397482
128 , 0 , 4, 0.2987875242397482
129 , 0 , 4, 0.2987875242397482
130 , 0 , 4, 0.2987875242397482
131 , 0 , 4, 0.2987875242397482
132 , 0 , 4, 0.2987875242397482
133 , 0 , 4, 0.2987875242397482
134 , 0 , 4, 0.2987875242397482
135 , 1 , 5, 0.2987875242397482
136 , 0 , 5, 0.2987875242397482
137 , 0 , 5, 0.2987875242397482
138 , 0 , 5, 0.2987875242397482
139 , 0 , 5, 0.2987875242397482
140 , 0 , 5, 0.2987875242397482
141 , 0 , 5, 0.2987875242397482
142 , 0 , 5, 0.2987875242397482
143 , 0 , 5, 0.2987875242397482
144 , 0 , 5, 0.2987875242397482
145 , 0 , 5, 0.2987875242397482
146 , 0 , 5, 0.2987875242397482
147 , 0 , 5, 0.2987875242397482
148 , 0 , 5, 0.2987875242397482
149 , 0 , 5, 0.2987875242397482
150 , 1 , 6, 0.2987875242397482
151 , 0 , 6, 0.2987875242397482
152 , 0 , 6, 0.2987875242397482
153 , 1 , 7, 0.2987875242397482
154 , 0 , 7, 0.2987875242397482
155 , 0 , 7, 0.2987875242397482
156 , 0 , 7, 0.2987875242397482
157 , 0 , 7, 0.2987875242397482
158 , 0 , 7, 0.2987875242397482
159 , 0 , 7, 0.2987875242397482
160 , 0 , 7, 0.2987875242397482
161 , 0 , 7, 0.2987875242397482
162 , 0 , 7, 0.2987875242397482
163 , 0 , 7, 0.2987875242397482
164 , 0 , 7, 0.2987875242397482
165 , 1 , 8, 0.2987875242397482
166 , 0 , 8, 0.2987875242397482
167 , 0 , 8, 0.2987875242397482
168 , 0 , 8, 0.2987875242397482
169 , 0 , 8, 0.2987875242397482
170 , 0 , 8, 0.2987875242397482
171 , 0 , 8, 0.2987875242397482
172 , 0 , 8, 0.2987875242397482
173 , 0 , 8, 0.2987875242397482
174 , 0 , 8, 0.2987875242397482
175 , 0 , 8, 0.2987875242397482
176 , 0 , 8, 0.2987875242397482
177 , 0 , 8, 0.2987875242397482
178 , 0 , 8, 0.2987875242397482
179 , 1 , 9, 0.2987875242397482
180 , 0 , 9, 0.2987875242397482
181 , 0 , 9, 0.2987875242397482
182 , 0 , 9, 0.2987875242397482
183 , 0 , 9, 0.2987875242397482
184 , 0 , 9, 0.2987875242397482
185 , 0 , 9, 0.2987875242397482
186 , 0 , 9, 0.2987875242397482
187 , 0 , 9, 0.2987875242397482
188 , 0 , 9, 0.2987875242397482
189 , 0 , 9, 0.2987875242397482
190 , 0 , 9, 0.2987875242397482
191 , 0 , 9, 0.2987875242397482
192 , 0 , 9, 0.2987875242397482
193 , 0 , 9, 0.2987875242397482
194 , 0 , 9, 0.2987875242397482
195 , 0 , 9, 0.2987875242397482
196 , 0 , 9, 0.2987875242397482
197 , 0 , 9, 0.2987875242397482
198 , 0 , 9, 0.2987875242397482
199 , 0 , 9, 0.2987875242397482
200 , 0 , 9, 0.2987875242397482
