1 , 0 , 0, 1.0
2 , 0 , 0, 0.985074875
3 , 0 , 0, 0.9801495006250001
4 , 0 , 0, 0.960693043575437
5 , 0 , 0, 0.9322301194154049
6 , 0 , 0, 0.9229311239742362
7 , 0 , 0, 0.9046104802746175
8 , 0 , 0, 0.9000874278732445
9 , 0 , 0, 0.8955869907338783
10 , 0 , 0, 0.8911090557802088
11 , 0 , 0, 0.8822202429488013
12 , 0 , 0, 0.8778091417340573
13 , 0 , 0, 0.851801859600347
14 , 0 , 0, 0.8475428503023453
15 , 0 , 0, 0.8348931673187264
16 , 0 , 0, 0.8265651079747222
17 , 0 , 0, 0.8224322824348486
18 , 0 , 0, 0.8142285204175609
19 , 0 , 0, 0.8061065909263957
20 , 0 , 0, 0.8020760579717637
21 , 0 , 0, 0.798065677681905
22 , 0 , 0, 0.7822236754458713
23 , 0 , 0, 0.778312557068642
24 , 0 , 0, 0.7628626641409962
25 , 0 , 0, 0.7552531090661897
26 , 0 , 0, 0.7514768435208588
27 , 0 , 0, 0.7477194593032545
28 , 0 , 0, 0.7439808620067382
29 , 0 , 0, 0.7402609576967045
30 , 0 , 0, 0.7328768546436799
31 , 0 , 0, 0.7292124703704616
32 , 0 , 0, 0.7255664080186093
33 , 0 , 0, 0.7111635524897149
34 , 0 , 0, 0.7076077347272662
35 , 0 , 0, 0.7040696960536299
36 , 0 , 0, 0.697046600835495
37 , 0 , 0, 0.6935613678313175
38 , 0 , 0, 0.6900935609921609
39 , 0 , 0, 0.6866430931872001
40 , 0 , 0, 0.6832098777212641
41 , 0 , 0, 0.6797938283326578
42 , 0 , 0, 0.6763948591909945
43 , 0 , 0, 0.6730128848950395
44 , 0 , 0, 0.6696478204705644
45 , 0 , 0, 0.6662995813682115
46 , 0 , 0, 0.6629680834613705
47 , 0 , 0, 0.6498078359349755
48 , 0 , 0, 0.6369088258938781
49 , 0 , 0, 0.6337242817644086
50 , 0 , 0, 0.6274028820538087
51 , 0 , 0, 0.6149486215357263
52 , 0 , 0, 0.6118738784280476
53 , 0 , 0, 0.6057704364907278
54 , 0 , 0, 0.5997278763867329
55 , 0 , 0, 0.5878229785513479
56 , 0 , 0, 0.5819594443402982
57 , 0 , 0, 0.5790496471185967
58 , 0 , 0, 0.567555222460375
59 , 0 , 0, 0.5647174463480732
60 , 0 , 0, 0.5590843898207511
61 , 0 , 0, 0.5425201222922789
62 , 0 , 0, 0.5264466124450268
63 , 0 , 0, 0.5211953074858876
64 , 0 , 0, 0.5185893309484582
65 , 0 , 0, 0.5082950737585841
66 , 0 , 0, 0.5057535983897912
67 , 0 , 0, 0.49571413690105054
68 , 0 , 0, 0.4932355662165453
69 , 0 , 0, 0.46677573701590436
70 , 0 , 0, 0.46444185833082485
71 , 0 , 0, 0.45522245551230495
72 , 0 , 0, 0.4506816115185697
73 , 0 , 0, 0.4417353564707963
74 , 0 , 0, 0.43732904629000013
75 , 0 , 0, 0.42650460709830135
76 , 0 , 0, 0.4180382776616619
77 , 0 , 0, 0.4159480862733536
78 , 0 , 0, 0.41386834584198684
79 , 0 , 0, 0.40974000909221303
80 , 0 , 0, 0.40565285250151817
81 , 0 , 0, 0.3976004408064698
82 , 0 , 0, 0.3877593341372176
83 , 0 , 0, 0.3800621177172763
84 , 0 , 0, 0.3743896431025813
85 , 0 , 0, 0.36880183088056995
86 , 0 , 0, 0.3614809303671764
87 , 0 , 0, 0.3507711574848344
88 , 0 , 0, 0.3438081748424137
89 , 0 , 0, 0.33698341088258443
90 , 0 , 0, 0.3352984938281715
91 , 0 , 0, 0.3302941218954743
92 , 0 , 0, 0.3237376186352221
93 , 0 , 0, 0.3173112652388396
94 , 0 , 0, 0.30945741577570285
95 , 0 , 0, 0.3079101286968243
96 , 0 , 0, 0.3017979588795719
97 , 0 , 0, 0.2987875242397482
98 , 1 , 1, 0.2987875242397482
99 , 0 , 1, 0.2987875242397482
100 , 0 , 1, 0.2987875242397482
101 , 0 , 1, 0.2987875242397482
102 , 0 , 1, 0.2987875242397482
103 , 0 , 1, 0.2987875242397482
104 , 0 , 1, 0.2987875242397482
105 , 0 , 1, 0.2987875242397482
106 , 0 , 1, 0.2987875242397482
107 , 0 , 1, 0.2987875242397482
108 , 0 , 1, 0.2987875242397482
109 , 0 , 1, 0.2987875242397482
110 , 0 , 1, 0.2987875242397482
111 , 0 , 1, 0.2987875242397482
112 , 0 , 1, 0.2987875242397482
113 , 0 , 1, 0.2987875242397482
114 , 0 , 1, 0.2987875242397482
115 , 0 , 1, 0.2987875242397482
116 , 0 , 1, 0.2987875242397482
117 , 0 , 1, 0.2987875242397482
118 , 0 , 1, 0.2987875242397482
119 , 0 , 1, 0.2987875242397482
120 , 0 , 1, 0.2987875242397482
121 , 0 , 1, 0.2987875242397482
122 , 0 , 1, 0.2987875242397482
123 , 0 , 1, 0.2987875242397482
124 , 0 , 1, 0.2987875242397482
125 , 0 , 1, 0.2987875242397482
126 , 0 , 1, 0.2987875242397482
127 , 0 , 1, 0.2987875242397482
128 , 0 , 1, 0.2987875242397482
129 , 0 , 1, 0.2987875242397482
130 , 0 , 1, 0.2987875242397482
131 , 0 , 1, 0.2987875242397482
132 , 0 , 1, 0.2987875242397482
133 , 0 , 1, 0.2987875242397482
134 , 0 , 1, 0.2987875242397482
135 , 0 , 1, 0.2987875242397482
136 , 0 , 1, 0.2987875242397482
137 , 0 , 1, 0.2987875242397482
138 , 0 , 1, 0.2987875242397482
139 , 0 , 1, 0.2987875242397482
140 , 0 , 1, 0.2987875242397482
141 , 0 , 1, 0.2987875242397482
142 , 0 , 1, 0.2987875242397482
143 , 0 , 1, 0.2987875242397482
144 , 0 , 1, 0.2987875242397482
145 , 0 , 1, 0.2987875242397482
146 , 0 , 1, 0.2987875242397482
147 , 0 , 1, 0.2987875242397482
148 , 0 , 1, 0.2987875242397482
149 , 0 , 1, 0.2987875242397482
150 , 0 , 1, 0.2987875242397482
151 , 0 , 1, 0.2987875242397482
152 , 0 , 1, 0.2987875242397482
153 , 0 , 1, 0.2987875242397482
154 , 0 , 1, 0.2987875242397482
155 , 0 , 1, 0.2987875242397482
156 , 0 , 1, 0.2987875242397482
157 , 0 , 1, 0.2987875242397482
158 , 0 , 1, 0.2987875242397482
159 , 0 , 1, 0.2987875242397482
160 , 0 , 1, 0.2987875242397482
161 , 0 , 1, 0.2987875242397482
162 , 0 , 1, 0.2987875242397482
163 , 0 , 1, 0.2987875242397482
164 , 0 , 1, 0.2987875242397482
165 , 0 , 1, 0.2987875242397482
166 , 0 , 1, 0.2987875242397482
167 , 0 , 1, 0.2987875242397482
168 , 0 , 1, 0.2987875242397482
169 , 0 , 1, 0.2987875242397482
170 , 0 , 1, 0.2987875242397482
171 , 0 , 1, 0.2987875242397482
172 , 0 , 1, 0.2987875242397482
173 , 0 , 1, 0.2987875242397482
174 , 0 , 1, 0.2987875242397482
175 , 0 , 1, 0.2987875242397482
176 , 0 , 1, 0.2987875242397482
177 , 0 , 1, 0.2987875242397482
178 , 0 , 1, 0.2987875242397482
179 , 0 , 1, 0.2987875242397482
180 , 0 , 1, 0.2987875242397482
181 , 0 , 1, 0.2987875242397482
182 , 0 , 1, 0.2987875242397482
183 , 0 , 1, 0.2987875242397482
184 , 0 , 1, 0.2987875242397482
185 , 0 , 1, 0.2987875242397482
186 , 0 , 1, 0.2987875242397482
187 , 0 , 1, 0.2987875242397482
188 , 0 , 1, 0.2987875242397482
189 , 0 , 1, 0.2987875242397482
190 , 0 , 1, 0.2987875242397482
191 , 0 , 1, 0.2987875242397482
192 , 1 , 2, 0.2987875242397482
193 , 0 , 2, 0.2987875242397482
194 , 0 , 2, 0.2987875242397482
195 , 0 , 2, 0.2987875242397482
196 , 0 , 2, 0.2987875242397482
197 , 0 , 2, 0.2987875242397482
198 , 0 , 2, 0.2987875242397482
199 , 0 , 2, 0.2987875242397482
200 , 0 , 2, 0.2987875242397482
