1 , 0 , 0, 1.0
2 , 0 , 0, 1.0
3 , 0 , 0, 1.0
4 , 0 , 0, 1.0
5 , 0 , 0, 1.0
6 , 0 , 0, 1.0
7 , 0 , 0, 1.0
8 , 0 , 0, 1.0
9 , 0 , 0, 1.0
10 , 0 , 0, 1.0
11 , 0 , 0, 1.0
12 , 0 , 0, 1.0
13 , 0 , 0, 1.0
14 , 0 , 0, 1.0
15 , 0 , 0, 1.0
16 , 0 , 0, 1.0
17 , 0 , 0, 1.0
18 , 0 , 0, 1.0
19 , 0 , 0, 1.0
20 , 0 , 0, 1.0
21 , 0 , 0, 1.0
22 , 0 , 0, 1.0
23 , 0 , 0, 1.0
24 , 0 , 0, 1.0
25 , 0 , 0, 0.995
26 , 0 , 0, 0.990025
27 , 0 , 0, 0.9703725093562657
28 , 0 , 0, 0.9655206468094844
29 , 0 , 0, 0.960693043575437
30 , 0 , 0, 0.9558895783575597
31 , 0 , 0, 0.9511101304657719
32 , 0 , 0, 0.946354579813443
33 , 0 , 0, 0.9369146928798039
34 , 0 , 0, 0.9275689688183278
35 , 0 , 0, 0.9229311239742362
36 , 0 , 0, 0.9046104802746175
37 , 0 , 0, 0.9000874278732445
38 , 0 , 0, 0.8778091417340573
39 , 0 , 0, 0.8647077305675338
40 , 0 , 0, 0.8560822709551227
41 , 0 , 0, 0.8265651079747222
42 , 0 , 0, 0.8183201210226743
43 , 0 , 0, 0.7940753492934954
44 , 0 , 0, 0.7861544476842928
45 , 0 , 0, 0.7744209942832988
46 , 0 , 0, 0.7705488893118823
47 , 0 , 0, 0.7666961448653229
48 , 0 , 0, 0.7628626641409962
49 , 0 , 0, 0.7590483508202912
50 , 0 , 0, 0.7514768435208588
51 , 0 , 0, 0.7477194593032545
52 , 0 , 0, 0.7402609576967045
53 , 0 , 0, 0.736559652908221
54 , 0 , 0, 0.7076077347272662
55 , 0 , 0, 0.7005493475733617
56 , 0 , 0, 0.6866430931872001
57 , 0 , 0, 0.6596532430440636
58 , 0 , 0, 0.6563549768288433
59 , 0 , 0, 0.6369088258938781
60 , 0 , 0, 0.6337242817644086
61 , 0 , 0, 0.6305556603555866
62 , 0 , 0, 0.6211445383053219
63 , 0 , 0, 0.6180388156137953
64 , 0 , 0, 0.5878229785513479
65 , 0 , 0, 0.5790496471185967
66 , 0 , 0, 0.5732736268885887
67 , 0 , 0, 0.567555222460375
68 , 0 , 0, 0.5535075230322891
69 , 0 , 0, 0.547986285490042
70 , 0 , 0, 0.5452463540625918
71 , 0 , 0, 0.5398075216808175
72 , 0 , 0, 0.531750826943791
73 , 0 , 0, 0.5185893309484582
74 , 0 , 0, 0.5057535983897912
75 , 0 , 0, 0.500708706245853
76 , 0 , 0, 0.4982051627146237
77 , 0 , 0, 0.483444593917636
78 , 0 , 0, 0.47862223409330756
79 , 0 , 0, 0.46211964903917074
80 , 0 , 0, 0.457510005540005
81 , 0 , 0, 0.45522245551230495
82 , 0 , 0, 0.4286478463299511
83 , 0 , 0, 0.3877593341372176
84 , 0 , 0, 0.3858205374665315
85 , 0 , 0, 0.38389143477919885
86 , 0 , 0, 0.37816180712868996
87 , 0 , 0, 0.3706551064126331
88 , 0 , 0, 0.36880183088056995
89 , 0 , 0, 0.3669578217261671
90 , 0 , 0, 0.36512303261753626
91 , 0 , 0, 0.3578751580867638
92 , 0 , 0, 0.34901730169741024
93 , 0 , 0, 0.3420891339682016
94 , 0 , 0, 0.33698341088258443
95 , 0 , 0, 0.33362200135903064
96 , 0 , 0, 0.3302941218954743
97 , 0 , 0, 0.32864265128599696
98 , 0 , 0, 0.3157247089126454
99 , 0 , 0, 0.3079101286968243
100 , 0 , 0, 0.30483872516307353
101 , 0 , 0, 0.3033145315372582
102 , 0 , 0, 0.2987875242397482
103 , 0 , 0, 0.28417984116121187
104 , 0 , 0, 0.2757603055760701
105 , 0 , 0, 0.2743815040481898
106 , 0 , 0, 0.2702863258025825
107 , 0 , 0, 0.2662522686041882
108 , 0 , 0, 0.26227842021373715
109 , 0 , 0, 0.2609670281126685
110 , 0 , 0, 0.25966219297210513
111 , 0 , 0, 0.25578670228422234
112 , 0 , 0, 0.25450776877280124
113 , 0 , 0, 0.2519690537792925
114 , 0 , 0, 0.24696734223472733
115 , 0 , 0, 0.24206491716205145
116 , 0 , 0, 0.2408545925762412
117 , 0 , 0, 0.23965031961336
118 , 0 , 0, 0.23371867538818816
119 , 0 , 0, 0.231387331601191
120 , 0 , 0, 0.2290792429684691
121 , 0 , 0, 0.22679417751985861
122 , 0 , 0, 0.22453190559909803
123 , 0 , 0, 0.22340924607110255
124 , 0 , 0, 0.2167901907234072
125 , 0 , 0, 0.21570623976979014
126 , 0 , 0, 0.21248679717794605
127 , 0 , 0, 0.21142436319205632
128 , 0 , 0, 0.21036724137609603
129 , 0 , 0, 0.20931540516921554
130 , 0 , 0, 0.20516038984972615
131 , 0 , 0, 0.2010878536592394
132 , 0 , 0, 0.19908200231898848
133 , 0 , 0, 0.19908200231898848
134 , 0 , 0, 0.19908200231898848
135 , 0 , 0, 0.19908200231898848
136 , 0 , 0, 0.19908200231898848
137 , 1 , 1, 0.19908200231898848
138 , 1 , 2, 0.19908200231898848
139 , 0 , 2, 0.19908200231898848
140 , 0 , 2, 0.19908200231898848
141 , 0 , 2, 0.19908200231898848
142 , 1 , 3, 0.19908200231898848
143 , 0 , 3, 0.19908200231898848
144 , 0 , 3, 0.19908200231898848
145 , 0 , 3, 0.19908200231898848
146 , 0 , 3, 0.19908200231898848
147 , 0 , 3, 0.19908200231898848
148 , 0 , 3, 0.19908200231898848
149 , 0 , 3, 0.19908200231898848
150 , 0 , 3, 0.19908200231898848
151 , 0 , 3, 0.19908200231898848
152 , 0 , 3, 0.19908200231898848
153 , 0 , 3, 0.19908200231898848
154 , 0 , 3, 0.19908200231898848
155 , 0 , 3, 0.19908200231898848
156 , 0 , 3, 0.19908200231898848
157 , 0 , 3, 0.19908200231898848
158 , 0 , 3, 0.19908200231898848
159 , 0 , 3, 0.19908200231898848
160 , 0 , 3, 0.19908200231898848
161 , 0 , 3, 0.19908200231898848
162 , 0 , 3, 0.19908200231898848
163 , 0 , 3, 0.19908200231898848
164 , 0 , 3, 0.19908200231898848
165 , 0 , 3, 0.19908200231898848
166 , 0 , 3, 0.19908200231898848
167 , 0 , 3, 0.19908200231898848
168 , 0 , 3, 0.19908200231898848
169 , 0 , 3, 0.19908200231898848
170 , 0 , 3, 0.19908200231898848
171 , 0 , 3, 0.19908200231898848
172 , 0 , 3, 0.19908200231898848
173 , 0 , 3, 0.19908200231898848
174 , 0 , 3, 0.19908200231898848
175 , 0 , 3, 0.19908200231898848
176 , 0 , 3, 0.19908200231898848
177 , 0 , 3, 0.19908200231898848
178 , 0 , 3, 0.19908200231898848
179 , 0 , 3, 0.19908200231898848
180 , 0 , 3, 0.19908200231898848
181 , 0 , 3, 0.19908200231898848
182 , 0 , 3, 0.19908200231898848
183 , 0 , 3, 0.19908200231898848
184 , 0 , 3, 0.19908200231898848
185 , 0 , 3, 0.19908200231898848
186 , 0 , 3, 0.19908200231898848
187 , 0 , 3, 0.19908200231898848
188 , 0 , 3, 0.19908200231898848
189 , 0 , 3, 0.19908200231898848
190 , 0 , 3, 0.19908200231898848
191 , 0 , 3, 0.19908200231898848
192 , 0 , 3, 0.19908200231898848
193 , 1 , 4, 0.19908200231898848
194 , 0 , 4, 0.19908200231898848
195 , 0 , 4, 0.19908200231898848
196 , 0 , 4, 0.19908200231898848
197 , 0 , 4, 0.19908200231898848
198 , 0 , 4, 0.19908200231898848
199 , 0 , 4, 0.19908200231898848
200 , 0 , 4, 0.19908200231898848
