1 , 0 , 0, 1.0
2 , 0 , 0, 0.985074875
3 , 0 , 0, 0.9752487531218751
4 , 0 , 0, 0.9703725093562657
5 , 0 , 0, 0.960693043575437
6 , 0 , 0, 0.9322301194154049
7 , 0 , 0, 0.9229311239742362
8 , 0 , 0, 0.918316468354365
9 , 0 , 0, 0.9137248860125932
10 , 0 , 0, 0.9000874278732445
11 , 0 , 0, 0.8955869907338783
12 , 0 , 0, 0.8866535105013078
13 , 0 , 0, 0.8603841919146962
14 , 0 , 0, 0.8560822709551227
15 , 0 , 0, 0.8475428503023453
16 , 0 , 0, 0.8433051360508336
17 , 0 , 0, 0.8348931673187264
18 , 0 , 0, 0.8265651079747222
19 , 0 , 0, 0.8061065909263957
20 , 0 , 0, 0.8020760579717637
21 , 0 , 0, 0.798065677681905
22 , 0 , 0, 0.7940753492934954
23 , 0 , 0, 0.7861544476842928
24 , 0 , 0, 0.7822236754458713
25 , 0 , 0, 0.7666961448653229
26 , 0 , 0, 0.7628626641409962
27 , 0 , 0, 0.7590483508202912
28 , 0 , 0, 0.7514768435208588
29 , 0 , 0, 0.7402609576967045
30 , 0 , 0, 0.736559652908221
31 , 0 , 0, 0.7328768546436799
32 , 0 , 0, 0.7183288830986236
33 , 0 , 0, 0.7111635524897149
34 , 0 , 0, 0.7040696960536299
35 , 0 , 0, 0.6832098777212641
36 , 0 , 0, 0.6763948591909945
37 , 0 , 0, 0.6629680834613705
38 , 0 , 0, 0.653073201944699
39 , 0 , 0, 0.6498078359349755
40 , 0 , 0, 0.6369088258938781
41 , 0 , 0, 0.6337242817644086
42 , 0 , 0, 0.6211445383053219
43 , 0 , 0, 0.5819594443402982
44 , 0 , 0, 0.5761543988830038
45 , 0 , 0, 0.5704072587541458
46 , 0 , 0, 0.5647174463480732
47 , 0 , 0, 0.5425201222922789
48 , 0 , 0, 0.531750826943791
49 , 0 , 0, 0.5264466124450268
50 , 0 , 0, 0.5238143793828016
51 , 0 , 0, 0.5211953074858876
52 , 0 , 0, 0.5159963842937159
53 , 0 , 0, 0.5057535983897912
54 , 0 , 0, 0.49571413690105054
55 , 0 , 0, 0.4883155414435353
56 , 0 , 0, 0.47622912292284103
57 , 0 , 0, 0.47147873742168567
58 , 0 , 0, 0.46677573701590436
59 , 0 , 0, 0.4529463432347434
60 , 0 , 0, 0.4506816115185697
61 , 0 , 0, 0.446186062443672
62 , 0 , 0, 0.43080185560799106
63 , 0 , 0, 0.42437208406280985
64 , 0 , 0, 0.4180382776616619
65 , 0 , 0, 0.41386834584198684
66 , 0 , 0, 0.40565285250151817
67 , 0 , 0, 0.4016064652978155
68 , 0 , 0, 0.3897078735047413
69 , 0 , 0, 0.3858205374665315
70 , 0 , 0, 0.37251769488706843
71 , 0 , 0, 0.3578751580867638
72 , 0 , 0, 0.3543053533848483
73 , 0 , 0, 0.35253382661792404
74 , 0 , 0, 0.31890579420988907
75 , 0 , 0, 0.3157247089126454
76 , 0 , 0, 0.30028896908517405
77 , 0 , 0, 0.2799384215094006
78 , 0 , 0, 0.27164454854530906
79 , 0 , 0, 0.24696734223472733
80 , 0 , 0, 0.23023039494318503
81 , 0 , 0, 0.20826882814336947
82 , 0 , 0, 0.19908200231898848
83 , 0 , 0, 0.19709615934585656
84 , 0 , 0, 0.19513012515638165
85 , 0 , 0, 0.18934890919900021
86 , 0 , 0, 0.1712870076899825
87 , 0 , 0, 0.1678868750508869
88 , 0 , 0, 0.16704744067563246
89 , 0 , 0, 0.16538114245489302
90 , 0 , 0, 0.16373146555890544
91 , 0 , 0, 0.16209824418995536
92 , 0 , 0, 0.16048131420416054
93 , 0 , 0, 0.15888051309497406
94 , 0 , 0, 0.1572956799768517
95 , 0 , 0, 0.15650920157696743
96 , 0 , 0, 0.1549480222912372
97 , 0 , 0, 0.1518722266715875
98 , 0 , 0, 0.15035730121053842
99 , 0 , 0, 0.1473726336968319
100 , 0 , 0, 0.14590259167570602
101 , 0 , 0, 0.14444721332374086
102 , 0 , 0, 0.14300635237083656
103 , 0 , 0, 0.14229132060898236
104 , 0 , 0, 0.14087196468590776
105 , 0 , 0, 0.14016760486247823
106 , 0 , 0, 0.138769433003975
107 , 0 , 0, 0.13738520790976036
108 , 0 , 0, 0.13601479046086049
109 , 0 , 0, 0.1346580429260134
110 , 0 , 0, 0.13331482894782642
111 , 0 , 0, 0.13198501352907185
112 , 0 , 0, 0.13066846301911936
113 , 0 , 0, 0.12936504510050365
114 , 0 , 0, 0.12807462877562611
115 , 0 , 0, 0.12679708435358925
116 , 0 , 0, 0.1255322834371622
117 , 0 , 0, 0.1242800989098765
118 , 0 , 0, 0.12304040492325048
119 , 0 , 0, 0.12181307688414106
120 , 0 , 0, 0.12059799144222175
121 , 0 , 0, 0.11939502647758558
122 , 0 , 0, 0.11820406108847166
123 , 0 , 0, 0.11702497557911415
124 , 0 , 0, 0.11527836319047392
125 , 0 , 0, 0.11412846151764894
126 , 0 , 0, 0.11299003011401039
127 , 0 , 0, 0.11186295456362313
128 , 0 , 0, 0.11074712159185099
129 , 0 , 0, 0.10964241905397228
130 , 0 , 0, 0.10909420695870241
131 , 0 , 0, 0.10800599224428936
132 , 0 , 0, 0.10692863247165257
133 , 0 , 0, 0.10586201936274783
134 , 0 , 0, 0.10480604571960442
135 , 0 , 0, 0.10376060541355137
136 , 0 , 0, 0.10272559337455119
137 , 0 , 0, 0.10170090558064004
138 , 0 , 0, 0.10018300685223579
139 , 0 , 0, 0.09246201511725258
140 , 0 , 0, 0.09153970651645797
141 , 0 , 0, 0.0906265979439563
142 , 0 , 0, 0.08972259762946533
143 , 0 , 0, 0.0888276147181114
144 , 0 , 0, 0.08035439121179945
145 , 0 , 0, 0.07268942442628039
146 , 0 , 0, 0.06844601986126451
147 , 0 , 0, 0.06412808167716157
148 , 0 , 0, 0.06380744126877576
149 , 0 , 0, 0.0609928681304848
150 , 0 , 0, 0.05714511431233153
151 , 0 , 0, 0.052477299559006776
152 , 0 , 0, 0.05066791621302729
153 , 0 , 0, 0.046065053286412784
154 , 0 , 0, 0.041670929977297724
155 , 0 , 0, 0.03983280768576652
156 , 0 , 0, 0.039435475429100995
157 , 0 , 0, 0.035673744367776934
158 , 0 , 0, 0.03514130927386981
159 , 0 , 0, 0.03178919665971424
160 , 0 , 0, 0.028756840457888354
161 , 0 , 0, 0.026144461565619025
162 , 0 , 0, 0.023650553933395897
163 , 0 , 0, 0.021394538952450012
164 , 0 , 0, 0.021181128426399323
165 , 0 , 0, 0.019160670758563442
166 , 0 , 0, 0.017683979399301233
167 , 0 , 0, 0.015997113097568336
168 , 0 , 0, 0.015523158778943369
169 , 0 , 0, 0.014042412118399107
170 , 0 , 0, 0.012702913170639124
171 , 0 , 0, 0.011491188384178622
172 , 0 , 0, 0.01039504944313793
173 , 0 , 0, 0.009498215367526477
174 , 0 , 0, 0.00859218516536988
175 , 0 , 0, 0.00777258074905369
176 , 0 , 0, 0.007031158004374704
177 , 0 , 0, 0.00636045921922412
178 , 0 , 0, 0.005753738069069452
179 , 0 , 0, 0.005204891758035267
180 , 0 , 0, 0.004708399633013681
181 , 0 , 0, 0.004259267653345338
182 , 0 , 0, 0.0038529781575108685
183 , 0 , 0, 0.0034854444215535172
184 , 0 , 0, 0.0031529695521520136
185 , 0 , 0, 0.0028522093008634787
186 , 0 , 0, 0.0025801384254978423
187 , 0 , 0, 0.002334020260264599
188 , 0 , 0, 0.002111379188608648
189 , 0 , 0, 0.0019099757418491003
190 , 0 , 0, 0.0017277840731469835
191 , 0 , 0, 0.0015629715802203273
192 , 0 , 0, 0.0014138804718386883
193 , 0 , 0, 0.0012790110926808992
194 , 0 , 0, 0.0011570068388266322
195 , 0 , 0, 0.0010466405121519772
196 , 0 , 0, 0.001036200273043261
197 , 0 , 0, 0.0010258641753196547
198 , 0 , 0, 0.0009855405768828447
199 , 0 , 0, 0.0009757098096284384
200 , 0 , 0, 0.0009659771042773947
