1 , 0 , 0, 1.0
2 , 0 , 0, 0.990025
3 , 0 , 0, 0.985074875
4 , 0 , 0, 0.9511101304657719
5 , 0 , 0, 0.946354579813443
6 , 0 , 0, 0.9369146928798039
7 , 0 , 0, 0.9229311239742362
8 , 0 , 0, 0.8955869907338783
9 , 0 , 0, 0.8911090557802088
10 , 0 , 0, 0.8822202429488013
11 , 0 , 0, 0.8778091417340573
12 , 0 , 0, 0.8690529955452602
13 , 0 , 0, 0.8603841919146962
14 , 0 , 0, 0.8560822709551227
15 , 0 , 0, 0.851801859600347
16 , 0 , 0, 0.8475428503023453
17 , 0 , 0, 0.8348931673187264
18 , 0 , 0, 0.8224322824348486
19 , 0 , 0, 0.8142285204175609
20 , 0 , 0, 0.8061065909263957
21 , 0 , 0, 0.8020760579717637
22 , 0 , 0, 0.778312557068642
23 , 0 , 0, 0.7744209942832988
24 , 0 , 0, 0.7514768435208588
25 , 0 , 0, 0.7477194593032545
26 , 0 , 0, 0.7292124703704616
27 , 0 , 0, 0.7219385759785162
28 , 0 , 0, 0.697046600835495
29 , 0 , 0, 0.6866430931872001
30 , 0 , 0, 0.6730128848950395
31 , 0 , 0, 0.6563549768288433
32 , 0 , 0, 0.6465587967553006
33 , 0 , 0, 0.6433260027715241
34 , 0 , 0, 0.6369088258938781
35 , 0 , 0, 0.6180388156137953
36 , 0 , 0, 0.5997278763867329
37 , 0 , 0, 0.5878229785513479
38 , 0 , 0, 0.5790496471185967
39 , 0 , 0, 0.5704072587541458
40 , 0 , 0, 0.567555222460375
41 , 0 , 0, 0.5618938591163328
42 , 0 , 0, 0.5452463540625918
43 , 0 , 0, 0.5398075216808175
44 , 0 , 0, 0.531750826943791
45 , 0 , 0, 0.5264466124450268
46 , 0 , 0, 0.5082950737585841
47 , 0 , 0, 0.500708706245853
48 , 0 , 0, 0.4858739637363176
49 , 0 , 0, 0.46912134373457726
50 , 0 , 0, 0.46677573701590436
51 , 0 , 0, 0.46211964903917074
52 , 0 , 0, 0.4180382776616619
53 , 0 , 0, 0.4159480862733536
54 , 0 , 0, 0.39166620452737816
55 , 0 , 0, 0.3897078735047413
56 , 0 , 0, 0.3858205374665315
57 , 0 , 0, 0.37816180712868996
58 , 0 , 0, 0.37627099809304654
59 , 0 , 0, 0.35253382661792404
60 , 0 , 0, 0.3472722151889232
61 , 0 , 0, 0.3455358541129786
62 , 0 , 0, 0.3420891339682016
63 , 0 , 0, 0.3386767948568688
64 , 0 , 0, 0.33362200135903064
65 , 0 , 0, 0.32864265128599696
66 , 0 , 0, 0.3237376186352221
67 , 0 , 0, 0.31890579420988907
68 , 0 , 0, 0.3141460853680822
69 , 0 , 0, 0.31101247816653554
70 , 0 , 0, 0.3063705780533402
71 , 0 , 0, 0.3017979588795719
72 , 0 , 0, 0.29729358661854943
73 , 0 , 0, 0.29580711868545667
74 , 0 , 0, 0.2884855236625661
75 , 0 , 0, 0.28417984116121187
76 , 0 , 0, 0.2799384215094006
77 , 0 , 0, 0.2757603055760701
78 , 0 , 0, 0.2730095965279488
79 , 0 , 0, 0.2662522686041882
80 , 0 , 0, 0.2649210072611673
81 , 0 , 0, 0.26227842021373715
82 , 0 , 0, 0.25578670228422234
83 , 0 , 0, 0.2519690537792925
84 , 0 , 0, 0.24820838415550486
85 , 0 , 0, 0.23607350863684065
86 , 0 , 0, 0.21355457002808648
87 , 0 , 0, 0.21248679717794605
88 , 0 , 0, 0.20619134658263935
89 , 0 , 0, 0.19908200231898848
90 , 0 , 0, 0.19908200231898848
91 , 0 , 0, 0.19908200231898848
92 , 0 , 0, 0.19908200231898848
93 , 0 , 0, 0.19908200231898848
94 , 0 , 0, 0.19908200231898848
95 , 0 , 0, 0.19908200231898848
96 , 0 , 0, 0.19908200231898848
97 , 0 , 0, 0.19908200231898848
98 , 0 , 0, 0.19908200231898848
99 , 0 , 0, 0.19908200231898848
100 , 0 , 0, 0.19908200231898848
101 , 0 , 0, 0.19908200231898848
102 , 0 , 0, 0.19908200231898848
103 , 0 , 0, 0.19908200231898848
104 , 0 , 0, 0.19908200231898848
105 , 0 , 0, 0.19908200231898848
106 , 0 , 0, 0.19908200231898848
107 , 0 , 0, 0.19908200231898848
108 , 0 , 0, 0.19908200231898848
109 , 0 , 0, 0.19908200231898848
110 , 0 , 0, 0.19908200231898848
111 , 0 , 0, 0.19908200231898848
112 , 0 , 0, 0.19908200231898848
113 , 0 , 0, 0.19908200231898848
114 , 0 , 0, 0.19908200231898848
115 , 0 , 0, 0.19908200231898848
116 , 0 , 0, 0.19908200231898848
117 , 0 , 0, 0.19908200231898848
118 , 0 , 0, 0.19908200231898848
119 , 0 , 0, 0.19908200231898848
120 , 0 , 0, 0.19908200231898848
121 , 0 , 0, 0.19908200231898848
122 , 0 , 0, 0.19908200231898848
123 , 0 , 0, 0.19908200231898848
124 , 0 , 0, 0.19908200231898848
125 , 0 , 0, 0.19908200231898848
126 , 0 , 0, 0.19908200231898848
127 , 0 , 0, 0.19908200231898848
128 , 0 , 0, 0.19908200231898848
129 , 0 , 0, 0.19908200231898848
130 , 0 , 0, 0.19908200231898848
131 , 0 , 0, 0.19908200231898848
132 , 0 , 0, 0.19908200231898848
133 , 0 , 0, 0.19908200231898848
134 , 0 , 0, 0.19908200231898848
135 , 0 , 0, 0.19908200231898848
136 , 0 , 0, 0.19908200231898848
137 , 0 , 0, 0.19908200231898848
138 , 0 , 0, 0.19908200231898848
139 , 0 , 0, 0.19908200231898848
140 , 0 , 0, 0.19908200231898848
141 , 0 , 0, 0.19908200231898848
142 , 0 , 0, 0.19908200231898848
143 , 0 , 0, 0.19908200231898848
144 , 0 , 0, 0.19908200231898848
145 , 0 , 0, 0.19908200231898848
146 , 0 , 0, 0.19908200231898848
147 , 0 , 0, 0.19908200231898848
148 , 0 , 0, 0.19908200231898848
149 , 0 , 0, 0.19908200231898848
150 , 0 , 0, 0.19908200231898848
151 , 0 , 0, 0.19908200231898848
152 , 0 , 0, 0.19908200231898848
153 , 0 , 0, 0.19908200231898848
154 , 0 , 0, 0.19908200231898848
155 , 0 , 0, 0.19908200231898848
156 , 0 , 0, 0.19908200231898848
157 , 0 , 0, 0.19908200231898848
158 , 0 , 0, 0.19908200231898848
159 , 0 , 0, 0.19908200231898848
160 , 0 , 0, 0.19908200231898848
161 , 0 , 0, 0.19908200231898848
162 , 0 , 0, 0.19908200231898848
163 , 0 , 0, 0.19908200231898848
164 , 0 , 0, 0.19908200231898848
165 , 0 , 0, 0.19908200231898848
166 , 0 , 0, 0.19908200231898848
167 , 0 , 0, 0.19908200231898848
168 , 0 , 0, 0.19908200231898848
169 , 0 , 0, 0.19908200231898848
170 , 0 , 0, 0.19908200231898848
171 , 0 , 0, 0.19908200231898848
172 , 0 , 0, 0.19908200231898848
173 , 0 , 0, 0.19908200231898848
174 , 0 , 0, 0.19908200231898848
175 , 0 , 0, 0.19908200231898848
176 , 0 , 0, 0.19908200231898848
177 , 0 , 0, 0.19908200231898848
178 , 0 , 0, 0.19908200231898848
179 , 0 , 0, 0.19908200231898848
180 , 0 , 0, 0.19908200231898848
181 , 0 , 0, 0.19908200231898848
182 , 0 , 0, 0.19908200231898848
183 , 0 , 0, 0.19908200231898848
184 , 0 , 0, 0.19908200231898848
185 , 0 , 0, 0.19908200231898848
186 , 0 , 0, 0.19908200231898848
187 , 0 , 0, 0.19908200231898848
188 , 0 , 0, 0.19908200231898848
189 , 0 , 0, 0.19908200231898848
190 , 0 , 0, 0.19908200231898848
191 , 0 , 0, 0.19908200231898848
192 , 0 , 0, 0.19908200231898848
193 , 0 , 0, 0.19908200231898848
194 , 0 , 0, 0.19908200231898848
195 , 0 , 0, 0.19908200231898848
196 , 0 , 0, 0.19908200231898848
197 , 0 , 0, 0.19908200231898848
198 , 0 , 0, 0.19908200231898848
199 , 0 , 0, 0.19908200231898848
200 , 0 , 0, 0.19908200231898848
