1 , 0 , 0, 1.0
2 , 0 , 0, 1.0
3 , 0 , 0, 1.0
4 , 0 , 0, 0.985074875
5 , 0 , 0, 0.9801495006250001
6 , 0 , 0, 0.9703725093562657
7 , 0 , 0, 0.9558895783575597
8 , 0 , 0, 0.946354579813443
9 , 0 , 0, 0.9322301194154049
10 , 0 , 0, 0.9275689688183278
11 , 0 , 0, 0.918316468354365
12 , 0 , 0, 0.9137248860125932
13 , 0 , 0, 0.8822202429488013
14 , 0 , 0, 0.8734200960253871
15 , 0 , 0, 0.8690529955452602
16 , 0 , 0, 0.8647077305675338
17 , 0 , 0, 0.8603841919146962
18 , 0 , 0, 0.8560822709551227
19 , 0 , 0, 0.851801859600347
20 , 0 , 0, 0.8433051360508336
21 , 0 , 0, 0.8390886103705794
22 , 0 , 0, 0.8348931673187264
23 , 0 , 0, 0.8307187014821328
24 , 0 , 0, 0.8142285204175609
25 , 0 , 0, 0.8020760579717637
26 , 0 , 0, 0.7940753492934954
27 , 0 , 0, 0.7861544476842928
28 , 0 , 0, 0.7666961448653229
29 , 0 , 0, 0.7552531090661897
30 , 0 , 0, 0.7292124703704616
31 , 0 , 0, 0.7183288830986236
32 , 0 , 0, 0.7040696960536299
33 , 0 , 0, 0.697046600835495
34 , 0 , 0, 0.6866430931872001
35 , 0 , 0, 0.6832098777212641
36 , 0 , 0, 0.6797938283326578
37 , 0 , 0, 0.6696478204705644
38 , 0 , 0, 0.6662995813682115
39 , 0 , 0, 0.6498078359349755
40 , 0 , 0, 0.6433260027715241
41 , 0 , 0, 0.6401093727576664
42 , 0 , 0, 0.6369088258938781
43 , 0 , 0, 0.6305556603555866
44 , 0 , 0, 0.6274028820538087
45 , 0 , 0, 0.6149486215357263
46 , 0 , 0, 0.6088145090359074
47 , 0 , 0, 0.5967292370047992
48 , 0 , 0, 0.5848838636585911
49 , 0 , 0, 0.5790496471185967
50 , 0 , 0, 0.5704072587541458
51 , 0 , 0, 0.5535075230322891
52 , 0 , 0, 0.5507399854171277
53 , 0 , 0, 0.547986285490042
54 , 0 , 0, 0.5452463540625918
55 , 0 , 0, 0.5344229416520513
56 , 0 , 0, 0.5211953074858876
57 , 0 , 0, 0.510849320360386
58 , 0 , 0, 0.500708706245853
59 , 0 , 0, 0.4907693883854626
60 , 0 , 0, 0.45522245551230495
61 , 0 , 0, 0.4506816115185697
62 , 0 , 0, 0.4484282034609769
63 , 0 , 0, 0.42437208406280985
64 , 0 , 0, 0.4159480862733536
65 , 0 , 0, 0.4117990041127769
66 , 0 , 0, 0.40974000909221303
67 , 0 , 0, 0.40769130904675194
68 , 0 , 0, 0.40565285250151817
69 , 0 , 0, 0.3976004408064698
70 , 0 , 0, 0.39561243860243744
71 , 0 , 0, 0.39166620452737816
72 , 0 , 0, 0.3614809303671764
73 , 0 , 0, 0.3543053533848483
74 , 0 , 0, 0.3472722151889232
75 , 0 , 0, 0.3403786882983606
76 , 0 , 0, 0.31890579420988907
77 , 0 , 0, 0.3141460853680822
78 , 0 , 0, 0.31101247816653554
79 , 0 , 0, 0.3079101286968243
80 , 0 , 0, 0.3017979588795719
81 , 0 , 0, 0.2987875242397482
82 , 0 , 0, 0.2987875242397482
83 , 0 , 0, 0.2987875242397482
84 , 0 , 0, 0.2987875242397482
85 , 0 , 0, 0.2987875242397482
86 , 0 , 0, 0.2987875242397482
87 , 0 , 0, 0.2987875242397482
88 , 0 , 0, 0.2987875242397482
89 , 0 , 0, 0.2987875242397482
90 , 0 , 0, 0.2987875242397482
91 , 0 , 0, 0.2987875242397482
92 , 0 , 0, 0.2987875242397482
93 , 0 , 0, 0.2987875242397482
94 , 0 , 0, 0.2987875242397482
95 , 0 , 0, 0.2987875242397482
96 , 0 , 0, 0.2987875242397482
97 , 0 , 0, 0.2987875242397482
98 , 0 , 0, 0.2987875242397482
99 , 0 , 0, 0.2987875242397482
100 , 0 , 0, 0.2987875242397482
101 , 0 , 0, 0.2987875242397482
102 , 0 , 0, 0.2987875242397482
103 , 0 , 0, 0.2987875242397482
104 , 0 , 0, 0.2987875242397482
105 , 0 , 0, 0.2987875242397482
106 , 0 , 0, 0.2987875242397482
107 , 0 , 0, 0.2987875242397482
108 , 0 , 0, 0.2987875242397482
109 , 0 , 0, 0.2987875242397482
110 , 0 , 0, 0.2987875242397482
111 , 0 , 0, 0.2987875242397482
112 , 0 , 0, 0.2987875242397482
113 , 0 , 0, 0.2987875242397482
114 , 0 , 0, 0.2987875242397482
115 , 0 , 0, 0.2987875242397482
116 , 0 , 0, 0.2987875242397482
117 , 0 , 0, 0.2987875242397482
118 , 0 , 0, 0.2987875242397482
119 , 0 , 0, 0.2987875242397482
120 , 0 , 0, 0.2987875242397482
121 , 0 , 0, 0.2987875242397482
122 , 0 , 0, 0.2987875242397482
123 , 0 , 0, 0.2987875242397482
124 , 0 , 0, 0.2987875242397482
125 , 0 , 0, 0.2987875242397482
126 , 0 , 0, 0.2987875242397482
127 , 0 , 0, 0.2987875242397482
128 , 0 , 0, 0.2987875242397482
129 , 0 , 0, 0.2987875242397482
130 , 0 , 0, 0.2987875242397482
131 , 0 , 0, 0.2987875242397482
132 , 0 , 0, 0.2987875242397482
133 , 0 , 0, 0.2987875242397482
134 , 0 , 0, 0.2987875242397482
135 , 0 , 0, 0.2987875242397482
136 , 0 , 0, 0.2987875242397482
137 , 0 , 0, 0.2987875242397482
138 , 0 , 0, 0.2987875242397482
139 , 0 , 0, 0.2987875242397482
140 , 0 , 0, 0.2987875242397482
141 , 0 , 0, 0.2987875242397482
142 , 0 , 0, 0.2987875242397482
143 , 0 , 0, 0.2987875242397482
144 , 0 , 0, 0.2987875242397482
145 , 0 , 0, 0.2987875242397482
146 , 0 , 0, 0.2987875242397482
147 , 0 , 0, 0.2987875242397482
148 , 0 , 0, 0.2987875242397482
149 , 0 , 0, 0.2987875242397482
150 , 0 , 0, 0.2987875242397482
151 , 0 , 0, 0.2987875242397482
152 , 0 , 0, 0.2987875242397482
153 , 0 , 0, 0.2987875242397482
154 , 0 , 0, 0.2987875242397482
155 , 0 , 0, 0.2987875242397482
156 , 0 , 0, 0.2987875242397482
157 , 0 , 0, 0.2987875242397482
158 , 0 , 0, 0.2987875242397482
159 , 0 , 0, 0.2987875242397482
160 , 0 , 0, 0.2987875242397482
161 , 0 , 0, 0.2987875242397482
162 , 0 , 0, 0.2987875242397482
163 , 0 , 0, 0.2987875242397482
164 , 0 , 0, 0.2987875242397482
165 , 0 , 0, 0.2987875242397482
166 , 0 , 0, 0.2987875242397482
167 , 0 , 0, 0.2987875242397482
168 , 0 , 0, 0.2987875242397482
169 , 0 , 0, 0.2987875242397482
170 , 0 , 0, 0.2987875242397482
171 , 0 , 0, 0.2987875242397482
172 , 0 , 0, 0.2987875242397482
173 , 0 , 0, 0.2987875242397482
174 , 0 , 0, 0.2987875242397482
175 , 0 , 0, 0.2987875242397482
176 , 0 , 0, 0.2987875242397482
177 , 0 , 0, 0.2987875242397482
178 , 0 , 0, 0.2987875242397482
179 , 0 , 0, 0.2987875242397482
180 , 0 , 0, 0.2987875242397482
181 , 0 , 0, 0.2987875242397482
182 , 0 , 0, 0.2987875242397482
183 , 0 , 0, 0.2987875242397482
184 , 0 , 0, 0.2987875242397482
185 , 0 , 0, 0.2987875242397482
186 , 0 , 0, 0.2987875242397482
187 , 0 , 0, 0.2987875242397482
188 , 0 , 0, 0.2987875242397482
189 , 0 , 0, 0.2987875242397482
190 , 0 , 0, 0.2987875242397482
191 , 0 , 0, 0.2987875242397482
192 , 0 , 0, 0.2987875242397482
193 , 0 , 0, 0.2987875242397482
194 , 0 , 0, 0.2987875242397482
195 , 0 , 0, 0.2987875242397482
196 , 0 , 0, 0.2987875242397482
197 , 0 , 0, 0.2987875242397482
198 , 0 , 0, 0.2987875242397482
199 , 0 , 0, 0.2987875242397482
200 , 0 , 0, 0.2987875242397482
