1 , 0 , 0, 0.995
2 , 0 , 0, 0.9752487531218751
3 , 0 , 0, 0.9655206468094844
4 , 0 , 0, 0.9511101304657719
5 , 0 , 0, 0.946354579813443
6 , 0 , 0, 0.9416228069143757
7 , 0 , 0, 0.9369146928798039
8 , 0 , 0, 0.9229311239742362
9 , 0 , 0, 0.9137248860125932
10 , 0 , 0, 0.8955869907338783
11 , 0 , 0, 0.8911090557802088
12 , 0 , 0, 0.8866535105013078
13 , 0 , 0, 0.8647077305675338
14 , 0 , 0, 0.8603841919146962
15 , 0 , 0, 0.851801859600347
16 , 0 , 0, 0.8433051360508336
17 , 0 , 0, 0.8224322824348486
18 , 0 , 0, 0.8183201210226743
19 , 0 , 0, 0.8061065909263957
20 , 0 , 0, 0.7861544476842928
21 , 0 , 0, 0.7822236754458713
22 , 0 , 0, 0.778312557068642
23 , 0 , 0, 0.7744209942832988
24 , 0 , 0, 0.7552531090661897
25 , 0 , 0, 0.736559652908221
26 , 0 , 0, 0.7292124703704616
27 , 0 , 0, 0.7255664080186093
28 , 0 , 0, 0.7183288830986236
29 , 0 , 0, 0.7147372386831305
30 , 0 , 0, 0.7076077347272662
31 , 0 , 0, 0.7005493475733617
32 , 0 , 0, 0.697046600835495
33 , 0 , 0, 0.6935613678313175
34 , 0 , 0, 0.6900935609921609
35 , 0 , 0, 0.6866430931872001
36 , 0 , 0, 0.6832098777212641
37 , 0 , 0, 0.6662995813682115
38 , 0 , 0, 0.6629680834613705
39 , 0 , 0, 0.6596532430440636
40 , 0 , 0, 0.6563549768288433
41 , 0 , 0, 0.6305556603555866
42 , 0 , 0, 0.5937455908197752
43 , 0 , 0, 0.5907768628656763
44 , 0 , 0, 0.5819594443402982
45 , 0 , 0, 0.5790496471185967
46 , 0 , 0, 0.5704072587541458
47 , 0 , 0, 0.567555222460375
48 , 0 , 0, 0.5590843898207511
49 , 0 , 0, 0.5562889678716474
50 , 0 , 0, 0.5535075230322891
51 , 0 , 0, 0.5398075216808175
52 , 0 , 0, 0.5290920728090721
53 , 0 , 0, 0.5185893309484582
54 , 0 , 0, 0.5134164023722473
55 , 0 , 0, 0.500708706245853
56 , 0 , 0, 0.49571413690105054
57 , 0 , 0, 0.4858739637363176
58 , 0 , 0, 0.4738479773082268
59 , 0 , 0, 0.46912134373457726
60 , 0 , 0, 0.46211964903917074
61 , 0 , 0, 0.4529463432347434
62 , 0 , 0, 0.4484282034609769
63 , 0 , 0, 0.4417353564707963
64 , 0 , 0, 0.43732904629000013
65 , 0 , 0, 0.4351424010585501
66 , 0 , 0, 0.43296668905325736
67 , 0 , 0, 0.4286478463299511
68 , 0 , 0, 0.42650460709830135
69 , 0 , 0, 0.42437208406280985
70 , 0 , 0, 0.40974000909221303
71 , 0 , 0, 0.40769130904675194
72 , 0 , 0, 0.40565285250151817
73 , 0 , 0, 0.4036245882390106
74 , 0 , 0, 0.4016064652978155
75 , 0 , 0, 0.3995984329713264
76 , 0 , 0, 0.3976004408064698
77 , 0 , 0, 0.39561243860243744
78 , 0 , 0, 0.3936343764094253
79 , 0 , 0, 0.39166620452737816
80 , 0 , 0, 0.3897078735047413
81 , 0 , 0, 0.3877593341372176
82 , 0 , 0, 0.3858205374665315
83 , 0 , 0, 0.3800621177172763
84 , 0 , 0, 0.3743896431025813
85 , 0 , 0, 0.37251769488706843
86 , 0 , 0, 0.3706551064126331
87 , 0 , 0, 0.36880183088056995
88 , 0 , 0, 0.3669578217261671
89 , 0 , 0, 0.36512303261753626
90 , 0 , 0, 0.3596735257153405
91 , 0 , 0, 0.3578751580867638
92 , 0 , 0, 0.35608578229633
93 , 0 , 0, 0.3543053533848483
94 , 0 , 0, 0.35253382661792404
95 , 0 , 0, 0.3507711574848344
96 , 0 , 0, 0.34901730169741024
97 , 0 , 0, 0.3472722151889232
98 , 0 , 0, 0.3455358541129786
99 , 0 , 0, 0.3438081748424137
100 , 0 , 0, 0.3420891339682016
101 , 0 , 0, 0.33698341088258443
102 , 0 , 0, 0.3352984938281715
103 , 0 , 0, 0.33362200135903064
104 , 0 , 0, 0.33195389135223546
105 , 0 , 0, 0.3302941218954743
106 , 0 , 0, 0.32864265128599696
107 , 0 , 0, 0.326999438029567
108 , 0 , 0, 0.322118930542046
109 , 0 , 0, 0.31101247816653554
110 , 0 , 0, 0.30483872516307353
111 , 0 , 0, 0.2987875242397482
112 , 0 , 0, 0.29580711868545667
113 , 0 , 0, 0.28134514724562876
114 , 0 , 0, 0.2799384215094006
115 , 0 , 0, 0.2757603055760701
116 , 0 , 0, 0.2743815040481898
117 , 0 , 0, 0.2730095965279488
118 , 0 , 0, 0.27164454854530906
119 , 0 , 0, 0.2702863258025825
120 , 0 , 0, 0.25966219297210513
121 , 0 , 0, 0.2570720625972084
122 , 0 , 0, 0.2457325055235537
123 , 0 , 0, 0.23965031961336
124 , 0 , 0, 0.23725980767521673
125 , 0 , 0, 0.23607350863684065
126 , 0 , 0, 0.23489314109365644
127 , 0 , 0, 0.23371867538818816
128 , 0 , 0, 0.23255008201124722
129 , 0 , 0, 0.231387331601191
130 , 0 , 0, 0.23023039494318503
131 , 0 , 0, 0.2290792429684691
132 , 0 , 0, 0.22793384675362674
133 , 0 , 0, 0.22679417751985861
134 , 0 , 0, 0.22566020663225933
135 , 0 , 0, 0.22453190559909803
136 , 0 , 0, 0.22340924607110255
137 , 0 , 0, 0.22229219984074702
138 , 0 , 0, 0.2189744609715989
139 , 0 , 0, 0.2178795886667409
140 , 0 , 0, 0.2167901907234072
141 , 0 , 0, 0.21570623976979014
142 , 0 , 0, 0.21248679717794605
143 , 0 , 0, 0.21142436319205632
144 , 0 , 0, 0.21036724137609603
145 , 0 , 0, 0.20619134658263935
146 , 0 , 0, 0.20516038984972615
147 , 0 , 0, 0.2041345879004775
148 , 0 , 0, 0.2031139149609751
149 , 0 , 0, 0.20209834538617025
150 , 0 , 0, 0.2010878536592394
151 , 0 , 0, 0.2000824143909432
152 , 0 , 0, 0.19908200231898848
153 , 0 , 0, 0.19908200231898848
154 , 0 , 0, 0.19908200231898848
155 , 0 , 0, 0.19908200231898848
156 , 0 , 0, 0.19908200231898848
157 , 0 , 0, 0.19908200231898848
158 , 0 , 0, 0.19908200231898848
159 , 0 , 0, 0.19908200231898848
160 , 0 , 0, 0.19908200231898848
161 , 0 , 0, 0.19908200231898848
162 , 0 , 0, 0.19908200231898848
163 , 0 , 0, 0.19908200231898848
164 , 0 , 0, 0.19908200231898848
165 , 0 , 0, 0.19908200231898848
166 , 0 , 0, 0.19908200231898848
167 , 0 , 0, 0.19908200231898848
168 , 0 , 0, 0.19908200231898848
169 , 0 , 0, 0.19908200231898848
170 , 0 , 0, 0.19908200231898848
171 , 0 , 0, 0.19908200231898848
172 , 0 , 0, 0.19908200231898848
173 , 0 , 0, 0.19908200231898848
174 , 0 , 0, 0.19908200231898848
175 , 0 , 0, 0.19908200231898848
176 , 0 , 0, 0.19908200231898848
177 , 0 , 0, 0.19908200231898848
178 , 0 , 0, 0.19908200231898848
179 , 0 , 0, 0.19908200231898848
180 , 0 , 0, 0.19908200231898848
181 , 0 , 0, 0.19908200231898848
182 , 0 , 0, 0.19908200231898848
183 , 0 , 0, 0.19908200231898848
184 , 0 , 0, 0.19908200231898848
185 , 0 , 0, 0.19908200231898848
186 , 0 , 0, 0.19908200231898848
187 , 0 , 0, 0.19908200231898848
188 , 0 , 0, 0.19908200231898848
189 , 0 , 0, 0.19908200231898848
190 , 0 , 0, 0.19908200231898848
191 , 0 , 0, 0.19908200231898848
192 , 0 , 0, 0.19908200231898848
193 , 0 , 0, 0.19908200231898848
194 , 0 , 0, 0.19908200231898848
195 , 0 , 0, 0.19908200231898848
196 , 0 , 0, 0.19908200231898848
197 , 0 , 0, 0.19908200231898848
198 , 0 , 0, 0.19908200231898848
199 , 0 , 0, 0.19908200231898848
200 , 0 , 0, 0.19908200231898848
