1 , 0 , 0, 1.0
2 , 0 , 0, 0.985074875
3 , 0 , 0, 0.9801495006250001
4 , 0 , 0, 0.9558895783575597
5 , 0 , 0, 0.946354579813443
6 , 0 , 0, 0.9322301194154049
7 , 0 , 0, 0.918316468354365
8 , 0 , 0, 0.9137248860125932
9 , 0 , 0, 0.9091562615825302
10 , 0 , 0, 0.9046104802746175
11 , 0 , 0, 0.9000874278732445
12 , 0 , 0, 0.8911090557802088
13 , 0 , 0, 0.8560822709551227
14 , 0 , 0, 0.851801859600347
15 , 0 , 0, 0.8475428503023453
16 , 0 , 0, 0.8433051360508336
17 , 0 , 0, 0.8390886103705794
18 , 0 , 0, 0.8348931673187264
19 , 0 , 0, 0.8183201210226743
20 , 0 , 0, 0.8142285204175609
21 , 0 , 0, 0.810157377815473
22 , 0 , 0, 0.8020760579717637
23 , 0 , 0, 0.798065677681905
24 , 0 , 0, 0.7901049725470279
25 , 0 , 0, 0.7744209942832988
26 , 0 , 0, 0.7705488893118823
27 , 0 , 0, 0.7666961448653229
28 , 0 , 0, 0.7590483508202912
29 , 0 , 0, 0.7552531090661897
30 , 0 , 0, 0.7514768435208588
31 , 0 , 0, 0.7439808620067382
32 , 0 , 0, 0.7402609576967045
33 , 0 , 0, 0.736559652908221
34 , 0 , 0, 0.7328768546436799
35 , 0 , 0, 0.7292124703704616
36 , 0 , 0, 0.7255664080186093
37 , 0 , 0, 0.7219385759785162
38 , 0 , 0, 0.7183288830986236
39 , 0 , 0, 0.7147372386831305
40 , 0 , 0, 0.6935613678313175
41 , 0 , 0, 0.6866430931872001
42 , 0 , 0, 0.6832098777212641
43 , 0 , 0, 0.6696478204705644
44 , 0 , 0, 0.6629680834613705
45 , 0 , 0, 0.6596532430440636
46 , 0 , 0, 0.6369088258938781
47 , 0 , 0, 0.6337242817644086
48 , 0 , 0, 0.6274028820538087
49 , 0 , 0, 0.6242658676435396
50 , 0 , 0, 0.6211445383053219
51 , 0 , 0, 0.6118738784280476
52 , 0 , 0, 0.6088145090359074
53 , 0 , 0, 0.6057704364907278
54 , 0 , 0, 0.6027415843082742
55 , 0 , 0, 0.5997278763867329
56 , 0 , 0, 0.5967292370047992
57 , 0 , 0, 0.5937455908197752
58 , 0 , 0, 0.5848838636585911
59 , 0 , 0, 0.5535075230322891
60 , 0 , 0, 0.547986285490042
61 , 0 , 0, 0.5264466124450268
62 , 0 , 0, 0.5238143793828016
63 , 0 , 0, 0.5185893309484582
64 , 0 , 0, 0.5057535983897912
65 , 0 , 0, 0.4883155414435353
66 , 0 , 0, 0.46912134373457726
67 , 0 , 0, 0.4598090507939749
68 , 0 , 0, 0.4159480862733536
69 , 0 , 0, 0.3936343764094253
70 , 0 , 0, 0.38389143477919885
71 , 0 , 0, 0.3800621177172763
72 , 0 , 0, 0.37816180712868996
73 , 0 , 0, 0.37251769488706843
74 , 0 , 0, 0.35253382661792404
75 , 0 , 0, 0.3438081748424137
76 , 0 , 0, 0.3403786882983606
77 , 0 , 0, 0.33362200135903064
78 , 0 , 0, 0.3237376186352221
79 , 0 , 0, 0.3033145315372582
80 , 0 , 0, 0.30028896908517405
81 , 0 , 0, 0.29729358661854943
82 , 0 , 0, 0.28134514724562876
83 , 0 , 0, 0.2662522686041882
84 , 0 , 0, 0.25450776877280124
85 , 0 , 0, 0.231387331601191
86 , 0 , 0, 0.20931540516921554
87 , 0 , 0, 0.19908200231898848
88 , 0 , 0, 0.19908200231898848
89 , 0 , 0, 0.19908200231898848
90 , 0 , 0, 0.19908200231898848
91 , 1 , 1, 0.19908200231898848
92 , 0 , 1, 0.19908200231898848
93 , 0 , 1, 0.19908200231898848
94 , 0 , 1, 0.19908200231898848
95 , 0 , 1, 0.19908200231898848
96 , 0 , 1, 0.19908200231898848
97 , 0 , 1, 0.19908200231898848
98 , 0 , 1, 0.19908200231898848
99 , 0 , 1, 0.19908200231898848
100 , 0 , 1, 0.19908200231898848
101 , 0 , 1, 0.19908200231898848
102 , 0 , 1, 0.19908200231898848
103 , 0 , 1, 0.19908200231898848
104 , 0 , 1, 0.19908200231898848
105 , 0 , 1, 0.19908200231898848
106 , 0 , 1, 0.19908200231898848
107 , 0 , 1, 0.19908200231898848
108 , 0 , 1, 0.19908200231898848
109 , 0 , 1, 0.19908200231898848
110 , 0 , 1, 0.19908200231898848
111 , 0 , 1, 0.19908200231898848
112 , 0 , 1, 0.19908200231898848
113 , 0 , 1, 0.19908200231898848
114 , 0 , 1, 0.19908200231898848
115 , 0 , 1, 0.19908200231898848
116 , 0 , 1, 0.19908200231898848
117 , 0 , 1, 0.19908200231898848
118 , 0 , 1, 0.19908200231898848
119 , 0 , 1, 0.19908200231898848
120 , 0 , 1, 0.19908200231898848
121 , 0 , 1, 0.19908200231898848
122 , 0 , 1, 0.19908200231898848
123 , 0 , 1, 0.19908200231898848
124 , 0 , 1, 0.19908200231898848
125 , 0 , 1, 0.19908200231898848
126 , 0 , 1, 0.19908200231898848
127 , 0 , 1, 0.19908200231898848
128 , 0 , 1, 0.19908200231898848
129 , 0 , 1, 0.19908200231898848
130 , 0 , 1, 0.19908200231898848
131 , 0 , 1, 0.19908200231898848
132 , 0 , 1, 0.19908200231898848
133 , 0 , 1, 0.19908200231898848
134 , 0 , 1, 0.19908200231898848
135 , 0 , 1, 0.19908200231898848
136 , 0 , 1, 0.19908200231898848
137 , 0 , 1, 0.19908200231898848
138 , 0 , 1, 0.19908200231898848
139 , 0 , 1, 0.19908200231898848
140 , 0 , 1, 0.19908200231898848
141 , 0 , 1, 0.19908200231898848
142 , 0 , 1, 0.19908200231898848
143 , 0 , 1, 0.19908200231898848
144 , 0 , 1, 0.19908200231898848
145 , 0 , 1, 0.19908200231898848
146 , 0 , 1, 0.19908200231898848
147 , 0 , 1, 0.19908200231898848
148 , 0 , 1, 0.19908200231898848
149 , 0 , 1, 0.19908200231898848
150 , 0 , 1, 0.19908200231898848
151 , 0 , 1, 0.19908200231898848
152 , 0 , 1, 0.19908200231898848
153 , 0 , 1, 0.19908200231898848
154 , 0 , 1, 0.19908200231898848
155 , 0 , 1, 0.19908200231898848
156 , 0 , 1, 0.19908200231898848
157 , 0 , 1, 0.19908200231898848
158 , 0 , 1, 0.19908200231898848
159 , 0 , 1, 0.19908200231898848
160 , 0 , 1, 0.19908200231898848
161 , 0 , 1, 0.19908200231898848
162 , 0 , 1, 0.19908200231898848
163 , 0 , 1, 0.19908200231898848
164 , 0 , 1, 0.19908200231898848
165 , 0 , 1, 0.19908200231898848
166 , 0 , 1, 0.19908200231898848
167 , 0 , 1, 0.19908200231898848
168 , 0 , 1, 0.19908200231898848
169 , 0 , 1, 0.19908200231898848
170 , 0 , 1, 0.19908200231898848
171 , 0 , 1, 0.19908200231898848
172 , 0 , 1, 0.19908200231898848
173 , 0 , 1, 0.19908200231898848
174 , 0 , 1, 0.19908200231898848
175 , 0 , 1, 0.19908200231898848
176 , 0 , 1, 0.19908200231898848
177 , 0 , 1, 0.19908200231898848
178 , 0 , 1, 0.19908200231898848
179 , 0 , 1, 0.19908200231898848
180 , 0 , 1, 0.19908200231898848
181 , 0 , 1, 0.19908200231898848
182 , 0 , 1, 0.19908200231898848
183 , 0 , 1, 0.19908200231898848
184 , 0 , 1, 0.19908200231898848
185 , 0 , 1, 0.19908200231898848
186 , 0 , 1, 0.19908200231898848
187 , 0 , 1, 0.19908200231898848
188 , 0 , 1, 0.19908200231898848
189 , 0 , 1, 0.19908200231898848
190 , 0 , 1, 0.19908200231898848
191 , 0 , 1, 0.19908200231898848
192 , 0 , 1, 0.19908200231898848
193 , 0 , 1, 0.19908200231898848
194 , 0 , 1, 0.19908200231898848
195 , 0 , 1, 0.19908200231898848
196 , 0 , 1, 0.19908200231898848
197 , 0 , 1, 0.19908200231898848
198 , 0 , 1, 0.19908200231898848
199 , 0 , 1, 0.19908200231898848
200 , 0 , 1, 0.19908200231898848
