1 , 0 , 0, 1.0
2 , 0 , 0, 1.0
3 , 0 , 0, 1.0
4 , 0 , 0, 1.0
5 , 0 , 0, 1.0
6 , 0 , 0, 1.0
7 , 0 , 0, 1.0
8 , 0 , 0, 1.0
9 , 0 , 0, 1.0
10 , 0 , 0, 1.0
11 , 0 , 0, 1.0
12 , 0 , 0, 1.0
13 , 0 , 0, 1.0
14 , 0 , 0, 1.0
15 , 0 , 0, 1.0
16 , 0 , 0, 1.0
17 , 0 , 0, 1.0
18 , 0 , 0, 1.0
19 , 0 , 0, 1.0
20 , 0 , 0, 0.995
21 , 0 , 0, 0.990025
22 , 0 , 0, 0.960693043575437
23 , 0 , 0, 0.9558895783575597
24 , 0 , 0, 0.9369146928798039
25 , 0 , 0, 0.9322301194154049
26 , 0 , 0, 0.9275689688183278
27 , 0 , 0, 0.9229311239742362
28 , 0 , 0, 0.918316468354365
29 , 0 , 0, 0.9091562615825302
30 , 0 , 0, 0.9000874278732445
31 , 0 , 0, 0.8911090557802088
32 , 0 , 0, 0.8734200960253871
33 , 0 , 0, 0.8603841919146962
34 , 0 , 0, 0.8560822709551227
35 , 0 , 0, 0.851801859600347
36 , 0 , 0, 0.8475428503023453
37 , 0 , 0, 0.8433051360508336
38 , 0 , 0, 0.8390886103705794
39 , 0 , 0, 0.8348931673187264
40 , 0 , 0, 0.8265651079747222
41 , 0 , 0, 0.8224322824348486
42 , 0 , 0, 0.8142285204175609
43 , 0 , 0, 0.8020760579717637
44 , 0 , 0, 0.7705488893118823
45 , 0 , 0, 0.7666961448653229
46 , 0 , 0, 0.7590483508202912
47 , 0 , 0, 0.7552531090661897
48 , 0 , 0, 0.7477194593032545
49 , 0 , 0, 0.7219385759785162
50 , 0 , 0, 0.7183288830986236
51 , 0 , 0, 0.7147372386831305
52 , 0 , 0, 0.7111635524897149
53 , 0 , 0, 0.7076077347272662
54 , 0 , 0, 0.6935613678313175
55 , 0 , 0, 0.6900935609921609
56 , 0 , 0, 0.6730128848950395
57 , 0 , 0, 0.6696478204705644
58 , 0 , 0, 0.653073201944699
59 , 0 , 0, 0.6498078359349755
60 , 0 , 0, 0.6465587967553006
61 , 0 , 0, 0.6057704364907278
62 , 0 , 0, 0.5967292370047992
63 , 0 , 0, 0.5848838636585911
64 , 0 , 0, 0.5790496471185967
65 , 0 , 0, 0.5618938591163328
66 , 0 , 0, 0.5264466124450268
67 , 0 , 0, 0.5211953074858876
68 , 0 , 0, 0.5057535983897912
69 , 0 , 0, 0.5032248303978422
70 , 0 , 0, 0.49571413690105054
71 , 0 , 0, 0.4858739637363176
72 , 0 , 0, 0.483444593917636
73 , 0 , 0, 0.4810273709480478
74 , 0 , 0, 0.47862223409330756
75 , 0 , 0, 0.45522245551230495
76 , 0 , 0, 0.4506816115185697
77 , 0 , 0, 0.43952667968844233
78 , 0 , 0, 0.42650460709830135
79 , 0 , 0, 0.42437208406280985
80 , 0 , 0, 0.42013897252428334
81 , 1 , 1, 0.40769130904675194
82 , 1 , 2, 0.37627099809304654
83 , 0 , 2, 0.3596735257153405
84 , 1 , 3, 0.34901730169741024
85 , 0 , 3, 0.3438081748424137
86 , 1 , 4, 0.33362200135903064
87 , 1 , 5, 0.3237376186352221
88 , 0 , 5, 0.3141460853680822
89 , 1 , 6, 0.3017979588795719
90 , 0 , 6, 0.29729358661854943
91 , 0 , 6, 0.28993519966087045
92 , 0 , 6, 0.28417984116121187
93 , 0 , 6, 0.28134514724562876
94 , 1 , 7, 0.2702863258025825
95 , 0 , 7, 0.2649210072611673
96 , 0 , 7, 0.25966219297210513
97 , 0 , 7, 0.2570720625972084
98 , 0 , 7, 0.2519690537792925
99 , 0 , 7, 0.24696734223472733
100 , 0 , 7, 0.24450384299593592
101 , 1 , 8, 0.23725980767521673
102 , 0 , 8, 0.231387331601191
103 , 1 , 9, 0.22007483514733558
104 , 1 , 10, 0.21355457002808648
105 , 1 , 11, 0.20722748400265262
106 , 0 , 11, 0.20619134658263935
107 , 0 , 11, 0.19808659230739353
108 , 0 , 11, 0.19318370215794672
109 , 1 , 12, 0.18746015382974018
110 , 0 , 12, 0.182820281282489
111 , 1 , 13, 0.17740377510930716
112 , 0 , 13, 0.1712870076899825
113 , 1 , 14, 0.1662122034722543
114 , 0 , 14, 0.16291280823111093
115 , 1 , 15, 0.15650920157696743
116 , 0 , 15, 0.1518722266715875
117 , 1 , 16, 0.14590259167570602
118 , 0 , 16, 0.14016760486247823
119 , 1 , 17, 0.1346580429260134
120 , 1 , 18, 0.13066846301911936
121 , 1 , 19, 0.12679708435358925
122 , 1 , 20, 0.12059799144222175
123 , 0 , 20, 0.11820406108847166
124 , 1 , 21, 0.11470197137452155
125 , 0 , 21, 0.11242507996344034
126 , 1 , 22, 0.10909420695870241
127 , 1 , 23, 0.10480604571960442
128 , 1 , 24, 0.0996820918179746
129 , 1 , 25, 0.09576389217857617
130 , 1 , 26, 0.09292664835904782
131 , 0 , 26, 0.09199970504166631
132 , 1 , 27, 0.089273984641318
133 , 1 , 28, 0.08662902049662846
134 , 1 , 29, 0.08406242000238873
135 , 1 , 30, 0.08157186144027828
136 , 1 , 31, 0.07915509187866444
137 , 1 , 32, 0.07680992513462537
138 , 1 , 33, 0.0745342397963533
139 , 1 , 34, 0.07232597730414898
140 , 1 , 35, 0.07018314008827135
141 , 1 , 36, 0.06810378976195819
142 , 1 , 37, 0.0660860453679829
143 , 0 , 37, 0.06575561514114299
144 , 1 , 38, 0.06380744126877576
145 , 1 , 39, 0.06191698689958447
146 , 1 , 40, 0.06008254194952879
147 , 1 , 41, 0.05830244700006734
148 , 1 , 42, 0.056575091797066025
149 , 1 , 43, 0.05489891379418004
150 , 1 , 44, 0.05327239673939179
151 , 1 , 45, 0.051178420962124486
152 , 0 , 45, 0.05066791621302729
153 , 1 , 46, 0.04916675299948831
154 , 1 , 47, 0.047234157581800176
155 , 1 , 48, 0.04583472801998072
156 , 1 , 49, 0.04403310436296763
157 , 1 , 50, 0.04272851397543923
158 , 1 , 51, 0.04146257532741124
159 , 1 , 52, 0.04023414326483323
160 , 0 , 52, 0.03884689602888724
161 , 1 , 53, 0.03769595998025326
162 , 1 , 54, 0.03621424652392737
163 , 1 , 55, 0.03514130927386981
164 , 1 , 56, 0.034100160462149656
165 , 1 , 57, 0.03308985827710748
166 , 1 , 58, 0.032109488810599975
167 , 1 , 59, 0.030847362533106718
168 , 1 , 60, 0.029933432588273214
169 , 0 , 60, 0.029339239003388088
170 , 1 , 61, 0.028469990974320916
171 , 1 , 62, 0.027626496583102015
172 , 1 , 63, 0.026807992814067
173 , 1 , 64, 0.02601373925779093
174 , 1 , 65, 0.02524301744132218
175 , 1 , 66, 0.02449513017825978
176 , 1 , 67, 0.023769400938086327
177 , 1 , 68, 0.023065173234186005
178 , 1 , 69, 0.022381810029994047
179 , 1 , 70, 0.02171869316274056
180 , 1 , 71, 0.020864997436994256
181 , 1 , 72, 0.020246819920648168
182 , 1 , 73, 0.01964695745288379
183 , 1 , 74, 0.019064867404770626
184 , 0 , 74, 0.018686420266267767
185 , 1 , 75, 0.018132788524664028
186 , 1 , 76, 0.017595559502304726
187 , 1 , 77, 0.01707424722777892
188 , 1 , 78, 0.0165683801277891
189 , 1 , 79, 0.01607750060057119
190 , 1 , 80, 0.015601164601953134
191 , 1 , 81, 0.015138941243677408
192 , 0 , 81, 0.01506324653745902
193 , 1 , 82, 0.01461696034160619
194 , 1 , 83, 0.014183896485845416
195 , 1 , 84, 0.013763663225419333
196 , 1 , 85, 0.01335588042198471
197 , 1 , 86, 0.012960179199743523
198 , 1 , 87, 0.012576201611761997
199 , 1 , 88, 0.012203600316175803
200 , 1 , 89, 0.01184203826198843
