1 , 0 , 0, 1.0
2 , 0 , 0, 1.0
3 , 0 , 0, 1.0
4 , 0 , 0, 1.0
5 , 0 , 0, 1.0
6 , 0 , 0, 1.0
7 , 0 , 0, 1.0
8 , 0 , 0, 1.0
9 , 0 , 0, 1.0
10 , 0 , 0, 1.0
11 , 0 , 0, 1.0
12 , 0 , 0, 1.0
13 , 0 , 0, 1.0
14 , 0 , 0, 1.0
15 , 0 , 0, 0.985074875
16 , 0 , 0, 0.9752487531218751
17 , 0 , 0, 0.9703725093562657
18 , 0 , 0, 0.9655206468094844
19 , 0 , 0, 0.960693043575437
20 , 0 , 0, 0.946354579813443
21 , 0 , 0, 0.9416228069143757
22 , 0 , 0, 0.9369146928798039
23 , 0 , 0, 0.9229311239742362
24 , 0 , 0, 0.9137248860125932
25 , 0 , 0, 0.9091562615825302
26 , 0 , 0, 0.8911090557802088
27 , 0 , 0, 0.8866535105013078
28 , 0 , 0, 0.8822202429488013
29 , 0 , 0, 0.8778091417340573
30 , 0 , 0, 0.8734200960253871
31 , 0 , 0, 0.8690529955452602
32 , 0 , 0, 0.8603841919146962
33 , 0 , 0, 0.8560822709551227
34 , 0 , 0, 0.851801859600347
35 , 0 , 0, 0.8475428503023453
36 , 0 , 0, 0.8433051360508336
37 , 0 , 0, 0.8348931673187264
38 , 0 , 0, 0.8307187014821328
39 , 0 , 0, 0.798065677681905
40 , 0 , 0, 0.7901049725470279
41 , 0 , 0, 0.7744209942832988
42 , 0 , 0, 0.7705488893118823
43 , 0 , 0, 0.7628626641409962
44 , 0 , 0, 0.7552531090661897
45 , 0 , 0, 0.7514768435208588
46 , 0 , 0, 0.7439808620067382
47 , 0 , 0, 0.736559652908221
48 , 0 , 0, 0.7292124703704616
49 , 0 , 0, 0.7219385759785162
50 , 0 , 0, 0.7076077347272662
51 , 0 , 0, 0.7040696960536299
52 , 0 , 0, 0.6935613678313175
53 , 0 , 0, 0.6900935609921609
54 , 1 , 1, 0.6629680834613705
55 , 0 , 1, 0.6563549768288433
56 , 0 , 1, 0.653073201944699
57 , 0 , 1, 0.6088145090359074
58 , 0 , 1, 0.5937455908197752
59 , 0 , 1, 0.5878229785513479
60 , 0 , 1, 0.5819594443402982
61 , 0 , 1, 0.5790496471185967
62 , 0 , 1, 0.5704072587541458
63 , 0 , 1, 0.5647174463480732
64 , 0 , 1, 0.5562889678716474
65 , 0 , 1, 0.5535075230322891
66 , 0 , 1, 0.5425201222922789
67 , 0 , 1, 0.5371084840724134
68 , 1 , 2, 0.510849320360386
69 , 0 , 2, 0.500708706245853
70 , 0 , 2, 0.4932355662165453
71 , 0 , 2, 0.4907693883854626
72 , 0 , 2, 0.483444593917636
73 , 1 , 3, 0.4598090507939749
74 , 0 , 3, 0.45522245551230495
75 , 0 , 3, 0.4506816115185697
76 , 0 , 3, 0.4286478463299511
77 , 1 , 4, 0.4159480862733536
78 , 0 , 4, 0.4036245882390106
79 , 0 , 4, 0.3995984329713264
80 , 0 , 4, 0.3897078735047413
81 , 0 , 4, 0.3800621177172763
82 , 1 , 5, 0.36880183088056995
83 , 0 , 5, 0.36512303261753626
84 , 0 , 5, 0.3632974174544486
85 , 0 , 5, 0.3614809303671764
86 , 0 , 5, 0.35608578229633
87 , 0 , 5, 0.3543053533848483
88 , 1 , 6, 0.33698341088258443
89 , 0 , 6, 0.33362200135903064
90 , 0 , 6, 0.33195389135223546
91 , 1 , 7, 0.322118930542046
92 , 1 , 8, 0.3125753549412418
93 , 0 , 8, 0.3063705780533402
94 , 1 , 9, 0.2943280830920294
95 , 1 , 10, 0.2827589419554058
96 , 1 , 11, 0.2743815040481898
97 , 1 , 12, 0.2662522686041882
98 , 0 , 12, 0.26359640222486147
99 , 0 , 12, 0.26227842021373715
100 , 0 , 12, 0.2583638820072446
101 , 1 , 13, 0.24820838415550486
102 , 0 , 13, 0.24696734223472733
103 , 1 , 14, 0.23965031961336
104 , 1 , 15, 0.23255008201124722
105 , 1 , 16, 0.22566020663225933
106 , 1 , 17, 0.2189744609715989
107 , 1 , 18, 0.21248679717794605
108 , 1 , 19, 0.20619134658263935
109 , 1 , 20, 0.2000824143909432
110 , 1 , 21, 0.19415447453059972
111 , 0 , 21, 0.1912566947289212
112 , 0 , 21, 0.18559023879528855
113 , 1 , 22, 0.1800916657318127
114 , 1 , 23, 0.17475600159032884
115 , 0 , 23, 0.17388222158237718
116 , 1 , 24, 0.16873052768933355
117 , 1 , 25, 0.16209824418995536
118 , 0 , 25, 0.15967890763313974
119 , 0 , 25, 0.15650920157696743
120 , 1 , 26, 0.1518722266715875
121 , 1 , 27, 0.1473726336968319
122 , 1 , 28, 0.14300635237083656
123 , 0 , 28, 0.14087196468590776
124 , 1 , 29, 0.1353347165085562
125 , 0 , 29, 0.13264825480308728
126 , 1 , 30, 0.12743425563174798
127 , 1 , 31, 0.12365869841532712
128 , 1 , 32, 0.11999500148501063
129 , 0 , 32, 0.11527836319047392
130 , 0 , 32, 0.11186295456362313
131 , 1 , 33, 0.10746596228306791
132 , 0 , 33, 0.1042820154910064
133 , 1 , 34, 0.10119240105273684
134 , 1 , 35, 0.09819432413732986
135 , 1 , 36, 0.09528507271768329
136 , 1 , 37, 0.09246201511725258
137 , 1 , 38, 0.08972259762946533
138 , 1 , 39, 0.08706434220766679
139 , 0 , 39, 0.08533607153708872
140 , 1 , 40, 0.08280777787605056
141 , 0 , 40, 0.08075818212241151
142 , 0 , 40, 0.07915509187866444
143 , 1 , 41, 0.07680992513462537
144 , 1 , 42, 0.07379076075438468
145 , 1 , 43, 0.0716045256805401
146 , 1 , 44, 0.06948306326589085
147 , 1 , 45, 0.06742445445908266
148 , 1 , 46, 0.06542683706543727
149 , 1 , 47, 0.06348840406243188
150 , 1 , 48, 0.061607401965086545
151 , 1 , 49, 0.05978212923978115
152 , 1 , 50, 0.058010934765067
153 , 1 , 51, 0.056292216338080694
154 , 1 , 52, 0.05462441922520914
155 , 1 , 53, 0.052477299559006776
156 , 1 , 54, 0.05092252885731386
157 , 1 , 55, 0.0494138221100385
158 , 1 , 56, 0.04794981455780219
159 , 0 , 56, 0.046997986793891174
160 , 1 , 57, 0.045605554379880814
161 , 1 , 58, 0.04425437624418858
162 , 1 , 59, 0.04294323012606958
163 , 1 , 60, 0.041670929977297724
164 , 1 , 61, 0.04043632488927963
165 , 1 , 62, 0.03923829805195549
166 , 1 , 63, 0.038075765743545126
167 , 1 , 64, 0.03694767635022522
168 , 1 , 65, 0.03585300941485119
169 , 1 , 66, 0.03479077471386296
170 , 1 , 67, 0.033760011361539714
171 , 1 , 68, 0.032433008066058915
172 , 1 , 69, 0.03147209942303359
173 , 1 , 70, 0.030539660091838977
174 , 1 , 71, 0.029339239003388088
175 , 1 , 72, 0.028469990974320916
176 , 1 , 73, 0.027626496583102015
177 , 1 , 74, 0.026807992814067
178 , 1 , 75, 0.02601373925779093
179 , 1 , 76, 0.02524301744132218
180 , 1 , 77, 0.02449513017825978
181 , 1 , 78, 0.023769400938086327
182 , 1 , 79, 0.023065173234186005
183 , 1 , 80, 0.022381810029994047
184 , 1 , 81, 0.02171869316274056
185 , 1 , 82, 0.021075222784267326
186 , 1 , 83, 0.020450816818411825
187 , 1 , 84, 0.019844910434467605
188 , 1 , 85, 0.019256955536244666
189 , 1 , 86, 0.018686420266267767
190 , 1 , 87, 0.018132788524664028
191 , 1 , 88, 0.017595559502304726
192 , 1 , 89, 0.01707424722777892
193 , 1 , 90, 0.0165683801277891
194 , 1 , 91, 0.015917127532080494
195 , 1 , 92, 0.015445542985048652
196 , 1 , 93, 0.014987930304771725
197 , 1 , 94, 0.014543875539898159
198 , 1 , 95, 0.014112977003416188
199 , 1 , 96, 0.013694844909292236
200 , 1 , 97, 0.013289101019874787
