1 , 0 , 0, 1.0
2 , 0 , 0, 1.0
3 , 0 , 0, 1.0
4 , 0 , 0, 1.0
5 , 0 , 0, 0.9703725093562657
6 , 0 , 0, 0.960693043575437
7 , 0 , 0, 0.9511101304657719
8 , 0 , 0, 0.946354579813443
9 , 0 , 0, 0.9416228069143757
10 , 0 , 0, 0.9322301194154049
11 , 0 , 0, 0.9046104802746175
12 , 0 , 0, 0.8911090557802088
13 , 0 , 0, 0.8734200960253871
14 , 0 , 0, 0.8690529955452602
15 , 0 , 0, 0.8647077305675338
16 , 0 , 0, 0.8603841919146962
17 , 0 , 0, 0.8560822709551227
18 , 0 , 0, 0.851801859600347
19 , 0 , 0, 0.8475428503023453
20 , 0 , 0, 0.8390886103705794
21 , 0 , 0, 0.8307187014821328
22 , 0 , 0, 0.8142285204175609
23 , 0 , 0, 0.810157377815473
24 , 0 , 0, 0.8061065909263957
25 , 0 , 0, 0.7940753492934954
26 , 0 , 0, 0.778312557068642
27 , 0 , 0, 0.7705488893118823
28 , 0 , 0, 0.7666961448653229
29 , 0 , 0, 0.7590483508202912
30 , 0 , 0, 0.7514768435208588
31 , 0 , 0, 0.7477194593032545
32 , 0 , 0, 0.736559652908221
33 , 0 , 0, 0.7328768546436799
34 , 0 , 0, 0.7183288830986236
35 , 0 , 0, 0.7040696960536299
36 , 0 , 0, 0.697046600835495
37 , 0 , 0, 0.6900935609921609
38 , 0 , 0, 0.6866430931872001
39 , 0 , 0, 0.6696478204705644
40 , 0 , 0, 0.6629680834613705
41 , 0 , 0, 0.653073201944699
42 , 0 , 0, 0.6465587967553006
43 , 0 , 0, 0.6401093727576664
44 , 0 , 0, 0.6337242817644086
45 , 0 , 0, 0.6305556603555866
46 , 0 , 0, 0.6274028820538087
47 , 0 , 0, 0.6211445383053219
48 , 0 , 0, 0.6057704364907278
49 , 0 , 0, 0.5907768628656763
50 , 0 , 0, 0.5790496471185967
51 , 0 , 0, 0.5732736268885887
52 , 0 , 0, 0.5704072587541458
53 , 0 , 0, 0.5618938591163328
54 , 0 , 0, 0.5562889678716474
55 , 0 , 0, 0.5535075230322891
56 , 0 , 0, 0.5452463540625918
57 , 0 , 0, 0.5425201222922789
58 , 0 , 0, 0.5398075216808175
59 , 0 , 0, 0.531750826943791
60 , 0 , 0, 0.5290920728090721
61 , 0 , 0, 0.5211953074858876
62 , 0 , 0, 0.5185893309484582
63 , 0 , 0, 0.5159963842937159
64 , 0 , 0, 0.5032248303978422
65 , 0 , 0, 0.4907693883854626
66 , 0 , 0, 0.483444593917636
67 , 0 , 0, 0.4810273709480478
68 , 0 , 0, 0.4738479773082268
69 , 0 , 0, 0.47147873742168567
70 , 0 , 0, 0.46211964903917074
71 , 0 , 0, 0.4506816115185697
72 , 0 , 0, 0.4484282034609769
73 , 0 , 0, 0.446186062443672
74 , 0 , 0, 0.43952667968844233
75 , 0 , 0, 0.4286478463299511
76 , 0 , 0, 0.4222502236424958
77 , 0 , 0, 0.4159480862733536
78 , 0 , 0, 0.40974000909221303
79 , 0 , 0, 0.3995984329713264
80 , 0 , 0, 0.3936343764094253
81 , 0 , 0, 0.3897078735047413
82 , 0 , 0, 0.38389143477919885
83 , 0 , 0, 0.37816180712868996
84 , 0 , 0, 0.37627099809304654
85 , 0 , 0, 0.3743896431025813
86 , 0 , 0, 0.36880183088056995
87 , 0 , 0, 0.3632974174544486
88 , 0 , 0, 0.3543053533848483
89 , 0 , 0, 0.3438081748424137
90 , 0 , 0, 0.3386767948568688
91 , 0 , 0, 0.33362200135903064
92 , 0 , 0, 0.32864265128599696
93 , 0 , 0, 0.3237376186352221
94 , 0 , 0, 0.31890579420988907
95 , 0 , 0, 0.3079101286968243
96 , 0 , 0, 0.3017979588795719
97 , 0 , 0, 0.2913921604631864
98 , 0 , 0, 0.2884855236625661
99 , 0 , 0, 0.28417984116121187
100 , 0 , 0, 0.2827589419554058
101 , 0 , 0, 0.27853872940185365
102 , 0 , 0, 0.2743815040481898
103 , 0 , 0, 0.27164454854530906
104 , 0 , 0, 0.26359640222486147
105 , 0 , 0, 0.2519690537792925
106 , 0 , 0, 0.2494556624678441
107 , 0 , 0, 0.23489314109365644
108 , 0 , 0, 0.22229219984074702
109 , 0 , 0, 0.2167901907234072
110 , 0 , 0, 0.19611067854912728
111 , 0 , 0, 0.1912566947289212
112 , 0 , 0, 0.18746015382974018
113 , 0 , 0, 0.18373897616330553
114 , 0 , 0, 0.17919120740315364
115 , 0 , 0, 0.17651675623376062
116 , 0 , 0, 0.17475600159032884
117 , 0 , 0, 0.16873052768933355
118 , 0 , 0, 0.16455423674261854
119 , 0 , 0, 0.16291280823111093
120 , 0 , 0, 0.16048131420416054
121 , 0 , 0, 0.1580861105294992
122 , 0 , 0, 0.14885748713096328
123 , 0 , 0, 0.14590259167570602
124 , 0 , 0, 0.13807558583895513
125 , 0 , 0, 0.1353347165085562
126 , 0 , 0, 0.13066846301911936
127 , 0 , 0, 0.12743425563174798
128 , 0 , 0, 0.12490462201997637
129 , 0 , 0, 0.12365869841532712
130 , 0 , 0, 0.12181307688414106
131 , 0 , 0, 0.12120401149972035
132 , 0 , 0, 0.12059799144222175
133 , 0 , 0, 0.11999500148501063
134 , 0 , 0, 0.11820406108847166
135 , 0 , 0, 0.11702497557911415
136 , 0 , 0, 0.11585765144771248
137 , 0 , 0, 0.11527836319047392
138 , 0 , 0, 0.11242507996344034
139 , 0 , 0, 0.11019338598389174
140 , 0 , 0, 0.10964241905397228
141 , 0 , 0, 0.10800599224428936
142 , 0 , 0, 0.1063939893092943
143 , 0 , 0, 0.10480604571960442
144 , 0 , 0, 0.10221196540767843
145 , 0 , 0, 0.0996820918179746
146 , 0 , 0, 0.0996820918179746
147 , 0 , 0, 0.0996820918179746
148 , 0 , 0, 0.0996820918179746
149 , 0 , 0, 0.0996820918179746
150 , 0 , 0, 0.0996820918179746
151 , 0 , 0, 0.0996820918179746
152 , 0 , 0, 0.0996820918179746
153 , 0 , 0, 0.0996820918179746
154 , 0 , 0, 0.0996820918179746
155 , 0 , 0, 0.0996820918179746
156 , 0 , 0, 0.0996820918179746
157 , 0 , 0, 0.0996820918179746
158 , 0 , 0, 0.0996820918179746
159 , 0 , 0, 0.0996820918179746
160 , 0 , 0, 0.0996820918179746
161 , 0 , 0, 0.0996820918179746
162 , 0 , 0, 0.0996820918179746
163 , 0 , 0, 0.0996820918179746
164 , 0 , 0, 0.0996820918179746
165 , 0 , 0, 0.0996820918179746
166 , 0 , 0, 0.0996820918179746
167 , 0 , 0, 0.0996820918179746
168 , 0 , 0, 0.0996820918179746
169 , 0 , 0, 0.0996820918179746
170 , 0 , 0, 0.0996820918179746
171 , 0 , 0, 0.0996820918179746
172 , 0 , 0, 0.0996820918179746
173 , 0 , 0, 0.0996820918179746
174 , 0 , 0, 0.0996820918179746
175 , 0 , 0, 0.0996820918179746
176 , 0 , 0, 0.0996820918179746
177 , 0 , 0, 0.0996820918179746
178 , 0 , 0, 0.0996820918179746
179 , 0 , 0, 0.0996820918179746
180 , 0 , 0, 0.0996820918179746
181 , 0 , 0, 0.0996820918179746
182 , 0 , 0, 0.0996820918179746
183 , 0 , 0, 0.0996820918179746
184 , 0 , 0, 0.0996820918179746
185 , 0 , 0, 0.0996820918179746
186 , 0 , 0, 0.0996820918179746
187 , 0 , 0, 0.0996820918179746
188 , 0 , 0, 0.0996820918179746
189 , 0 , 0, 0.0996820918179746
190 , 0 , 0, 0.0996820918179746
191 , 0 , 0, 0.0996820918179746
192 , 0 , 0, 0.0996820918179746
193 , 0 , 0, 0.0996820918179746
194 , 0 , 0, 0.0996820918179746
195 , 0 , 0, 0.0996820918179746
196 , 0 , 0, 0.0996820918179746
197 , 0 , 0, 0.0996820918179746
198 , 0 , 0, 0.0996820918179746
199 , 0 , 0, 0.0996820918179746
200 , 0 , 0, 0.0996820918179746
