1 , 0 , 0, 1.0
2 , 0 , 0, 0.9511101304657719
3 , 0 , 0, 0.9416228069143757
4 , 0 , 0, 0.9229311239742362
5 , 0 , 0, 0.9091562615825302
6 , 0 , 0, 0.9046104802746175
7 , 0 , 0, 0.8778091417340573
8 , 0 , 0, 0.8734200960253871
9 , 0 , 0, 0.8690529955452602
10 , 0 , 0, 0.8647077305675338
11 , 0 , 0, 0.8603841919146962
12 , 0 , 0, 0.851801859600347
13 , 0 , 0, 0.8390886103705794
14 , 0 , 0, 0.8142285204175609
15 , 0 , 0, 0.798065677681905
16 , 0 , 0, 0.7940753492934954
17 , 0 , 0, 0.7901049725470279
18 , 0 , 0, 0.7744209942832988
19 , 0 , 0, 0.7590483508202912
20 , 0 , 0, 0.7552531090661897
21 , 0 , 0, 0.7514768435208588
22 , 0 , 0, 0.7439808620067382
23 , 0 , 0, 0.736559652908221
24 , 0 , 0, 0.7255664080186093
25 , 0 , 0, 0.7147372386831305
26 , 0 , 0, 0.7076077347272662
27 , 0 , 0, 0.697046600835495
28 , 0 , 0, 0.6935613678313175
29 , 0 , 0, 0.6866430931872001
30 , 0 , 0, 0.6832098777212641
31 , 0 , 0, 0.6696478204705644
32 , 0 , 0, 0.6662995813682115
33 , 0 , 0, 0.6629680834613705
34 , 0 , 0, 0.6596532430440636
35 , 0 , 0, 0.6401093727576664
36 , 0 , 0, 0.6305556603555866
37 , 0 , 0, 0.6180388156137953
38 , 0 , 0, 0.6149486215357263
39 , 0 , 0, 0.6027415843082742
40 , 0 , 0, 0.5937455908197752
41 , 0 , 0, 0.5819594443402982
42 , 0 , 0, 0.5761543988830038
43 , 0 , 0, 0.5507399854171277
44 , 0 , 0, 0.5452463540625918
45 , 0 , 0, 0.5238143793828016
46 , 0 , 0, 0.5211953074858876
47 , 0 , 0, 0.5185893309484582
48 , 0 , 0, 0.4932355662165453
49 , 0 , 0, 0.4907693883854626
50 , 0 , 0, 0.4883155414435353
51 , 0 , 0, 0.4858739637363176
52 , 0 , 0, 0.483444593917636
53 , 0 , 0, 0.4738479773082268
54 , 0 , 0, 0.47147873742168567
55 , 0 , 0, 0.46912134373457726
56 , 0 , 0, 0.4598090507939749
57 , 0 , 0, 0.457510005540005
58 , 0 , 0, 0.45522245551230495
59 , 0 , 0, 0.4529463432347434
60 , 0 , 0, 0.4484282034609769
61 , 0 , 0, 0.4439551321314536
62 , 0 , 0, 0.4417353564707963
63 , 0 , 0, 0.42437208406280985
64 , 0 , 0, 0.42013897252428334
65 , 0 , 0, 0.4159480862733536
66 , 0 , 0, 0.40769130904675194
67 , 0 , 0, 0.3995984329713264
68 , 0 , 0, 0.3976004408064698
69 , 0 , 0, 0.39561243860243744
70 , 0 , 0, 0.3936343764094253
71 , 0 , 0, 0.3897078735047413
72 , 0 , 0, 0.3877593341372176
73 , 0 , 0, 0.3858205374665315
74 , 0 , 0, 0.3800621177172763
75 , 0 , 0, 0.37816180712868996
76 , 0 , 0, 0.37627099809304654
77 , 0 , 0, 0.36880183088056995
78 , 0 , 0, 0.3614809303671764
79 , 0 , 0, 0.3543053533848483
80 , 0 , 0, 0.35253382661792404
81 , 0 , 0, 0.3352984938281715
82 , 0 , 0, 0.33362200135903064
83 , 0 , 0, 0.33195389135223546
84 , 0 , 0, 0.3302941218954743
85 , 0 , 0, 0.32864265128599696
86 , 0 , 0, 0.326999438029567
87 , 0 , 0, 0.3253644408394192
88 , 0 , 0, 0.322118930542046
89 , 0 , 0, 0.32050833588933575
90 , 0 , 0, 0.31890579420988907
91 , 0 , 0, 0.3173112652388396
92 , 0 , 0, 0.3157247089126454
93 , 0 , 0, 0.3141460853680822
94 , 0 , 0, 0.3125753549412418
95 , 0 , 0, 0.31101247816653554
96 , 0 , 0, 0.30945741577570285
97 , 0 , 0, 0.3079101286968243
98 , 0 , 0, 0.3063705780533402
99 , 0 , 0, 0.30483872516307353
100 , 0 , 0, 0.3033145315372582
101 , 0 , 0, 0.3017979588795719
102 , 0 , 0, 0.2987875242397482
103 , 0 , 0, 0.29285644267656924
104 , 0 , 0, 0.2913921604631864
105 , 0 , 0, 0.28704309604425327
106 , 0 , 0, 0.2662522686041882
107 , 0 , 0, 0.26359640222486147
108 , 0 , 0, 0.25578670228422234
109 , 0 , 0, 0.2507092085103961
110 , 0 , 0, 0.2494556624678441
111 , 0 , 0, 0.24820838415550486
112 , 0 , 0, 0.24696734223472733
113 , 0 , 0, 0.2457325055235537
114 , 0 , 0, 0.24450384299593592
115 , 0 , 0, 0.24328132378095624
116 , 0 , 0, 0.24206491716205145
117 , 0 , 0, 0.2408545925762412
118 , 0 , 0, 0.23965031961336
119 , 0 , 0, 0.2384520680152932
120 , 0 , 0, 0.23725980767521673
121 , 0 , 0, 0.23607350863684065
122 , 0 , 0, 0.23489314109365644
123 , 0 , 0, 0.23371867538818816
124 , 0 , 0, 0.231387331601191
125 , 0 , 0, 0.23023039494318503
126 , 0 , 0, 0.2290792429684691
127 , 0 , 0, 0.22793384675362674
128 , 0 , 0, 0.22679417751985861
129 , 0 , 0, 0.22566020663225933
130 , 0 , 0, 0.22453190559909803
131 , 0 , 0, 0.22340924607110255
132 , 0 , 0, 0.22229219984074702
133 , 0 , 0, 0.2189744609715989
134 , 0 , 0, 0.2178795886667409
135 , 0 , 0, 0.2167901907234072
136 , 0 , 0, 0.21570623976979014
137 , 0 , 0, 0.21355457002808648
138 , 0 , 0, 0.21036724137609603
139 , 0 , 0, 0.20826882814336947
140 , 0 , 0, 0.2041345879004775
141 , 0 , 0, 0.20209834538617025
142 , 0 , 0, 0.2000824143909432
143 , 0 , 0, 0.19908200231898848
144 , 0 , 0, 0.19908200231898848
145 , 0 , 0, 0.19908200231898848
146 , 0 , 0, 0.19908200231898848
147 , 0 , 0, 0.19908200231898848
148 , 0 , 0, 0.19908200231898848
149 , 0 , 0, 0.19908200231898848
150 , 0 , 0, 0.19908200231898848
151 , 0 , 0, 0.19908200231898848
152 , 0 , 0, 0.19908200231898848
153 , 0 , 0, 0.19908200231898848
154 , 0 , 0, 0.19908200231898848
155 , 0 , 0, 0.19908200231898848
156 , 0 , 0, 0.19908200231898848
157 , 0 , 0, 0.19908200231898848
158 , 0 , 0, 0.19908200231898848
159 , 0 , 0, 0.19908200231898848
160 , 0 , 0, 0.19908200231898848
161 , 0 , 0, 0.19908200231898848
162 , 0 , 0, 0.19908200231898848
163 , 0 , 0, 0.19908200231898848
164 , 0 , 0, 0.19908200231898848
165 , 0 , 0, 0.19908200231898848
166 , 0 , 0, 0.19908200231898848
167 , 0 , 0, 0.19908200231898848
168 , 0 , 0, 0.19908200231898848
169 , 0 , 0, 0.19908200231898848
170 , 0 , 0, 0.19908200231898848
171 , 0 , 0, 0.19908200231898848
172 , 0 , 0, 0.19908200231898848
173 , 0 , 0, 0.19908200231898848
174 , 0 , 0, 0.19908200231898848
175 , 0 , 0, 0.19908200231898848
176 , 0 , 0, 0.19908200231898848
177 , 0 , 0, 0.19908200231898848
178 , 0 , 0, 0.19908200231898848
179 , 0 , 0, 0.19908200231898848
180 , 0 , 0, 0.19908200231898848
181 , 0 , 0, 0.19908200231898848
182 , 0 , 0, 0.19908200231898848
183 , 0 , 0, 0.19908200231898848
184 , 0 , 0, 0.19908200231898848
185 , 0 , 0, 0.19908200231898848
186 , 0 , 0, 0.19908200231898848
187 , 0 , 0, 0.19908200231898848
188 , 0 , 0, 0.19908200231898848
189 , 0 , 0, 0.19908200231898848
190 , 0 , 0, 0.19908200231898848
191 , 0 , 0, 0.19908200231898848
192 , 0 , 0, 0.19908200231898848
193 , 0 , 0, 0.19908200231898848
194 , 0 , 0, 0.19908200231898848
195 , 0 , 0, 0.19908200231898848
196 , 0 , 0, 0.19908200231898848
197 , 0 , 0, 0.19908200231898848
198 , 0 , 0, 0.19908200231898848
199 , 0 , 0, 0.19908200231898848
200 , 0 , 0, 0.19908200231898848
