1 , 0 , 0, 1.0
2 , 0 , 0, 1.0
3 , 0 , 0, 1.0
4 , 0 , 0, 1.0
5 , 0 , 0, 1.0
6 , 0 , 0, 1.0
7 , 0 , 0, 1.0
8 , 0 , 0, 1.0
9 , 0 , 0, 1.0
10 , 0 , 0, 1.0
11 , 0 , 0, 1.0
12 , 0 , 0, 1.0
13 , 0 , 0, 1.0
14 , 0 , 0, 1.0
15 , 0 , 0, 1.0
16 , 0 , 0, 1.0
17 , 0 , 0, 1.0
18 , 0 , 0, 0.995
19 , 0 , 0, 0.960693043575437
20 , 0 , 0, 0.9416228069143757
21 , 0 , 0, 0.9369146928798039
22 , 0 , 0, 0.9322301194154049
23 , 0 , 0, 0.9275689688183278
24 , 0 , 0, 0.918316468354365
25 , 0 , 0, 0.9137248860125932
26 , 0 , 0, 0.9091562615825302
27 , 0 , 0, 0.8955869907338783
28 , 0 , 0, 0.8911090557802088
29 , 0 , 0, 0.8647077305675338
30 , 0 , 0, 0.8603841919146962
31 , 0 , 0, 0.851801859600347
32 , 0 , 0, 0.8475428503023453
33 , 0 , 0, 0.8390886103705794
34 , 0 , 0, 0.8307187014821328
35 , 0 , 0, 0.8265651079747222
36 , 0 , 0, 0.8224322824348486
37 , 0 , 0, 0.8183201210226743
38 , 0 , 0, 0.810157377815473
39 , 0 , 0, 0.798065677681905
40 , 0 , 0, 0.7940753492934954
41 , 0 , 0, 0.7628626641409962
42 , 0 , 0, 0.7552531090661897
43 , 0 , 0, 0.7514768435208588
44 , 0 , 0, 0.736559652908221
45 , 0 , 0, 0.7328768546436799
46 , 0 , 0, 0.7147372386831305
47 , 0 , 0, 0.7076077347272662
48 , 0 , 0, 0.6832098777212641
49 , 0 , 0, 0.6797938283326578
50 , 0 , 0, 0.6730128848950395
51 , 0 , 0, 0.6596532430440636
52 , 0 , 0, 0.6498078359349755
53 , 0 , 0, 0.6433260027715241
54 , 0 , 0, 0.6401093727576664
55 , 0 , 0, 0.6274028820538087
56 , 0 , 0, 0.6057704364907278
57 , 0 , 0, 0.5997278763867329
58 , 0 , 0, 0.5967292370047992
59 , 0 , 0, 0.5790496471185967
60 , 0 , 0, 0.547986285490042
61 , 0 , 0, 0.5398075216808175
62 , 0 , 0, 0.5211953074858876
63 , 0 , 0, 0.5134164023722473
64 , 0 , 0, 0.4982051627146237
65 , 0 , 0, 0.4883155414435353
66 , 0 , 0, 0.4858739637363176
67 , 0 , 0, 0.46211964903917074
68 , 0 , 0, 0.4417353564707963
69 , 0 , 0, 0.4351424010585501
70 , 0 , 0, 0.42013897252428334
71 , 0 , 0, 0.41386834584198684
72 , 0 , 0, 0.40974000909221303
73 , 0 , 0, 0.40769130904675194
74 , 0 , 0, 0.40565285250151817
75 , 0 , 0, 0.39561243860243744
76 , 0 , 0, 0.3936343764094253
77 , 0 , 0, 0.39166620452737816
78 , 0 , 0, 0.3858205374665315
79 , 0 , 0, 0.3800621177172763
80 , 0 , 0, 0.37816180712868996
81 , 0 , 0, 0.37251769488706843
82 , 0 , 0, 0.3669578217261671
83 , 0 , 0, 0.3596735257153405
84 , 0 , 0, 0.35253382661792404
85 , 0 , 0, 0.34901730169741024
86 , 0 , 0, 0.3472722151889232
87 , 0 , 0, 0.3455358541129786
88 , 0 , 0, 0.33698341088258443
89 , 0 , 0, 0.326999438029567
90 , 0 , 0, 0.3253644408394192
91 , 0 , 0, 0.3033145315372582
92 , 0 , 0, 0.3017979588795719
93 , 0 , 0, 0.2987875242397482
94 , 0 , 0, 0.2987875242397482
95 , 0 , 0, 0.2987875242397482
96 , 0 , 0, 0.2987875242397482
97 , 0 , 0, 0.2987875242397482
98 , 0 , 0, 0.2987875242397482
99 , 0 , 0, 0.2987875242397482
100 , 0 , 0, 0.2987875242397482
101 , 0 , 0, 0.2987875242397482
102 , 0 , 0, 0.2987875242397482
103 , 0 , 0, 0.2987875242397482
104 , 0 , 0, 0.2987875242397482
105 , 0 , 0, 0.2987875242397482
106 , 0 , 0, 0.2987875242397482
107 , 0 , 0, 0.2987875242397482
108 , 0 , 0, 0.2987875242397482
109 , 0 , 0, 0.2987875242397482
110 , 0 , 0, 0.2987875242397482
111 , 0 , 0, 0.2987875242397482
112 , 0 , 0, 0.2987875242397482
113 , 0 , 0, 0.2987875242397482
114 , 0 , 0, 0.2987875242397482
115 , 0 , 0, 0.2987875242397482
116 , 0 , 0, 0.2987875242397482
117 , 0 , 0, 0.2987875242397482
118 , 0 , 0, 0.2987875242397482
119 , 0 , 0, 0.2987875242397482
120 , 0 , 0, 0.2987875242397482
121 , 0 , 0, 0.2987875242397482
122 , 0 , 0, 0.2987875242397482
123 , 0 , 0, 0.2987875242397482
124 , 0 , 0, 0.2987875242397482
125 , 0 , 0, 0.2987875242397482
126 , 0 , 0, 0.2987875242397482
127 , 0 , 0, 0.2987875242397482
128 , 0 , 0, 0.2987875242397482
129 , 0 , 0, 0.2987875242397482
130 , 0 , 0, 0.2987875242397482
131 , 0 , 0, 0.2987875242397482
132 , 0 , 0, 0.2987875242397482
133 , 0 , 0, 0.2987875242397482
134 , 0 , 0, 0.2987875242397482
135 , 0 , 0, 0.2987875242397482
136 , 0 , 0, 0.2987875242397482
137 , 0 , 0, 0.2987875242397482
138 , 0 , 0, 0.2987875242397482
139 , 0 , 0, 0.2987875242397482
140 , 0 , 0, 0.2987875242397482
141 , 0 , 0, 0.2987875242397482
142 , 0 , 0, 0.2987875242397482
143 , 0 , 0, 0.2987875242397482
144 , 0 , 0, 0.2987875242397482
145 , 0 , 0, 0.2987875242397482
146 , 0 , 0, 0.2987875242397482
147 , 0 , 0, 0.2987875242397482
148 , 0 , 0, 0.2987875242397482
149 , 0 , 0, 0.2987875242397482
150 , 0 , 0, 0.2987875242397482
151 , 0 , 0, 0.2987875242397482
152 , 0 , 0, 0.2987875242397482
153 , 0 , 0, 0.2987875242397482
154 , 0 , 0, 0.2987875242397482
155 , 0 , 0, 0.2987875242397482
156 , 0 , 0, 0.2987875242397482
157 , 0 , 0, 0.2987875242397482
158 , 0 , 0, 0.2987875242397482
159 , 0 , 0, 0.2987875242397482
160 , 0 , 0, 0.2987875242397482
161 , 0 , 0, 0.2987875242397482
162 , 0 , 0, 0.2987875242397482
163 , 0 , 0, 0.2987875242397482
164 , 0 , 0, 0.2987875242397482
165 , 0 , 0, 0.2987875242397482
166 , 0 , 0, 0.2987875242397482
167 , 0 , 0, 0.2987875242397482
168 , 0 , 0, 0.2987875242397482
169 , 0 , 0, 0.2987875242397482
170 , 0 , 0, 0.2987875242397482
171 , 0 , 0, 0.2987875242397482
172 , 0 , 0, 0.2987875242397482
173 , 0 , 0, 0.2987875242397482
174 , 0 , 0, 0.2987875242397482
175 , 0 , 0, 0.2987875242397482
176 , 0 , 0, 0.2987875242397482
177 , 0 , 0, 0.2987875242397482
178 , 0 , 0, 0.2987875242397482
179 , 0 , 0, 0.2987875242397482
180 , 0 , 0, 0.2987875242397482
181 , 0 , 0, 0.2987875242397482
182 , 0 , 0, 0.2987875242397482
183 , 0 , 0, 0.2987875242397482
184 , 0 , 0, 0.2987875242397482
185 , 0 , 0, 0.2987875242397482
186 , 0 , 0, 0.2987875242397482
187 , 0 , 0, 0.2987875242397482
188 , 0 , 0, 0.2987875242397482
189 , 0 , 0, 0.2987875242397482
190 , 0 , 0, 0.2987875242397482
191 , 0 , 0, 0.2987875242397482
192 , 0 , 0, 0.2987875242397482
193 , 0 , 0, 0.2987875242397482
194 , 0 , 0, 0.2987875242397482
195 , 0 , 0, 0.2987875242397482
196 , 0 , 0, 0.2987875242397482
197 , 0 , 0, 0.2987875242397482
198 , 0 , 0, 0.2987875242397482
199 , 0 , 0, 0.2987875242397482
200 , 0 , 0, 0.2987875242397482
