1 , 0 , 0, 1.0
2 , 0 , 0, 1.0
3 , 0 , 0, 1.0
4 , 0 , 0, 1.0
5 , 0 , 0, 1.0
6 , 0 , 0, 1.0
7 , 0 , 0, 1.0
8 , 0 , 0, 1.0
9 , 0 , 0, 1.0
10 , 0 , 0, 1.0
11 , 0 , 0, 1.0
12 , 0 , 0, 1.0
13 , 0 , 0, 1.0
14 , 0 , 0, 0.995
15 , 0 , 0, 0.990025
16 , 0 , 0, 0.985074875
17 , 0 , 0, 0.9801495006250001
18 , 0 , 0, 0.9752487531218751
19 , 0 , 0, 0.9655206468094844
20 , 0 , 0, 0.9558895783575597
21 , 0 , 0, 0.946354579813443
22 , 0 , 0, 0.9416228069143757
23 , 0 , 0, 0.9275689688183278
24 , 0 , 0, 0.9229311239742362
25 , 0 , 0, 0.918316468354365
26 , 0 , 0, 0.8734200960253871
27 , 0 , 0, 0.8647077305675338
28 , 0 , 0, 0.8433051360508336
29 , 0 , 0, 0.8390886103705794
30 , 0 , 0, 0.8348931673187264
31 , 0 , 0, 0.8307187014821328
32 , 0 , 0, 0.8224322824348486
33 , 0 , 0, 0.8061065909263957
34 , 0 , 0, 0.8020760579717637
35 , 0 , 0, 0.7861544476842928
36 , 0 , 0, 0.7705488893118823
37 , 0 , 0, 0.7666961448653229
38 , 0 , 0, 0.7552531090661897
39 , 0 , 0, 0.7477194593032545
40 , 0 , 0, 0.7402609576967045
41 , 0 , 0, 0.736559652908221
42 , 0 , 0, 0.7328768546436799
43 , 0 , 0, 0.7255664080186093
44 , 0 , 0, 0.7219385759785162
45 , 0 , 0, 0.7111635524897149
46 , 0 , 0, 0.7076077347272662
47 , 0 , 0, 0.7040696960536299
48 , 0 , 0, 0.6866430931872001
49 , 0 , 0, 0.6797938283326578
50 , 0 , 0, 0.6730128848950395
51 , 0 , 0, 0.6696478204705644
52 , 1 , 1, 0.6369088258938781
53 , 0 , 1, 0.6305556603555866
54 , 0 , 1, 0.6180388156137953
55 , 0 , 1, 0.6149486215357263
56 , 0 , 1, 0.5937455908197752
57 , 0 , 1, 0.5790496471185967
58 , 0 , 1, 0.5398075216808175
59 , 0 , 1, 0.531750826943791
60 , 0 , 1, 0.5290920728090721
61 , 0 , 1, 0.5211953074858876
62 , 0 , 1, 0.4982051627146237
63 , 0 , 1, 0.49571413690105054
64 , 0 , 1, 0.4907693883854626
65 , 1 , 2, 0.47147873742168567
66 , 0 , 2, 0.45522245551230495
67 , 0 , 2, 0.446186062443672
68 , 0 , 2, 0.43296668905325736
69 , 0 , 2, 0.42650460709830135
70 , 0 , 2, 0.42437208406280985
71 , 0 , 2, 0.4180382776616619
72 , 1 , 3, 0.4016064652978155
73 , 1 , 4, 0.3897078735047413
74 , 0 , 4, 0.38389143477919885
75 , 0 , 4, 0.3800621177172763
76 , 0 , 4, 0.3743896431025813
77 , 0 , 4, 0.36880183088056995
78 , 0 , 4, 0.3614809303671764
79 , 0 , 4, 0.3596735257153405
80 , 0 , 4, 0.3455358541129786
81 , 0 , 4, 0.3386767948568688
82 , 0 , 4, 0.33698341088258443
83 , 0 , 4, 0.33362200135903064
84 , 0 , 4, 0.32864265128599696
85 , 1 , 5, 0.3157247089126454
86 , 0 , 5, 0.3063705780533402
87 , 0 , 5, 0.30028896908517405
88 , 1 , 6, 0.2884855236625661
89 , 0 , 6, 0.28704309604425327
90 , 1 , 7, 0.2757603055760701
91 , 0 , 7, 0.26759021970270175
92 , 1 , 8, 0.25966219297210513
93 , 1 , 9, 0.24696734223472733
94 , 0 , 9, 0.23371867538818816
95 , 1 , 10, 0.22453190559909803
96 , 1 , 11, 0.2178795886667409
97 , 1 , 12, 0.21142436319205632
98 , 0 , 12, 0.20826882814336947
99 , 1 , 13, 0.20209834538617025
100 , 1 , 14, 0.19611067854912728
101 , 1 , 15, 0.18840216465300522
102 , 1 , 16, 0.182820281282489
103 , 0 , 16, 0.17919120740315364
104 , 1 , 17, 0.17388222158237718
105 , 1 , 18, 0.16873052768933355
106 , 1 , 19, 0.16373146555890544
107 , 1 , 20, 0.15888051309497406
108 , 1 , 21, 0.15417328217978102
109 , 1 , 22, 0.14960551470448571
110 , 0 , 22, 0.1473726336968319
111 , 0 , 22, 0.14444721332374086
112 , 1 , 23, 0.14016760486247823
113 , 0 , 23, 0.13601479046086049
114 , 1 , 24, 0.13198501352907185
115 , 1 , 25, 0.12807462877562611
116 , 0 , 25, 0.12679708435358925
117 , 1 , 26, 0.12304040492325048
118 , 1 , 27, 0.11939502647758558
119 , 1 , 28, 0.11242507996344034
120 , 1 , 29, 0.10800599224428936
121 , 0 , 29, 0.1063939893092943
122 , 1 , 30, 0.1032418023864836
123 , 0 , 30, 0.10170090558064004
124 , 1 , 31, 0.09770335251664321
125 , 0 , 31, 0.09672876157528969
126 , 1 , 32, 0.09386293109673778
127 , 1 , 33, 0.09108200798387568
128 , 1 , 34, 0.08838347664452084
129 , 1 , 35, 0.08576489601717459
130 , 1 , 36, 0.0832238973628649
131 , 1 , 37, 0.07995261925574046
132 , 1 , 38, 0.07758382377679894
133 , 1 , 39, 0.07528520976374668
134 , 1 , 40, 0.07305469791585968
135 , 0 , 40, 0.0712465030521374
136 , 1 , 41, 0.0691356479495614
137 , 1 , 42, 0.06708733218678724
138 , 0 , 42, 0.06509970288011008
139 , 0 , 42, 0.06348840406243188
140 , 1 , 43, 0.061607401965086545
141 , 1 , 44, 0.05978212923978115
142 , 1 , 45, 0.058010934765067
143 , 1 , 46, 0.056292216338080694
144 , 1 , 47, 0.05462441922520914
145 , 1 , 48, 0.053006034755694834
146 , 1 , 49, 0.05143559895690903
147 , 1 , 50, 0.049911691230058335
148 , 0 , 50, 0.04966213277390804
149 , 1 , 51, 0.048190768399801194
150 , 1 , 52, 0.04676299685992172
151 , 1 , 53, 0.04537752660798141
152 , 1 , 54, 0.04403310436296763
153 , 1 , 55, 0.04272851397543923
154 , 0 , 55, 0.04209078556329156
155 , 1 , 56, 0.04084374120782771
156 , 1 , 57, 0.03963364364733769
157 , 1 , 58, 0.03845939824099909
158 , 1 , 59, 0.03694767635022522
159 , 1 , 60, 0.03585300941485119
160 , 1 , 61, 0.03479077471386296
161 , 1 , 62, 0.033760011361539714
162 , 1 , 63, 0.03275978694079333
163 , 1 , 64, 0.03178919665971424
164 , 1 , 65, 0.030847362533106718
165 , 1 , 66, 0.029933432588273214
166 , 1 , 67, 0.02904658009432929
167 , 1 , 68, 0.028186002814352063
168 , 1 , 69, 0.027350922279685573
169 , 1 , 70, 0.02654058308574668
170 , 1 , 71, 0.025754252208694463
171 , 1 , 72, 0.024991218342344988
172 , 1 , 73, 0.024250791254731636
173 , 1 , 74, 0.023532301163728918
174 , 1 , 75, 0.022835098131175
175 , 1 , 76, 0.022158551474944856
176 , 1 , 77, 0.021502049198442223
177 , 1 , 78, 0.020864997436994256
178 , 0 , 78, 0.020656869087560238
179 , 1 , 79, 0.020044857891939702
180 , 1 , 80, 0.019450979052291272
181 , 1 , 81, 0.018874695352408037
182 , 1 , 82, 0.01831548549245123
183 , 1 , 83, 0.017772843617388175
184 , 1 , 84, 0.01724627885940145
185 , 1 , 85, 0.016735314893855303
186 , 1 , 86, 0.016239489508417658
187 , 1 , 87, 0.01575835418494799
188 , 1 , 88, 0.01529147369377279
189 , 1 , 89, 0.014838425699981627
190 , 1 , 90, 0.014398800381387675
192 , 1 , 91, 0.012639398604785928
193 , 1 , 92, 0.012264924940880204
194 , 1 , 93, 0.01190154599194817
195 , 1 , 94, 0.01154893304942575
196 , 1 , 95, 0.011206767143558775
197 , 1 , 96, 0.010874738754866477
198 , 1 , 97, 0.010552547534153616
199 , 1 , 98, 0.010239902030817916
200 , 1 , 99, 0.009936519429207103
