1 , 0 , 0, 1.0
2 , 0 , 0, 1.0
3 , 0 , 0, 1.0
4 , 0 , 0, 1.0
5 , 0 , 0, 1.0
6 , 0 , 0, 1.0
7 , 0 , 0, 1.0
8 , 0 , 0, 1.0
9 , 0 , 0, 1.0
10 , 0 , 0, 1.0
11 , 0 , 0, 1.0
12 , 0 , 0, 1.0
13 , 0 , 0, 1.0
14 , 0 , 0, 1.0
15 , 0 , 0, 1.0
16 , 0 , 0, 1.0
17 , 0 , 0, 1.0
18 , 0 , 0, 1.0
19 , 0 , 0, 1.0
20 , 0 , 0, 1.0
21 , 0 , 0, 1.0
22 , 0 , 0, 1.0
23 , 0 , 0, 1.0
24 , 0 , 0, 1.0
25 , 0 , 0, 1.0
26 , 0 , 0, 0.990025
27 , 0 , 0, 0.9801495006250001
28 , 0 , 0, 0.9703725093562657
29 , 0 , 0, 0.9655206468094844
30 , 0 , 0, 0.960693043575437
31 , 0 , 0, 0.9511101304657719
32 , 0 , 0, 0.9416228069143757
33 , 0 , 0, 0.9369146928798039
34 , 0 , 0, 0.9322301194154049
35 , 0 , 0, 0.9275689688183278
36 , 0 , 0, 0.9229311239742362
37 , 0 , 0, 0.9000874278732445
38 , 0 , 0, 0.8911090557802088
39 , 0 , 0, 0.8822202429488013
40 , 0 , 0, 0.8734200960253871
41 , 0 , 0, 0.8690529955452602
42 , 0 , 0, 0.8560822709551227
43 , 0 , 0, 0.851801859600347
44 , 0 , 0, 0.8307187014821328
45 , 0 , 0, 0.8142285204175609
46 , 0 , 0, 0.7861544476842928
47 , 0 , 0, 0.7822236754458713
48 , 0 , 0, 0.778312557068642
49 , 0 , 0, 0.7666961448653229
50 , 0 , 0, 0.7590483508202912
51 , 0 , 0, 0.7552531090661897
52 , 0 , 0, 0.736559652908221
53 , 0 , 0, 0.7219385759785162
54 , 0 , 0, 0.7183288830986236
55 , 0 , 0, 0.7040696960536299
56 , 0 , 0, 0.7005493475733617
57 , 0 , 0, 0.6866430931872001
58 , 0 , 0, 0.6797938283326578
59 , 0 , 0, 0.6696478204705644
60 , 0 , 0, 0.6662995813682115
61 , 0 , 0, 0.6563549768288433
62 , 0 , 0, 0.6369088258938781
63 , 0 , 0, 0.6337242817644086
64 , 0 , 0, 0.6149486215357263
65 , 0 , 0, 0.6057704364907278
66 , 1 , 1, 0.5878229785513479
67 , 0 , 1, 0.5848838636585911
68 , 0 , 1, 0.5790496471185967
69 , 0 , 1, 0.5704072587541458
70 , 0 , 1, 0.567555222460375
71 , 0 , 1, 0.5590843898207511
72 , 0 , 1, 0.5562889678716474
73 , 0 , 1, 0.5452463540625918
74 , 0 , 1, 0.5425201222922789
75 , 0 , 1, 0.5398075216808175
76 , 0 , 1, 0.5344229416520513
77 , 0 , 1, 0.531750826943791
78 , 0 , 1, 0.5264466124450268
79 , 0 , 1, 0.5211953074858876
80 , 0 , 1, 0.5032248303978422
81 , 0 , 1, 0.4907693883854626
82 , 0 , 1, 0.4858739637363176
83 , 1 , 2, 0.47147873742168567
84 , 0 , 2, 0.46912134373457726
85 , 0 , 2, 0.46444185833082485
86 , 0 , 2, 0.46211964903917074
87 , 0 , 2, 0.4506816115185697
88 , 0 , 2, 0.4484282034609769
89 , 0 , 2, 0.4417353564707963
90 , 0 , 2, 0.4351424010585501
91 , 0 , 2, 0.42650460709830135
92 , 0 , 2, 0.4159480862733536
93 , 0 , 2, 0.41386834584198684
94 , 0 , 2, 0.4036245882390106
95 , 0 , 2, 0.3976004408064698
96 , 0 , 2, 0.39561243860243744
97 , 0 , 2, 0.3897078735047413
98 , 0 , 2, 0.3819719776053028
99 , 0 , 2, 0.37816180712868996
100 , 0 , 2, 0.37251769488706843
101 , 0 , 2, 0.3706551064126331
102 , 0 , 2, 0.36512303261753626
103 , 0 , 2, 0.35253382661792404
104 , 0 , 2, 0.3472722151889232
105 , 0 , 2, 0.3420891339682016
106 , 0 , 2, 0.33698341088258443
107 , 0 , 2, 0.33195389135223546
108 , 0 , 2, 0.326999438029567
109 , 0 , 2, 0.322118930542046
110 , 0 , 2, 0.3141460853680822
111 , 0 , 2, 0.30945741577570285
112 , 0 , 2, 0.30483872516307353
113 , 1 , 3, 0.29580711868545667
114 , 1 , 4, 0.28417984116121187
115 , 0 , 4, 0.2799384215094006
116 , 0 , 4, 0.2730095965279488
117 , 1 , 5, 0.2649210072611673
118 , 0 , 5, 0.2609670281126685
119 , 0 , 5, 0.2570720625972084
120 , 0 , 5, 0.2532352299289372
121 , 0 , 5, 0.24696734223472733
122 , 0 , 5, 0.24328132378095624
123 , 0 , 5, 0.23725980767521673
124 , 1 , 6, 0.22793384675362674
125 , 0 , 6, 0.22453190559909803
126 , 1 , 7, 0.21570623976979014
127 , 0 , 7, 0.21248679717794605
128 , 0 , 7, 0.20931540516921554
129 , 0 , 7, 0.20619134658263935
130 , 0 , 7, 0.2031139149609751
131 , 0 , 7, 0.2000824143909432
132 , 0 , 7, 0.19709615934585656
133 , 0 , 7, 0.19415447453059972
134 , 0 , 7, 0.1912566947289212
135 , 0 , 7, 0.18840216465300522
136 , 0 , 7, 0.18559023879528855
137 , 0 , 7, 0.182820281282489
138 , 0 , 7, 0.1800916657318127
139 , 0 , 7, 0.17740377510930716
140 , 0 , 7, 0.17475600159032884
141 , 0 , 7, 0.1730128104744653
142 , 0 , 7, 0.17043057265153258
143 , 1 , 8, 0.16538114245489302
144 , 0 , 8, 0.16373146555890544
145 , 0 , 8, 0.16128775296900558
146 , 0 , 8, 0.16048131420416054
147 , 0 , 8, 0.1580861105294992
148 , 0 , 8, 0.1557266555690826
149 , 0 , 8, 0.1534024157688821
150 , 0 , 8, 0.15111286553822956
151 , 0 , 8, 0.14885748713096328
152 , 0 , 8, 0.14663577052834775
153 , 0 , 8, 0.14444721332374086
154 , 0 , 8, 0.14229132060898236
155 , 0 , 8, 0.14016760486247823
156 , 0 , 8, 0.13807558583895513
157 , 0 , 8, 0.13601479046086049
158 , 0 , 8, 0.13398475271138335
159 , 0 , 8, 0.13264825480308728
160 , 0 , 8, 0.13066846301911936
161 , 1 , 9, 0.12679708435358925
162 , 1 , 10, 0.12304040492325048
163 , 1 , 11, 0.11939502647758558
164 , 0 , 11, 0.11820406108847166
165 , 0 , 11, 0.11527836319047392
166 , 1 , 12, 0.11074712159185099
167 , 1 , 13, 0.10746596228306791
168 , 1 , 14, 0.1042820154910064
169 , 1 , 15, 0.10018300685223579
170 , 1 , 16, 0.09721483575406
171 , 1 , 17, 0.0943346041173244
172 , 1 , 18, 0.09153970651645797
173 , 1 , 19, 0.0888276147181114
174 , 1 , 20, 0.08533607153708872
175 , 1 , 21, 0.08280777787605056
176 , 1 , 22, 0.08035439121179945
177 , 1 , 23, 0.07797369223798889
178 , 1 , 24, 0.07566352740075044
179 , 0 , 24, 0.07528520976374668
180 , 1 , 25, 0.07305469791585968
181 , 1 , 26, 0.0708902705368767
182 , 1 , 27, 0.06878996970981359
183 , 1 , 28, 0.0667518955258533
184 , 1 , 29, 0.06412808167716157
185 , 1 , 30, 0.062228127537270826
186 , 1 , 31, 0.06038446427088321
187 , 1 , 32, 0.058010934765067
188 , 0 , 32, 0.05685938874076987
189 , 1 , 33, 0.05517478773284426
190 , 1 , 34, 0.053006034755694834
191 , 1 , 35, 0.05143559895690903
192 , 0 , 35, 0.051178420962124486
193 , 1 , 36, 0.048190768399801194
194 , 1 , 37, 0.04676299685992172
195 , 1 , 38, 0.04537752660798141
196 , 1 , 39, 0.04403310436296763
197 , 1 , 40, 0.04272851397543923
198 , 1 , 41, 0.04146257532741124
199 , 1 , 42, 0.04023414326483323
200 , 1 , 43, 0.03904210656169572
