1 , 0 , 0, 1.0
2 , 0 , 0, 1.0
3 , 0 , 0, 1.0
4 , 0 , 0, 1.0
5 , 0 , 0, 1.0
6 , 0 , 0, 1.0
7 , 0 , 0, 1.0
8 , 0 , 0, 1.0
9 , 0 , 0, 1.0
10 , 0 , 0, 0.995
11 , 0 , 0, 0.990025
12 , 0 , 0, 0.985074875
13 , 0 , 0, 0.9801495006250001
14 , 0 , 0, 0.960693043575437
15 , 0 , 0, 0.9558895783575597
16 , 0 , 0, 0.9511101304657719
17 , 0 , 0, 0.9275689688183278
18 , 0 , 0, 0.9137248860125932
19 , 0 , 0, 0.9000874278732445
20 , 0 , 0, 0.8955869907338783
21 , 0 , 0, 0.8911090557802088
22 , 0 , 0, 0.8734200960253871
23 , 0 , 0, 0.8690529955452602
24 , 0 , 0, 0.8647077305675338
25 , 0 , 0, 0.8603841919146962
26 , 0 , 0, 0.851801859600347
27 , 0 , 0, 0.8475428503023453
28 , 0 , 0, 0.8433051360508336
29 , 0 , 0, 0.8265651079747222
30 , 0 , 0, 0.8224322824348486
31 , 0 , 0, 0.8183201210226743
32 , 0 , 0, 0.8142285204175609
33 , 0 , 0, 0.8061065909263957
34 , 0 , 0, 0.8020760579717637
35 , 0 , 0, 0.798065677681905
36 , 0 , 0, 0.7744209942832988
37 , 0 , 0, 0.7705488893118823
38 , 0 , 0, 0.7514768435208588
39 , 0 , 0, 0.7402609576967045
40 , 0 , 0, 0.7292124703704616
41 , 0 , 0, 0.7219385759785162
42 , 0 , 0, 0.7111635524897149
43 , 0 , 0, 0.7076077347272662
44 , 0 , 0, 0.7005493475733617
45 , 0 , 0, 0.6900935609921609
46 , 0 , 0, 0.6866430931872001
47 , 0 , 0, 0.6730128848950395
48 , 0 , 0, 0.6596532430440636
49 , 0 , 0, 0.6433260027715241
50 , 0 , 0, 0.6369088258938781
51 , 0 , 0, 0.6274028820538087
52 , 0 , 0, 0.6211445383053219
53 , 0 , 0, 0.6118738784280476
54 , 0 , 0, 0.5907768628656763
55 , 0 , 0, 0.5878229785513479
56 , 0 , 0, 0.5819594443402982
57 , 0 , 0, 0.5761543988830038
58 , 0 , 0, 0.5704072587541458
59 , 0 , 0, 0.5425201222922789
60 , 0 , 0, 0.5371084840724134
61 , 0 , 0, 0.5290920728090721
62 , 0 , 0, 0.4883155414435353
63 , 0 , 0, 0.4810273709480478
64 , 0 , 0, 0.47862223409330756
65 , 0 , 0, 0.47147873742168567
66 , 0 , 0, 0.46912134373457726
67 , 0 , 0, 0.46211964903917074
68 , 0 , 0, 0.4439551321314536
69 , 0 , 0, 0.43952667968844233
70 , 0 , 0, 0.42013897252428334
71 , 0 , 0, 0.4180382776616619
72 , 0 , 0, 0.40974000909221303
73 , 0 , 0, 0.40565285250151817
74 , 0 , 0, 0.39561243860243744
75 , 0 , 0, 0.3858205374665315
76 , 0 , 0, 0.37251769488706843
77 , 0 , 0, 0.36880183088056995
78 , 0 , 0, 0.3596735257153405
79 , 0 , 0, 0.35608578229633
80 , 0 , 0, 0.34901730169741024
81 , 0 , 0, 0.3472722151889232
82 , 0 , 0, 0.3455358541129786
83 , 0 , 0, 0.3403786882983606
84 , 0 , 0, 0.33195389135223546
85 , 1 , 1, 0.322118930542046
86 , 0 , 1, 0.3141460853680822
87 , 0 , 1, 0.30945741577570285
88 , 0 , 1, 0.29729358661854943
89 , 0 , 1, 0.2827589419554058
90 , 0 , 1, 0.27714603575484437
91 , 0 , 1, 0.2609670281126685
92 , 0 , 1, 0.2532352299289372
93 , 0 , 1, 0.2507092085103961
94 , 0 , 1, 0.2457325055235537
95 , 0 , 1, 0.23371867538818816
96 , 0 , 1, 0.22793384675362674
97 , 0 , 1, 0.2167901907234072
98 , 0 , 1, 0.21142436319205632
99 , 0 , 1, 0.19908200231898848
100 , 0 , 1, 0.19908200231898848
101 , 1 , 2, 0.19908200231898848
102 , 0 , 2, 0.19908200231898848
103 , 1 , 3, 0.19908200231898848
104 , 1 , 4, 0.19908200231898848
105 , 0 , 4, 0.19908200231898848
106 , 0 , 4, 0.19908200231898848
107 , 1 , 5, 0.19908200231898848
108 , 1 , 6, 0.19908200231898848
109 , 0 , 6, 0.19908200231898848
110 , 0 , 6, 0.19908200231898848
111 , 1 , 7, 0.19908200231898848
112 , 0 , 7, 0.19908200231898848
113 , 1 , 8, 0.19908200231898848
114 , 0 , 8, 0.19908200231898848
115 , 0 , 8, 0.19908200231898848
116 , 1 , 9, 0.19908200231898848
117 , 0 , 9, 0.19908200231898848
118 , 0 , 9, 0.19908200231898848
119 , 0 , 9, 0.19908200231898848
120 , 1 , 10, 0.19908200231898848
121 , 0 , 10, 0.19908200231898848
122 , 1 , 11, 0.19908200231898848
123 , 0 , 11, 0.19908200231898848
124 , 1 , 12, 0.19908200231898848
125 , 0 , 12, 0.19908200231898848
126 , 1 , 13, 0.19908200231898848
127 , 0 , 13, 0.19908200231898848
128 , 0 , 13, 0.19908200231898848
129 , 0 , 13, 0.19908200231898848
130 , 0 , 13, 0.19908200231898848
131 , 0 , 13, 0.19908200231898848
132 , 0 , 13, 0.19908200231898848
133 , 0 , 13, 0.19908200231898848
134 , 0 , 13, 0.19908200231898848
135 , 0 , 13, 0.19908200231898848
136 , 1 , 14, 0.19908200231898848
137 , 1 , 15, 0.19908200231898848
138 , 0 , 15, 0.19908200231898848
139 , 0 , 15, 0.19908200231898848
140 , 0 , 15, 0.19908200231898848
141 , 1 , 16, 0.19908200231898848
142 , 1 , 17, 0.19908200231898848
143 , 1 , 18, 0.19908200231898848
144 , 0 , 18, 0.19908200231898848
145 , 1 , 19, 0.19908200231898848
146 , 1 , 20, 0.19908200231898848
147 , 1 , 21, 0.19908200231898848
148 , 1 , 22, 0.19908200231898848
149 , 0 , 22, 0.19908200231898848
150 , 1 , 23, 0.19908200231898848
151 , 0 , 23, 0.19908200231898848
152 , 0 , 23, 0.19908200231898848
153 , 0 , 23, 0.19908200231898848
154 , 1 , 24, 0.19908200231898848
155 , 1 , 25, 0.19908200231898848
156 , 0 , 25, 0.19908200231898848
157 , 0 , 25, 0.19908200231898848
158 , 1 , 26, 0.19908200231898848
159 , 0 , 26, 0.19908200231898848
160 , 1 , 27, 0.19908200231898848
161 , 1 , 28, 0.19908200231898848
162 , 1 , 29, 0.19908200231898848
163 , 0 , 29, 0.19908200231898848
164 , 0 , 29, 0.19908200231898848
165 , 1 , 30, 0.19908200231898848
166 , 1 , 31, 0.19908200231898848
167 , 1 , 32, 0.19908200231898848
168 , 1 , 33, 0.19908200231898848
169 , 0 , 33, 0.19908200231898848
170 , 1 , 34, 0.19908200231898848
171 , 1 , 35, 0.19908200231898848
172 , 1 , 36, 0.19908200231898848
173 , 1 , 37, 0.19908200231898848
174 , 0 , 37, 0.19908200231898848
175 , 1 , 38, 0.19908200231898848
176 , 1 , 39, 0.19908200231898848
177 , 1 , 40, 0.19908200231898848
178 , 1 , 41, 0.19908200231898848
179 , 0 , 41, 0.19908200231898848
180 , 0 , 41, 0.19908200231898848
181 , 1 , 42, 0.19908200231898848
182 , 1 , 43, 0.19908200231898848
183 , 1 , 44, 0.19908200231898848
184 , 0 , 44, 0.19908200231898848
185 , 1 , 45, 0.19908200231898848
186 , 1 , 46, 0.19908200231898848
187 , 1 , 47, 0.19908200231898848
188 , 0 , 47, 0.19908200231898848
189 , 0 , 47, 0.19908200231898848
190 , 1 , 48, 0.19908200231898848
191 , 1 , 49, 0.19908200231898848
192 , 0 , 49, 0.19908200231898848
193 , 1 , 50, 0.19908200231898848
194 , 0 , 50, 0.19908200231898848
195 , 0 , 50, 0.19908200231898848
196 , 1 , 51, 0.19908200231898848
197 , 1 , 52, 0.19908200231898848
198 , 0 , 52, 0.19908200231898848
199 , 1 , 53, 0.19908200231898848
200 , 0 , 53, 0.19908200231898848
