1 , 0 , 0, 1.0
2 , 0 , 0, 0.990025
3 , 0 , 0, 0.985074875
4 , 0 , 0, 0.9703725093562657
5 , 0 , 0, 0.960693043575437
6 , 0 , 0, 0.9511101304657719
7 , 0 , 0, 0.9369146928798039
8 , 0 , 0, 0.9322301194154049
9 , 0 , 0, 0.9275689688183278
10 , 0 , 0, 0.918316468354365
11 , 0 , 0, 0.9137248860125932
12 , 0 , 0, 0.9091562615825302
13 , 0 , 0, 0.8911090557802088
14 , 0 , 0, 0.8866535105013078
15 , 0 , 0, 0.851801859600347
16 , 0 , 0, 0.8433051360508336
17 , 0 , 0, 0.8390886103705794
18 , 0 , 0, 0.798065677681905
19 , 0 , 0, 0.7861544476842928
20 , 0 , 0, 0.778312557068642
21 , 0 , 0, 0.7590483508202912
22 , 0 , 0, 0.7328768546436799
23 , 0 , 0, 0.7292124703704616
24 , 0 , 0, 0.7183288830986236
25 , 0 , 0, 0.7040696960536299
26 , 0 , 0, 0.7005493475733617
27 , 0 , 0, 0.6935613678313175
28 , 0 , 0, 0.6763948591909945
29 , 0 , 0, 0.6563549768288433
30 , 0 , 0, 0.653073201944699
31 , 0 , 0, 0.6498078359349755
32 , 0 , 0, 0.6465587967553006
33 , 0 , 0, 0.6180388156137953
34 , 0 , 0, 0.6149486215357263
35 , 0 , 0, 0.6118738784280476
36 , 0 , 0, 0.6027415843082742
37 , 0 , 0, 0.5967292370047992
38 , 0 , 0, 0.5937455908197752
39 , 0 , 0, 0.5907768628656763
40 , 0 , 0, 0.5848838636585911
41 , 0 , 0, 0.5819594443402982
42 , 0 , 0, 0.5790496471185967
43 , 0 , 0, 0.5647174463480732
44 , 0 , 0, 0.5618938591163328
45 , 0 , 0, 0.547986285490042
46 , 0 , 0, 0.5344229416520513
47 , 0 , 0, 0.531750826943791
48 , 0 , 0, 0.5211953074858876
49 , 0 , 0, 0.510849320360386
50 , 0 , 0, 0.500708706245853
51 , 0 , 0, 0.4982051627146237
52 , 0 , 0, 0.483444593917636
53 , 0 , 0, 0.47862223409330756
54 , 0 , 0, 0.47622912292284103
55 , 0 , 0, 0.47147873742168567
56 , 0 , 0, 0.46912134373457726
57 , 0 , 0, 0.46211964903917074
58 , 0 , 0, 0.4484282034609769
59 , 0 , 0, 0.4417353564707963
60 , 0 , 0, 0.43732904629000013
61 , 0 , 0, 0.43080185560799106
62 , 0 , 0, 0.42437208406280985
63 , 0 , 0, 0.4222502236424958
64 , 0 , 0, 0.42013897252428334
65 , 0 , 0, 0.4180382776616619
66 , 0 , 0, 0.4117990041127769
67 , 0 , 0, 0.40769130904675194
68 , 0 , 0, 0.4036245882390106
69 , 0 , 0, 0.3995984329713264
70 , 0 , 0, 0.3897078735047413
71 , 0 , 0, 0.3858205374665315
72 , 0 , 0, 0.3819719776053028
73 , 0 , 0, 0.3743896431025813
74 , 0 , 0, 0.36880183088056995
75 , 0 , 0, 0.3596735257153405
76 , 0 , 0, 0.35608578229633
77 , 0 , 0, 0.3507711574848344
78 , 0 , 0, 0.34901730169741024
79 , 0 , 0, 0.33698341088258443
80 , 0 , 0, 0.33195389135223546
81 , 0 , 0, 0.3253644408394192
82 , 0 , 0, 0.32050833588933575
83 , 0 , 0, 0.3173112652388396
84 , 0 , 0, 0.3125753549412418
85 , 0 , 0, 0.3079101286968243
86 , 0 , 0, 0.30028896908517405
87 , 0 , 0, 0.29580711868545667
88 , 0 , 0, 0.2913921604631864
89 , 0 , 0, 0.2827589419554058
90 , 0 , 0, 0.27853872940185365
91 , 0 , 0, 0.2743815040481898
92 , 0 , 0, 0.2702863258025825
93 , 0 , 0, 0.2662522686041882
94 , 0 , 0, 0.25966219297210513
95 , 0 , 0, 0.25578670228422234
96 , 0 , 0, 0.2494556624678441
97 , 0 , 0, 0.2457325055235537
98 , 0 , 0, 0.24450384299593592
99 , 0 , 0, 0.231387331601191
100 , 0 , 0, 0.22793384675362674
101 , 0 , 0, 0.22679417751985861
102 , 0 , 0, 0.21355457002808648
103 , 0 , 0, 0.20826882814336947
104 , 0 , 0, 0.19908200231898848
105 , 0 , 0, 0.19908200231898848
106 , 0 , 0, 0.19908200231898848
107 , 0 , 0, 0.19908200231898848
108 , 0 , 0, 0.19908200231898848
109 , 0 , 0, 0.19908200231898848
110 , 0 , 0, 0.19908200231898848
111 , 0 , 0, 0.19908200231898848
112 , 0 , 0, 0.19908200231898848
113 , 0 , 0, 0.19908200231898848
114 , 0 , 0, 0.19908200231898848
115 , 0 , 0, 0.19908200231898848
116 , 0 , 0, 0.19908200231898848
117 , 0 , 0, 0.19908200231898848
118 , 0 , 0, 0.19908200231898848
119 , 0 , 0, 0.19908200231898848
120 , 0 , 0, 0.19908200231898848
121 , 0 , 0, 0.19908200231898848
122 , 0 , 0, 0.19908200231898848
123 , 0 , 0, 0.19908200231898848
124 , 0 , 0, 0.19908200231898848
125 , 0 , 0, 0.19908200231898848
126 , 0 , 0, 0.19908200231898848
127 , 0 , 0, 0.19908200231898848
128 , 0 , 0, 0.19908200231898848
129 , 0 , 0, 0.19908200231898848
130 , 0 , 0, 0.19908200231898848
131 , 0 , 0, 0.19908200231898848
132 , 0 , 0, 0.19908200231898848
133 , 0 , 0, 0.19908200231898848
134 , 0 , 0, 0.19908200231898848
135 , 0 , 0, 0.19908200231898848
136 , 0 , 0, 0.19908200231898848
137 , 0 , 0, 0.19908200231898848
138 , 0 , 0, 0.19908200231898848
139 , 0 , 0, 0.19908200231898848
140 , 0 , 0, 0.19908200231898848
141 , 0 , 0, 0.19908200231898848
142 , 0 , 0, 0.19908200231898848
143 , 0 , 0, 0.19908200231898848
144 , 0 , 0, 0.19908200231898848
145 , 0 , 0, 0.19908200231898848
146 , 0 , 0, 0.19908200231898848
147 , 0 , 0, 0.19908200231898848
148 , 0 , 0, 0.19908200231898848
149 , 0 , 0, 0.19908200231898848
150 , 0 , 0, 0.19908200231898848
151 , 0 , 0, 0.19908200231898848
152 , 0 , 0, 0.19908200231898848
153 , 0 , 0, 0.19908200231898848
154 , 0 , 0, 0.19908200231898848
155 , 0 , 0, 0.19908200231898848
156 , 0 , 0, 0.19908200231898848
157 , 0 , 0, 0.19908200231898848
158 , 0 , 0, 0.19908200231898848
159 , 0 , 0, 0.19908200231898848
160 , 0 , 0, 0.19908200231898848
161 , 0 , 0, 0.19908200231898848
162 , 0 , 0, 0.19908200231898848
163 , 0 , 0, 0.19908200231898848
164 , 0 , 0, 0.19908200231898848
165 , 0 , 0, 0.19908200231898848
166 , 0 , 0, 0.19908200231898848
167 , 0 , 0, 0.19908200231898848
168 , 0 , 0, 0.19908200231898848
169 , 0 , 0, 0.19908200231898848
170 , 0 , 0, 0.19908200231898848
171 , 0 , 0, 0.19908200231898848
172 , 0 , 0, 0.19908200231898848
173 , 0 , 0, 0.19908200231898848
174 , 0 , 0, 0.19908200231898848
175 , 0 , 0, 0.19908200231898848
176 , 0 , 0, 0.19908200231898848
177 , 0 , 0, 0.19908200231898848
178 , 0 , 0, 0.19908200231898848
179 , 0 , 0, 0.19908200231898848
180 , 0 , 0, 0.19908200231898848
181 , 0 , 0, 0.19908200231898848
182 , 0 , 0, 0.19908200231898848
183 , 0 , 0, 0.19908200231898848
184 , 0 , 0, 0.19908200231898848
185 , 0 , 0, 0.19908200231898848
186 , 0 , 0, 0.19908200231898848
187 , 0 , 0, 0.19908200231898848
188 , 0 , 0, 0.19908200231898848
189 , 0 , 0, 0.19908200231898848
190 , 0 , 0, 0.19908200231898848
191 , 0 , 0, 0.19908200231898848
192 , 0 , 0, 0.19908200231898848
193 , 0 , 0, 0.19908200231898848
194 , 0 , 0, 0.19908200231898848
195 , 0 , 0, 0.19908200231898848
196 , 0 , 0, 0.19908200231898848
197 , 0 , 0, 0.19908200231898848
198 , 0 , 0, 0.19908200231898848
199 , 0 , 0, 0.19908200231898848
200 , 0 , 0, 0.19908200231898848
