1 , 0 , 0, 1.0
2 , 0 , 0, 0.985074875
3 , 0 , 0, 0.9752487531218751
4 , 0 , 0, 0.9703725093562657
5 , 0 , 0, 0.960693043575437
6 , 0 , 0, 0.9511101304657719
7 , 0 , 0, 0.946354579813443
8 , 0 , 0, 0.9369146928798039
9 , 0 , 0, 0.9229311239742362
10 , 0 , 0, 0.918316468354365
11 , 0 , 0, 0.9046104802746175
12 , 0 , 0, 0.9000874278732445
13 , 0 , 0, 0.8822202429488013
14 , 0 , 0, 0.8734200960253871
15 , 0 , 0, 0.8647077305675338
16 , 0 , 0, 0.8560822709551227
17 , 0 , 0, 0.8475428503023453
18 , 0 , 0, 0.8390886103705794
19 , 0 , 0, 0.8265651079747222
20 , 0 , 0, 0.8183201210226743
21 , 0 , 0, 0.8142285204175609
22 , 0 , 0, 0.798065677681905
23 , 0 , 0, 0.7901049725470279
24 , 0 , 0, 0.7861544476842928
25 , 0 , 0, 0.7822236754458713
26 , 0 , 0, 0.7705488893118823
27 , 0 , 0, 0.7666961448653229
28 , 0 , 0, 0.7477194593032545
29 , 0 , 0, 0.7402609576967045
30 , 0 , 0, 0.736559652908221
31 , 0 , 0, 0.7328768546436799
32 , 0 , 0, 0.7292124703704616
33 , 0 , 0, 0.7219385759785162
34 , 0 , 0, 0.7183288830986236
35 , 0 , 0, 0.6866430931872001
36 , 0 , 0, 0.6662995813682115
37 , 0 , 0, 0.6596532430440636
38 , 0 , 0, 0.653073201944699
39 , 0 , 0, 0.6465587967553006
40 , 0 , 0, 0.6433260027715241
41 , 0 , 0, 0.6242658676435396
42 , 0 , 0, 0.6211445383053219
43 , 0 , 0, 0.6088145090359074
44 , 0 , 0, 0.6027415843082742
45 , 0 , 0, 0.5907768628656763
46 , 0 , 0, 0.5790496471185967
47 , 0 , 0, 0.5618938591163328
48 , 0 , 0, 0.5590843898207511
49 , 0 , 0, 0.5535075230322891
50 , 0 , 0, 0.5507399854171277
51 , 0 , 0, 0.5425201222922789
52 , 0 , 0, 0.5398075216808175
53 , 0 , 0, 0.5344229416520513
54 , 0 , 0, 0.5082950737585841
55 , 0 , 0, 0.5057535983897912
56 , 0 , 0, 0.4907693883854626
57 , 0 , 0, 0.483444593917636
58 , 0 , 0, 0.47862223409330756
59 , 0 , 0, 0.4738479773082268
60 , 0 , 0, 0.46912134373457726
61 , 0 , 0, 0.46677573701590436
62 , 0 , 0, 0.46444185833082485
63 , 0 , 0, 0.46211964903917074
64 , 0 , 0, 0.457510005540005
65 , 0 , 0, 0.4484282034609769
66 , 0 , 0, 0.446186062443672
67 , 0 , 0, 0.4417353564707963
68 , 0 , 0, 0.43732904629000013
69 , 0 , 0, 0.42437208406280985
70 , 0 , 0, 0.4159480862733536
71 , 0 , 0, 0.41386834584198684
72 , 0 , 0, 0.4036245882390106
73 , 0 , 0, 0.3897078735047413
74 , 0 , 0, 0.36512303261753626
75 , 0 , 0, 0.3578751580867638
76 , 0 , 0, 0.3507711574848344
77 , 0 , 0, 0.33362200135903064
78 , 0 , 0, 0.33195389135223546
79 , 0 , 0, 0.3302941218954743
80 , 0 , 0, 0.3173112652388396
81 , 0 , 0, 0.3079101286968243
82 , 0 , 0, 0.3017979588795719
83 , 0 , 0, 0.2987875242397482
84 , 0 , 0, 0.2987875242397482
85 , 0 , 0, 0.2987875242397482
86 , 0 , 0, 0.2987875242397482
87 , 0 , 0, 0.2987875242397482
88 , 0 , 0, 0.2987875242397482
89 , 0 , 0, 0.2987875242397482
90 , 0 , 0, 0.2987875242397482
91 , 0 , 0, 0.2987875242397482
92 , 0 , 0, 0.2987875242397482
93 , 0 , 0, 0.2987875242397482
94 , 0 , 0, 0.2987875242397482
95 , 0 , 0, 0.2987875242397482
96 , 0 , 0, 0.2987875242397482
97 , 0 , 0, 0.2987875242397482
98 , 0 , 0, 0.2987875242397482
99 , 0 , 0, 0.2987875242397482
100 , 0 , 0, 0.2987875242397482
101 , 0 , 0, 0.2987875242397482
102 , 0 , 0, 0.2987875242397482
103 , 0 , 0, 0.2987875242397482
104 , 0 , 0, 0.2987875242397482
105 , 0 , 0, 0.2987875242397482
106 , 0 , 0, 0.2987875242397482
107 , 0 , 0, 0.2987875242397482
108 , 0 , 0, 0.2987875242397482
109 , 0 , 0, 0.2987875242397482
110 , 0 , 0, 0.2987875242397482
111 , 0 , 0, 0.2987875242397482
112 , 0 , 0, 0.2987875242397482
113 , 0 , 0, 0.2987875242397482
114 , 0 , 0, 0.2987875242397482
115 , 0 , 0, 0.2987875242397482
116 , 0 , 0, 0.2987875242397482
117 , 0 , 0, 0.2987875242397482
118 , 0 , 0, 0.2987875242397482
119 , 0 , 0, 0.2987875242397482
120 , 0 , 0, 0.2987875242397482
121 , 0 , 0, 0.2987875242397482
122 , 0 , 0, 0.2987875242397482
123 , 0 , 0, 0.2987875242397482
124 , 0 , 0, 0.2987875242397482
125 , 0 , 0, 0.2987875242397482
126 , 0 , 0, 0.2987875242397482
127 , 0 , 0, 0.2987875242397482
128 , 0 , 0, 0.2987875242397482
129 , 0 , 0, 0.2987875242397482
130 , 0 , 0, 0.2987875242397482
131 , 0 , 0, 0.2987875242397482
132 , 0 , 0, 0.2987875242397482
133 , 0 , 0, 0.2987875242397482
134 , 0 , 0, 0.2987875242397482
135 , 0 , 0, 0.2987875242397482
136 , 0 , 0, 0.2987875242397482
137 , 0 , 0, 0.2987875242397482
138 , 0 , 0, 0.2987875242397482
139 , 0 , 0, 0.2987875242397482
140 , 0 , 0, 0.2987875242397482
141 , 0 , 0, 0.2987875242397482
142 , 0 , 0, 0.2987875242397482
143 , 0 , 0, 0.2987875242397482
144 , 0 , 0, 0.2987875242397482
145 , 0 , 0, 0.2987875242397482
146 , 0 , 0, 0.2987875242397482
147 , 0 , 0, 0.2987875242397482
148 , 0 , 0, 0.2987875242397482
149 , 0 , 0, 0.2987875242397482
150 , 0 , 0, 0.2987875242397482
151 , 0 , 0, 0.2987875242397482
152 , 0 , 0, 0.2987875242397482
153 , 0 , 0, 0.2987875242397482
154 , 0 , 0, 0.2987875242397482
155 , 0 , 0, 0.2987875242397482
156 , 0 , 0, 0.2987875242397482
157 , 0 , 0, 0.2987875242397482
158 , 0 , 0, 0.2987875242397482
159 , 0 , 0, 0.2987875242397482
160 , 0 , 0, 0.2987875242397482
161 , 0 , 0, 0.2987875242397482
162 , 0 , 0, 0.2987875242397482
163 , 0 , 0, 0.2987875242397482
164 , 0 , 0, 0.2987875242397482
165 , 0 , 0, 0.2987875242397482
166 , 0 , 0, 0.2987875242397482
167 , 0 , 0, 0.2987875242397482
168 , 0 , 0, 0.2987875242397482
169 , 0 , 0, 0.2987875242397482
170 , 0 , 0, 0.2987875242397482
171 , 0 , 0, 0.2987875242397482
172 , 0 , 0, 0.2987875242397482
173 , 0 , 0, 0.2987875242397482
174 , 0 , 0, 0.2987875242397482
175 , 0 , 0, 0.2987875242397482
176 , 0 , 0, 0.2987875242397482
177 , 0 , 0, 0.2987875242397482
178 , 0 , 0, 0.2987875242397482
179 , 0 , 0, 0.2987875242397482
180 , 0 , 0, 0.2987875242397482
181 , 0 , 0, 0.2987875242397482
182 , 0 , 0, 0.2987875242397482
183 , 0 , 0, 0.2987875242397482
184 , 0 , 0, 0.2987875242397482
185 , 0 , 0, 0.2987875242397482
186 , 0 , 0, 0.2987875242397482
187 , 0 , 0, 0.2987875242397482
188 , 0 , 0, 0.2987875242397482
189 , 0 , 0, 0.2987875242397482
190 , 0 , 0, 0.2987875242397482
191 , 0 , 0, 0.2987875242397482
192 , 0 , 0, 0.2987875242397482
193 , 0 , 0, 0.2987875242397482
194 , 0 , 0, 0.2987875242397482
195 , 0 , 0, 0.2987875242397482
196 , 0 , 0, 0.2987875242397482
197 , 0 , 0, 0.2987875242397482
198 , 0 , 0, 0.2987875242397482
199 , 0 , 0, 0.2987875242397482
200 , 0 , 0, 0.2987875242397482
