1 , 0 , 0, 1.0
2 , 0 , 0, 1.0
3 , 0 , 0, 1.0
4 , 0 , 0, 1.0
5 , 0 , 0, 1.0
6 , 0 , 0, 1.0
7 , 0 , 0, 1.0
8 , 0 , 0, 0.990025
9 , 0 , 0, 0.985074875
10 , 0 , 0, 0.9703725093562657
11 , 0 , 0, 0.9655206468094844
12 , 0 , 0, 0.960693043575437
13 , 0 , 0, 0.9511101304657719
14 , 0 , 0, 0.946354579813443
15 , 0 , 0, 0.9416228069143757
16 , 0 , 0, 0.9322301194154049
17 , 0 , 0, 0.9229311239742362
18 , 0 , 0, 0.9046104802746175
19 , 0 , 0, 0.9000874278732445
20 , 0 , 0, 0.8866535105013078
21 , 0 , 0, 0.8822202429488013
22 , 0 , 0, 0.8690529955452602
23 , 0 , 0, 0.8647077305675338
24 , 0 , 0, 0.851801859600347
25 , 0 , 0, 0.8433051360508336
26 , 0 , 0, 0.8265651079747222
27 , 0 , 0, 0.8224322824348486
28 , 0 , 0, 0.8183201210226743
29 , 0 , 0, 0.810157377815473
30 , 0 , 0, 0.8061065909263957
31 , 0 , 0, 0.7744209942832988
32 , 0 , 0, 0.7705488893118823
33 , 0 , 0, 0.7666961448653229
34 , 0 , 0, 0.7590483508202912
35 , 0 , 0, 0.7552531090661897
36 , 0 , 0, 0.7402609576967045
37 , 0 , 0, 0.736559652908221
38 , 0 , 0, 0.7292124703704616
39 , 0 , 0, 0.7255664080186093
40 , 0 , 0, 0.7111635524897149
41 , 0 , 0, 0.6629680834613705
42 , 0 , 0, 0.6596532430440636
43 , 0 , 0, 0.6498078359349755
44 , 0 , 0, 0.6465587967553006
45 , 0 , 0, 0.6211445383053219
46 , 0 , 0, 0.6180388156137953
47 , 0 , 0, 0.6118738784280476
48 , 0 , 0, 0.6088145090359074
49 , 0 , 0, 0.5732736268885887
50 , 0 , 0, 0.5618938591163328
51 , 0 , 0, 0.5590843898207511
52 , 0 , 0, 0.5425201222922789
53 , 0 , 0, 0.5398075216808175
54 , 0 , 0, 0.5371084840724134
55 , 0 , 0, 0.5290920728090721
56 , 0 , 0, 0.5238143793828016
57 , 0 , 0, 0.5211953074858876
58 , 0 , 0, 0.5134164023722473
59 , 0 , 0, 0.5082950737585841
60 , 0 , 0, 0.4598090507939749
61 , 0 , 0, 0.4506816115185697
62 , 0 , 0, 0.446186062443672
63 , 0 , 0, 0.4439551321314536
64 , 0 , 0, 0.43732904629000013
65 , 0 , 0, 0.4351424010585501
66 , 0 , 0, 0.42437208406280985
67 , 0 , 0, 0.4222502236424958
68 , 0 , 0, 0.3936343764094253
69 , 0 , 0, 0.3897078735047413
70 , 0 , 0, 0.3819719776053028
71 , 0 , 0, 0.3800621177172763
72 , 0 , 0, 0.37816180712868996
73 , 0 , 0, 0.36880183088056995
74 , 0 , 0, 0.3596735257153405
75 , 0 , 0, 0.35253382661792404
76 , 0 , 0, 0.3352984938281715
77 , 0 , 0, 0.33362200135903064
78 , 0 , 0, 0.32864265128599696
79 , 0 , 0, 0.29729358661854943
80 , 0 , 0, 0.2943280830920294
81 , 0 , 0, 0.28704309604425327
82 , 0 , 0, 0.27164454854530906
83 , 0 , 0, 0.26759021970270175
84 , 0 , 0, 0.25450776877280124
85 , 0 , 0, 0.23023039494318503
86 , 0 , 0, 0.22793384675362674
87 , 0 , 0, 0.2211807388415433
88 , 0 , 0, 0.21462770857094118
89 , 0 , 0, 0.19908200231898848
90 , 0 , 0, 0.19908200231898848
91 , 0 , 0, 0.19908200231898848
92 , 0 , 0, 0.19908200231898848
93 , 0 , 0, 0.19908200231898848
94 , 0 , 0, 0.19908200231898848
95 , 0 , 0, 0.19908200231898848
96 , 0 , 0, 0.19908200231898848
97 , 0 , 0, 0.19908200231898848
98 , 0 , 0, 0.19908200231898848
99 , 0 , 0, 0.19908200231898848
100 , 0 , 0, 0.19908200231898848
101 , 0 , 0, 0.19908200231898848
102 , 0 , 0, 0.19908200231898848
103 , 0 , 0, 0.19908200231898848
104 , 0 , 0, 0.19908200231898848
105 , 0 , 0, 0.19908200231898848
106 , 0 , 0, 0.19908200231898848
107 , 0 , 0, 0.19908200231898848
108 , 0 , 0, 0.19908200231898848
109 , 0 , 0, 0.19908200231898848
110 , 0 , 0, 0.19908200231898848
111 , 0 , 0, 0.19908200231898848
112 , 0 , 0, 0.19908200231898848
113 , 0 , 0, 0.19908200231898848
114 , 0 , 0, 0.19908200231898848
115 , 0 , 0, 0.19908200231898848
116 , 0 , 0, 0.19908200231898848
117 , 0 , 0, 0.19908200231898848
118 , 0 , 0, 0.19908200231898848
119 , 0 , 0, 0.19908200231898848
120 , 0 , 0, 0.19908200231898848
121 , 0 , 0, 0.19908200231898848
122 , 0 , 0, 0.19908200231898848
123 , 0 , 0, 0.19908200231898848
124 , 0 , 0, 0.19908200231898848
125 , 0 , 0, 0.19908200231898848
126 , 0 , 0, 0.19908200231898848
127 , 0 , 0, 0.19908200231898848
128 , 0 , 0, 0.19908200231898848
129 , 0 , 0, 0.19908200231898848
130 , 0 , 0, 0.19908200231898848
131 , 0 , 0, 0.19908200231898848
132 , 0 , 0, 0.19908200231898848
133 , 0 , 0, 0.19908200231898848
134 , 0 , 0, 0.19908200231898848
135 , 0 , 0, 0.19908200231898848
136 , 0 , 0, 0.19908200231898848
137 , 0 , 0, 0.19908200231898848
138 , 0 , 0, 0.19908200231898848
139 , 0 , 0, 0.19908200231898848
140 , 0 , 0, 0.19908200231898848
141 , 0 , 0, 0.19908200231898848
142 , 0 , 0, 0.19908200231898848
143 , 0 , 0, 0.19908200231898848
144 , 0 , 0, 0.19908200231898848
145 , 0 , 0, 0.19908200231898848
146 , 0 , 0, 0.19908200231898848
147 , 0 , 0, 0.19908200231898848
148 , 0 , 0, 0.19908200231898848
149 , 0 , 0, 0.19908200231898848
150 , 0 , 0, 0.19908200231898848
151 , 0 , 0, 0.19908200231898848
152 , 0 , 0, 0.19908200231898848
153 , 0 , 0, 0.19908200231898848
154 , 0 , 0, 0.19908200231898848
155 , 0 , 0, 0.19908200231898848
156 , 0 , 0, 0.19908200231898848
157 , 0 , 0, 0.19908200231898848
158 , 0 , 0, 0.19908200231898848
159 , 0 , 0, 0.19908200231898848
160 , 0 , 0, 0.19908200231898848
161 , 0 , 0, 0.19908200231898848
162 , 0 , 0, 0.19908200231898848
163 , 0 , 0, 0.19908200231898848
164 , 0 , 0, 0.19908200231898848
165 , 0 , 0, 0.19908200231898848
166 , 0 , 0, 0.19908200231898848
167 , 0 , 0, 0.19908200231898848
168 , 0 , 0, 0.19908200231898848
169 , 0 , 0, 0.19908200231898848
170 , 0 , 0, 0.19908200231898848
171 , 0 , 0, 0.19908200231898848
172 , 0 , 0, 0.19908200231898848
173 , 0 , 0, 0.19908200231898848
174 , 0 , 0, 0.19908200231898848
175 , 0 , 0, 0.19908200231898848
176 , 0 , 0, 0.19908200231898848
177 , 0 , 0, 0.19908200231898848
178 , 0 , 0, 0.19908200231898848
179 , 0 , 0, 0.19908200231898848
180 , 0 , 0, 0.19908200231898848
181 , 0 , 0, 0.19908200231898848
182 , 0 , 0, 0.19908200231898848
183 , 0 , 0, 0.19908200231898848
184 , 0 , 0, 0.19908200231898848
185 , 0 , 0, 0.19908200231898848
186 , 0 , 0, 0.19908200231898848
187 , 0 , 0, 0.19908200231898848
188 , 0 , 0, 0.19908200231898848
189 , 0 , 0, 0.19908200231898848
190 , 0 , 0, 0.19908200231898848
191 , 0 , 0, 0.19908200231898848
192 , 0 , 0, 0.19908200231898848
193 , 0 , 0, 0.19908200231898848
194 , 0 , 0, 0.19908200231898848
195 , 0 , 0, 0.19908200231898848
196 , 0 , 0, 0.19908200231898848
197 , 0 , 0, 0.19908200231898848
198 , 0 , 0, 0.19908200231898848
199 , 0 , 0, 0.19908200231898848
200 , 0 , 0, 0.19908200231898848
