1 , 0 , 0, 1.0
2 , 0 , 0, 1.0
3 , 0 , 0, 0.995
4 , 0 , 0, 0.990025
5 , 0 , 0, 0.9801495006250001
6 , 0 , 0, 0.9752487531218751
7 , 0 , 0, 0.9703725093562657
8 , 0 , 0, 0.9655206468094844
9 , 0 , 0, 0.9511101304657719
10 , 0 , 0, 0.946354579813443
11 , 0 , 0, 0.9416228069143757
12 , 0 , 0, 0.9369146928798039
13 , 0 , 0, 0.9322301194154049
14 , 0 , 0, 0.9275689688183278
15 , 0 , 0, 0.918316468354365
16 , 0 , 0, 0.9137248860125932
17 , 0 , 0, 0.9046104802746175
18 , 0 , 0, 0.8955869907338783
19 , 0 , 0, 0.8690529955452602
20 , 0 , 0, 0.8560822709551227
21 , 0 , 0, 0.8348931673187264
22 , 0 , 0, 0.8307187014821328
23 , 0 , 0, 0.8224322824348486
24 , 0 , 0, 0.8142285204175609
25 , 0 , 0, 0.810157377815473
26 , 0 , 0, 0.8061065909263957
27 , 0 , 0, 0.7901049725470279
28 , 0 , 0, 0.7628626641409962
29 , 0 , 0, 0.7590483508202912
30 , 0 , 0, 0.7514768435208588
31 , 0 , 0, 0.7439808620067382
32 , 0 , 0, 0.736559652908221
33 , 0 , 0, 0.7292124703704616
34 , 0 , 0, 0.7076077347272662
35 , 0 , 0, 0.7040696960536299
36 , 0 , 0, 0.697046600835495
37 , 0 , 0, 0.6935613678313175
38 , 0 , 0, 0.6832098777212641
39 , 0 , 0, 0.6797938283326578
40 , 0 , 0, 0.6763948591909945
41 , 0 , 0, 0.6629680834613705
42 , 0 , 0, 0.6596532430440636
43 , 0 , 0, 0.6465587967553006
44 , 0 , 0, 0.6369088258938781
45 , 0 , 0, 0.6305556603555866
46 , 0 , 0, 0.6180388156137953
47 , 0 , 0, 0.6057704364907278
48 , 0 , 0, 0.6027415843082742
49 , 0 , 0, 0.5997278763867329
50 , 0 , 0, 0.5907768628656763
51 , 0 , 0, 0.5819594443402982
52 , 0 , 0, 0.5704072587541458
53 , 0 , 0, 0.5618938591163328
54 , 0 , 0, 0.5535075230322891
55 , 0 , 0, 0.5507399854171277
56 , 0 , 0, 0.5425201222922789
57 , 0 , 0, 0.5398075216808175
58 , 0 , 0, 0.5290920728090721
59 , 0 , 0, 0.5238143793828016
60 , 0 , 0, 0.5082950737585841
61 , 0 , 0, 0.4883155414435353
62 , 0 , 0, 0.4858739637363176
63 , 0 , 0, 0.47622912292284103
64 , 0 , 0, 0.4738479773082268
65 , 0 , 0, 0.4484282034609769
66 , 0 , 0, 0.4417353564707963
67 , 0 , 0, 0.43732904629000013
68 , 0 , 0, 0.43296668905325736
69 , 0 , 0, 0.43080185560799106
70 , 0 , 0, 0.4286478463299511
71 , 0 , 0, 0.4159480862733536
72 , 0 , 0, 0.41386834584198684
73 , 0 , 0, 0.4036245882390106
74 , 0 , 0, 0.3936343764094253
75 , 0 , 0, 0.37627099809304654
76 , 0 , 0, 0.36512303261753626
77 , 0 , 0, 0.3614809303671764
78 , 0 , 0, 0.3578751580867638
79 , 0 , 0, 0.3455358541129786
80 , 0 , 0, 0.33195389135223546
81 , 0 , 0, 0.322118930542046
82 , 0 , 0, 0.3157247089126454
83 , 0 , 0, 0.3079101286968243
84 , 0 , 0, 0.30028896908517405
85 , 0 , 0, 0.2827589419554058
86 , 0 , 0, 0.2730095965279488
87 , 0 , 0, 0.2689348941735696
88 , 0 , 0, 0.2662522686041882
89 , 0 , 0, 0.25966219297210513
90 , 0 , 0, 0.23489314109365644
91 , 0 , 0, 0.21248679717794605
92 , 0 , 0, 0.21036724137609603
93 , 0 , 0, 0.20931540516921554
94 , 0 , 0, 0.18934890919900021
95 , 0 , 0, 0.18559023879528855
96 , 0 , 0, 0.1756341724525918
97 , 0 , 0, 0.17214774642209296
98 , 0 , 0, 0.16704744067563246
99 , 0 , 0, 0.16538114245489302
100 , 0 , 0, 0.16455423674261854
101 , 0 , 0, 0.16128775296900558
102 , 0 , 0, 0.1557266555690826
103 , 0 , 0, 0.15417328217978102
104 , 0 , 0, 0.13946676683816583
105 , 0 , 0, 0.1313250884614265
106 , 0 , 0, 0.12807462877562611
107 , 0 , 0, 0.12181307688414106
108 , 0 , 0, 0.11019338598389174
109 , 0 , 0, 0.10800599224428936
110 , 0 , 0, 0.10586201936274783
111 , 0 , 0, 0.10376060541355137
112 , 0 , 0, 0.10170090558064004
113 , 0 , 0, 0.0996820918179746
114 , 0 , 0, 0.0996820918179746
115 , 0 , 0, 0.0996820918179746
116 , 0 , 0, 0.0996820918179746
117 , 0 , 0, 0.0996820918179746
118 , 0 , 0, 0.0996820918179746
119 , 0 , 0, 0.0996820918179746
120 , 0 , 0, 0.0996820918179746
121 , 0 , 0, 0.0996820918179746
122 , 0 , 0, 0.0996820918179746
123 , 0 , 0, 0.0996820918179746
124 , 0 , 0, 0.0996820918179746
125 , 0 , 0, 0.0996820918179746
126 , 0 , 0, 0.0996820918179746
127 , 0 , 0, 0.0996820918179746
128 , 0 , 0, 0.0996820918179746
129 , 0 , 0, 0.0996820918179746
130 , 0 , 0, 0.0996820918179746
131 , 0 , 0, 0.0996820918179746
132 , 0 , 0, 0.0996820918179746
133 , 0 , 0, 0.0996820918179746
134 , 0 , 0, 0.0996820918179746
135 , 0 , 0, 0.0996820918179746
136 , 0 , 0, 0.0996820918179746
137 , 0 , 0, 0.0996820918179746
138 , 0 , 0, 0.0996820918179746
139 , 0 , 0, 0.0996820918179746
140 , 0 , 0, 0.0996820918179746
141 , 0 , 0, 0.0996820918179746
142 , 0 , 0, 0.0996820918179746
143 , 0 , 0, 0.0996820918179746
144 , 0 , 0, 0.0996820918179746
145 , 0 , 0, 0.0996820918179746
146 , 0 , 0, 0.0996820918179746
147 , 0 , 0, 0.0996820918179746
148 , 0 , 0, 0.0996820918179746
149 , 0 , 0, 0.0996820918179746
150 , 0 , 0, 0.0996820918179746
151 , 0 , 0, 0.0996820918179746
152 , 0 , 0, 0.0996820918179746
153 , 0 , 0, 0.0996820918179746
154 , 0 , 0, 0.0996820918179746
155 , 0 , 0, 0.0996820918179746
156 , 0 , 0, 0.0996820918179746
157 , 0 , 0, 0.0996820918179746
158 , 0 , 0, 0.0996820918179746
159 , 0 , 0, 0.0996820918179746
160 , 0 , 0, 0.0996820918179746
161 , 0 , 0, 0.0996820918179746
162 , 0 , 0, 0.0996820918179746
163 , 0 , 0, 0.0996820918179746
164 , 0 , 0, 0.0996820918179746
165 , 0 , 0, 0.0996820918179746
166 , 0 , 0, 0.0996820918179746
167 , 0 , 0, 0.0996820918179746
168 , 0 , 0, 0.0996820918179746
169 , 0 , 0, 0.0996820918179746
170 , 0 , 0, 0.0996820918179746
171 , 0 , 0, 0.0996820918179746
172 , 0 , 0, 0.0996820918179746
173 , 0 , 0, 0.0996820918179746
174 , 0 , 0, 0.0996820918179746
175 , 0 , 0, 0.0996820918179746
176 , 0 , 0, 0.0996820918179746
177 , 0 , 0, 0.0996820918179746
178 , 0 , 0, 0.0996820918179746
179 , 0 , 0, 0.0996820918179746
180 , 0 , 0, 0.0996820918179746
181 , 0 , 0, 0.0996820918179746
182 , 0 , 0, 0.0996820918179746
183 , 0 , 0, 0.0996820918179746
184 , 0 , 0, 0.0996820918179746
185 , 0 , 0, 0.0996820918179746
186 , 0 , 0, 0.0996820918179746
187 , 0 , 0, 0.0996820918179746
188 , 0 , 0, 0.0996820918179746
189 , 0 , 0, 0.0996820918179746
190 , 0 , 0, 0.0996820918179746
191 , 0 , 0, 0.0996820918179746
192 , 0 , 0, 0.0996820918179746
193 , 0 , 0, 0.0996820918179746
194 , 0 , 0, 0.0996820918179746
195 , 0 , 0, 0.0996820918179746
196 , 0 , 0, 0.0996820918179746
197 , 0 , 0, 0.0996820918179746
198 , 0 , 0, 0.0996820918179746
199 , 0 , 0, 0.0996820918179746
200 , 0 , 0, 0.0996820918179746
