1 , 0 , 0, 1.0
2 , 0 , 0, 0.995
3 , 0 , 0, 0.985074875
4 , 0 , 0, 0.9752487531218751
5 , 0 , 0, 0.9703725093562657
6 , 0 , 0, 0.960693043575437
7 , 0 , 0, 0.9511101304657719
8 , 0 , 0, 0.9416228069143757
9 , 0 , 0, 0.9322301194154049
10 , 0 , 0, 0.918316468354365
11 , 0 , 0, 0.8734200960253871
12 , 0 , 0, 0.8690529955452602
13 , 0 , 0, 0.8647077305675338
14 , 0 , 0, 0.8603841919146962
15 , 0 , 0, 0.8560822709551227
16 , 0 , 0, 0.851801859600347
17 , 0 , 0, 0.8348931673187264
18 , 0 , 0, 0.8265651079747222
19 , 0 , 0, 0.8224322824348486
20 , 0 , 0, 0.8020760579717637
21 , 0 , 0, 0.798065677681905
22 , 0 , 0, 0.7901049725470279
23 , 0 , 0, 0.7861544476842928
24 , 0 , 0, 0.7705488893118823
25 , 0 , 0, 0.7666961448653229
26 , 0 , 0, 0.7628626641409962
27 , 0 , 0, 0.7590483508202912
28 , 0 , 0, 0.7552531090661897
29 , 0 , 0, 0.7514768435208588
30 , 0 , 0, 0.7477194593032545
31 , 0 , 0, 0.7439808620067382
32 , 0 , 0, 0.7402609576967045
33 , 0 , 0, 0.736559652908221
34 , 0 , 0, 0.7292124703704616
35 , 0 , 0, 0.7255664080186093
36 , 0 , 0, 0.7219385759785162
37 , 0 , 0, 0.7183288830986236
38 , 0 , 0, 0.7111635524897149
39 , 0 , 0, 0.7040696960536299
40 , 0 , 0, 0.697046600835495
41 , 0 , 0, 0.6900935609921609
42 , 0 , 0, 0.6866430931872001
43 , 0 , 0, 0.6797938283326578
44 , 0 , 0, 0.6696478204705644
45 , 0 , 0, 0.6662995813682115
46 , 0 , 0, 0.6629680834613705
47 , 0 , 0, 0.6596532430440636
48 , 0 , 0, 0.653073201944699
49 , 0 , 0, 0.6498078359349755
50 , 0 , 0, 0.6465587967553006
51 , 0 , 0, 0.6401093727576664
52 , 0 , 0, 0.6369088258938781
53 , 0 , 0, 0.6305556603555866
54 , 0 , 0, 0.6274028820538087
55 , 0 , 0, 0.6180388156137953
56 , 0 , 0, 0.6118738784280476
57 , 0 , 0, 0.5967292370047992
58 , 0 , 0, 0.5937455908197752
59 , 0 , 0, 0.5878229785513479
60 , 0 , 0, 0.5848838636585911
61 , 0 , 0, 0.5761543988830038
62 , 0 , 0, 0.567555222460375
63 , 0 , 0, 0.5535075230322891
64 , 0 , 0, 0.5452463540625918
65 , 0 , 0, 0.5398075216808175
66 , 0 , 0, 0.531750826943791
67 , 0 , 0, 0.5238143793828016
68 , 0 , 0, 0.5211953074858876
69 , 0 , 0, 0.510849320360386
70 , 0 , 0, 0.5082950737585841
71 , 0 , 0, 0.5032248303978422
72 , 0 , 0, 0.500708706245853
73 , 0 , 0, 0.4982051627146237
74 , 0 , 0, 0.49571413690105054
75 , 0 , 0, 0.4932355662165453
76 , 0 , 0, 0.4907693883854626
77 , 0 , 0, 0.4883155414435353
78 , 0 , 0, 0.4858739637363176
79 , 0 , 0, 0.483444593917636
80 , 0 , 0, 0.4810273709480478
81 , 0 , 0, 0.47862223409330756
82 , 0 , 0, 0.47622912292284103
83 , 0 , 0, 0.4738479773082268
84 , 0 , 0, 0.47147873742168567
85 , 0 , 0, 0.46677573701590436
86 , 0 , 0, 0.46444185833082485
87 , 0 , 0, 0.46211964903917074
88 , 0 , 0, 0.4598090507939749
89 , 0 , 0, 0.457510005540005
90 , 0 , 0, 0.4484282034609769
91 , 0 , 0, 0.43952667968844233
92 , 0 , 0, 0.43732904629000013
93 , 0 , 0, 0.4351424010585501
94 , 0 , 0, 0.43296668905325736
95 , 0 , 0, 0.42013897252428334
96 , 0 , 0, 0.4180382776616619
97 , 0 , 0, 0.4159480862733536
98 , 0 , 0, 0.41386834584198684
99 , 0 , 0, 0.4117990041127769
100 , 0 , 0, 0.40974000909221303
101 , 0 , 0, 0.40769130904675194
102 , 0 , 0, 0.40565285250151817
103 , 0 , 0, 0.3897078735047413
104 , 0 , 0, 0.3877593341372176
105 , 0 , 0, 0.3858205374665315
106 , 0 , 0, 0.38389143477919885
107 , 0 , 0, 0.3819719776053028
108 , 0 , 0, 0.3800621177172763
109 , 0 , 0, 0.37816180712868996
110 , 0 , 0, 0.37627099809304654
111 , 0 , 0, 0.3743896431025813
112 , 0 , 0, 0.37251769488706843
113 , 0 , 0, 0.3706551064126331
114 , 0 , 0, 0.36880183088056995
115 , 0 , 0, 0.3669578217261671
116 , 0 , 0, 0.36512303261753626
117 , 0 , 0, 0.3632974174544486
118 , 0 , 0, 0.3614809303671764
119 , 0 , 0, 0.3578751580867638
120 , 0 , 0, 0.35608578229633
121 , 0 , 0, 0.3543053533848483
122 , 0 , 0, 0.35253382661792404
123 , 0 , 0, 0.3507711574848344
124 , 0 , 0, 0.34901730169741024
125 , 0 , 0, 0.3472722151889232
126 , 0 , 0, 0.3455358541129786
127 , 0 , 0, 0.3386767948568688
128 , 0 , 0, 0.33698341088258443
129 , 0 , 0, 0.3302941218954743
130 , 0 , 0, 0.32864265128599696
131 , 0 , 0, 0.3237376186352221
132 , 0 , 0, 0.322118930542046
133 , 0 , 0, 0.32050833588933575
134 , 0 , 0, 0.31890579420988907
135 , 0 , 0, 0.3173112652388396
136 , 0 , 0, 0.3125753549412418
137 , 0 , 0, 0.3079101286968243
138 , 0 , 0, 0.3033145315372582
139 , 0 , 0, 0.3017979588795719
140 , 0 , 0, 0.2943280830920294
141 , 0 , 0, 0.28993519966087045
142 , 0 , 0, 0.285607880564032
143 , 0 , 0, 0.2827589419554058
144 , 0 , 0, 0.27853872940185365
145 , 0 , 0, 0.2743815040481898
146 , 0 , 0, 0.27164454854530906
147 , 0 , 0, 0.26759021970270175
148 , 0 , 0, 0.26359640222486147
149 , 0 , 0, 0.25966219297210513
150 , 0 , 0, 0.25450776877280124
151 , 0 , 0, 0.2507092085103961
152 , 0 , 0, 0.24696734223472733
153 , 0 , 0, 0.2457325055235537
154 , 0 , 0, 0.24206491716205145
155 , 0 , 0, 0.2384520680152932
156 , 0 , 0, 0.23489314109365644
157 , 0 , 0, 0.231387331601191
158 , 0 , 0, 0.22679417751985861
159 , 0 , 0, 0.22340924607110255
160 , 0 , 0, 0.22007483514733558
161 , 0 , 0, 0.2167901907234072
162 , 0 , 0, 0.21355457002808648
163 , 0 , 0, 0.20931540516921554
164 , 0 , 0, 0.20516038984972615
165 , 0 , 0, 0.2010878536592394
166 , 0 , 0, 0.19709615934585656
167 , 0 , 0, 0.19318370215794672
168 , 0 , 0, 0.18840216465300522
169 , 0 , 0, 0.1846622876013121
170 , 0 , 0, 0.18099664897669618
171 , 0 , 0, 0.1800916657318127
172 , 0 , 0, 0.17651675623376062
173 , 0 , 0, 0.1730128104744653
174 , 0 , 0, 0.16957841978827493
175 , 0 , 0, 0.1662122034722543
176 , 0 , 0, 0.16291280823111093
177 , 0 , 0, 0.16128775296900558
178 , 0 , 0, 0.1580861105294992
179 , 0 , 0, 0.1572956799768517
180 , 0 , 0, 0.1557266555690826
181 , 0 , 0, 0.14157986400593744
182 , 0 , 0, 0.12871821987500112
183 , 0 , 0, 0.12679708435358925
184 , 0 , 0, 0.11879805134519765
185 , 0 , 0, 0.11130363979080501
186 , 0 , 0, 0.1085487359239089
187 , 0 , 0, 0.10480604571960442
188 , 0 , 0, 0.10221196540767843
189 , 0 , 0, 0.10018300685223579
190 , 0 , 0, 0.09672876157528969
192 , 0 , 0, 0.08280777787605056
194 , 0 , 0, 0.07416156859737154
195 , 0 , 0, 0.07379076075438468
197 , 0 , 0, 0.0660860453679829
198 , 0 , 0, 0.06542683706543727
199 , 0 , 0, 0.06477420436570952
200 , 0 , 0, 0.06412808167716157
