1 , 0 , 0, 1.0
2 , 0 , 0, 1.0
3 , 0 , 0, 1.0
4 , 0 , 0, 1.0
5 , 0 , 0, 0.990025
6 , 0 , 0, 0.985074875
7 , 0 , 0, 0.9752487531218751
8 , 0 , 0, 0.9655206468094844
9 , 0 , 0, 0.960693043575437
10 , 0 , 0, 0.9416228069143757
11 , 0 , 0, 0.9322301194154049
12 , 0 , 0, 0.918316468354365
13 , 0 , 0, 0.9137248860125932
14 , 0 , 0, 0.9046104802746175
15 , 0 , 0, 0.9000874278732445
16 , 0 , 0, 0.8911090557802088
17 , 0 , 0, 0.8778091417340573
18 , 0 , 0, 0.8734200960253871
19 , 0 , 0, 0.8603841919146962
20 , 0 , 0, 0.8475428503023453
21 , 0 , 0, 0.8390886103705794
22 , 0 , 0, 0.8307187014821328
23 , 0 , 0, 0.798065677681905
24 , 0 , 0, 0.7940753492934954
25 , 0 , 0, 0.7861544476842928
26 , 0 , 0, 0.7705488893118823
27 , 0 , 0, 0.7590483508202912
28 , 0 , 0, 0.7514768435208588
29 , 0 , 0, 0.7477194593032545
30 , 0 , 0, 0.7439808620067382
31 , 0 , 0, 0.736559652908221
32 , 0 , 0, 0.7040696960536299
33 , 0 , 0, 0.6935613678313175
34 , 0 , 0, 0.6763948591909945
35 , 0 , 0, 0.6662995813682115
36 , 0 , 0, 0.653073201944699
37 , 0 , 0, 0.6465587967553006
38 , 0 , 0, 0.6433260027715241
39 , 0 , 0, 0.6369088258938781
40 , 0 , 0, 0.6337242817644086
41 , 0 , 0, 0.6211445383053219
42 , 0 , 0, 0.6118738784280476
43 , 0 , 0, 0.6027415843082742
44 , 0 , 0, 0.5790496471185967
45 , 0 , 0, 0.5704072587541458
46 , 0 , 0, 0.567555222460375
47 , 0 , 0, 0.5647174463480732
48 , 0 , 0, 0.5618938591163328
49 , 0 , 0, 0.5590843898207511
50 , 0 , 0, 0.5562889678716474
51 , 0 , 0, 0.5535075230322891
52 , 0 , 0, 0.5507399854171277
53 , 0 , 0, 0.5425201222922789
54 , 0 , 0, 0.5398075216808175
55 , 0 , 0, 0.5264466124450268
56 , 0 , 0, 0.5159963842937159
57 , 0 , 0, 0.500708706245853
58 , 0 , 0, 0.49571413690105054
59 , 0 , 0, 0.4932355662165453
60 , 0 , 0, 0.4810273709480478
61 , 0 , 0, 0.47622912292284103
62 , 0 , 0, 0.47147873742168567
63 , 0 , 0, 0.46211964903917074
64 , 0 , 0, 0.446186062443672
65 , 0 , 0, 0.43952667968844233
66 , 0 , 0, 0.43080185560799106
67 , 0 , 0, 0.4286478463299511
68 , 0 , 0, 0.4180382776616619
69 , 0 , 0, 0.41386834584198684
70 , 0 , 0, 0.40974000909221303
71 , 0 , 0, 0.40769130904675194
72 , 0 , 0, 0.40565285250151817
73 , 0 , 0, 0.4016064652978155
74 , 0 , 0, 0.39166620452737816
75 , 0 , 0, 0.38389143477919885
76 , 0 , 0, 0.3800621177172763
77 , 0 , 0, 0.37251769488706843
78 , 0 , 0, 0.3706551064126331
79 , 0 , 0, 0.36880183088056995
80 , 0 , 0, 0.3632974174544486
81 , 0 , 0, 0.35608578229633
82 , 0 , 0, 0.3507711574848344
83 , 0 , 0, 0.3472722151889232
84 , 0 , 0, 0.3403786882983606
85 , 0 , 0, 0.3302941218954743
86 , 0 , 0, 0.3237376186352221
87 , 0 , 0, 0.3173112652388396
88 , 0 , 0, 0.31101247816653554
89 , 0 , 0, 0.30028896908517405
90 , 0 , 0, 0.2987875242397482
91 , 0 , 0, 0.2987875242397482
92 , 0 , 0, 0.2987875242397482
93 , 0 , 0, 0.2987875242397482
94 , 0 , 0, 0.2987875242397482
95 , 0 , 0, 0.2987875242397482
96 , 0 , 0, 0.2987875242397482
97 , 0 , 0, 0.2987875242397482
98 , 0 , 0, 0.2987875242397482
99 , 0 , 0, 0.2987875242397482
100 , 0 , 0, 0.2987875242397482
101 , 0 , 0, 0.2987875242397482
102 , 0 , 0, 0.2987875242397482
103 , 0 , 0, 0.2987875242397482
104 , 0 , 0, 0.2987875242397482
105 , 0 , 0, 0.2987875242397482
106 , 0 , 0, 0.2987875242397482
107 , 0 , 0, 0.2987875242397482
108 , 0 , 0, 0.2987875242397482
109 , 0 , 0, 0.2987875242397482
110 , 0 , 0, 0.2987875242397482
111 , 0 , 0, 0.2987875242397482
112 , 0 , 0, 0.2987875242397482
113 , 0 , 0, 0.2987875242397482
114 , 0 , 0, 0.2987875242397482
115 , 0 , 0, 0.2987875242397482
116 , 0 , 0, 0.2987875242397482
117 , 0 , 0, 0.2987875242397482
118 , 0 , 0, 0.2987875242397482
119 , 0 , 0, 0.2987875242397482
120 , 0 , 0, 0.2987875242397482
121 , 0 , 0, 0.2987875242397482
122 , 0 , 0, 0.2987875242397482
123 , 0 , 0, 0.2987875242397482
124 , 0 , 0, 0.2987875242397482
125 , 0 , 0, 0.2987875242397482
126 , 0 , 0, 0.2987875242397482
127 , 0 , 0, 0.2987875242397482
128 , 0 , 0, 0.2987875242397482
129 , 0 , 0, 0.2987875242397482
130 , 0 , 0, 0.2987875242397482
131 , 0 , 0, 0.2987875242397482
132 , 0 , 0, 0.2987875242397482
133 , 0 , 0, 0.2987875242397482
134 , 0 , 0, 0.2987875242397482
135 , 0 , 0, 0.2987875242397482
136 , 0 , 0, 0.2987875242397482
137 , 0 , 0, 0.2987875242397482
138 , 0 , 0, 0.2987875242397482
139 , 0 , 0, 0.2987875242397482
140 , 0 , 0, 0.2987875242397482
141 , 0 , 0, 0.2987875242397482
142 , 0 , 0, 0.2987875242397482
143 , 0 , 0, 0.2987875242397482
144 , 0 , 0, 0.2987875242397482
145 , 0 , 0, 0.2987875242397482
146 , 0 , 0, 0.2987875242397482
147 , 0 , 0, 0.2987875242397482
148 , 0 , 0, 0.2987875242397482
149 , 0 , 0, 0.2987875242397482
150 , 0 , 0, 0.2987875242397482
151 , 0 , 0, 0.2987875242397482
152 , 0 , 0, 0.2987875242397482
153 , 0 , 0, 0.2987875242397482
154 , 0 , 0, 0.2987875242397482
155 , 0 , 0, 0.2987875242397482
156 , 0 , 0, 0.2987875242397482
157 , 0 , 0, 0.2987875242397482
158 , 0 , 0, 0.2987875242397482
159 , 0 , 0, 0.2987875242397482
160 , 0 , 0, 0.2987875242397482
161 , 0 , 0, 0.2987875242397482
162 , 0 , 0, 0.2987875242397482
163 , 0 , 0, 0.2987875242397482
164 , 0 , 0, 0.2987875242397482
165 , 0 , 0, 0.2987875242397482
166 , 0 , 0, 0.2987875242397482
167 , 0 , 0, 0.2987875242397482
168 , 0 , 0, 0.2987875242397482
169 , 0 , 0, 0.2987875242397482
170 , 0 , 0, 0.2987875242397482
171 , 0 , 0, 0.2987875242397482
172 , 0 , 0, 0.2987875242397482
173 , 0 , 0, 0.2987875242397482
174 , 0 , 0, 0.2987875242397482
175 , 0 , 0, 0.2987875242397482
176 , 0 , 0, 0.2987875242397482
177 , 0 , 0, 0.2987875242397482
178 , 0 , 0, 0.2987875242397482
179 , 0 , 0, 0.2987875242397482
180 , 0 , 0, 0.2987875242397482
181 , 0 , 0, 0.2987875242397482
182 , 0 , 0, 0.2987875242397482
183 , 0 , 0, 0.2987875242397482
184 , 0 , 0, 0.2987875242397482
185 , 0 , 0, 0.2987875242397482
186 , 0 , 0, 0.2987875242397482
187 , 0 , 0, 0.2987875242397482
188 , 0 , 0, 0.2987875242397482
189 , 0 , 0, 0.2987875242397482
190 , 0 , 0, 0.2987875242397482
191 , 0 , 0, 0.2987875242397482
192 , 0 , 0, 0.2987875242397482
193 , 0 , 0, 0.2987875242397482
194 , 0 , 0, 0.2987875242397482
195 , 0 , 0, 0.2987875242397482
196 , 0 , 0, 0.2987875242397482
197 , 0 , 0, 0.2987875242397482
198 , 0 , 0, 0.2987875242397482
199 , 0 , 0, 0.2987875242397482
200 , 0 , 0, 0.2987875242397482
