1 , 0 , 0, 1.0
2 , 0 , 0, 1.0
3 , 0 , 0, 1.0
4 , 0 , 0, 1.0
5 , 0 , 0, 1.0
6 , 0 , 0, 0.995
7 , 0 , 0, 0.990025
8 , 0 , 0, 0.985074875
9 , 0 , 0, 0.9801495006250001
10 , 0 , 0, 0.9752487531218751
11 , 0 , 0, 0.9655206468094844
12 , 0 , 0, 0.9558895783575597
13 , 0 , 0, 0.9511101304657719
14 , 0 , 0, 0.946354579813443
15 , 0 , 0, 0.9369146928798039
16 , 0 , 0, 0.9322301194154049
17 , 0 , 0, 0.9275689688183278
18 , 0 , 0, 0.9229311239742362
19 , 0 , 0, 0.918316468354365
20 , 0 , 0, 0.8955869907338783
21 , 0 , 0, 0.8866535105013078
22 , 0 , 0, 0.8778091417340573
23 , 0 , 0, 0.8690529955452602
24 , 0 , 0, 0.8603841919146962
25 , 0 , 0, 0.8560822709551227
26 , 0 , 0, 0.851801859600347
27 , 0 , 0, 0.8183201210226743
28 , 0 , 0, 0.8020760579717637
29 , 0 , 0, 0.798065677681905
30 , 0 , 0, 0.7822236754458713
31 , 0 , 0, 0.7628626641409962
32 , 0 , 0, 0.7040696960536299
33 , 0 , 0, 0.6763948591909945
34 , 0 , 0, 0.6662995813682115
35 , 0 , 0, 0.6596532430440636
36 , 0 , 0, 0.6563549768288433
37 , 0 , 0, 0.6498078359349755
38 , 0 , 0, 0.6465587967553006
39 , 0 , 0, 0.6401093727576664
40 , 0 , 0, 0.6337242817644086
41 , 0 , 0, 0.6274028820538087
42 , 0 , 0, 0.5967292370047992
43 , 0 , 0, 0.5732736268885887
44 , 0 , 0, 0.567555222460375
45 , 0 , 0, 0.5507399854171277
46 , 0 , 0, 0.5398075216808175
47 , 0 , 0, 0.5344229416520513
48 , 0 , 0, 0.5057535983897912
49 , 0 , 0, 0.4982051627146237
50 , 0 , 0, 0.49571413690105054
51 , 0 , 0, 0.47622912292284103
52 , 0 , 0, 0.46677573701590436
53 , 0 , 0, 0.4417353564707963
54 , 0 , 0, 0.43732904629000013
55 , 0 , 0, 0.4351424010585501
56 , 0 , 0, 0.43080185560799106
57 , 0 , 0, 0.4286478463299511
58 , 0 , 0, 0.4222502236424958
59 , 0 , 0, 0.4180382776616619
60 , 0 , 0, 0.40565285250151817
61 , 0 , 0, 0.4036245882390106
62 , 0 , 0, 0.3995984329713264
63 , 0 , 0, 0.39561243860243744
64 , 0 , 0, 0.39166620452737816
65 , 0 , 0, 0.3877593341372176
66 , 0 , 0, 0.38389143477919885
67 , 0 , 0, 0.3800621177172763
68 , 0 , 0, 0.37627099809304654
69 , 0 , 0, 0.36880183088056995
70 , 0 , 0, 0.36512303261753626
71 , 0 , 0, 0.3632974174544486
72 , 0 , 0, 0.3596735257153405
73 , 0 , 0, 0.35608578229633
74 , 0 , 0, 0.35253382661792404
75 , 0 , 0, 0.34901730169741024
76 , 0 , 0, 0.3420891339682016
77 , 0 , 0, 0.3403786882983606
78 , 0 , 0, 0.3352984938281715
79 , 0 , 0, 0.32864265128599696
80 , 0 , 0, 0.3237376186352221
81 , 0 , 0, 0.3173112652388396
82 , 0 , 0, 0.31101247816653554
83 , 0 , 0, 0.30945741577570285
84 , 0 , 0, 0.3063705780533402
85 , 0 , 0, 0.3033145315372582
86 , 0 , 0, 0.3017979588795719
87 , 0 , 0, 0.2987875242397482
88 , 0 , 0, 0.2943280830920294
89 , 0 , 0, 0.2913921604631864
90 , 0 , 0, 0.2884855236625661
91 , 0 , 0, 0.285607880564032
92 , 0 , 0, 0.2827589419554058
93 , 0 , 0, 0.2799384215094006
94 , 0 , 0, 0.27853872940185365
95 , 0 , 0, 0.2757603055760701
96 , 0 , 0, 0.2662522686041882
97 , 0 , 0, 0.26359640222486147
98 , 0 , 0, 0.26227842021373715
99 , 0 , 0, 0.25966219297210513
100 , 0 , 0, 0.2532352299289372
101 , 0 , 0, 0.2494556624678441
102 , 0 , 0, 0.24820838415550486
103 , 0 , 0, 0.24696734223472733
104 , 0 , 0, 0.24328132378095624
105 , 0 , 0, 0.23965031961336
106 , 0 , 0, 0.23607350863684065
107 , 0 , 0, 0.23255008201124722
108 , 0 , 0, 0.2290792429684691
109 , 0 , 0, 0.22793384675362674
110 , 0 , 0, 0.22007483514733558
111 , 0 , 0, 0.2189744609715989
112 , 0 , 0, 0.21570623976979014
113 , 0 , 0, 0.21248679717794605
114 , 0 , 0, 0.20931540516921554
115 , 0 , 0, 0.20619134658263935
116 , 0 , 0, 0.2031139149609751
117 , 0 , 0, 0.2000824143909432
118 , 0 , 0, 0.19908200231898848
119 , 0 , 0, 0.19908200231898848
120 , 0 , 0, 0.19908200231898848
121 , 0 , 0, 0.19908200231898848
122 , 0 , 0, 0.19908200231898848
123 , 0 , 0, 0.19908200231898848
124 , 0 , 0, 0.19908200231898848
125 , 0 , 0, 0.19908200231898848
126 , 0 , 0, 0.19908200231898848
127 , 0 , 0, 0.19908200231898848
128 , 0 , 0, 0.19908200231898848
129 , 0 , 0, 0.19908200231898848
130 , 0 , 0, 0.19908200231898848
131 , 0 , 0, 0.19908200231898848
132 , 0 , 0, 0.19908200231898848
133 , 0 , 0, 0.19908200231898848
134 , 0 , 0, 0.19908200231898848
135 , 0 , 0, 0.19908200231898848
136 , 0 , 0, 0.19908200231898848
137 , 0 , 0, 0.19908200231898848
138 , 0 , 0, 0.19908200231898848
139 , 0 , 0, 0.19908200231898848
140 , 0 , 0, 0.19908200231898848
141 , 0 , 0, 0.19908200231898848
142 , 0 , 0, 0.19908200231898848
143 , 0 , 0, 0.19908200231898848
144 , 0 , 0, 0.19908200231898848
145 , 0 , 0, 0.19908200231898848
146 , 0 , 0, 0.19908200231898848
147 , 0 , 0, 0.19908200231898848
148 , 0 , 0, 0.19908200231898848
149 , 0 , 0, 0.19908200231898848
150 , 0 , 0, 0.19908200231898848
151 , 0 , 0, 0.19908200231898848
152 , 0 , 0, 0.19908200231898848
153 , 0 , 0, 0.19908200231898848
154 , 0 , 0, 0.19908200231898848
155 , 0 , 0, 0.19908200231898848
156 , 0 , 0, 0.19908200231898848
157 , 0 , 0, 0.19908200231898848
158 , 0 , 0, 0.19908200231898848
159 , 0 , 0, 0.19908200231898848
160 , 0 , 0, 0.19908200231898848
161 , 0 , 0, 0.19908200231898848
162 , 0 , 0, 0.19908200231898848
163 , 0 , 0, 0.19908200231898848
164 , 0 , 0, 0.19908200231898848
165 , 0 , 0, 0.19908200231898848
166 , 0 , 0, 0.19908200231898848
167 , 0 , 0, 0.19908200231898848
168 , 0 , 0, 0.19908200231898848
169 , 0 , 0, 0.19908200231898848
170 , 0 , 0, 0.19908200231898848
171 , 0 , 0, 0.19908200231898848
172 , 0 , 0, 0.19908200231898848
173 , 0 , 0, 0.19908200231898848
174 , 0 , 0, 0.19908200231898848
175 , 0 , 0, 0.19908200231898848
176 , 0 , 0, 0.19908200231898848
177 , 0 , 0, 0.19908200231898848
178 , 0 , 0, 0.19908200231898848
179 , 0 , 0, 0.19908200231898848
180 , 0 , 0, 0.19908200231898848
181 , 0 , 0, 0.19908200231898848
182 , 0 , 0, 0.19908200231898848
183 , 0 , 0, 0.19908200231898848
184 , 0 , 0, 0.19908200231898848
185 , 0 , 0, 0.19908200231898848
186 , 0 , 0, 0.19908200231898848
187 , 0 , 0, 0.19908200231898848
188 , 0 , 0, 0.19908200231898848
189 , 0 , 0, 0.19908200231898848
190 , 0 , 0, 0.19908200231898848
191 , 0 , 0, 0.19908200231898848
192 , 0 , 0, 0.19908200231898848
193 , 0 , 0, 0.19908200231898848
194 , 0 , 0, 0.19908200231898848
195 , 0 , 0, 0.19908200231898848
196 , 0 , 0, 0.19908200231898848
197 , 0 , 0, 0.19908200231898848
198 , 0 , 0, 0.19908200231898848
199 , 0 , 0, 0.19908200231898848
200 , 0 , 0, 0.19908200231898848
