0, 8.0, 8, 8.0, 0.1
1, 16.0, 8, 8.0, 0.1
2, 24.0, 8, 8.0, 0.1
3, 32.0, 8, 8.0, 0.1
4, 40.0, 8, 8.0, 0.1
5, 48.0, 8, 8.0, 0.1
6, 56.0, 8, 8.0, 0.1
7, 64.0, 8, 8.0, 0.1
8, 72.0, 8, 8.0, 0.1
9, 80.0, 8, 8.0, 0.1
10, 88.0, 8, 8.0, 0.1
11, 96.0, 8, 8.0, 0.1
12, 104.0, 8, 8.0, 0.1
13, 112.0, 8, 8.0, 0.1
14, 120.0, 8, 8.0, 0.1
15, 128.0, 8, 8.0, 0.1
16, 136.0, 8, 8.0, 0.1
17, 144.0, 8, 8.0, 0.1
18, 152.0, 8, 8.0, 0.1
19, 160.0, 8, 8.0, 0.1
20, 168.0, 8, 8.0, 0.1
21, 176.0, 8, 8.0, 0.1
22, 184.0, 8, 8.0, 0.1
23, 192.0, 8, 8.0, 0.1
24, 200.0, 8, 8.0, 0.1
25, 208.0, 8, 8.0, 0.1
26, 216.0, 8, 8.0, 0.1
27, 224.0, 8, 8.0, 0.1
28, 232.0, 8, 8.0, 0.1
29, 240.0, 8, 8.0, 0.1
30, 248.0, 8, 8.0, 0.1
31, 256.0, 8, 8.0, 0.1
32, 264.0, 8, 8.0, 0.1
33, 272.0, 8, 8.0, 0.1
34, 280.0, 8, 8.0, 0.1
35, 288.0, 8, 8.0, 0.1
36, 296.0, 8, 8.0, 0.1
37, 304.0, 8, 8.0, 0.1
38, 312.0, 8, 8.0, 0.1
39, 320.0, 8, 8.0, 0.1
40, 328.0, 8, 8.0, 0.1
41, 336.0, 8, 8.0, 0.1
42, 344.0, 8, 8.0, 0.1
43, 352.0, 8, 8.0, 0.1
44, 360.0, 8, 8.0, 0.1
45, 368.0, 8, 8.0, 0.1
46, 376.0, 8, 8.0, 0.1
47, 384.0, 8, 8.0, 0.1
48, 392.0, 8, 8.0, 0.1
49, 400.0, 8, 8.0, 0.1
50, 408.0, 8, 8.0, 0.1
51, 416.0, 8, 8.0, 0.1
52, 424.0, 8, 8.0, 0.1
53, 432.0, 8, 8.0, 0.1
54, 440.0, 8, 8.0, 0.1
55, 448.0, 8, 8.0, 0.1
56, 456.0, 8, 8.0, 0.1
57, 464.0, 8, 8.0, 0.1
58, 472.0, 8, 8.0, 0.1
59, 480.0, 8, 8.0, 0.1
60, 488.0, 8, 8.0, 0.1
61, 496.0, 8, 8.0, 0.1
62, 504.0, 8, 8.0, 0.1
63, 512.0, 8, 8.0, 0.1
64, 520.0, 8, 8.0, 0.1
65, 528.0, 8, 8.0, 0.1
66, 536.0, 8, 8.0, 0.1
67, 544.0, 8, 8.0, 0.1
68, 552.0, 8, 8.0, 0.1
69, 560.0, 8, 8.0, 0.1
70, 568.0, 8, 8.0, 0.1
71, 576.0, 8, 8.0, 0.1
72, 584.0, 8, 8.0, 0.1
73, 592.0, 8, 8.0, 0.1
74, 600.0, 8, 8.0, 0.1
75, 608.0, 8, 8.0, 0.1
76, 616.0, 8, 8.0, 0.1
77, 624.0, 8, 8.0, 0.1
78, 632.0, 8, 8.0, 0.1
79, 640.0, 8, 8.0, 0.1
80, 648.0, 8, 8.0, 0.1
81, 656.0, 8, 8.0, 0.1
82, 664.0, 8, 8.0, 0.1
83, 672.0, 8, 8.0, 0.1
84, 680.0, 8, 8.0, 0.1
85, 688.0, 8, 8.0, 0.1
86, 696.0, 8, 8.0, 0.1
87, 704.0, 8, 8.0, 0.1
88, 712.0, 8, 8.0, 0.1
89, 720.0, 8, 8.0, 0.1
90, 728.0, 8, 8.0, 0.1
91, 736.0, 8, 8.0, 0.1
92, 744.0, 8, 8.0, 0.1
93, 752.0, 8, 8.0, 0.1
94, 760.0, 8, 8.0, 0.1
95, 768.0, 8, 8.0, 0.1
96, 776.0, 8, 8.0, 0.1
97, 784.0, 8, 8.0, 0.1
98, 792.0, 8, 8.0, 0.1
99, 800.0, 8, 8.0, 0.1
100, 808.0, 8, 8.0, 0.1
101, 816.0, 8, 8.0, 0.1
102, 824.0, 8, 8.0, 0.1
103, 832.0, 8, 8.0, 0.1
104, 840.0, 8, 8.0, 0.1
105, 848.0, 8, 8.0, 0.1
106, 856.0, 8, 8.0, 0.1
107, 864.0, 8, 8.0, 0.1
108, 872.0, 8, 8.0, 0.1
109, 880.0, 8, 8.0, 0.1
110, 888.0, 8, 8.0, 0.1
111, 896.0, 8, 8.0, 0.1
112, 904.0, 8, 8.0, 0.1
113, 912.0, 8, 8.0, 0.1
114, 919.0, 7, 7.991304347826087, 0.1
115, 927.0, 8, 7.991379310344827, 0.1
116, 934.0, 7, 7.982905982905983, 0.1
117, 941.0, 7, 7.97457627118644, 0.1
118, 949.0, 8, 7.974789915966387, 0.1
119, 956.0, 7, 7.966666666666667, 0.1
120, 964.0, 8, 7.966942148760331, 0.1
121, 969.0, 5, 7.942622950819672, 0.1
122, 976.0, 7, 7.934959349593496, 0.1
123, 982.0, 6, 7.919354838709677, 0.1
124, 989.0, 7, 7.912, 0.1
125, 997.0, 8, 7.912698412698413, 0.1
126, 1003.0, 6, 7.897637795275591, 0.1
127, 1008.0, 5, 7.875, 0.1
128, 1016.0, 8, 7.875968992248062, 0.1
129, 1024.0, 8, 7.876923076923077, 0.1
130, 1032.0, 8, 7.877862595419847, 0.1
131, 1039.0, 7, 7.871212121212121, 0.1
132, 1047.0, 8, 7.87218045112782, 0.1
133, 1055.0, 8, 7.873134328358209, 0.1
134, 1063.0, 8, 7.874074074074074, 0.1
135, 1070.0, 7, 7.867647058823529, 0.1
136, 1078.0, 8, 7.868613138686132, 0.1
137, 1086.0, 8, 7.869565217391305, 0.1
138, 1094.0, 8, 7.870503597122302, 0.1
139, 1102.0, 8, 7.871428571428571, 0.1
140, 1110.0, 8, 7.872340425531915, 0.1
141, 1116.0, 6, 7.859154929577465, 0.1
142, 1123.0, 7, 7.853146853146853, 0.1
143, 1131.0, 8, 7.854166666666667, 0.1
144, 1137.0, 6, 7.841379310344828, 0.1
145, 1145.0, 8, 7.842465753424658, 0.1
146, 1152.0, 7, 7.836734693877551, 0.1
147, 1160.0, 8, 7.837837837837838, 0.1
148, 1162.0, 2, 7.798657718120805, 0.1
149, 1168.0, 6, 7.786666666666667, 0.1
150, 1176.0, 8, 7.788079470198675, 0.1
151, 1184.0, 8, 7.7894736842105265, 0.1
152, 1192.0, 8, 7.790849673202614, 0.1
153, 1198.0, 6, 7.779220779220779, 0.1
154, 1206.0, 8, 7.780645161290322, 0.1
155, 1213.0, 7, 7.7756410256410255, 0.1
156, 1221.0, 8, 7.777070063694268, 0.1
157, 1225.0, 4, 7.753164556962025, 0.1
158, 1233.0, 8, 7.754716981132075, 0.1
159, 1239.0, 6, 7.74375, 0.1
160, 1246.0, 7, 7.739130434782608, 0.1
161, 1254.0, 8, 7.7407407407407405, 0.1
162, 1259.0, 5, 7.723926380368098, 0.1
163, 1266.0, 7, 7.719512195121951, 0.1
164, 1272.0, 6, 7.709090909090909, 0.1
165, 1280.0, 8, 7.710843373493976, 0.1
166, 1286.0, 6, 7.700598802395209, 0.1
167, 1294.0, 8, 7.7023809523809526, 0.1
168, 1302.0, 8, 7.704142011834319, 0.1
169, 1309.0, 7, 7.7, 0.1
170, 1316.0, 7, 7.695906432748538, 0.1
171, 1324.0, 8, 7.6976744186046515, 0.1
172, 1332.0, 8, 7.699421965317919, 0.1
173, 1338.0, 6, 7.689655172413793, 0.1
174, 1346.0, 8, 7.691428571428571, 0.1
175, 1353.0, 7, 7.6875, 0.1
176, 1360.0, 7, 7.68361581920904, 0.1
177, 1367.0, 7, 7.679775280898877, 0.1
178, 1374.0, 7, 7.675977653631285, 0.1
179, 1382.0, 8, 7.677777777777778, 0.1
180, 1389.0, 7, 7.6740331491712706, 0.1
181, 1397.0, 8, 7.675824175824176, 0.1
182, 1405.0, 8, 7.6775956284153, 0.1
183, 1412.0, 7, 7.673913043478261, 0.1
184, 1420.0, 8, 7.675675675675675, 0.1
185, 1428.0, 8, 7.67741935483871, 0.1
186, 1434.0, 6, 7.668449197860962, 0.1
187, 1441.0, 7, 7.664893617021277, 0.1
188, 1447.0, 6, 7.656084656084656, 0.1
189, 1454.0, 7, 7.652631578947369, 0.1
190, 1459.0, 5, 7.638743455497382, 0.1
191, 1467.0, 8, 7.640625, 0.1
192, 1475.0, 8, 7.642487046632124, 0.1
193, 1483.0, 8, 7.644329896907217, 0.1
194, 1490.0, 7, 7.641025641025641, 0.1
195, 1490.0, 0, 7.6020408163265305, 0.1
196, 1498.0, 8, 7.604060913705584, 0.1
197, 1506.0, 8, 7.606060606060606, 0.1
198, 1513.0, 7, 7.603015075376884, 0.1
199, 1520.0, 7, 7.6, 0.1
200, 1528.0, 8, 7.601990049751244, 0.1
201, 1536.0, 8, 7.603960396039604, 0.1
202, 1543.0, 7, 7.600985221674877, 0.1
203, 1549.0, 6, 7.5931372549019605, 0.1
204, 1557.0, 8, 7.595121951219512, 0.1
205, 1565.0, 8, 7.597087378640777, 0.1
206, 1570.0, 5, 7.584541062801932, 0.1
207, 1576.0, 6, 7.576923076923077, 0.1
208, 1584.0, 8, 7.578947368421052, 0.1
209, 1591.0, 7, 7.576190476190476, 0.1
210, 1597.0, 6, 7.568720379146919, 0.1
211, 1603.0, 6, 7.561320754716981, 0.1
212, 1610.0, 7, 7.55868544600939, 0.1
213, 1616.0, 6, 7.5514018691588785, 0.1
214, 1622.0, 6, 7.544186046511628, 0.1
215, 1630.0, 8, 7.546296296296297, 0.1
216, 1636.0, 6, 7.539170506912442, 0.1
217, 1642.0, 6, 7.532110091743119, 0.1
218, 1650.0, 8, 7.534246575342466, 0.1
219, 1657.0, 7, 7.531818181818182, 0.1
220, 1665.0, 8, 7.53393665158371, 0.1
221, 1671.0, 6, 7.527027027027027, 0.1
222, 1679.0, 8, 7.5291479820627805, 0.1
223, 1685.0, 6, 7.522321428571429, 0.1
224, 1693.0, 8, 7.524444444444445, 0.1
225, 1701.0, 8, 7.5265486725663715, 0.1
226, 1708.0, 7, 7.524229074889868, 0.1
227, 1716.0, 8, 7.526315789473684, 0.1
228, 1722.0, 6, 7.5196506550218345, 0.1
229, 1728.0, 6, 7.51304347826087, 0.1
230, 1735.0, 7, 7.510822510822511, 0.1
231, 1743.0, 8, 7.512931034482759, 0.1
232, 1748.0, 5, 7.502145922746781, 0.1
233, 1748.0, 0, 7.47008547008547, 0.1
234, 1756.0, 8, 7.472340425531915, 0.1
235, 1764.0, 8, 7.47457627118644, 0.1
236, 1771.0, 7, 7.472573839662447, 0.1
237, 1777.0, 6, 7.466386554621849, 0.1
238, 1784.0, 7, 7.464435146443515, 0.1
239, 1791.0, 7, 7.4625, 0.1
240, 1798.0, 7, 7.460580912863071, 0.1
241, 1803.0, 5, 7.450413223140496, 0.1
242, 1809.0, 6, 7.444444444444445, 0.1
243, 1816.0, 7, 7.442622950819672, 0.1
244, 1822.0, 6, 7.436734693877551, 0.1
245, 1829.0, 7, 7.434959349593496, 0.1
246, 1836.0, 7, 7.433198380566802, 0.1
247, 1844.0, 8, 7.435483870967742, 0.1
248, 1850.0, 6, 7.429718875502008, 0.1
249, 1858.0, 8, 7.432, 0.1
250, 1866.0, 8, 7.434262948207171, 0.1
251, 1874.0, 8, 7.436507936507937, 0.1
252, 1881.0, 7, 7.434782608695652, 0.1
253, 1888.0, 7, 7.433070866141732, 0.1
254, 1895.0, 7, 7.431372549019608, 0.1
255, 1901.0, 6, 7.42578125, 0.1
256, 1908.0, 7, 7.424124513618677, 0.1
257, 1914.0, 6, 7.4186046511627906, 0.1
258, 1922.0, 8, 7.420849420849421, 0.1
259, 1929.0, 7, 7.4192307692307695, 0.1
260, 1936.0, 7, 7.417624521072797, 0.1
261, 1944.0, 8, 7.419847328244275, 0.1
262, 1952.0, 8, 7.422053231939164, 0.1
263, 1958.0, 6, 7.416666666666667, 0.1
264, 1966.0, 8, 7.418867924528302, 0.1
265, 1972.0, 6, 7.413533834586466, 0.1
266, 1978.0, 6, 7.408239700374532, 0.1
267, 1986.0, 8, 7.41044776119403, 0.1
268, 1993.0, 7, 7.408921933085502, 0.1
269, 2000.0, 7, 7.407407407407407, 0.1
270, 2005.0, 5, 7.398523985239852, 0.1
271, 2012.0, 7, 7.397058823529412, 0.1
272, 2018.0, 6, 7.391941391941392, 0.1
273, 2025.0, 7, 7.390510948905109, 0.1
274, 2033.0, 8, 7.392727272727273, 0.1
275, 2033.0, 0, 7.365942028985507, 0.1
276, 2040.0, 7, 7.364620938628159, 0.1
277, 2047.0, 7, 7.363309352517986, 0.1
278, 2055.0, 8, 7.365591397849462, 0.1
279, 2062.0, 7, 7.364285714285714, 0.1
280, 2064.0, 2, 7.345195729537367, 0.1
281, 2072.0, 8, 7.347517730496454, 0.1
282, 2080.0, 8, 7.34982332155477, 0.1
283, 2088.0, 8, 7.352112676056338, 0.1
284, 2095.0, 7, 7.350877192982456, 0.1
285, 2101.0, 6, 7.346153846153846, 0.1
286, 2108.0, 7, 7.344947735191638, 0.1
287, 2116.0, 8, 7.347222222222222, 0.1
288, 2123.0, 7, 7.346020761245675, 0.1
289, 2129.0, 6, 7.341379310344828, 0.1
290, 2137.0, 8, 7.3436426116838485, 0.1
291, 2144.0, 7, 7.342465753424658, 0.1
292, 2152.0, 8, 7.3447098976109215, 0.1
293, 2159.0, 7, 7.343537414965986, 0.1
294, 2163.0, 4, 7.332203389830508, 0.1
295, 2169.0, 6, 7.327702702702703, 0.1
296, 2176.0, 7, 7.326599326599327, 0.1
297, 2183.0, 7, 7.325503355704698, 0.1
298, 2191.0, 8, 7.327759197324415, 0.1
299, 2199.0, 8, 7.33, 0.1
300, 2206.0, 7, 7.32890365448505, 0.1
301, 2214.0, 8, 7.33112582781457, 0.1
302, 2220.0, 6, 7.326732673267327, 0.1
303, 2226.0, 6, 7.322368421052632, 0.1
304, 2234.0, 8, 7.324590163934427, 0.1
305, 2241.0, 7, 7.323529411764706, 0.1
306, 2249.0, 8, 7.3257328990228014, 0.1
307, 2256.0, 7, 7.324675324675325, 0.1
308, 2260.0, 4, 7.313915857605178, 0.1
309, 2264.0, 4, 7.303225806451613, 0.1
310, 2272.0, 8, 7.305466237942122, 0.1
311, 2280.0, 8, 7.3076923076923075, 0.1
312, 2287.0, 7, 7.306709265175719, 0.1
313, 2295.0, 8, 7.308917197452229, 0.1
314, 2303.0, 8, 7.311111111111111, 0.1
315, 2311.0, 8, 7.313291139240507, 0.1
316, 2318.0, 7, 7.312302839116719, 0.1
317, 2325.0, 7, 7.311320754716981, 0.1
318, 2326.0, 1, 7.29153605015674, 0.1
319, 2327.0, 1, 7.271875, 0.1
320, 2335.0, 8, 7.274143302180685, 0.1
321, 2342.0, 7, 7.273291925465839, 0.1
322, 2348.0, 6, 7.269349845201238, 0.1
323, 2356.0, 8, 7.271604938271605, 0.1
324, 2364.0, 8, 7.273846153846153, 0.1
325, 2371.0, 7, 7.273006134969325, 0.1
326, 2378.0, 7, 7.27217125382263, 0.1
327, 2383.0, 5, 7.265243902439025, 0.1
328, 2391.0, 8, 7.267477203647417, 0.1
329, 2399.0, 8, 7.2696969696969695, 0.1
330, 2406.0, 7, 7.268882175226586, 0.1
331, 2411.0, 5, 7.2620481927710845, 0.1
332, 2419.0, 8, 7.2642642642642645, 0.1
333, 2427.0, 8, 7.266467065868263, 0.1
334, 2434.0, 7, 7.2656716417910445, 0.1
335, 2436.0, 2, 7.25, 0.1
336, 2443.0, 7, 7.249258160237389, 0.1
337, 2450.0, 7, 7.2485207100591715, 0.1
338, 2457.0, 7, 7.247787610619469, 0.1
339, 2465.0, 8, 7.25, 0.1
340, 2471.0, 6, 7.24633431085044, 0.1
341, 2479.0, 8, 7.248538011695906, 0.1
342, 2487.0, 8, 7.2507288629737605, 0.1
343, 2494.0, 7, 7.25, 0.1
344, 2500.0, 6, 7.246376811594203, 0.1
345, 2507.0, 7, 7.245664739884393, 0.1
346, 2509.0, 2, 7.230547550432276, 0.1
347, 2516.0, 7, 7.2298850574712645, 0.1
348, 2524.0, 8, 7.232091690544412, 0.1
349, 2530.0, 6, 7.228571428571429, 0.1
350, 2538.0, 8, 7.230769230769231, 0.1
351, 2543.0, 5, 7.224431818181818, 0.1
352, 2549.0, 6, 7.220963172804533, 0.1
353, 2557.0, 8, 7.22316384180791, 0.1
354, 2561.0, 4, 7.214084507042253, 0.1
355, 2569.0, 8, 7.216292134831461, 0.1
356, 2577.0, 8, 7.218487394957983, 0.1
357, 2584.0, 7, 7.217877094972067, 0.1
358, 2592.0, 8, 7.220055710306407, 0.1
359, 2600.0, 8, 7.222222222222222, 0.1
360, 2608.0, 8, 7.224376731301939, 0.1
361, 2616.0, 8, 7.226519337016574, 0.1
362, 2623.0, 7, 7.225895316804408, 0.1
363, 2629.0, 6, 7.222527472527473, 0.1
364, 2636.0, 7, 7.221917808219178, 0.1
365, 2641.0, 5, 7.215846994535519, 0.1
366, 2649.0, 8, 7.217983651226158, 0.1
367, 2656.0, 7, 7.217391304347826, 0.1
368, 2663.0, 7, 7.2168021680216805, 0.1
369, 2671.0, 8, 7.218918918918919, 0.1
370, 2678.0, 7, 7.218328840970351, 0.1
371, 2685.0, 7, 7.217741935483871, 0.1
372, 2692.0, 7, 7.2171581769437, 0.1
373, 2700.0, 8, 7.219251336898396, 0.1
374, 2708.0, 8, 7.221333333333333, 0.1
375, 2716.0, 8, 7.223404255319149, 0.1
376, 2724.0, 8, 7.225464190981432, 0.1
377, 2732.0, 8, 7.227513227513228, 0.1
378, 2739.0, 7, 7.226912928759894, 0.1
379, 2744.0, 5, 7.221052631578948, 0.1
380, 2749.0, 5, 7.215223097112861, 0.1
381, 2756.0, 7, 7.214659685863874, 0.1
382, 2756.0, 0, 7.195822454308094, 0.1
383, 2763.0, 7, 7.1953125, 0.1
384, 2771.0, 8, 7.197402597402597, 0.1
385, 2779.0, 8, 7.199481865284974, 0.1
386, 2787.0, 8, 7.2015503875969, 0.1
387, 2792.0, 5, 7.195876288659794, 0.1
388, 2799.0, 7, 7.195372750642673, 0.1
389, 2806.0, 7, 7.194871794871795, 0.1
390, 2814.0, 8, 7.19693094629156, 0.1
391, 2821.0, 7, 7.196428571428571, 0.1
392, 2829.0, 8, 7.198473282442748, 0.1
393, 2832.0, 3, 7.187817258883249, 0.1
394, 2839.0, 7, 7.187341772151899, 0.1
395, 2845.0, 6, 7.184343434343434, 0.1
396, 2852.0, 7, 7.183879093198993, 0.1
397, 2853.0, 1, 7.168341708542713, 0.1
398, 2859.0, 6, 7.165413533834586, 0.1
399, 2866.0, 7, 7.165, 0.1
400, 2874.0, 8, 7.167082294264339, 0.1
401, 2878.0, 4, 7.159203980099503, 0.1
402, 2885.0, 7, 7.158808933002481, 0.1
403, 2892.0, 7, 7.158415841584159, 0.1
404, 2900.0, 8, 7.160493827160494, 0.1
405, 2900.0, 0, 7.142857142857143, 0.1
406, 2908.0, 8, 7.144963144963145, 0.1
407, 2915.0, 7, 7.144607843137255, 0.1
408, 2923.0, 8, 7.146699266503667, 0.1
409, 2931.0, 8, 7.148780487804878, 0.1
410, 2932.0, 1, 7.133819951338199, 0.1
411, 2940.0, 8, 7.135922330097087, 0.1
412, 2948.0, 8, 7.138014527845036, 0.1
413, 2956.0, 8, 7.140096618357488, 0.1
414, 2962.0, 6, 7.137349397590361, 0.1
415, 2968.0, 6, 7.134615384615385, 0.1
416, 2975.0, 7, 7.134292565947242, 0.1
417, 2981.0, 6, 7.131578947368421, 0.1
418, 2989.0, 8, 7.133651551312649, 0.1
419, 2997.0, 8, 7.135714285714286, 0.1
420, 3004.0, 7, 7.135391923990499, 0.1
421, 3012.0, 8, 7.137440758293839, 0.1
422, 3019.0, 7, 7.137115839243499, 0.1
423, 3025.0, 6, 7.134433962264151, 0.1
424, 3031.0, 6, 7.131764705882353, 0.1
425, 3039.0, 8, 7.133802816901408, 0.1
426, 3045.0, 6, 7.131147540983607, 0.1
427, 3050.0, 5, 7.126168224299065, 0.1
428, 3056.0, 6, 7.123543123543124, 0.1
429, 3062.0, 6, 7.120930232558139, 0.1
430, 3070.0, 8, 7.122969837587007, 0.1
431, 3078.0, 8, 7.125, 0.1
432, 3086.0, 8, 7.1270207852194, 0.1
433, 3093.0, 7, 7.126728110599078, 0.1
434, 3100.0, 7, 7.126436781609195, 0.1
435, 3107.0, 7, 7.126146788990826, 0.1
436, 3114.0, 7, 7.125858123569794, 0.1
437, 3120.0, 6, 7.123287671232877, 0.1
438, 3128.0, 8, 7.125284738041002, 0.1
439, 3135.0, 7, 7.125, 0.1
440, 3143.0, 8, 7.126984126984127, 0.1
441, 3150.0, 7, 7.126696832579186, 0.1
442, 3158.0, 8, 7.128668171557562, 0.1
443, 3166.0, 8, 7.13063063063063, 0.1
444, 3173.0, 7, 7.130337078651685, 0.1
445, 3181.0, 8, 7.132286995515695, 0.1
446, 3189.0, 8, 7.134228187919463, 0.1
447, 3197.0, 8, 7.136160714285714, 0.1
448, 3204.0, 7, 7.135857461024499, 0.1
449, 3211.0, 7, 7.135555555555555, 0.1
450, 3219.0, 8, 7.137472283813747, 0.1
451, 3227.0, 8, 7.139380530973451, 0.1
452, 3234.0, 7, 7.139072847682119, 0.1
453, 3241.0, 7, 7.138766519823789, 0.1
454, 3248.0, 7, 7.138461538461539, 0.1
455, 3255.0, 7, 7.1381578947368425, 0.1
456, 3261.0, 6, 7.135667396061269, 0.1
457, 3269.0, 8, 7.137554585152839, 0.1
458, 3276.0, 7, 7.137254901960785, 0.1
459, 3283.0, 7, 7.136956521739131, 0.1
460, 3291.0, 8, 7.13882863340564, 0.1
461, 3297.0, 6, 7.136363636363637, 0.1
462, 3305.0, 8, 7.138228941684665, 0.1
463, 3313.0, 8, 7.140086206896552, 0.1
464, 3316.0, 3, 7.131182795698924, 0.1
465, 3324.0, 8, 7.133047210300429, 0.1
466, 3331.0, 7, 7.132762312633833, 0.1
467, 3337.0, 6, 7.130341880341881, 0.1
468, 3345.0, 8, 7.132196162046908, 0.1
469, 3353.0, 8, 7.134042553191489, 0.1
470, 3360.0, 7, 7.13375796178344, 0.1
471, 3367.0, 7, 7.133474576271187, 0.1
472, 3375.0, 8, 7.135306553911205, 0.1
473, 3382.0, 7, 7.135021097046414, 0.1
474, 3382.0, 0, 7.12, 0.1
475, 3389.0, 7, 7.119747899159663, 0.1
476, 3397.0, 8, 7.121593291404612, 0.1
477, 3405.0, 8, 7.123430962343096, 0.1
478, 3411.0, 6, 7.1210855949895615, 0.1
479, 3418.0, 7, 7.120833333333334, 0.1
480, 3418.0, 0, 7.106029106029106, 0.1
481, 3425.0, 7, 7.105809128630705, 0.1
482, 3433.0, 8, 7.107660455486543, 0.1
483, 3441.0, 8, 7.109504132231405, 0.1
484, 3449.0, 8, 7.111340206185567, 0.1
485, 3454.0, 5, 7.106995884773663, 0.1
486, 3462.0, 8, 7.108829568788501, 0.1
487, 3470.0, 8, 7.110655737704918, 0.1
488, 3476.0, 6, 7.10838445807771, 0.1
489, 3483.0, 7, 7.108163265306122, 0.1
490, 3485.0, 2, 7.097759674134419, 0.1
491, 3493.0, 8, 7.099593495934959, 0.1
492, 3500.0, 7, 7.099391480730223, 0.1
493, 3501.0, 1, 7.087044534412955, 0.1
494, 3505.0, 4, 7.08080808080808, 0.1
495, 3508.0, 3, 7.07258064516129, 0.1
496, 3508.0, 0, 7.058350100603621, 0.1
497, 3515.0, 7, 7.0582329317269075, 0.1
498, 3521.0, 6, 7.056112224448897, 0.1
499, 3528.0, 7, 7.056, 0.1
500, 3535.0, 7, 7.055888223552894, 0.1
501, 3538.0, 3, 7.047808764940239, 0.1
502, 3538.0, 0, 7.033797216699801, 0.1
503, 3546.0, 8, 7.035714285714286, 0.1
504, 3554.0, 8, 7.037623762376238, 0.1
505, 3560.0, 6, 7.0355731225296445, 0.1
506, 3568.0, 8, 7.037475345167653, 0.1
507, 3575.0, 7, 7.03740157480315, 0.1
508, 3583.0, 8, 7.039292730844794, 0.1
509, 3589.0, 6, 7.037254901960784, 0.1
510, 3597.0, 8, 7.039138943248532, 0.1
511, 3605.0, 8, 7.041015625, 0.1
512, 3611.0, 6, 7.038986354775829, 0.1
513, 3619.0, 8, 7.0408560311284045, 0.1
514, 3625.0, 6, 7.038834951456311, 0.1
515, 3631.0, 6, 7.036821705426356, 0.1
516, 3639.0, 8, 7.038684719535784, 0.1
517, 3647.0, 8, 7.04054054054054, 0.1
518, 3654.0, 7, 7.040462427745664, 0.1
519, 3662.0, 8, 7.042307692307692, 0.1
520, 3669.0, 7, 7.042226487523992, 0.1
521, 3673.0, 4, 7.03639846743295, 0.1
522, 3680.0, 7, 7.036328871892925, 0.1
523, 3687.0, 7, 7.036259541984733, 0.1
524, 3695.0, 8, 7.038095238095238, 0.1
525, 3701.0, 6, 7.0361216730038025, 0.1
526, 3708.0, 7, 7.036053130929791, 0.1
527, 3716.0, 8, 7.037878787878788, 0.1
528, 3723.0, 7, 7.03780718336484, 0.1
529, 3723.0, 0, 7.024528301886792, 0.1
530, 3730.0, 7, 7.024482109227872, 0.1
531, 3737.0, 7, 7.024436090225564, 0.1
532, 3744.0, 7, 7.024390243902439, 0.1
533, 3746.0, 2, 7.01498127340824, 0.1
534, 3750.0, 4, 7.009345794392523, 0.1
535, 3757.0, 7, 7.009328358208955, 0.1
536, 3765.0, 8, 7.011173184357542, 0.1
537, 3770.0, 5, 7.007434944237918, 0.1
538, 3777.0, 7, 7.007421150278293, 0.1
539, 3785.0, 8, 7.0092592592592595, 0.1
540, 3793.0, 8, 7.011090573012939, 0.1
541, 3797.0, 4, 7.0055350553505535, 0.1
542, 3803.0, 6, 7.003683241252302, 0.1
543, 3811.0, 8, 7.005514705882353, 0.1
544, 3819.0, 8, 7.007339449541284, 0.1
545, 3826.0, 7, 7.007326007326007, 0.1
546, 3834.0, 8, 7.009140767824498, 0.1
547, 3841.0, 7, 7.009124087591241, 0.1
548, 3849.0, 8, 7.0109289617486334, 0.1
549, 3856.0, 7, 7.010909090909091, 0.1
550, 3864.0, 8, 7.012704174228675, 0.1
551, 3872.0, 8, 7.0144927536231885, 0.1
552, 3879.0, 7, 7.014466546112116, 0.1
553, 3887.0, 8, 7.016245487364621, 0.1
554, 3894.0, 7, 7.0162162162162165, 0.1
555, 3901.0, 7, 7.016187050359712, 0.1
556, 3905.0, 4, 7.010771992818672, 0.1
557, 3910.0, 5, 7.007168458781362, 0.1
558, 3916.0, 6, 7.005366726296959, 0.1
559, 3922.0, 6, 7.003571428571429, 0.1
560, 3929.0, 7, 7.003565062388592, 0.1
561, 3937.0, 8, 7.005338078291815, 0.1
562, 3944.0, 7, 7.005328596802842, 0.1
563, 3952.0, 8, 7.00709219858156, 0.1
564, 3960.0, 8, 7.008849557522124, 0.1
565, 3968.0, 8, 7.010600706713781, 0.1
566, 3976.0, 8, 7.012345679012346, 0.1
567, 3983.0, 7, 7.012323943661972, 0.1
568, 3990.0, 7, 7.012302284710017, 0.1
569, 3998.0, 8, 7.014035087719298, 0.1
570, 4004.0, 6, 7.012259194395797, 0.1
571, 4010.0, 6, 7.010489510489511, 0.1
572, 4018.0, 8, 7.012216404886562, 0.1
573, 4025.0, 7, 7.012195121951219, 0.1
574, 4029.0, 4, 7.006956521739131, 0.1
575, 4037.0, 8, 7.008680555555555, 0.1
576, 4044.0, 7, 7.008665511265165, 0.1
577, 4051.0, 7, 7.008650519031142, 0.1
578, 4059.0, 8, 7.010362694300518, 0.1
579, 4065.0, 6, 7.008620689655173, 0.1
580, 4071.0, 6, 7.006884681583477, 0.1
581, 4077.0, 6, 7.005154639175258, 0.1
582, 4084.0, 7, 7.005145797598628, 0.1
583, 4092.0, 8, 7.006849315068493, 0.1
584, 4100.0, 8, 7.0085470085470085, 0.1
585, 4106.0, 6, 7.006825938566553, 0.1
586, 4114.0, 8, 7.008517887563884, 0.1
587, 4121.0, 7, 7.008503401360544, 0.1
588, 4127.0, 6, 7.006791171477079, 0.1
589, 4135.0, 8, 7.008474576271187, 0.1
590, 4143.0, 8, 7.01015228426396, 0.1
591, 4149.0, 6, 7.008445945945946, 0.1
592, 4156.0, 7, 7.008431703204047, 0.1
593, 4162.0, 6, 7.006734006734007, 0.1
594, 4169.0, 7, 7.00672268907563, 0.1
595, 4177.0, 8, 7.008389261744966, 0.1
596, 4185.0, 8, 7.010050251256281, 0.1
597, 4192.0, 7, 7.010033444816053, 0.1
598, 4196.0, 4, 7.005008347245409, 0.1
599, 4203.0, 7, 7.005, 0.1
600, 4210.0, 7, 7.004991680532446, 0.1
601, 4217.0, 7, 7.004983388704319, 0.1
602, 4225.0, 8, 7.006633499170813, 0.1
603, 4233.0, 8, 7.008278145695364, 0.1
604, 4237.0, 4, 7.003305785123967, 0.1
605, 4245.0, 8, 7.0049504950495045, 0.1
606, 4253.0, 8, 7.00658978583196, 0.1
607, 4261.0, 8, 7.0082236842105265, 0.1
608, 4269.0, 8, 7.009852216748769, 0.1
609, 4275.0, 6, 7.008196721311475, 0.1
610, 4283.0, 8, 7.009819967266775, 0.1
611, 4290.0, 7, 7.009803921568627, 0.1
612, 4295.0, 5, 7.006525285481239, 0.1
613, 4301.0, 6, 7.004885993485342, 0.1
614, 4309.0, 8, 7.006504065040651, 0.1
615, 4316.0, 7, 7.0064935064935066, 0.1
616, 4323.0, 7, 7.006482982171799, 0.1
617, 4330.0, 7, 7.006472491909385, 0.1
618, 4337.0, 7, 7.006462035541196, 0.1
619, 4344.0, 7, 7.006451612903226, 0.1
620, 4352.0, 8, 7.00805152979066, 0.1
621, 4359.0, 7, 7.008038585209003, 0.1
622, 4360.0, 1, 6.998394863563403, 0.1
623, 4365.0, 5, 6.9951923076923075, 0.1
624, 4372.0, 7, 6.9952, 0.1
625, 4378.0, 6, 6.993610223642173, 0.1
626, 4384.0, 6, 6.992025518341308, 0.1
627, 4392.0, 8, 6.993630573248407, 0.1
628, 4399.0, 7, 6.993640699523053, 0.1
629, 4399.0, 0, 6.982539682539683, 0.1
630, 4406.0, 7, 6.98256735340729, 0.1
631, 4413.0, 7, 6.9825949367088604, 0.1
632, 4417.0, 4, 6.977883096366509, 0.1
633, 4425.0, 8, 6.979495268138801, 0.1
634, 4431.0, 6, 6.977952755905512, 0.1
635, 4437.0, 6, 6.976415094339623, 0.1
636, 4444.0, 7, 6.976452119309262, 0.1
637, 4451.0, 7, 6.976489028213166, 0.1
638, 4457.0, 6, 6.974960876369327, 0.1
639, 4457.0, 0, 6.9640625, 0.1
640, 4464.0, 7, 6.96411856474259, 0.1
641, 4471.0, 7, 6.964174454828661, 0.1
642, 4478.0, 7, 6.964230171073095, 0.1
643, 4486.0, 8, 6.96583850931677, 0.1
644, 4494.0, 8, 6.967441860465116, 0.1
645, 4502.0, 8, 6.969040247678018, 0.1
646, 4510.0, 8, 6.97063369397218, 0.1
647, 4515.0, 5, 6.967592592592593, 0.1
648, 4523.0, 8, 6.969183359013868, 0.1
649, 4525.0, 2, 6.961538461538462, 0.1
650, 4529.0, 4, 6.956989247311828, 0.1
651, 4537.0, 8, 6.958588957055214, 0.1
652, 4543.0, 6, 6.957120980091884, 0.1
653, 4545.0, 2, 6.9495412844036695, 0.1
654, 4553.0, 8, 6.9511450381679385, 0.1
655, 4561.0, 8, 6.952743902439025, 0.1
656, 4568.0, 7, 6.952815829528158, 0.1
657, 4575.0, 7, 6.952887537993921, 0.1
658, 4582.0, 7, 6.952959028831563, 0.1
659, 4587.0, 5, 6.95, 0.1
660, 4595.0, 8, 6.951588502269289, 0.1
661, 4602.0, 7, 6.95166163141994, 0.1
662, 4608.0, 6, 6.950226244343892, 0.1
663, 4615.0, 7, 6.950301204819277, 0.1
664, 4622.0, 7, 6.950375939849624, 0.1
665, 4628.0, 6, 6.948948948948949, 0.1
666, 4635.0, 7, 6.949025487256372, 0.1
667, 4643.0, 8, 6.950598802395209, 0.1
668, 4650.0, 7, 6.95067264573991, 0.1
669, 4658.0, 8, 6.95223880597015, 0.1
670, 4664.0, 6, 6.950819672131147, 0.1
671, 4672.0, 8, 6.9523809523809526, 0.1
672, 4679.0, 7, 6.952451708766716, 0.1
673, 4686.0, 7, 6.9525222551928785, 0.1
674, 4693.0, 7, 6.952592592592593, 0.1
675, 4701.0, 8, 6.954142011834319, 0.1
676, 4709.0, 8, 6.955686853766617, 0.1
677, 4714.0, 5, 6.952802359882006, 0.1
678, 4721.0, 7, 6.952871870397644, 0.1
679, 4727.0, 6, 6.951470588235294, 0.1
680, 4735.0, 8, 6.953010279001468, 0.1
681, 4742.0, 7, 6.9530791788856305, 0.1
682, 4748.0, 6, 6.951683748169839, 0.1
683, 4756.0, 8, 6.953216374269005, 0.1
684, 4764.0, 8, 6.954744525547445, 0.1
685, 4770.0, 6, 6.9533527696793005, 0.1
686, 4776.0, 6, 6.951965065502184, 0.1
687, 4784.0, 8, 6.953488372093023, 0.1
688, 4791.0, 7, 6.95355587808418, 0.1
689, 4798.0, 7, 6.953623188405797, 0.1
690, 4806.0, 8, 6.955137481910275, 0.1
691, 4812.0, 6, 6.953757225433526, 0.1
692, 4818.0, 6, 6.9523809523809526, 0.1
693, 4826.0, 8, 6.953890489913545, 0.1
694, 4828.0, 2, 6.946762589928057, 0.1
695, 4834.0, 6, 6.945402298850575, 0.1
696, 4842.0, 8, 6.946915351506457, 0.1
697, 4847.0, 5, 6.944126074498567, 0.1
698, 4855.0, 8, 6.945636623748212, 0.1
699, 4857.0, 2, 6.938571428571429, 0.1
700, 4863.0, 6, 6.937232524964337, 0.1
701, 4869.0, 6, 6.935897435897436, 0.1
702, 4875.0, 6, 6.934566145092461, 0.1
703, 4875.0, 0, 6.924715909090909, 0.1
704, 4883.0, 8, 6.926241134751773, 0.1
705, 4891.0, 8, 6.927762039660057, 0.1
706, 4898.0, 7, 6.927864214992928, 0.1
707, 4906.0, 8, 6.929378531073446, 0.1
708, 4914.0, 8, 6.930888575458392, 0.1
709, 4920.0, 6, 6.929577464788732, 0.1
710, 4928.0, 8, 6.931082981715893, 0.1
711, 4935.0, 7, 6.931179775280899, 0.1
712, 4942.0, 7, 6.931276297335203, 0.1
713, 4949.0, 7, 6.931372549019608, 0.1
714, 4956.0, 7, 6.931468531468531, 0.1
715, 4962.0, 6, 6.930167597765363, 0.1
716, 4969.0, 7, 6.9302649930264995, 0.1
717, 4975.0, 6, 6.928969359331476, 0.1
718, 4983.0, 8, 6.930458970792768, 0.1
719, 4991.0, 8, 6.9319444444444445, 0.1
720, 4992.0, 1, 6.923717059639389, 0.1
721, 4999.0, 7, 6.923822714681441, 0.1
722, 5007.0, 8, 6.925311203319502, 0.1
723, 5014.0, 7, 6.925414364640884, 0.1
724, 5022.0, 8, 6.926896551724138, 0.1
725, 5029.0, 7, 6.926997245179064, 0.1
726, 5035.0, 6, 6.925722145804677, 0.1
727, 5041.0, 6, 6.924450549450549, 0.1
728, 5049.0, 8, 6.925925925925926, 0.1
729, 5057.0, 8, 6.927397260273972, 0.1
730, 5063.0, 6, 6.926128590971272, 0.1
731, 5063.0, 0, 6.916666666666667, 0.1
732, 5071.0, 8, 6.918144611186903, 0.1
733, 5077.0, 6, 6.916893732970027, 0.1
734, 5085.0, 8, 6.918367346938775, 0.1
735, 5091.0, 6, 6.917119565217392, 0.1
736, 5098.0, 7, 6.9172320217096335, 0.1
737, 5106.0, 8, 6.91869918699187, 0.1
738, 5109.0, 3, 6.913396481732071, 0.1
739, 5115.0, 6, 6.912162162162162, 0.1
740, 5122.0, 7, 6.912280701754386, 0.1
741, 5129.0, 7, 6.912398921832884, 0.1
742, 5135.0, 6, 6.9111709286675636, 0.1
743, 5142.0, 7, 6.911290322580645, 0.1
744, 5149.0, 7, 6.911409395973155, 0.1
745, 5157.0, 8, 6.912868632707775, 0.1
746, 5165.0, 8, 6.914323962516733, 0.1
747, 5172.0, 7, 6.9144385026737964, 0.1
748, 5174.0, 2, 6.907877169559413, 0.1
749, 5180.0, 6, 6.906666666666666, 0.1
750, 5187.0, 7, 6.906790945406125, 0.1
751, 5194.0, 7, 6.906914893617022, 0.1
752, 5202.0, 8, 6.908366533864542, 0.1
753, 5210.0, 8, 6.909814323607427, 0.1
754, 5218.0, 8, 6.911258278145695, 0.1
755, 5223.0, 5, 6.908730158730159, 0.1
756, 5231.0, 8, 6.9101717305151915, 0.1
757, 5237.0, 6, 6.908970976253298, 0.1
758, 5245.0, 8, 6.9104084321475625, 0.1
759, 5253.0, 8, 6.911842105263158, 0.1
760, 5258.0, 5, 6.909329829172142, 0.1
761, 5265.0, 7, 6.909448818897638, 0.1
762, 5273.0, 8, 6.910878112712975, 0.1
763, 5276.0, 3, 6.9057591623036645, 0.1
764, 5284.0, 8, 6.9071895424836605, 0.1
765, 5292.0, 8, 6.908616187989556, 0.1
766, 5295.0, 3, 6.903520208604954, 0.1
767, 5303.0, 8, 6.904947916666667, 0.1
768, 5311.0, 8, 6.906371911573472, 0.1
769, 5319.0, 8, 6.907792207792208, 0.1
770, 5325.0, 6, 6.906614785992218, 0.1
771, 5331.0, 6, 6.905440414507772, 0.1
772, 5337.0, 6, 6.904269081500646, 0.1
773, 5341.0, 4, 6.9005167958656335, 0.1
774, 5344.0, 3, 6.895483870967742, 0.1
775, 5351.0, 7, 6.895618556701031, 0.1
776, 5352.0, 1, 6.888030888030888, 0.1
777, 5360.0, 8, 6.889460154241645, 0.1
778, 5365.0, 5, 6.887034659820283, 0.1
779, 5370.0, 5, 6.884615384615385, 0.1
780, 5378.0, 8, 6.886043533930858, 0.1
781, 5385.0, 7, 6.8861892583120206, 0.1
782, 5392.0, 7, 6.886334610472542, 0.1
783, 5400.0, 8, 6.887755102040816, 0.1
784, 5407.0, 7, 6.8878980891719745, 0.1
785, 5415.0, 8, 6.8893129770992365, 0.1
786, 5422.0, 7, 6.889453621346887, 0.1
787, 5430.0, 8, 6.8908629441624365, 0.1
788, 5437.0, 7, 6.891001267427123, 0.1
789, 5445.0, 8, 6.8924050632911396, 0.1
790, 5453.0, 8, 6.893805309734513, 0.1
791, 5461.0, 8, 6.89520202020202, 0.1
792, 5469.0, 8, 6.896595208070618, 0.1
793, 5475.0, 6, 6.895465994962216, 0.1
794, 5479.0, 4, 6.891823899371069, 0.1
795, 5487.0, 8, 6.89321608040201, 0.1
796, 5495.0, 8, 6.894604767879549, 0.1
797, 5503.0, 8, 6.8959899749373434, 0.1
798, 5509.0, 6, 6.894868585732165, 0.1
799, 5517.0, 8, 6.89625, 0.1
800, 5524.0, 7, 6.896379525593009, 0.1
801, 5531.0, 7, 6.896508728179551, 0.1
802, 5539.0, 8, 6.897882938978829, 0.1
803, 5543.0, 4, 6.894278606965174, 0.1
804, 5543.0, 0, 6.885714285714286, 0.1
805, 5545.0, 2, 6.879652605459057, 0.1
806, 5551.0, 6, 6.878562577447336, 0.1
807, 5557.0, 6, 6.877475247524752, 0.1
808, 5563.0, 6, 6.876390605686032, 0.1
809, 5570.0, 7, 6.8765432098765435, 0.1
810, 5577.0, 7, 6.876695437731196, 0.1
811, 5585.0, 8, 6.87807881773399, 0.1
812, 5592.0, 7, 6.878228782287823, 0.1
813, 5600.0, 8, 6.87960687960688, 0.1
814, 5606.0, 6, 6.8785276073619634, 0.1
815, 5614.0, 8, 6.879901960784314, 0.1
816, 5614.0, 0, 6.871481028151774, 0.1
817, 5621.0, 7, 6.871638141809291, 0.1
818, 5628.0, 7, 6.871794871794871, 0.1
819, 5631.0, 3, 6.867073170731707, 0.1
820, 5632.0, 1, 6.859926918392205, 0.1
821, 5639.0, 7, 6.860097323600973, 0.1
822, 5646.0, 7, 6.860267314702309, 0.1
823, 5646.0, 0, 6.851941747572815, 0.1
824, 5653.0, 7, 6.8521212121212125, 0.1
825, 5656.0, 3, 6.8474576271186445, 0.1
826, 5659.0, 3, 6.842805320435309, 0.1
827, 5665.0, 6, 6.841787439613527, 0.1
828, 5666.0, 1, 6.8347406513872135, 0.1
829, 5674.0, 8, 6.836144578313253, 0.1
830, 5680.0, 6, 6.835138387484958, 0.1
831, 5686.0, 6, 6.834134615384615, 0.1
832, 5693.0, 7, 6.834333733493398, 0.1
833, 5699.0, 6, 6.833333333333333, 0.1
834, 5705.0, 6, 6.832335329341317, 0.1
835, 5711.0, 6, 6.83133971291866, 0.1
836, 5719.0, 8, 6.83273596176822, 0.1
837, 5725.0, 6, 6.8317422434367545, 0.1
838, 5732.0, 7, 6.8319427890345645, 0.1
839, 5737.0, 5, 6.829761904761905, 0.1
840, 5745.0, 8, 6.83115338882283, 0.1
841, 5751.0, 6, 6.830166270783848, 0.1
842, 5758.0, 7, 6.8303677342823255, 0.1
843, 5766.0, 8, 6.831753554502369, 0.1
844, 5772.0, 6, 6.8307692307692305, 0.1
845, 5778.0, 6, 6.829787234042553, 0.1
846, 5786.0, 8, 6.8311688311688314, 0.1
847, 5794.0, 8, 6.8325471698113205, 0.1
848, 5802.0, 8, 6.833922261484099, 0.1
849, 5807.0, 5, 6.831764705882353, 0.1
850, 5815.0, 8, 6.833137485311398, 0.1
851, 5821.0, 6, 6.832159624413146, 0.1
852, 5824.0, 3, 6.827667057444314, 0.1
853, 5831.0, 7, 6.827868852459017, 0.1
854, 5838.0, 7, 6.828070175438596, 0.1
855, 5846.0, 8, 6.829439252336448, 0.1
856, 5851.0, 5, 6.82730455075846, 0.1
857, 5855.0, 4, 6.824009324009324, 0.1
858, 5863.0, 8, 6.825378346915017, 0.1
859, 5871.0, 8, 6.826744186046511, 0.1
860, 5878.0, 7, 6.826945412311266, 0.1
861, 5886.0, 8, 6.82830626450116, 0.1
862, 5894.0, 8, 6.829663962920046, 0.1
863, 5901.0, 7, 6.829861111111111, 0.1
864, 5908.0, 7, 6.8300578034682085, 0.1
865, 5908.0, 0, 6.822170900692841, 0.1
866, 5911.0, 3, 6.817762399077278, 0.1
867, 5917.0, 6, 6.816820276497696, 0.1
868, 5925.0, 8, 6.818181818181818, 0.1
869, 5932.0, 7, 6.818390804597701, 0.1
870, 5940.0, 8, 6.819747416762342, 0.1
871, 5946.0, 6, 6.818807339449541, 0.1
872, 5947.0, 1, 6.812142038946162, 0.1
873, 5955.0, 8, 6.81350114416476, 0.1
874, 5960.0, 5, 6.811428571428571, 0.1
875, 5968.0, 8, 6.812785388127854, 0.1
876, 5976.0, 8, 6.814139110604333, 0.1
877, 5984.0, 8, 6.815489749430524, 0.1
878, 5992.0, 8, 6.81683731513083, 0.1
879, 6000.0, 8, 6.818181818181818, 0.1
880, 6007.0, 7, 6.81838819523269, 0.1
881, 6008.0, 1, 6.811791383219955, 0.1
882, 6015.0, 7, 6.812004530011325, 0.1
883, 6018.0, 3, 6.8076923076923075, 0.1
884, 6024.0, 6, 6.806779661016949, 0.1
885, 6028.0, 4, 6.803611738148984, 0.1
886, 6034.0, 6, 6.802705749718151, 0.1
887, 6042.0, 8, 6.804054054054054, 0.1
888, 6048.0, 6, 6.803149606299213, 0.1
889, 6055.0, 7, 6.803370786516854, 0.1
890, 6063.0, 8, 6.8047138047138045, 0.1
891, 6070.0, 7, 6.804932735426009, 0.1
892, 6070.0, 0, 6.797312430011198, 0.1
893, 6078.0, 8, 6.798657718120805, 0.1
894, 6086.0, 8, 6.8, 0.1
895, 6092.0, 6, 6.799107142857143, 0.1
896, 6095.0, 3, 6.794871794871795, 0.1
897, 6102.0, 7, 6.795100222717149, 0.1
898, 6109.0, 7, 6.795328142380423, 0.1
899, 6113.0, 4, 6.792222222222223, 0.1
900, 6120.0, 7, 6.7924528301886795, 0.1
901, 6126.0, 6, 6.791574279379158, 0.1
902, 6132.0, 6, 6.790697674418604, 0.1
903, 6135.0, 3, 6.786504424778761, 0.1
904, 6143.0, 8, 6.787845303867403, 0.1
905, 6151.0, 8, 6.789183222958058, 0.1
906, 6154.0, 3, 6.785005512679162, 0.1
907, 6161.0, 7, 6.785242290748899, 0.1
908, 6168.0, 7, 6.785478547854786, 0.1
909, 6172.0, 4, 6.782417582417582, 0.1
910, 6179.0, 7, 6.782656421514819, 0.1
911, 6179.0, 0, 6.775219298245614, 0.1
912, 6186.0, 7, 6.775465498357065, 0.1
913, 6194.0, 8, 6.776805251641138, 0.1
914, 6201.0, 7, 6.777049180327869, 0.1
915, 6202.0, 1, 6.770742358078603, 0.1
916, 6207.0, 5, 6.768811341330426, 0.1
917, 6214.0, 7, 6.769063180827887, 0.1
918, 6222.0, 8, 6.770402611534276, 0.1
919, 6230.0, 8, 6.771739130434782, 0.1
920, 6238.0, 8, 6.773072747014115, 0.1
921, 6245.0, 7, 6.773318872017353, 0.1
922, 6247.0, 2, 6.768147345612134, 0.1
923, 6254.0, 7, 6.768398268398268, 0.1
924, 6261.0, 7, 6.768648648648648, 0.1
925, 6269.0, 8, 6.769978401727862, 0.1
926, 6277.0, 8, 6.771305285868393, 0.1
927, 6284.0, 7, 6.771551724137931, 0.1
928, 6291.0, 7, 6.771797631862217, 0.1
929, 6299.0, 8, 6.773118279569893, 0.1
930, 6306.0, 7, 6.773361976369495, 0.1
931, 6313.0, 7, 6.773605150214593, 0.1
932, 6321.0, 8, 6.77491961414791, 0.1
933, 6328.0, 7, 6.775160599571734, 0.1
934, 6335.0, 7, 6.775401069518717, 0.1
935, 6343.0, 8, 6.776709401709402, 0.1
936, 6349.0, 6, 6.775880469583778, 0.1
937, 6357.0, 8, 6.777185501066098, 0.1
938, 6364.0, 7, 6.777422790202343, 0.1
939, 6368.0, 4, 6.774468085106383, 0.1
940, 6376.0, 8, 6.7757704569606805, 0.1
941, 6383.0, 7, 6.7760084925690025, 0.1
942, 6390.0, 7, 6.776246023329798, 0.1
943, 6398.0, 8, 6.7775423728813555, 0.1
944, 6406.0, 8, 6.778835978835978, 0.1
945, 6414.0, 8, 6.780126849894292, 0.1
946, 6420.0, 6, 6.779303062302007, 0.1
947, 6427.0, 7, 6.779535864978903, 0.1
948, 6433.0, 6, 6.778714436248682, 0.1
949, 6433.0, 0, 6.771578947368421, 0.1
950, 6438.0, 5, 6.769716088328075, 0.1
951, 6438.0, 0, 6.762605042016807, 0.1
952, 6446.0, 8, 6.763903462749213, 0.1
953, 6452.0, 6, 6.763102725366877, 0.1
954, 6455.0, 3, 6.7591623036649215, 0.1
955, 6462.0, 7, 6.7594142259414225, 0.1
956, 6465.0, 3, 6.755485893416928, 0.1
957, 6473.0, 8, 6.75678496868476, 0.1
958, 6480.0, 7, 6.7570385818561, 0.1
959, 6488.0, 8, 6.758333333333334, 0.1
960, 6494.0, 6, 6.757544224765869, 0.1
961, 6501.0, 7, 6.757796257796258, 0.1
962, 6508.0, 7, 6.7580477673935615, 0.1
963, 6516.0, 8, 6.759336099585062, 0.1
964, 6522.0, 6, 6.758549222797927, 0.1
965, 6530.0, 8, 6.75983436853002, 0.1
966, 6535.0, 5, 6.758014477766287, 0.1
967, 6542.0, 7, 6.758264462809917, 0.1
968, 6548.0, 6, 6.757481940144479, 0.1
969, 6556.0, 8, 6.758762886597938, 0.1
970, 6563.0, 7, 6.759011328527292, 0.1
971, 6568.0, 5, 6.757201646090535, 0.1
972, 6575.0, 7, 6.757451181911613, 0.1
973, 6583.0, 8, 6.7587268993839835, 0.1
974, 6586.0, 3, 6.754871794871795, 0.1
975, 6593.0, 7, 6.755122950819672, 0.1
976, 6595.0, 2, 6.750255885363357, 0.1
977, 6597.0, 2, 6.745398773006135, 0.1
978, 6604.0, 7, 6.745658835546476, 0.1
979, 6609.0, 5, 6.743877551020408, 0.1
980, 6615.0, 6, 6.743119266055046, 0.1
981, 6622.0, 7, 6.743380855397149, 0.1
982, 6628.0, 6, 6.742624618514751, 0.1
983, 6635.0, 7, 6.742886178861789, 0.1
984, 6642.0, 7, 6.743147208121828, 0.1
985, 6650.0, 8, 6.744421906693712, 0.1
986, 6657.0, 7, 6.74468085106383, 0.1
987, 6665.0, 8, 6.745951417004049, 0.1
988, 6672.0, 7, 6.746208291203236, 0.1
989, 6680.0, 8, 6.747474747474747, 0.1
990, 6685.0, 5, 6.745711402623613, 0.1
991, 6693.0, 8, 6.746975806451613, 0.1
992, 6700.0, 7, 6.747230614300101, 0.1
993, 6708.0, 8, 6.748490945674044, 0.1
994, 6716.0, 8, 6.749748743718593, 0.1
995, 6723.0, 7, 6.75, 0.1
996, 6723.0, 0, 6.743229689067202, 0.1
997, 6731.0, 8, 6.744488977955911, 0.1
998, 6738.0, 7, 6.744744744744745, 0.1
999, 6745.0, 7, 6.745, 0.1
1000, 6750.0, 5, 6.743256743256743, 0.1
1001, 6751.0, 1, 6.7375249500998, 0.1
1002, 6757.0, 6, 6.73678963110668, 0.1
1003, 6765.0, 8, 6.73804780876494, 0.1
1004, 6771.0, 6, 6.737313432835821, 0.1
1005, 6778.0, 7, 6.737574552683896, 0.1
1006, 6785.0, 7, 6.737835153922542, 0.1
1007, 6787.0, 2, 6.733134920634921, 0.1
1008, 6795.0, 8, 6.734390485629336, 0.1
1009, 6802.0, 7, 6.734653465346534, 0.1
1010, 6807.0, 5, 6.732937685459941, 0.1
1011, 6814.0, 7, 6.733201581027668, 0.1
1012, 6821.0, 7, 6.733464955577492, 0.1
1013, 6829.0, 8, 6.734714003944773, 0.1
1014, 6837.0, 8, 6.735960591133005, 0.1
1015, 6844.0, 7, 6.7362204724409445, 0.1
1016, 6849.0, 5, 6.734513274336283, 0.1
1017, 6852.0, 3, 6.730844793713163, 0.1
1018, 6860.0, 8, 6.732090284592738, 0.1
1019, 6868.0, 8, 6.733333333333333, 0.1
1020, 6872.0, 4, 6.730656219392753, 0.1
1021, 6879.0, 7, 6.73091976516634, 0.1
1022, 6887.0, 8, 6.732160312805474, 0.1
1023, 6895.0, 8, 6.7333984375, 0.1
1024, 6903.0, 8, 6.734634146341463, 0.1
1025, 6907.0, 4, 6.73196881091618, 0.1
1026, 6915.0, 8, 6.733203505355404, 0.1
1027, 6923.0, 8, 6.73443579766537, 0.1
1028, 6928.0, 5, 6.7327502429543244, 0.1
1029, 6935.0, 7, 6.733009708737864, 0.1
1030, 6935.0, 0, 6.726479146459748, 0.1
1031, 6943.0, 8, 6.727713178294573, 0.1
1032, 6949.0, 6, 6.7270087124878994, 0.1
1033, 6956.0, 7, 6.7272727272727275, 0.1
1034, 6962.0, 6, 6.726570048309179, 0.1
1035, 6970.0, 8, 6.727799227799228, 0.1
1036, 6978.0, 8, 6.729026036644166, 0.1
1037, 6986.0, 8, 6.730250481695569, 0.1
1038, 6992.0, 6, 6.729547641963427, 0.1
1039, 6999.0, 7, 6.729807692307692, 0.1
1040, 7005.0, 6, 6.729106628242075, 0.1
1041, 7013.0, 8, 6.730326295585413, 0.1
1042, 7021.0, 8, 6.731543624161074, 0.1
1043, 7028.0, 7, 6.731800766283525, 0.1
1044, 7034.0, 6, 6.7311004784689, 0.1
1045, 7040.0, 6, 6.730401529636711, 0.1
1046, 7048.0, 8, 6.7316141356255965, 0.1
1047, 7055.0, 7, 6.731870229007634, 0.1
1048, 7061.0, 6, 6.73117254528122, 0.1
1049, 7069.0, 8, 6.732380952380953, 0.1
1050, 7075.0, 6, 6.731684110371075, 0.1
1051, 7077.0, 2, 6.727186311787072, 0.1
1052, 7083.0, 6, 6.726495726495727, 0.1
1053, 7090.0, 7, 6.726755218216319, 0.1
1054, 7097.0, 7, 6.7270142180094785, 0.1
1055, 7104.0, 7, 6.7272727272727275, 0.1
1056, 7109.0, 5, 6.725638599810785, 0.1
1057, 7116.0, 7, 6.725897920604915, 0.1
1058, 7123.0, 7, 6.7261567516525025, 0.1
1059, 7130.0, 7, 6.726415094339623, 0.1
1060, 7138.0, 8, 6.727615457115928, 0.1
1061, 7146.0, 8, 6.728813559322034, 0.1
1062, 7151.0, 5, 6.727187206020696, 0.1
1063, 7158.0, 7, 6.727443609022556, 0.1
1064, 7166.0, 8, 6.728638497652582, 0.1
1065, 7174.0, 8, 6.729831144465291, 0.1
1066, 7180.0, 6, 6.7291471415182755, 0.1
1067, 7187.0, 7, 6.729400749063671, 0.1
1068, 7195.0, 8, 6.730589335827877, 0.1
1069, 7201.0, 6, 6.729906542056074, 0.1
1070, 7202.0, 1, 6.724556489262372, 0.1
1071, 7205.0, 3, 6.7210820895522385, 0.1
1072, 7213.0, 8, 6.7222739981360675, 0.1
1073, 7220.0, 7, 6.722532588454376, 0.1
1074, 7227.0, 7, 6.7227906976744185, 0.1
1075, 7234.0, 7, 6.723048327137547, 0.1
1076, 7242.0, 8, 6.724233983286908, 0.1
1077, 7248.0, 6, 6.723562152133581, 0.1
1078, 7256.0, 8, 6.724745134383689, 0.1
1079, 7263.0, 7, 6.725, 0.1
1080, 7264.0, 1, 6.719703977798335, 0.1
1081, 7271.0, 7, 6.7199630314232905, 0.1
1082, 7279.0, 8, 6.721144967682364, 0.1
1083, 7285.0, 6, 6.720479704797048, 0.1
1084, 7293.0, 8, 6.7216589861751155, 0.1
1085, 7301.0, 8, 6.722836095764273, 0.1
1086, 7306.0, 5, 6.721251149954002, 0.1
1087, 7306.0, 0, 6.7150735294117645, 0.1
1088, 7313.0, 7, 6.715335169880625, 0.1
1089, 7320.0, 7, 6.715596330275229, 0.1
1090, 7328.0, 8, 6.716773602199817, 0.1
1091, 7335.0, 7, 6.717032967032967, 0.1
1092, 7340.0, 5, 6.7154620311070445, 0.1
1093, 7344.0, 4, 6.712979890310786, 0.1
1094, 7344.0, 0, 6.706849315068493, 0.1
1095, 7351.0, 7, 6.7071167883211675, 0.1
1096, 7352.0, 1, 6.701914311759344, 0.1
1097, 7359.0, 7, 6.702185792349726, 0.1
1098, 7360.0, 1, 6.696997270245678, 0.1
1099, 7366.0, 6, 6.696363636363636, 0.1
1100, 7373.0, 7, 6.696639418710263, 0.1
1101, 7378.0, 5, 6.695099818511797, 0.1
1102, 7378.0, 0, 6.689029918404351, 0.1
1103, 7381.0, 3, 6.6856884057971016, 0.1
1104, 7385.0, 4, 6.683257918552036, 0.1
1105, 7392.0, 7, 6.6835443037974684, 0.1
1106, 7400.0, 8, 6.684733514001807, 0.1
1107, 7408.0, 8, 6.6859205776173285, 0.1
1108, 7415.0, 7, 6.686203787195672, 0.1
1109, 7423.0, 8, 6.687387387387387, 0.1
1110, 7431.0, 8, 6.688568856885689, 0.1
1111, 7439.0, 8, 6.6897482014388485, 0.1
1112, 7443.0, 4, 6.6873315363881405, 0.1
1113, 7449.0, 6, 6.686714542190305, 0.1
1114, 7456.0, 7, 6.686995515695068, 0.1
1115, 7464.0, 8, 6.688172043010753, 0.1
1116, 7464.0, 0, 6.68218442256043, 0.1
1117, 7464.0, 0, 6.6762075134168155, 0.1
1118, 7470.0, 6, 6.6756032171581765, 0.1
1119, 7477.0, 7, 6.675892857142857, 0.1
1120, 7478.0, 1, 6.670829616413916, 0.1
1121, 7478.0, 0, 6.664884135472371, 0.1
1122, 7484.0, 6, 6.6642920747996435, 0.1
1123, 7492.0, 8, 6.665480427046264, 0.1
1124, 7499.0, 7, 6.665777777777778, 0.1
1125, 7506.0, 7, 6.666074600355239, 0.1
1126, 7511.0, 5, 6.6645962732919255, 0.1
1127, 7517.0, 6, 6.664007092198582, 0.1
1128, 7525.0, 8, 6.6651904340124, 0.1
1129, 7531.0, 6, 6.6646017699115045, 0.1
1130, 7539.0, 8, 6.665782493368701, 0.1
1131, 7545.0, 6, 6.665194346289753, 0.1
1132, 7552.0, 7, 6.665489849955869, 0.1
1133, 7552.0, 0, 6.659611992945326, 0.1
1134, 7558.0, 6, 6.659030837004405, 0.1
1135, 7566.0, 8, 6.660211267605634, 0.1
1136, 7573.0, 7, 6.660510114335972, 0.1
1137, 7580.0, 7, 6.660808435852372, 0.1
1138, 7588.0, 8, 6.66198419666374, 0.1
1139, 7593.0, 5, 6.660526315789474, 0.1
1140, 7601.0, 8, 6.661700262927257, 0.1
1141, 7609.0, 8, 6.662872154115587, 0.1
1142, 7616.0, 7, 6.663167104111986, 0.1
1143, 7623.0, 7, 6.663461538461538, 0.1
1144, 7630.0, 7, 6.663755458515284, 0.1
1145, 7637.0, 7, 6.664048865619546, 0.1
1146, 7645.0, 8, 6.665213600697472, 0.1
1147, 7651.0, 6, 6.664634146341464, 0.1
1148, 7658.0, 7, 6.664926022628372, 0.1
1149, 7664.0, 6, 6.664347826086956, 0.1
1150, 7665.0, 1, 6.659426585577759, 0.1
1151, 7668.0, 3, 6.65625, 0.1
1152, 7669.0, 1, 6.651344319167389, 0.1
1153, 7675.0, 6, 6.650779896013865, 0.1
1154, 7683.0, 8, 6.651948051948052, 0.1
1155, 7690.0, 7, 6.6522491349480966, 0.1
1156, 7691.0, 1, 6.647363872082973, 0.1
1157, 7698.0, 7, 6.647668393782383, 0.1
1158, 7705.0, 7, 6.647972389991372, 0.1
1159, 7713.0, 8, 6.649137931034483, 0.1
1160, 7719.0, 6, 6.648578811369509, 0.1
1161, 7727.0, 8, 6.6497418244406195, 0.1
1162, 7734.0, 7, 6.650042992261393, 0.1
1163, 7741.0, 7, 6.650343642611684, 0.1
1164, 7749.0, 8, 6.651502145922747, 0.1
1165, 7757.0, 8, 6.652658662092624, 0.1
1166, 7765.0, 8, 6.653813196229649, 0.1
1167, 7765.0, 0, 6.648116438356165, 0.1
1168, 7769.0, 4, 6.645851154833191, 0.1
1169, 7775.0, 6, 6.645299145299146, 0.1
1170, 7782.0, 7, 6.645602049530316, 0.1
1171, 7789.0, 7, 6.645904436860068, 0.1
1172, 7795.0, 6, 6.64535379369139, 0.1
1173, 7795.0, 0, 6.6396933560477, 0.1
1174, 7802.0, 7, 6.64, 0.1
1175, 7808.0, 6, 6.639455782312925, 0.1
1176, 7816.0, 8, 6.6406117247238745, 0.1
1177, 7824.0, 8, 6.64176570458404, 0.1
1178, 7831.0, 7, 6.642069550466497, 0.1
1179, 7834.0, 3, 6.638983050847457, 0.1
1180, 7842.0, 8, 6.640135478408129, 0.1
1181, 7844.0, 2, 6.636209813874789, 0.1
1182, 7851.0, 7, 6.636517328825021, 0.1
1183, 7858.0, 7, 6.636824324324325, 0.1
1184, 7866.0, 8, 6.637974683544304, 0.1
1185, 7874.0, 8, 6.639123102866779, 0.1
1186, 7880.0, 6, 6.638584667228307, 0.1
1187, 7887.0, 7, 6.638888888888889, 0.1
1188, 7888.0, 1, 6.634146341463414, 0.1
1189, 7894.0, 6, 6.633613445378152, 0.1
1190, 7901.0, 7, 6.6339210747271204, 0.1
1191, 7906.0, 5, 6.632550335570469, 0.1
1192, 7912.0, 6, 6.632020117351216, 0.1
1193, 7917.0, 5, 6.630653266331659, 0.1
1194, 7924.0, 7, 6.630962343096234, 0.1
1195, 7931.0, 7, 6.631270903010034, 0.1
1196, 7936.0, 5, 6.629908103592314, 0.1
1197, 7944.0, 8, 6.631051752921536, 0.1
1198, 7951.0, 7, 6.631359466221851, 0.1
1199, 7957.0, 6, 6.630833333333333, 0.1
1200, 7958.0, 1, 6.626144879267278, 0.1
1201, 7958.0, 0, 6.62063227953411, 0.1
1202, 7964.0, 6, 6.620116375727348, 0.1
1203, 7970.0, 6, 6.619601328903655, 0.1
1204, 7975.0, 5, 6.618257261410788, 0.1
1205, 7981.0, 6, 6.617744610281924, 0.1
1206, 7988.0, 7, 6.618061309030654, 0.1
1207, 7990.0, 2, 6.614238410596027, 0.1
1208, 7992.0, 2, 6.610421836228288, 0.1
1209, 8000.0, 8, 6.6115702479338845, 0.1
1210, 8000.0, 0, 6.6061106523534265, 0.1
1211, 8007.0, 7, 6.606435643564357, 0.1
1212, 8010.0, 3, 6.603462489694971, 0.1
1213, 8017.0, 7, 6.6037891268533775, 0.1
1214, 8025.0, 8, 6.604938271604938, 0.1
1215, 8030.0, 5, 6.603618421052632, 0.1
1216, 8035.0, 5, 6.602300739523418, 0.1
1217, 8042.0, 7, 6.602627257799671, 0.1
1218, 8050.0, 8, 6.60377358490566, 0.1
1219, 8058.0, 8, 6.604918032786885, 0.1
1220, 8066.0, 8, 6.606060606060606, 0.1
1221, 8073.0, 7, 6.6063829787234045, 0.1
1222, 8080.0, 7, 6.60670482420278, 0.1
1223, 8082.0, 2, 6.602941176470588, 0.1
1224, 8086.0, 4, 6.600816326530612, 0.1
1225, 8094.0, 8, 6.601957585644372, 0.1
1226, 8102.0, 8, 6.603096984515077, 0.1
1227, 8108.0, 6, 6.602605863192182, 0.1
1228, 8116.0, 8, 6.603742880390562, 0.1
1229, 8120.0, 4, 6.6016260162601625, 0.1
1230, 8125.0, 5, 6.600324939073924, 0.1
1231, 8131.0, 6, 6.599837662337662, 0.1
1232, 8136.0, 5, 6.598540145985401, 0.1
1233, 8143.0, 7, 6.598865478119935, 0.1
1234, 8150.0, 7, 6.59919028340081, 0.1
1235, 8158.0, 8, 6.600323624595469, 0.1
1236, 8165.0, 7, 6.600646725949879, 0.1
1237, 8172.0, 7, 6.600969305331179, 0.1
1238, 8179.0, 7, 6.601291364003228, 0.1
1239, 8187.0, 8, 6.60241935483871, 0.1
1240, 8195.0, 8, 6.603545527800161, 0.1
1241, 8202.0, 7, 6.603864734299517, 0.1
1242, 8209.0, 7, 6.604183427192277, 0.1
1243, 8217.0, 8, 6.605305466237942, 0.1
1244, 8219.0, 2, 6.601606425702811, 0.1
1245, 8222.0, 3, 6.598715890850722, 0.1
1246, 8228.0, 6, 6.5982357658380115, 0.1
1247, 8234.0, 6, 6.597756410256411, 0.1
1248, 8241.0, 7, 6.598078462770216, 0.1
1249, 8248.0, 7, 6.5984, 0.1
1250, 8256.0, 8, 6.599520383693045, 0.1
1251, 8262.0, 6, 6.599041533546326, 0.1
1252, 8268.0, 6, 6.598563447725459, 0.1
1253, 8276.0, 8, 6.5996810207336525, 0.1
1254, 8284.0, 8, 6.600796812749004, 0.1
1255, 8291.0, 7, 6.601114649681529, 0.1
1256, 8292.0, 1, 6.5966587112171835, 0.1
1257, 8295.0, 3, 6.593799682034976, 0.1
1258, 8303.0, 8, 6.5949166004765685, 0.1
1259, 8311.0, 8, 6.596031746031746, 0.1
1260, 8319.0, 8, 6.5971451229183184, 0.1
1261, 8325.0, 6, 6.596671949286846, 0.1
1262, 8332.0, 7, 6.596991290577989, 0.1
1263, 8334.0, 2, 6.593354430379747, 0.1
1264, 8339.0, 5, 6.592094861660079, 0.1
1265, 8345.0, 6, 6.591627172195893, 0.1
1266, 8352.0, 7, 6.591949486977112, 0.1
1267, 8360.0, 8, 6.593059936908517, 0.1
1268, 8365.0, 5, 6.591804570527975, 0.1
1269, 8373.0, 8, 6.592913385826772, 0.1
1270, 8380.0, 7, 6.593233674272226, 0.1
1271, 8387.0, 7, 6.593553459119497, 0.1
1272, 8389.0, 2, 6.58994501178319, 0.1
1273, 8396.0, 7, 6.590266875981162, 0.1
1274, 8404.0, 8, 6.591372549019608, 0.1
1275, 8412.0, 8, 6.592476489028213, 0.1
1276, 8418.0, 6, 6.592012529365701, 0.1
1277, 8425.0, 7, 6.592331768388107, 0.1
1278, 8431.0, 6, 6.591868647380767, 0.1
1279, 8437.0, 6, 6.59140625, 0.1
1280, 8445.0, 8, 6.592505854800937, 0.1
1281, 8452.0, 7, 6.592823712948518, 0.1
1282, 8456.0, 4, 6.590802805923617, 0.1
1283, 8463.0, 7, 6.591121495327103, 0.1
1284, 8471.0, 8, 6.5922178988326845, 0.1
1285, 8476.0, 5, 6.590979782270606, 0.1
1286, 8482.0, 6, 6.59052059052059, 0.1
1287, 8489.0, 7, 6.59083850931677, 0.1
1288, 8489.0, 0, 6.5857253685027155, 0.1
1289, 8495.0, 6, 6.5852713178294575, 0.1
1290, 8502.0, 7, 6.58559256390395, 0.1
1291, 8502.0, 0, 6.580495356037152, 0.1
1292, 8509.0, 7, 6.580819798917247, 0.1
1293, 8517.0, 8, 6.5819165378670785, 0.1
1294, 8525.0, 8, 6.583011583011583, 0.1
1295, 8532.0, 7, 6.583333333333333, 0.1
1296, 8536.0, 4, 6.581341557440247, 0.1
1297, 8543.0, 7, 6.581664098613251, 0.1
1298, 8546.0, 3, 6.578906851424173, 0.1
1299, 8554.0, 8, 6.58, 0.1
1300, 8562.0, 8, 6.5810914681014605, 0.1
1301, 8567.0, 5, 6.5798771121351765, 0.1
1302, 8575.0, 8, 6.58096699923254, 0.1
1303, 8582.0, 7, 6.581288343558282, 0.1
1304, 8590.0, 8, 6.582375478927203, 0.1
1305, 8596.0, 6, 6.581929555895865, 0.1
1306, 8602.0, 6, 6.581484315225707, 0.1
1307, 8609.0, 7, 6.5818042813455655, 0.1
1308, 8616.0, 7, 6.582123758594347, 0.1
1309, 8620.0, 4, 6.580152671755725, 0.1
1310, 8628.0, 8, 6.581235697940503, 0.1
1311, 8635.0, 7, 6.581554878048781, 0.1
1312, 8636.0, 1, 6.577303884234578, 0.1
1313, 8640.0, 4, 6.575342465753424, 0.1
1314, 8643.0, 3, 6.572623574144487, 0.1
1315, 8651.0, 8, 6.57370820668693, 0.1
1316, 8658.0, 7, 6.574031890660592, 0.1
1317, 8664.0, 6, 6.573596358118361, 0.1
1318, 8667.0, 3, 6.5708870356330555, 0.1
1319, 8667.0, 0, 6.5659090909090905, 0.1
1320, 8671.0, 4, 6.563966691900076, 0.1
1321, 8679.0, 8, 6.565052950075643, 0.1
1322, 8686.0, 7, 6.565381708238851, 0.1
1323, 8694.0, 8, 6.566465256797583, 0.1
1324, 8700.0, 6, 6.566037735849057, 0.1
1325, 8708.0, 8, 6.567119155354449, 0.1
1326, 8713.0, 5, 6.565938206480784, 0.1
1327, 8716.0, 3, 6.563253012048193, 0.1
1328, 8723.0, 7, 6.563581640331076, 0.1
1329, 8727.0, 4, 6.561654135338346, 0.1
1330, 8729.0, 2, 6.558226897069872, 0.1
1331, 8733.0, 4, 6.556306306306307, 0.1
1332, 8733.0, 0, 6.551387846961741, 0.1
1333, 8739.0, 6, 6.550974512743628, 0.1
1334, 8740.0, 1, 6.546816479400749, 0.1
1335, 8742.0, 2, 6.543413173652695, 0.1
1336, 8749.0, 7, 6.543754674644727, 0.1
1337, 8756.0, 7, 6.5440956651718984, 0.1
1338, 8761.0, 5, 6.5429424943988055, 0.1
1339, 8768.0, 7, 6.543283582089552, 0.1
1340, 8776.0, 8, 6.544369873228933, 0.1
1341, 8783.0, 7, 6.544709388971684, 0.1
1342, 8790.0, 7, 6.545048399106478, 0.1
1343, 8795.0, 5, 6.543898809523809, 0.1
1344, 8802.0, 7, 6.544237918215614, 0.1
1345, 8807.0, 5, 6.543090638930163, 0.1
1346, 8814.0, 7, 6.543429844097996, 0.1
1347, 8821.0, 7, 6.543768545994065, 0.1
1348, 8828.0, 7, 6.544106745737583, 0.1
1349, 8834.0, 6, 6.543703703703704, 0.1
1350, 8839.0, 5, 6.542561065877128, 0.1
1351, 8846.0, 7, 6.542899408284024, 0.1
1352, 8854.0, 8, 6.543976348854398, 0.1
1353, 8862.0, 8, 6.545051698670606, 0.1
1354, 8867.0, 5, 6.5439114391143915, 0.1
1355, 8870.0, 3, 6.541297935103245, 0.1
1356, 8878.0, 8, 6.5423728813559325, 0.1
1357, 8883.0, 5, 6.541237113402062, 0.1
1358, 8885.0, 2, 6.537895511405445, 0.1
1359, 8889.0, 4, 6.536029411764706, 0.1
1360, 8895.0, 6, 6.535635562086701, 0.1
1361, 8902.0, 7, 6.535976505139501, 0.1
1362, 8903.0, 1, 6.531914893617022, 0.1
1363, 8906.0, 3, 6.529325513196481, 0.1
1364, 8911.0, 5, 6.528205128205128, 0.1
1365, 8919.0, 8, 6.529282576866764, 0.1
1366, 8926.0, 7, 6.52962692026335, 0.1
1367, 8933.0, 7, 6.529970760233918, 0.1
1368, 8937.0, 4, 6.5281227173119065, 0.1
1369, 8943.0, 6, 6.527737226277372, 0.1
1370, 8943.0, 0, 6.522975929978118, 0.1
1371, 8951.0, 8, 6.524052478134111, 0.1
1372, 8959.0, 8, 6.525127458120903, 0.1
1373, 8962.0, 3, 6.522561863173217, 0.1
1374, 8967.0, 5, 6.521454545454546, 0.1
1375, 8973.0, 6, 6.5210755813953485, 0.1
1376, 8981.0, 8, 6.522149600580973, 0.1
1377, 8989.0, 8, 6.52322206095791, 0.1
1378, 8995.0, 6, 6.522842639593908, 0.1
1379, 9002.0, 7, 6.523188405797101, 0.1
1380, 9010.0, 8, 6.524257784214337, 0.1
1381, 9014.0, 4, 6.522431259044862, 0.1
1382, 9014.0, 0, 6.517715112075199, 0.1
1383, 9016.0, 2, 6.514450867052023, 0.1
1384, 9023.0, 7, 6.5148014440433215, 0.1
1385, 9030.0, 7, 6.515151515151516, 0.1
1386, 9037.0, 7, 6.5155010814708, 0.1
1387, 9043.0, 6, 6.515129682997118, 0.1
1388, 9049.0, 6, 6.514758819294457, 0.1
1389, 9055.0, 6, 6.514388489208633, 0.1
1390, 9057.0, 2, 6.511143062544932, 0.1
1391, 9060.0, 3, 6.508620689655173, 0.1
1392, 9066.0, 6, 6.508255563531946, 0.1
1393, 9072.0, 6, 6.507890961262554, 0.1
1394, 9080.0, 8, 6.508960573476703, 0.1
1395, 9087.0, 7, 6.509312320916905, 0.1
1396, 9087.0, 0, 6.504652827487473, 0.1
1397, 9095.0, 8, 6.505722460658083, 0.1
1398, 9095.0, 0, 6.501072194424589, 0.1
1399, 9102.0, 7, 6.501428571428572, 0.1
1400, 9110.0, 8, 6.502498215560314, 0.1
1401, 9111.0, 1, 6.498573466476462, 0.1
1402, 9118.0, 7, 6.498930862437634, 0.1
1403, 9125.0, 7, 6.499287749287749, 0.1
1404, 9133.0, 8, 6.500355871886121, 0.1
1405, 9140.0, 7, 6.500711237553343, 0.1
1406, 9147.0, 7, 6.501066098081023, 0.1
1407, 9155.0, 8, 6.502130681818182, 0.1
1408, 9159.0, 4, 6.500354861603975, 0.1
1409, 9159.0, 0, 6.495744680851064, 0.1
1410, 9167.0, 8, 6.496810772501772, 0.1
1411, 9175.0, 8, 6.497875354107649, 0.1
1412, 9183.0, 8, 6.498938428874735, 0.1
1413, 9191.0, 8, 6.5, 0.1
1414, 9191.0, 0, 6.495406360424028, 0.1
1415, 9198.0, 7, 6.495762711864407, 0.1
1416, 9203.0, 5, 6.49470712773465, 0.1
1417, 9203.0, 0, 6.490126939351199, 0.1
1418, 9211.0, 8, 6.491190979563073, 0.1
1419, 9216.0, 5, 6.490140845070423, 0.1
1420, 9218.0, 2, 6.486980999296271, 0.1
1421, 9220.0, 2, 6.483825597749648, 0.1
1422, 9228.0, 8, 6.484891075193254, 0.1
1423, 9236.0, 8, 6.485955056179775, 0.1
1424, 9242.0, 6, 6.485614035087719, 0.1
1425, 9249.0, 7, 6.485974754558205, 0.1
1426, 9255.0, 6, 6.4856341976173795, 0.1
1427, 9259.0, 4, 6.483893557422969, 0.1
1428, 9266.0, 7, 6.484254723582925, 0.1
1429, 9274.0, 8, 6.485314685314686, 0.1
1430, 9276.0, 2, 6.482180293501048, 0.1
1431, 9284.0, 8, 6.483240223463687, 0.1
1432, 9289.0, 5, 6.482205163991626, 0.1
1433, 9297.0, 8, 6.48326359832636, 0.1
1434, 9297.0, 0, 6.478745644599303, 0.1
1435, 9304.0, 7, 6.479108635097493, 0.1
1436, 9311.0, 7, 6.479471120389701, 0.1
1437, 9316.0, 5, 6.478442280945758, 0.1
1438, 9321.0, 5, 6.477414871438499, 0.1
1439, 9322.0, 1, 6.473611111111111, 0.1
1440, 9329.0, 7, 6.473976405274115, 0.1
1441, 9337.0, 8, 6.4750346740638, 0.1
1442, 9344.0, 7, 6.4753984753984755, 0.1
1443, 9347.0, 3, 6.4729916897506925, 0.1
1444, 9355.0, 8, 6.474048442906574, 0.1
1445, 9357.0, 2, 6.470954356846473, 0.1
1446, 9365.0, 8, 6.4720110573600556, 0.1
1447, 9366.0, 1, 6.468232044198895, 0.1
1448, 9373.0, 7, 6.468599033816425, 0.1
1449, 9381.0, 8, 6.469655172413793, 0.1
1450, 9389.0, 8, 6.470709855272226, 0.1
1451, 9396.0, 7, 6.471074380165289, 0.1
1452, 9403.0, 7, 6.47143840330351, 0.1
1453, 9411.0, 8, 6.472489683631362, 0.1
1454, 9417.0, 6, 6.472164948453608, 0.1
1455, 9424.0, 7, 6.472527472527473, 0.1
1456, 9430.0, 6, 6.472203157172272, 0.1
1457, 9438.0, 8, 6.473251028806584, 0.1
1458, 9443.0, 5, 6.472241261137766, 0.1
1459, 9448.0, 5, 6.471232876712329, 0.1
1460, 9456.0, 8, 6.4722792607802875, 0.1
1461, 9464.0, 8, 6.4733242134062925, 0.1
1462, 9465.0, 1, 6.469583048530417, 0.1
1463, 9472.0, 7, 6.469945355191257, 0.1
1464, 9473.0, 1, 6.466211604095563, 0.1
1465, 9481.0, 8, 6.467257844474761, 0.1
1466, 9486.0, 5, 6.466257668711656, 0.1
1467, 9493.0, 7, 6.466621253405995, 0.1
1468, 9501.0, 8, 6.467665078284547, 0.1
1469, 9508.0, 7, 6.468027210884354, 0.1
1470, 9509.0, 1, 6.464309993201903, 0.1
1471, 9516.0, 7, 6.4646739130434785, 0.1
1472, 9523.0, 7, 6.465037338764426, 0.1
1473, 9531.0, 8, 6.466078697421981, 0.1
1474, 9536.0, 5, 6.465084745762712, 0.1
1475, 9539.0, 3, 6.462737127371274, 0.1
1476, 9541.0, 2, 6.459715639810427, 0.1
1477, 9548.0, 7, 6.460081190798376, 0.1
1478, 9555.0, 7, 6.460446247464503, 0.1
1479, 9559.0, 4, 6.458783783783784, 0.1
1480, 9566.0, 7, 6.459149223497636, 0.1
1481, 9567.0, 1, 6.455465587044534, 0.1
1482, 9571.0, 4, 6.453809844908968, 0.1
1483, 9573.0, 2, 6.4508086253369274, 0.1
1484, 9581.0, 8, 6.451851851851852, 0.1
1485, 9582.0, 1, 6.4481830417227455, 0.1
1486, 9590.0, 8, 6.449226630800269, 0.1
1487, 9598.0, 8, 6.450268817204301, 0.1
1488, 9604.0, 6, 6.449966420416387, 0.1
1489, 9609.0, 5, 6.448993288590604, 0.1
1490, 9615.0, 6, 6.448692152917505, 0.1
1491, 9618.0, 3, 6.446380697050938, 0.1
1492, 9626.0, 8, 6.4474212993971864, 0.1
1493, 9633.0, 7, 6.447791164658635, 0.1
1494, 9639.0, 6, 6.447491638795986, 0.1
1495, 9646.0, 7, 6.447860962566845, 0.1
1496, 9646.0, 0, 6.443553774215097, 0.1
1497, 9652.0, 6, 6.443257676902537, 0.1
1498, 9659.0, 7, 6.4436290860573715, 0.1
1499, 9666.0, 7, 6.444, 0.1
1500, 9671.0, 5, 6.443037974683544, 0.1
1501, 9677.0, 6, 6.442743009320905, 0.1
1502, 9684.0, 7, 6.4431137724550895, 0.1
1503, 9687.0, 3, 6.440824468085107, 0.1
1504, 9693.0, 6, 6.440531561461794, 0.1
1505, 9695.0, 2, 6.437583001328021, 0.1
1506, 9703.0, 8, 6.438619774386198, 0.1
1507, 9711.0, 8, 6.439655172413793, 0.1
1508, 9719.0, 8, 6.440689198144467, 0.1
1509, 9726.0, 7, 6.441059602649006, 0.1
1510, 9733.0, 7, 6.441429516876241, 0.1
1511, 9739.0, 6, 6.4411375661375665, 0.1
1512, 9741.0, 2, 6.438202247191011, 0.1
1513, 9747.0, 6, 6.437912813738441, 0.1
1514, 9755.0, 8, 6.438943894389439, 0.1
1515, 9755.0, 0, 6.4346965699208445, 0.1
1516, 9756.0, 1, 6.431114040870138, 0.1
1517, 9762.0, 6, 6.430830039525691, 0.1
1518, 9770.0, 8, 6.431863067807768, 0.1
1519, 9778.0, 8, 6.432894736842106, 0.1
1520, 9780.0, 2, 6.429980276134122, 0.1
1521, 9787.0, 7, 6.430354796320631, 0.1
1522, 9788.0, 1, 6.426789231779383, 0.1
1523, 9795.0, 7, 6.427165354330708, 0.1
1524, 9796.0, 1, 6.423606557377049, 0.1
1525, 9798.0, 2, 6.420707732634338, 0.1
1526, 9798.0, 0, 6.416502946954814, 0.1
1527, 9805.0, 7, 6.416884816753926, 0.1
1528, 9807.0, 2, 6.41399607586658, 0.1
1529, 9815.0, 8, 6.415032679738562, 0.1
1530, 9823.0, 8, 6.416067929457871, 0.1
1531, 9827.0, 4, 6.414490861618799, 0.1
1532, 9828.0, 1, 6.410958904109589, 0.1
1533, 9828.0, 0, 6.406779661016949, 0.1
1534, 9829.0, 1, 6.403257328990228, 0.1
1535, 9831.0, 2, 6.400390625, 0.1
1536, 9838.0, 7, 6.40078074170462, 0.1
1537, 9846.0, 8, 6.401820546163849, 0.1
1538, 9854.0, 8, 6.402858999350228, 0.1
1539, 9861.0, 7, 6.403246753246753, 0.1
1540, 9867.0, 6, 6.402985074626866, 0.1
1541, 9873.0, 6, 6.402723735408561, 0.1
1542, 9877.0, 4, 6.401166558651977, 0.1
1543, 9883.0, 6, 6.400906735751295, 0.1
1544, 9885.0, 2, 6.398058252427185, 0.1
1545, 9889.0, 4, 6.396507115135835, 0.1
1546, 9891.0, 2, 6.393665158371041, 0.1
1547, 9899.0, 8, 6.394702842377261, 0.1
1548, 9906.0, 7, 6.395093608779858, 0.1
1549, 9913.0, 7, 6.395483870967742, 0.1
1550, 9921.0, 8, 6.396518375241779, 0.1
1551, 9928.0, 7, 6.396907216494846, 0.1
1552, 9934.0, 6, 6.396651641983258, 0.1
1553, 9939.0, 5, 6.395752895752896, 0.1
1554, 9947.0, 8, 6.396784565916398, 0.1
1555, 9950.0, 3, 6.394601542416453, 0.1
1556, 9957.0, 7, 6.394990366088632, 0.1
1557, 9961.0, 4, 6.393453145057767, 0.1
1558, 9968.0, 7, 6.393842206542655, 0.1
1559, 9974.0, 6, 6.393589743589744, 0.1
1560, 9980.0, 6, 6.393337604099936, 0.1
1561, 9987.0, 7, 6.393725992317542, 0.1
1562, 9994.0, 7, 6.394113883557262, 0.1
1563, 10002.0, 8, 6.3951406649616365, 0.1
1564, 10009.0, 7, 6.39552715654952, 0.1
1565, 10017.0, 8, 6.396551724137931, 0.1
1566, 10024.0, 7, 6.396936821952776, 0.1
1567, 10027.0, 3, 6.394770408163265, 0.1
1568, 10035.0, 8, 6.395793499043977, 0.1
1569, 10042.0, 7, 6.396178343949044, 0.1
1570, 10050.0, 8, 6.397199236155315, 0.1
1571, 10053.0, 3, 6.395038167938932, 0.1
1572, 10060.0, 7, 6.395422759059123, 0.1
1573, 10067.0, 7, 6.395806861499365, 0.1
1574, 10070.0, 3, 6.393650793650794, 0.1
1575, 10077.0, 7, 6.394035532994923, 0.1
1576, 10078.0, 1, 6.390615091946734, 0.1
1577, 10082.0, 4, 6.389100126742712, 0.1
1578, 10090.0, 8, 6.390120329322356, 0.1
1579, 10098.0, 8, 6.391139240506329, 0.1
1580, 10105.0, 7, 6.391524351676154, 0.1
1581, 10111.0, 6, 6.391276864728193, 0.1
1582, 10116.0, 5, 6.390397978521794, 0.1
1583, 10124.0, 8, 6.391414141414141, 0.1
1584, 10131.0, 7, 6.3917981072555206, 0.1
1585, 10138.0, 7, 6.392181588902901, 0.1
1586, 10145.0, 7, 6.392564587271582, 0.1
1587, 10152.0, 7, 6.392947103274559, 0.1
1588, 10160.0, 8, 6.393958464443046, 0.1
1589, 10168.0, 8, 6.39496855345912, 0.1
1590, 10176.0, 8, 6.395977372721559, 0.1
1591, 10177.0, 1, 6.392587939698492, 0.1
1592, 10178.0, 1, 6.389202762084118, 0.1
1593, 10186.0, 8, 6.39021329987453, 0.1
1594, 10194.0, 8, 6.391222570532915, 0.1
1595, 10202.0, 8, 6.3922305764411025, 0.1
1596, 10209.0, 7, 6.3926111458985595, 0.1
1597, 10215.0, 6, 6.392365456821026, 0.1
1598, 10219.0, 4, 6.3908692933083175, 0.1
1599, 10222.0, 3, 6.38875, 0.1
1600, 10230.0, 8, 6.389756402248595, 0.1
1601, 10237.0, 7, 6.390137328339575, 0.1
1602, 10238.0, 1, 6.386774797255146, 0.1
1603, 10244.0, 6, 6.386533665835412, 0.1
1604, 10251.0, 7, 6.386915887850467, 0.1
1605, 10251.0, 0, 6.38293897882939, 0.1
1606, 10259.0, 8, 6.3839452395768514, 0.1
1607, 10267.0, 8, 6.384950248756219, 0.1
1608, 10271.0, 4, 6.383467992541951, 0.1
1609, 10273.0, 2, 6.380745341614907, 0.1
1610, 10281.0, 8, 6.381750465549349, 0.1
1611, 10287.0, 6, 6.38151364764268, 0.1
1612, 10290.0, 3, 6.379417234965902, 0.1
1613, 10297.0, 7, 6.379801734820322, 0.1
1614, 10304.0, 7, 6.380185758513932, 0.1
1615, 10312.0, 8, 6.381188118811881, 0.1
1616, 10319.0, 7, 6.381570810142239, 0.1
1617, 10327.0, 8, 6.382571075401731, 0.1
1618, 10335.0, 8, 6.383570105003089, 0.1
1619, 10342.0, 7, 6.383950617283951, 0.1
1620, 10350.0, 8, 6.384947563232572, 0.1
1621, 10358.0, 8, 6.3859432799013565, 0.1
1622, 10361.0, 3, 6.383857054836722, 0.1
1623, 10369.0, 8, 6.384852216748769, 0.1
1624, 10375.0, 6, 6.384615384615385, 0.1
1625, 10381.0, 6, 6.384378843788438, 0.1
1626, 10384.0, 3, 6.382298709280885, 0.1
1627, 10390.0, 6, 6.382063882063882, 0.1
1628, 10398.0, 8, 6.383057090239411, 0.1
1629, 10405.0, 7, 6.383435582822086, 0.1
1630, 10412.0, 7, 6.383813611281423, 0.1
1631, 10420.0, 8, 6.384803921568627, 0.1
1632, 10427.0, 7, 6.385180649112064, 0.1
1633, 10435.0, 8, 6.386168910648715, 0.1
1634, 10443.0, 8, 6.387155963302752, 0.1
1635, 10451.0, 8, 6.388141809290953, 0.1
1636, 10452.0, 1, 6.3848503359804525, 0.1
1637, 10455.0, 3, 6.382783882783883, 0.1
1638, 10455.0, 0, 6.37888956680903, 0.1
1639, 10463.0, 8, 6.379878048780488, 0.1
1640, 10463.0, 0, 6.3759902498476535, 0.1
1641, 10471.0, 8, 6.376979293544458, 0.1
1642, 10476.0, 5, 6.3761412051125985, 0.1
1643, 10483.0, 7, 6.376520681265207, 0.1
1644, 10486.0, 3, 6.374468085106383, 0.1
1645, 10493.0, 7, 6.374848116646415, 0.1
1646, 10497.0, 4, 6.373406193078324, 0.1
1647, 10500.0, 3, 6.371359223300971, 0.1
1648, 10506.0, 6, 6.371134020618556, 0.1
1649, 10512.0, 6, 6.370909090909091, 0.1
1650, 10519.0, 7, 6.371290127195639, 0.1
1651, 10519.0, 0, 6.3674334140435835, 0.1
1652, 10527.0, 8, 6.368421052631579, 0.1
1653, 10533.0, 6, 6.36819830713422, 0.1
1654, 10538.0, 5, 6.367371601208459, 0.1
1655, 10542.0, 4, 6.365942028985507, 0.1
1656, 10549.0, 7, 6.3663246831623415, 0.1
1657, 10557.0, 8, 6.367310012062726, 0.1
1658, 10565.0, 8, 6.36829415310428, 0.1
1659, 10571.0, 6, 6.368072289156626, 0.1
1660, 10579.0, 8, 6.369054786273329, 0.1
1661, 10586.0, 7, 6.3694344163658245, 0.1
1662, 10592.0, 6, 6.369212266987372, 0.1
1663, 10597.0, 5, 6.368389423076923, 0.1
1664, 10605.0, 8, 6.36936936936937, 0.1
1665, 10606.0, 1, 6.366146458583433, 0.1
1666, 10614.0, 8, 6.367126574685063, 0.1
1667, 10621.0, 7, 6.367505995203837, 0.1
1668, 10628.0, 7, 6.367884961054524, 0.1
1669, 10636.0, 8, 6.368862275449102, 0.1
1670, 10643.0, 7, 6.3692399760622385, 0.1
1671, 10646.0, 3, 6.367224880382775, 0.1
1672, 10654.0, 8, 6.368200836820083, 0.1
1673, 10660.0, 6, 6.367980884109916, 0.1
1674, 10660.0, 0, 6.364179104477612, 0.1
1675, 10667.0, 7, 6.364558472553699, 0.1
1676, 10674.0, 7, 6.364937388193202, 0.1
1677, 10680.0, 6, 6.364719904648391, 0.1
1678, 10687.0, 7, 6.365098272781418, 0.1
1679, 10695.0, 8, 6.366071428571429, 0.1
1680, 10695.0, 0, 6.362284354550862, 0.1
1681, 10697.0, 2, 6.3596908442330555, 0.1
1682, 10698.0, 1, 6.35650623885918, 0.1
1683, 10699.0, 1, 6.353325415676959, 0.1
1684, 10703.0, 4, 6.351928783382789, 0.1
1685, 10711.0, 8, 6.352906287069988, 0.1
1686, 10715.0, 4, 6.351511558980438, 0.1
1687, 10720.0, 5, 6.350710900473934, 0.1
1688, 10728.0, 8, 6.351687388987567, 0.1
1689, 10734.0, 6, 6.351479289940828, 0.1
1690, 10741.0, 7, 6.351862803075104, 0.1
1691, 10746.0, 5, 6.351063829787234, 0.1
1692, 10750.0, 4, 6.3496751329001775, 0.1
1693, 10757.0, 7, 6.350059031877214, 0.1
1694, 10765.0, 8, 6.351032448377581, 0.1
1695, 10771.0, 6, 6.350825471698113, 0.1
1696, 10778.0, 7, 6.351208014142604, 0.1
1697, 10781.0, 3, 6.3492343934040045, 0.1
1698, 10784.0, 3, 6.3472630959387875, 0.1
1699, 10792.0, 8, 6.348235294117647, 0.1
1700, 10795.0, 3, 6.346266901822458, 0.1
1701, 10801.0, 6, 6.346063454759107, 0.1
1702, 10809.0, 8, 6.347034644744569, 0.1
1703, 10815.0, 6, 6.346830985915493, 0.1
1704, 10823.0, 8, 6.347800586510264, 0.1
1705, 10824.0, 1, 6.344665885111372, 0.1
1706, 10825.0, 1, 6.341534856473345, 0.1
1707, 10833.0, 8, 6.342505854800937, 0.1
1708, 10839.0, 6, 6.342305441778818, 0.1
1709, 10847.0, 8, 6.343274853801169, 0.1
1710, 10855.0, 8, 6.344243132670953, 0.1
1711, 10860.0, 5, 6.343457943925234, 0.1
1712, 10860.0, 0, 6.339754816112084, 0.1
1713, 10862.0, 2, 6.3372228704784135, 0.1
1714, 10862.0, 0, 6.333527696793003, 0.1
1715, 10869.0, 7, 6.333916083916084, 0.1
1716, 10877.0, 8, 6.334886429819453, 0.1
1717, 10884.0, 7, 6.335273573923167, 0.1
1718, 10890.0, 6, 6.335078534031414, 0.1
1719, 10890.0, 0, 6.3313953488372094, 0.1
1720, 10897.0, 7, 6.331783846600813, 0.1
1721, 10905.0, 8, 6.332752613240418, 0.1
1722, 10909.0, 4, 6.3313987231572835, 0.1
1723, 10910.0, 1, 6.32830626450116, 0.1
1724, 10913.0, 3, 6.326376811594203, 0.1
1725, 10920.0, 7, 6.326767091541136, 0.1
1726, 10926.0, 6, 6.326577880718008, 0.1
1727, 10933.0, 7, 6.326967592592593, 0.1
1728, 10939.0, 6, 6.326778484673222, 0.1
1729, 10947.0, 8, 6.327745664739885, 0.1
1730, 10955.0, 8, 6.328711727325246, 0.1
1731, 10962.0, 7, 6.329099307159353, 0.1
1732, 10966.0, 4, 6.327755337564916, 0.1
1733, 10973.0, 7, 6.328143021914649, 0.1
1734, 10974.0, 1, 6.3250720461095105, 0.1
1735, 10981.0, 7, 6.325460829493087, 0.1
1736, 10989.0, 8, 6.3264248704663215, 0.1
1737, 10996.0, 7, 6.3268124280782505, 0.1
1738, 11003.0, 7, 6.327199539965497, 0.1
1739, 11010.0, 7, 6.327586206896552, 0.1
1740, 11018.0, 8, 6.32854681217691, 0.1
1741, 11026.0, 8, 6.329506314580941, 0.1
1742, 11032.0, 6, 6.329317269076305, 0.1
1743, 11032.0, 0, 6.325688073394495, 0.1
1744, 11039.0, 7, 6.326074498567335, 0.1
1745, 11044.0, 5, 6.325315005727377, 0.1
1746, 11051.0, 7, 6.325701202060675, 0.1
1747, 11058.0, 7, 6.326086956521739, 0.1
1748, 11064.0, 6, 6.32590051457976, 0.1
1749, 11064.0, 0, 6.322285714285714, 0.1
1750, 11071.0, 7, 6.322672758423757, 0.1
1751, 11078.0, 7, 6.323059360730594, 0.1
1752, 11085.0, 7, 6.32344552196235, 0.1
1753, 11092.0, 7, 6.323831242873432, 0.1
1754, 11092.0, 0, 6.320227920227921, 0.1
1755, 11099.0, 7, 6.320615034168565, 0.1
1756, 11102.0, 3, 6.318725099601593, 0.1
1757, 11109.0, 7, 6.319112627986348, 0.1
1758, 11117.0, 8, 6.320068220579875, 0.1
1759, 11125.0, 8, 6.3210227272727275, 0.1
1760, 11131.0, 6, 6.32084043157297, 0.1
1761, 11139.0, 8, 6.321793416572077, 0.1
1762, 11145.0, 6, 6.32161089052751, 0.1
1763, 11152.0, 7, 6.321995464852607, 0.1
1764, 11159.0, 7, 6.322379603399433, 0.1
1765, 11167.0, 8, 6.323329558323896, 0.1
1766, 11169.0, 2, 6.32088285229202, 0.1
1767, 11175.0, 6, 6.3207013574660635, 0.1
1768, 11179.0, 4, 6.319389485585076, 0.1
1769, 11186.0, 7, 6.319774011299435, 0.1
1770, 11194.0, 8, 6.320722755505364, 0.1
1771, 11200.0, 6, 6.320541760722348, 0.1
1772, 11202.0, 2, 6.3181049069373945, 0.1
1773, 11210.0, 8, 6.319052987598647, 0.1
1774, 11216.0, 6, 6.31887323943662, 0.1
1775, 11220.0, 4, 6.3175675675675675, 0.1
1776, 11226.0, 6, 6.317388857625211, 0.1
1777, 11232.0, 6, 6.3172103487064115, 0.1
1778, 11240.0, 8, 6.3181562675660485, 0.1
1779, 11247.0, 7, 6.318539325842696, 0.1
1780, 11254.0, 7, 6.3189219539584505, 0.1
1781, 11262.0, 8, 6.31986531986532, 0.1
1782, 11269.0, 7, 6.320246775098149, 0.1
1783, 11273.0, 4, 6.318946188340807, 0.1
1784, 11281.0, 8, 6.319887955182073, 0.1
1785, 11289.0, 8, 6.320828667413214, 0.1
1786, 11295.0, 6, 6.32064913262451, 0.1
1787, 11303.0, 8, 6.3215883668903805, 0.1
1788, 11304.0, 1, 6.318613750698715, 0.1
1789, 11311.0, 7, 6.318994413407821, 0.1
1790, 11311.0, 0, 6.315466219988833, 0.1
1791, 11311.0, 0, 6.311941964285714, 0.1
1792, 11314.0, 3, 6.310094813162298, 0.1
1793, 11320.0, 6, 6.309921962095875, 0.1
1794, 11328.0, 8, 6.3108635097493035, 0.1
1795, 11333.0, 5, 6.310133630289532, 0.1
1796, 11334.0, 1, 6.307178631051753, 0.1
1797, 11339.0, 5, 6.306451612903226, 0.1
1798, 11346.0, 7, 6.306837131739855, 0.1
1799, 11349.0, 3, 6.305, 0.1
1800, 11355.0, 6, 6.304830649639089, 0.1
1801, 11362.0, 7, 6.305216426193119, 0.1
1802, 11369.0, 7, 6.305601774819745, 0.1
1803, 11370.0, 1, 6.302660753880266, 0.1
1804, 11378.0, 8, 6.303601108033241, 0.1
1805, 11383.0, 5, 6.302879291251385, 0.1
1806, 11389.0, 6, 6.302711676812396, 0.1
1807, 11396.0, 7, 6.303097345132743, 0.1
1808, 11404.0, 8, 6.3040353786622445, 0.1
1809, 11412.0, 8, 6.304972375690608, 0.1
1810, 11419.0, 7, 6.305356156819437, 0.1
1811, 11427.0, 8, 6.306291390728477, 0.1
1812, 11434.0, 7, 6.306674020959735, 0.1
1813, 11440.0, 6, 6.306504961411246, 0.1
1814, 11447.0, 7, 6.306887052341597, 0.1
1815, 11454.0, 7, 6.307268722466961, 0.1
1816, 11462.0, 8, 6.30820033021464, 0.1
1817, 11464.0, 2, 6.305830583058306, 0.1
1818, 11469.0, 5, 6.3051126992853215, 0.1
1819, 11469.0, 0, 6.3016483516483515, 0.1
1820, 11477.0, 8, 6.302580999450851, 0.1
1821, 11484.0, 7, 6.302963776070253, 0.1
1822, 11490.0, 6, 6.302797586396051, 0.1
1823, 11497.0, 7, 6.303179824561403, 0.1
1824, 11500.0, 3, 6.301369863013699, 0.1
1825, 11508.0, 8, 6.302300109529025, 0.1
1826, 11516.0, 8, 6.3032293377120965, 0.1
1827, 11520.0, 4, 6.301969365426696, 0.1
1828, 11526.0, 6, 6.301804264625479, 0.1
1829, 11533.0, 7, 6.302185792349727, 0.1
1830, 11538.0, 5, 6.301474604041507, 0.1
1831, 11543.0, 5, 6.300764192139738, 0.1
1832, 11551.0, 8, 6.3016912165848336, 0.1
1833, 11553.0, 2, 6.299345692475463, 0.1
1834, 11561.0, 8, 6.300272479564033, 0.1
1835, 11568.0, 7, 6.300653594771242, 0.1
1836, 11574.0, 6, 6.3004899292324446, 0.1
1837, 11577.0, 3, 6.2986942328618065, 0.1
1838, 11583.0, 6, 6.298531810766721, 0.1
1839, 11591.0, 8, 6.29945652173913, 0.1
1840, 11599.0, 8, 6.300380228136882, 0.1
1841, 11606.0, 7, 6.300760043431053, 0.1
1842, 11611.0, 5, 6.300054259359739, 0.1
1843, 11618.0, 7, 6.300433839479393, 0.1
1844, 11621.0, 3, 6.298644986449864, 0.1
1845, 11626.0, 5, 6.297941495124594, 0.1
1846, 11634.0, 8, 6.298863021115322, 0.1
1847, 11641.0, 7, 6.299242424242424, 0.1
1848, 11649.0, 8, 6.300162249864791, 0.1
1849, 11656.0, 7, 6.30054054054054, 0.1
1850, 11663.0, 7, 6.300918422474338, 0.1
1851, 11667.0, 4, 6.299676025917926, 0.1
1852, 11674.0, 7, 6.3000539665407445, 0.1
1853, 11678.0, 4, 6.298813376483279, 0.1
1854, 11685.0, 7, 6.2991913746630726, 0.1
1855, 11692.0, 7, 6.299568965517241, 0.1
1856, 11699.0, 7, 6.299946149703823, 0.1
1857, 11704.0, 5, 6.29924650161464, 0.1
1858, 11705.0, 1, 6.296395911780527, 0.1
1859, 11706.0, 1, 6.2935483870967746, 0.1
1860, 11713.0, 7, 6.293927995701236, 0.1
1861, 11716.0, 3, 6.292158968850698, 0.1
1862, 11716.0, 0, 6.288781535158347, 0.1
1863, 11724.0, 8, 6.289699570815451, 0.1
1864, 11732.0, 8, 6.290616621983914, 0.1
1865, 11736.0, 4, 6.289389067524116, 0.1
1866, 11738.0, 2, 6.28709159078736, 0.1
1867, 11742.0, 4, 6.285867237687366, 0.1
1868, 11745.0, 3, 6.284109149277689, 0.1
1869, 11753.0, 8, 6.285026737967915, 0.1
1870, 11761.0, 8, 6.285943345804383, 0.1
1871, 11764.0, 3, 6.284188034188034, 0.1
1872, 11772.0, 8, 6.285104111051789, 0.1
1873, 11773.0, 1, 6.282283884738527, 0.1
1874, 11779.0, 6, 6.282133333333333, 0.1
1875, 11786.0, 7, 6.282515991471215, 0.1
1876, 11793.0, 7, 6.282898241875333, 0.1
1877, 11800.0, 7, 6.283280085197018, 0.1
1878, 11804.0, 4, 6.282064928153273, 0.1
1879, 11810.0, 6, 6.281914893617022, 0.1
1880, 11811.0, 1, 6.279106858054226, 0.1
1881, 11819.0, 8, 6.280021253985122, 0.1
1882, 11820.0, 1, 6.277217206585236, 0.1
1883, 11826.0, 6, 6.277070063694268, 0.1
1884, 11834.0, 8, 6.277984084880637, 0.1
1885, 11838.0, 4, 6.27677624602333, 0.1
1886, 11841.0, 3, 6.275039745627981, 0.1
1887, 11849.0, 8, 6.275953389830509, 0.1
1888, 11854.0, 5, 6.275277924827951, 0.1
1889, 11855.0, 1, 6.272486772486772, 0.1
1890, 11863.0, 8, 6.273400317292438, 0.1
1891, 11870.0, 7, 6.273784355179704, 0.1
1892, 11877.0, 7, 6.274167987321712, 0.1
1893, 11878.0, 1, 6.271383315733897, 0.1
1894, 11883.0, 5, 6.270712401055409, 0.1
1895, 11886.0, 3, 6.268987341772152, 0.1
1896, 11893.0, 7, 6.269372693726937, 0.1
1897, 11901.0, 8, 6.270284510010537, 0.1
1898, 11903.0, 2, 6.268035808320168, 0.1
1899, 11910.0, 7, 6.268421052631579, 0.1
1900, 11917.0, 7, 6.2688058916359815, 0.1
1901, 11925.0, 8, 6.269716088328075, 0.1
1902, 11932.0, 7, 6.270099842354178, 0.1
1903, 11940.0, 8, 6.2710084033613445, 0.1
1904, 11946.0, 6, 6.2708661417322835, 0.1
1905, 11953.0, 7, 6.27124868835257, 0.1
1906, 11957.0, 4, 6.2700576822233876, 0.1
1907, 11965.0, 8, 6.270964360587002, 0.1
1908, 11973.0, 8, 6.27187008905186, 0.1
1909, 11977.0, 4, 6.270680628272252, 0.1
1910, 11981.0, 4, 6.269492412349555, 0.1
1911, 11988.0, 7, 6.2698744769874475, 0.1
1912, 11996.0, 8, 6.270778881338212, 0.1
1913, 12004.0, 8, 6.271682340647858, 0.1
1914, 12012.0, 8, 6.2725848563968665, 0.1
1915, 12013.0, 1, 6.269832985386222, 0.1
1916, 12018.0, 5, 6.269170579029734, 0.1
1917, 12024.0, 6, 6.269030239833159, 0.1
1918, 12030.0, 6, 6.268890046899426, 0.1
1919, 12036.0, 6, 6.26875, 0.1
1920, 12044.0, 8, 6.269651223321187, 0.1
1921, 12051.0, 7, 6.270031217481789, 0.1
1922, 12051.0, 0, 6.266770670826833, 0.1
1923, 12057.0, 6, 6.266632016632016, 0.1
1924, 12057.0, 0, 6.263376623376623, 0.1
1925, 12063.0, 6, 6.2632398753894085, 0.1
1926, 12064.0, 1, 6.260508562532434, 0.1
1927, 12069.0, 5, 6.259854771784233, 0.1
1928, 12076.0, 7, 6.26023846552618, 0.1
1929, 12082.0, 6, 6.260103626943005, 0.1
1930, 12090.0, 8, 6.261004660797514, 0.1
1931, 12093.0, 3, 6.259316770186335, 0.1
1932, 12095.0, 2, 6.257113295395758, 0.1
1933, 12103.0, 8, 6.258014477766287, 0.1
1934, 12104.0, 1, 6.255297157622739, 0.1
1935, 12111.0, 7, 6.255681818181818, 0.1
1936, 12119.0, 8, 6.256582343830666, 0.1
1937, 12126.0, 7, 6.256965944272446, 0.1
1938, 12131.0, 5, 6.256317689530686, 0.1
1939, 12137.0, 6, 6.256185567010309, 0.1
1940, 12145.0, 8, 6.2570839773312725, 0.1
1941, 12153.0, 8, 6.257981462409886, 0.1
1942, 12161.0, 8, 6.25887802367473, 0.1
1943, 12169.0, 8, 6.25977366255144, 0.1
1944, 12176.0, 7, 6.260154241645244, 0.1
1945, 12176.0, 0, 6.25693730729702, 0.1
1946, 12183.0, 7, 6.257318952234207, 0.1
1947, 12187.0, 4, 6.256160164271047, 0.1
1948, 12194.0, 7, 6.2565418163160595, 0.1
1949, 12199.0, 5, 6.2558974358974355, 0.1
1950, 12200.0, 1, 6.253203485392107, 0.1
1951, 12206.0, 6, 6.253073770491803, 0.1
1952, 12213.0, 7, 6.253456221198157, 0.1
1953, 12221.0, 8, 6.254350051177073, 0.1
1954, 12228.0, 7, 6.254731457800512, 0.1
1955, 12236.0, 8, 6.25562372188139, 0.1
1956, 12237.0, 1, 6.252938170669392, 0.1
1957, 12244.0, 7, 6.253319713993871, 0.1
1958, 12252.0, 8, 6.254211332312404, 0.1
1959, 12260.0, 8, 6.255102040816326, 0.1
1960, 12266.0, 6, 6.25497195308516, 0.1
1961, 12274.0, 8, 6.255861365953109, 0.1
1962, 12282.0, 8, 6.256749872643913, 0.1
1963, 12290.0, 8, 6.257637474541752, 0.1
1964, 12297.0, 7, 6.258015267175573, 0.1
1965, 12300.0, 3, 6.256358087487284, 0.1
1966, 12308.0, 8, 6.257244534824606, 0.1
1967, 12315.0, 7, 6.257621951219512, 0.1
1968, 12322.0, 7, 6.257998984255967, 0.1
1969, 12325.0, 3, 6.256345177664975, 0.1
1970, 12333.0, 8, 6.257229832572298, 0.1
1971, 12337.0, 4, 6.2560851926977685, 0.1
1972, 12344.0, 7, 6.256462240243284, 0.1
1973, 12345.0, 1, 6.253799392097265, 0.1
1974, 12353.0, 8, 6.254683544303798, 0.1
1975, 12361.0, 8, 6.255566801619433, 0.1
1976, 12362.0, 1, 6.252908447142135, 0.1
1977, 12368.0, 6, 6.25278058645096, 0.1
1978, 12374.0, 6, 6.252652854977261, 0.1
1979, 12378.0, 4, 6.251515151515152, 0.1
1980, 12385.0, 7, 6.2518929833417465, 0.1
1981, 12392.0, 7, 6.252270433905147, 0.1
1982, 12400.0, 8, 6.253151790216843, 0.1
1983, 12402.0, 2, 6.251008064516129, 0.1
1984, 12406.0, 4, 6.249874055415617, 0.1
1985, 12406.0, 0, 6.246727089627392, 0.1
1986, 12408.0, 2, 6.244589833920483, 0.1
1987, 12416.0, 8, 6.245472837022133, 0.1
1988, 12419.0, 3, 6.243841126194067, 0.1
1989, 12423.0, 4, 6.242713567839196, 0.1
1990, 12430.0, 7, 6.2430939226519335, 0.1
1991, 12437.0, 7, 6.243473895582329, 0.1
1992, 12445.0, 8, 6.244355243351731, 0.1
1993, 12453.0, 8, 6.245235707121364, 0.1
1994, 12461.0, 8, 6.246115288220551, 0.1
1995, 12467.0, 6, 6.245991983967936, 0.1
1996, 12474.0, 7, 6.246369554331498, 0.1
1997, 12481.0, 7, 6.246746746746747, 0.1
1998, 12486.0, 5, 6.246123061530765, 0.1
1999, 12493.0, 7, 6.2465, 0.1
