0, 8.0, 8, 8.0, 0.1
1, 16.0, 8, 8.0, 0.1
2, 24.0, 8, 8.0, 0.1
3, 32.0, 8, 8.0, 0.1
4, 40.0, 8, 8.0, 0.1
5, 48.0, 8, 8.0, 0.1
6, 56.0, 8, 8.0, 0.1
7, 64.0, 8, 8.0, 0.1
8, 72.0, 8, 8.0, 0.1
9, 80.0, 8, 8.0, 0.1
10, 88.0, 8, 8.0, 0.1
11, 96.0, 8, 8.0, 0.1
12, 104.0, 8, 8.0, 0.1
13, 112.0, 8, 8.0, 0.1
14, 120.0, 8, 8.0, 0.1
15, 128.0, 8, 8.0, 0.1
16, 136.0, 8, 8.0, 0.1
17, 144.0, 8, 8.0, 0.1
18, 152.0, 8, 8.0, 0.1
19, 160.0, 8, 8.0, 0.1
20, 168.0, 8, 8.0, 0.1
21, 176.0, 8, 8.0, 0.1
22, 184.0, 8, 8.0, 0.1
23, 192.0, 8, 8.0, 0.1
24, 200.0, 8, 8.0, 0.1
25, 208.0, 8, 8.0, 0.1
26, 216.0, 8, 8.0, 0.1
27, 224.0, 8, 8.0, 0.1
28, 232.0, 8, 8.0, 0.1
29, 240.0, 8, 8.0, 0.1
30, 248.0, 8, 8.0, 0.1
31, 256.0, 8, 8.0, 0.1
32, 264.0, 8, 8.0, 0.1
33, 272.0, 8, 8.0, 0.1
34, 280.0, 8, 8.0, 0.1
35, 288.0, 8, 8.0, 0.1
36, 296.0, 8, 8.0, 0.1
37, 304.0, 8, 8.0, 0.1
38, 312.0, 8, 8.0, 0.1
39, 320.0, 8, 8.0, 0.1
40, 328.0, 8, 8.0, 0.1
41, 336.0, 8, 8.0, 0.1
42, 344.0, 8, 8.0, 0.1
43, 352.0, 8, 8.0, 0.1
44, 360.0, 8, 8.0, 0.1
45, 368.0, 8, 8.0, 0.1
46, 376.0, 8, 8.0, 0.1
47, 384.0, 8, 8.0, 0.1
48, 392.0, 8, 8.0, 0.1
49, 400.0, 8, 8.0, 0.1
50, 408.0, 8, 8.0, 0.1
51, 416.0, 8, 8.0, 0.1
52, 424.0, 8, 8.0, 0.1
53, 432.0, 8, 8.0, 0.1
54, 440.0, 8, 8.0, 0.1
55, 448.0, 8, 8.0, 0.1
56, 456.0, 8, 8.0, 0.1
57, 464.0, 8, 8.0, 0.1
58, 472.0, 8, 8.0, 0.1
59, 480.0, 8, 8.0, 0.1
60, 488.0, 8, 8.0, 0.1
61, 496.0, 8, 8.0, 0.1
62, 504.0, 8, 8.0, 0.1
63, 512.0, 8, 8.0, 0.1
64, 520.0, 8, 8.0, 0.1
65, 528.0, 8, 8.0, 0.1
66, 536.0, 8, 8.0, 0.1
67, 544.0, 8, 8.0, 0.1
68, 552.0, 8, 8.0, 0.1
69, 560.0, 8, 8.0, 0.1
70, 568.0, 8, 8.0, 0.1
71, 576.0, 8, 8.0, 0.1
72, 584.0, 8, 8.0, 0.1
73, 592.0, 8, 8.0, 0.1
74, 600.0, 8, 8.0, 0.1
75, 608.0, 8, 8.0, 0.1
76, 616.0, 8, 8.0, 0.1
77, 624.0, 8, 8.0, 0.1
78, 632.0, 8, 8.0, 0.1
79, 640.0, 8, 8.0, 0.1
80, 648.0, 8, 8.0, 0.1
81, 656.0, 8, 8.0, 0.1
82, 664.0, 8, 8.0, 0.1
83, 672.0, 8, 8.0, 0.1
84, 680.0, 8, 8.0, 0.1
85, 688.0, 8, 8.0, 0.1
86, 696.0, 8, 8.0, 0.1
87, 704.0, 8, 8.0, 0.1
88, 712.0, 8, 8.0, 0.1
89, 720.0, 8, 8.0, 0.1
90, 728.0, 8, 8.0, 0.1
91, 736.0, 8, 8.0, 0.1
92, 744.0, 8, 8.0, 0.1
93, 752.0, 8, 8.0, 0.1
94, 760.0, 8, 8.0, 0.1
95, 768.0, 8, 8.0, 0.1
96, 776.0, 8, 8.0, 0.1
97, 784.0, 8, 8.0, 0.1
98, 792.0, 8, 8.0, 0.1
99, 800.0, 8, 8.0, 0.1
100, 808.0, 8, 8.0, 0.1
101, 816.0, 8, 8.0, 0.1
102, 824.0, 8, 8.0, 0.1
103, 832.0, 8, 8.0, 0.1
104, 840.0, 8, 8.0, 0.1
105, 848.0, 8, 8.0, 0.1
106, 856.0, 8, 8.0, 0.1
107, 864.0, 8, 8.0, 0.1
108, 872.0, 8, 8.0, 0.1
109, 880.0, 8, 8.0, 0.1
110, 888.0, 8, 8.0, 0.1
111, 896.0, 8, 8.0, 0.1
112, 904.0, 8, 8.0, 0.1
113, 912.0, 8, 8.0, 0.1
114, 920.0, 8, 8.0, 0.1
115, 928.0, 8, 8.0, 0.1
116, 936.0, 8, 8.0, 0.1
117, 944.0, 8, 8.0, 0.1
118, 952.0, 8, 8.0, 0.1
119, 960.0, 8, 8.0, 0.1
120, 968.0, 8, 8.0, 0.1
121, 976.0, 8, 8.0, 0.1
122, 984.0, 8, 8.0, 0.1
123, 992.0, 8, 8.0, 0.1
124, 1000.0, 8, 8.0, 0.1
125, 1008.0, 8, 8.0, 0.1
126, 1016.0, 8, 8.0, 0.1
127, 1024.0, 8, 8.0, 0.1
128, 1032.0, 8, 8.0, 0.1
129, 1040.0, 8, 8.0, 0.1
130, 1048.0, 8, 8.0, 0.1
131, 1056.0, 8, 8.0, 0.1
132, 1064.0, 8, 8.0, 0.1
133, 1072.0, 8, 8.0, 0.1
134, 1080.0, 8, 8.0, 0.1
135, 1088.0, 8, 8.0, 0.1
136, 1096.0, 8, 8.0, 0.1
137, 1104.0, 8, 8.0, 0.1
138, 1112.0, 8, 8.0, 0.1
139, 1120.0, 8, 8.0, 0.1
140, 1128.0, 8, 8.0, 0.1
141, 1136.0, 8, 8.0, 0.1
142, 1144.0, 8, 8.0, 0.1
143, 1152.0, 8, 8.0, 0.1
144, 1160.0, 8, 8.0, 0.1
145, 1168.0, 8, 8.0, 0.1
146, 1176.0, 8, 8.0, 0.1
147, 1184.0, 8, 8.0, 0.1
148, 1192.0, 8, 8.0, 0.1
149, 1200.0, 8, 8.0, 0.1
150, 1208.0, 8, 8.0, 0.1
151, 1216.0, 8, 8.0, 0.1
152, 1224.0, 8, 8.0, 0.1
153, 1232.0, 8, 8.0, 0.1
154, 1240.0, 8, 8.0, 0.1
155, 1248.0, 8, 8.0, 0.1
156, 1256.0, 8, 8.0, 0.1
157, 1264.0, 8, 8.0, 0.1
158, 1272.0, 8, 8.0, 0.1
159, 1280.0, 8, 8.0, 0.1
160, 1288.0, 8, 8.0, 0.1
161, 1296.0, 8, 8.0, 0.1
162, 1304.0, 8, 8.0, 0.1
163, 1312.0, 8, 8.0, 0.1
164, 1320.0, 8, 8.0, 0.1
165, 1328.0, 8, 8.0, 0.1
166, 1336.0, 8, 8.0, 0.1
167, 1344.0, 8, 8.0, 0.1
168, 1352.0, 8, 8.0, 0.1
169, 1360.0, 8, 8.0, 0.1
170, 1368.0, 8, 8.0, 0.1
171, 1376.0, 8, 8.0, 0.1
172, 1384.0, 8, 8.0, 0.1
173, 1392.0, 8, 8.0, 0.1
174, 1400.0, 8, 8.0, 0.1
175, 1408.0, 8, 8.0, 0.1
176, 1416.0, 8, 8.0, 0.1
177, 1424.0, 8, 8.0, 0.1
178, 1432.0, 8, 8.0, 0.1
179, 1440.0, 8, 8.0, 0.1
180, 1448.0, 8, 8.0, 0.1
181, 1456.0, 8, 8.0, 0.1
182, 1464.0, 8, 8.0, 0.1
183, 1472.0, 8, 8.0, 0.1
184, 1480.0, 8, 8.0, 0.1
185, 1488.0, 8, 8.0, 0.1
186, 1496.0, 8, 8.0, 0.1
187, 1504.0, 8, 8.0, 0.1
188, 1512.0, 8, 8.0, 0.1
189, 1520.0, 8, 8.0, 0.1
190, 1528.0, 8, 8.0, 0.1
191, 1536.0, 8, 8.0, 0.1
192, 1544.0, 8, 8.0, 0.1
193, 1552.0, 8, 8.0, 0.1
194, 1560.0, 8, 8.0, 0.1
195, 1568.0, 8, 8.0, 0.1
196, 1576.0, 8, 8.0, 0.1
197, 1584.0, 8, 8.0, 0.1
198, 1592.0, 8, 8.0, 0.1
199, 1600.0, 8, 8.0, 0.1
200, 1608.0, 8, 8.0, 0.1
201, 1616.0, 8, 8.0, 0.1
202, 1624.0, 8, 8.0, 0.1
203, 1632.0, 8, 8.0, 0.1
204, 1640.0, 8, 8.0, 0.1
205, 1648.0, 8, 8.0, 0.1
206, 1656.0, 8, 8.0, 0.1
207, 1664.0, 8, 8.0, 0.1
208, 1672.0, 8, 8.0, 0.1
209, 1680.0, 8, 8.0, 0.1
210, 1688.0, 8, 8.0, 0.1
211, 1696.0, 8, 8.0, 0.1
212, 1704.0, 8, 8.0, 0.1
213, 1712.0, 8, 8.0, 0.1
214, 1720.0, 8, 8.0, 0.1
215, 1728.0, 8, 8.0, 0.1
216, 1736.0, 8, 8.0, 0.1
217, 1744.0, 8, 8.0, 0.1
218, 1752.0, 8, 8.0, 0.1
219, 1760.0, 8, 8.0, 0.1
220, 1768.0, 8, 8.0, 0.1
221, 1776.0, 8, 8.0, 0.1
222, 1784.0, 8, 8.0, 0.1
223, 1792.0, 8, 8.0, 0.1
224, 1800.0, 8, 8.0, 0.1
225, 1808.0, 8, 8.0, 0.1
226, 1816.0, 8, 8.0, 0.1
227, 1824.0, 8, 8.0, 0.1
228, 1829.0, 5, 7.986899563318778, 0.1
229, 1837.0, 8, 7.98695652173913, 0.1
230, 1844.0, 7, 7.982683982683983, 0.1
231, 1850.0, 6, 7.974137931034483, 0.1
232, 1858.0, 8, 7.9742489270386265, 0.1
233, 1865.0, 7, 7.97008547008547, 0.1
234, 1873.0, 8, 7.970212765957447, 0.1
235, 1880.0, 7, 7.966101694915254, 0.1
236, 1888.0, 8, 7.966244725738397, 0.1
237, 1896.0, 8, 7.966386554621849, 0.1
238, 1904.0, 8, 7.96652719665272, 0.1
239, 1912.0, 8, 7.966666666666667, 0.1
240, 1920.0, 8, 7.966804979253112, 0.1
241, 1927.0, 7, 7.962809917355372, 0.1
242, 1934.0, 7, 7.958847736625515, 0.1
243, 1942.0, 8, 7.959016393442623, 0.1
244, 1950.0, 8, 7.959183673469388, 0.1
245, 1958.0, 8, 7.959349593495935, 0.1
246, 1965.0, 7, 7.955465587044534, 0.1
247, 1971.0, 6, 7.94758064516129, 0.1
248, 1977.0, 6, 7.9397590361445785, 0.1
249, 1984.0, 7, 7.936, 0.1
250, 1991.0, 7, 7.932270916334661, 0.1
251, 1999.0, 8, 7.932539682539683, 0.1
252, 2007.0, 8, 7.932806324110672, 0.1
253, 2015.0, 8, 7.933070866141732, 0.1
254, 2020.0, 5, 7.921568627450981, 0.1
255, 2027.0, 7, 7.91796875, 0.1
256, 2035.0, 8, 7.918287937743191, 0.1
257, 2043.0, 8, 7.9186046511627906, 0.1
258, 2050.0, 7, 7.915057915057915, 0.1
259, 2058.0, 8, 7.915384615384616, 0.1
260, 2064.0, 6, 7.908045977011494, 0.1
261, 2070.0, 6, 7.900763358778626, 0.1
262, 2078.0, 8, 7.901140684410646, 0.1
263, 2085.0, 7, 7.8977272727272725, 0.1
264, 2091.0, 6, 7.890566037735849, 0.1
265, 2098.0, 7, 7.887218045112782, 0.1
266, 2105.0, 7, 7.883895131086143, 0.1
267, 2112.0, 7, 7.880597014925373, 0.1
268, 2119.0, 7, 7.877323420074349, 0.1
269, 2126.0, 7, 7.874074074074074, 0.1
270, 2134.0, 8, 7.874538745387454, 0.1
271, 2142.0, 8, 7.875, 0.1
272, 2150.0, 8, 7.875457875457876, 0.1
273, 2156.0, 6, 7.868613138686132, 0.1
274, 2164.0, 8, 7.869090909090909, 0.1
275, 2172.0, 8, 7.869565217391305, 0.1
276, 2172.0, 0, 7.84115523465704, 0.1
277, 2180.0, 8, 7.841726618705036, 0.1
278, 2187.0, 7, 7.838709677419355, 0.1
279, 2194.0, 7, 7.835714285714285, 0.1
280, 2202.0, 8, 7.8362989323843415, 0.1
281, 2210.0, 8, 7.836879432624113, 0.1
282, 2216.0, 6, 7.830388692579505, 0.1
283, 2223.0, 7, 7.827464788732394, 0.1
284, 2231.0, 8, 7.828070175438596, 0.1
285, 2238.0, 7, 7.825174825174825, 0.1
286, 2246.0, 8, 7.825783972125436, 0.1
287, 2252.0, 6, 7.819444444444445, 0.1
288, 2260.0, 8, 7.820069204152249, 0.1
289, 2268.0, 8, 7.820689655172414, 0.1
290, 2275.0, 7, 7.81786941580756, 0.1
291, 2282.0, 7, 7.815068493150685, 0.1
292, 2288.0, 6, 7.808873720136519, 0.1
293, 2291.0, 3, 7.792517006802721, 0.1
294, 2299.0, 8, 7.793220338983051, 0.1
295, 2307.0, 8, 7.793918918918919, 0.1
296, 2315.0, 8, 7.794612794612795, 0.1
297, 2323.0, 8, 7.795302013422819, 0.1
298, 2329.0, 6, 7.789297658862877, 0.1
299, 2337.0, 8, 7.79, 0.1
300, 2343.0, 6, 7.78405315614618, 0.1
301, 2350.0, 7, 7.781456953642384, 0.1
302, 2358.0, 8, 7.782178217821782, 0.1
303, 2365.0, 7, 7.779605263157895, 0.1
304, 2372.0, 7, 7.777049180327869, 0.1
305, 2379.0, 7, 7.7745098039215685, 0.1
306, 2385.0, 6, 7.768729641693811, 0.1
307, 2392.0, 7, 7.766233766233766, 0.1
308, 2399.0, 7, 7.763754045307444, 0.1
309, 2406.0, 7, 7.7612903225806456, 0.1
310, 2413.0, 7, 7.758842443729904, 0.1
311, 2421.0, 8, 7.759615384615385, 0.1
312, 2427.0, 6, 7.753993610223642, 0.1
313, 2434.0, 7, 7.751592356687898, 0.1
314, 2442.0, 8, 7.752380952380952, 0.1
315, 2448.0, 6, 7.746835443037975, 0.1
316, 2456.0, 8, 7.747634069400631, 0.1
317, 2464.0, 8, 7.748427672955975, 0.1
318, 2471.0, 7, 7.746081504702194, 0.1
319, 2479.0, 8, 7.746875, 0.1
320, 2487.0, 8, 7.747663551401869, 0.1
321, 2494.0, 7, 7.745341614906832, 0.1
322, 2502.0, 8, 7.746130030959752, 0.1
323, 2510.0, 8, 7.746913580246914, 0.1
324, 2518.0, 8, 7.747692307692308, 0.1
325, 2525.0, 7, 7.745398773006135, 0.1
326, 2532.0, 7, 7.743119266055046, 0.1
327, 2539.0, 7, 7.740853658536586, 0.1
328, 2546.0, 7, 7.738601823708207, 0.1
329, 2551.0, 5, 7.7303030303030305, 0.1
330, 2556.0, 5, 7.722054380664653, 0.1
331, 2563.0, 7, 7.719879518072289, 0.1
332, 2568.0, 5, 7.711711711711712, 0.1
333, 2574.0, 6, 7.706586826347305, 0.1
334, 2580.0, 6, 7.701492537313433, 0.1
335, 2583.0, 3, 7.6875, 0.1
336, 2591.0, 8, 7.688427299703264, 0.1
337, 2598.0, 7, 7.686390532544379, 0.1
338, 2605.0, 7, 7.684365781710914, 0.1
339, 2612.0, 7, 7.682352941176471, 0.1
340, 2618.0, 6, 7.67741935483871, 0.1
341, 2625.0, 7, 7.675438596491228, 0.1
342, 2632.0, 7, 7.673469387755102, 0.1
343, 2640.0, 8, 7.674418604651163, 0.1
344, 2648.0, 8, 7.6753623188405795, 0.1
345, 2656.0, 8, 7.676300578034682, 0.1
346, 2663.0, 7, 7.674351585014409, 0.1
347, 2669.0, 6, 7.669540229885057, 0.1
348, 2676.0, 7, 7.667621776504298, 0.1
349, 2683.0, 7, 7.6657142857142855, 0.1
350, 2691.0, 8, 7.666666666666667, 0.1
351, 2697.0, 6, 7.661931818181818, 0.1
352, 2704.0, 7, 7.660056657223796, 0.1
353, 2711.0, 7, 7.65819209039548, 0.1
354, 2718.0, 7, 7.656338028169014, 0.1
355, 2725.0, 7, 7.654494382022472, 0.1
356, 2732.0, 7, 7.652661064425771, 0.1
357, 2732.0, 0, 7.631284916201118, 0.1
358, 2738.0, 6, 7.626740947075209, 0.1
359, 2746.0, 8, 7.627777777777778, 0.1
360, 2753.0, 7, 7.626038781163435, 0.1
361, 2761.0, 8, 7.62707182320442, 0.1
362, 2768.0, 7, 7.62534435261708, 0.1
363, 2776.0, 8, 7.626373626373627, 0.1
364, 2783.0, 7, 7.624657534246575, 0.1
365, 2790.0, 7, 7.622950819672131, 0.1
366, 2798.0, 8, 7.623978201634878, 0.1
367, 2806.0, 8, 7.625, 0.1
368, 2814.0, 8, 7.626016260162602, 0.1
369, 2822.0, 8, 7.627027027027027, 0.1
370, 2822.0, 0, 7.606469002695418, 0.1
371, 2830.0, 8, 7.60752688172043, 0.1
372, 2833.0, 3, 7.595174262734584, 0.1
373, 2841.0, 8, 7.596256684491979, 0.1
374, 2849.0, 8, 7.597333333333333, 0.1
375, 2857.0, 8, 7.598404255319149, 0.1
376, 2865.0, 8, 7.599469496021221, 0.1
377, 2872.0, 7, 7.597883597883598, 0.1
378, 2880.0, 8, 7.598944591029023, 0.1
379, 2888.0, 8, 7.6, 0.1
380, 2895.0, 7, 7.5984251968503935, 0.1
381, 2901.0, 6, 7.5942408376963355, 0.1
382, 2907.0, 6, 7.590078328981723, 0.1
383, 2911.0, 4, 7.580729166666667, 0.1
384, 2919.0, 8, 7.581818181818182, 0.1
385, 2927.0, 8, 7.582901554404145, 0.1
386, 2927.0, 0, 7.5633074935400515, 0.1
387, 2933.0, 6, 7.559278350515464, 0.1
388, 2941.0, 8, 7.560411311053985, 0.1
389, 2947.0, 6, 7.556410256410256, 0.1
390, 2955.0, 8, 7.557544757033248, 0.1
391, 2962.0, 7, 7.5561224489795915, 0.1
392, 2968.0, 6, 7.552162849872774, 0.1
393, 2975.0, 7, 7.550761421319797, 0.1
394, 2981.0, 6, 7.546835443037975, 0.1
395, 2988.0, 7, 7.545454545454546, 0.1
396, 2994.0, 6, 7.541561712846348, 0.1
397, 3002.0, 8, 7.542713567839196, 0.1
398, 3009.0, 7, 7.541353383458647, 0.1
399, 3016.0, 7, 7.54, 0.1
400, 3024.0, 8, 7.541147132169576, 0.1
401, 3028.0, 4, 7.532338308457711, 0.1
402, 3036.0, 8, 7.5334987593052105, 0.1
403, 3044.0, 8, 7.534653465346534, 0.1
404, 3051.0, 7, 7.533333333333333, 0.1
405, 3058.0, 7, 7.532019704433497, 0.1
406, 3064.0, 6, 7.528255528255528, 0.1
407, 3072.0, 8, 7.529411764705882, 0.1
408, 3078.0, 6, 7.525672371638142, 0.1
409, 3085.0, 7, 7.524390243902439, 0.1
410, 3092.0, 7, 7.523114355231144, 0.1
411, 3099.0, 7, 7.521844660194175, 0.1
412, 3107.0, 8, 7.523002421307506, 0.1
413, 3114.0, 7, 7.521739130434782, 0.1
414, 3122.0, 8, 7.52289156626506, 0.1
415, 3128.0, 6, 7.519230769230769, 0.1
416, 3136.0, 8, 7.520383693045564, 0.1
417, 3142.0, 6, 7.516746411483253, 0.1
418, 3150.0, 8, 7.5178997613365155, 0.1
419, 3157.0, 7, 7.516666666666667, 0.1
420, 3162.0, 5, 7.510688836104513, 0.1
421, 3169.0, 7, 7.509478672985782, 0.1
422, 3175.0, 6, 7.505910165484633, 0.1
423, 3183.0, 8, 7.507075471698113, 0.1
424, 3189.0, 6, 7.503529411764706, 0.1
425, 3191.0, 2, 7.490610328638498, 0.1
426, 3198.0, 7, 7.489461358313817, 0.1
427, 3203.0, 5, 7.483644859813084, 0.1
428, 3211.0, 8, 7.484848484848484, 0.1
429, 3218.0, 7, 7.4837209302325585, 0.1
430, 3225.0, 7, 7.482598607888631, 0.1
431, 3230.0, 5, 7.476851851851852, 0.1
432, 3237.0, 7, 7.475750577367205, 0.1
433, 3238.0, 1, 7.460829493087558, 0.1
434, 3245.0, 7, 7.459770114942529, 0.1
435, 3252.0, 7, 7.458715596330276, 0.1
436, 3258.0, 6, 7.45537757437071, 0.1
437, 3266.0, 8, 7.45662100456621, 0.1
438, 3274.0, 8, 7.457858769931663, 0.1
439, 3279.0, 5, 7.452272727272727, 0.1
440, 3286.0, 7, 7.45124716553288, 0.1
441, 3293.0, 7, 7.450226244343892, 0.1
442, 3300.0, 7, 7.44920993227991, 0.1
443, 3306.0, 6, 7.445945945945946, 0.1
444, 3314.0, 8, 7.447191011235955, 0.1
445, 3322.0, 8, 7.448430493273543, 0.1
446, 3330.0, 8, 7.449664429530201, 0.1
447, 3338.0, 8, 7.450892857142857, 0.1
448, 3346.0, 8, 7.452115812917595, 0.1
449, 3354.0, 8, 7.453333333333333, 0.1
450, 3362.0, 8, 7.454545454545454, 0.1
451, 3369.0, 7, 7.45353982300885, 0.1
452, 3376.0, 7, 7.452538631346578, 0.1
453, 3382.0, 6, 7.4493392070484585, 0.1
454, 3389.0, 7, 7.4483516483516485, 0.1
455, 3392.0, 3, 7.43859649122807, 0.1
456, 3392.0, 0, 7.422319474835886, 0.1
457, 3399.0, 7, 7.421397379912664, 0.1
458, 3406.0, 7, 7.420479302832244, 0.1
459, 3413.0, 7, 7.4195652173913045, 0.1
460, 3421.0, 8, 7.420824295010846, 0.1
461, 3429.0, 8, 7.422077922077922, 0.1
462, 3436.0, 7, 7.421166306695464, 0.1
463, 3436.0, 0, 7.405172413793103, 0.1
464, 3444.0, 8, 7.406451612903226, 0.1
465, 3450.0, 6, 7.4034334763948495, 0.1
466, 3458.0, 8, 7.404710920770878, 0.1
467, 3466.0, 8, 7.405982905982906, 0.1
468, 3474.0, 8, 7.40724946695096, 0.1
469, 3482.0, 8, 7.408510638297872, 0.1
470, 3489.0, 7, 7.407643312101911, 0.1
471, 3497.0, 8, 7.408898305084746, 0.1
472, 3504.0, 7, 7.408033826638478, 0.1
473, 3512.0, 8, 7.409282700421941, 0.1
474, 3519.0, 7, 7.408421052631579, 0.1
475, 3527.0, 8, 7.409663865546219, 0.1
476, 3535.0, 8, 7.410901467505241, 0.1
477, 3541.0, 6, 7.407949790794979, 0.1
478, 3548.0, 7, 7.407098121085595, 0.1
479, 3550.0, 2, 7.395833333333333, 0.1
480, 3558.0, 8, 7.397089397089397, 0.1
481, 3565.0, 7, 7.3962655601659755, 0.1
482, 3572.0, 7, 7.395445134575569, 0.1
483, 3579.0, 7, 7.394628099173554, 0.1
484, 3587.0, 8, 7.395876288659794, 0.1
485, 3594.0, 7, 7.395061728395062, 0.1
486, 3601.0, 7, 7.394250513347022, 0.1
487, 3609.0, 8, 7.395491803278689, 0.1
488, 3617.0, 8, 7.396728016359918, 0.1
489, 3625.0, 8, 7.3979591836734695, 0.1
490, 3633.0, 8, 7.3991853360488795, 0.1
491, 3639.0, 6, 7.396341463414634, 0.1
492, 3646.0, 7, 7.395537525354969, 0.1
493, 3653.0, 7, 7.394736842105263, 0.1
494, 3660.0, 7, 7.393939393939394, 0.1
495, 3666.0, 6, 7.391129032258065, 0.1
496, 3673.0, 7, 7.390342052313883, 0.1
497, 3681.0, 8, 7.391566265060241, 0.1
498, 3689.0, 8, 7.3927855711422845, 0.1
499, 3695.0, 6, 7.39, 0.1
500, 3702.0, 7, 7.389221556886228, 0.1
501, 3708.0, 6, 7.386454183266932, 0.1
502, 3716.0, 8, 7.387673956262425, 0.1
503, 3723.0, 7, 7.386904761904762, 0.1
504, 3729.0, 6, 7.3841584158415845, 0.1
505, 3736.0, 7, 7.383399209486166, 0.1
506, 3742.0, 6, 7.380670611439842, 0.1
507, 3749.0, 7, 7.3799212598425195, 0.1
508, 3757.0, 8, 7.381139489194499, 0.1
509, 3765.0, 8, 7.382352941176471, 0.1
510, 3772.0, 7, 7.38160469667319, 0.1
511, 3779.0, 7, 7.380859375, 0.1
512, 3787.0, 8, 7.382066276803119, 0.1
513, 3795.0, 8, 7.383268482490273, 0.1
514, 3802.0, 7, 7.38252427184466, 0.1
515, 3810.0, 8, 7.383720930232558, 0.1
516, 3817.0, 7, 7.382978723404255, 0.1
517, 3823.0, 6, 7.38030888030888, 0.1
518, 3831.0, 8, 7.381502890173411, 0.1
519, 3838.0, 7, 7.380769230769231, 0.1
520, 3844.0, 6, 7.378119001919385, 0.1
521, 3850.0, 6, 7.375478927203065, 0.1
522, 3850.0, 0, 7.361376673040153, 0.1
523, 3857.0, 7, 7.3606870229007635, 0.1
524, 3864.0, 7, 7.36, 0.1
525, 3872.0, 8, 7.361216730038023, 0.1
526, 3879.0, 7, 7.3605313092979125, 0.1
527, 3887.0, 8, 7.361742424242424, 0.1
528, 3895.0, 8, 7.362948960302457, 0.1
529, 3901.0, 6, 7.360377358490566, 0.1
530, 3908.0, 7, 7.3596986817325805, 0.1
531, 3913.0, 5, 7.355263157894737, 0.1
532, 3919.0, 6, 7.352720450281426, 0.1
533, 3923.0, 4, 7.346441947565543, 0.1
534, 3931.0, 8, 7.347663551401869, 0.1
535, 3938.0, 7, 7.347014925373134, 0.1
536, 3945.0, 7, 7.346368715083799, 0.1
537, 3952.0, 7, 7.345724907063197, 0.1
538, 3958.0, 6, 7.343228200371057, 0.1
539, 3965.0, 7, 7.342592592592593, 0.1
540, 3966.0, 1, 7.33086876155268, 0.1
541, 3974.0, 8, 7.332103321033211, 0.1
542, 3981.0, 7, 7.331491712707182, 0.1
543, 3989.0, 8, 7.332720588235294, 0.1
544, 3996.0, 7, 7.332110091743119, 0.1
545, 4003.0, 7, 7.331501831501831, 0.1
546, 4008.0, 5, 7.3272394881170015, 0.1
547, 4011.0, 3, 7.319343065693431, 0.1
548, 4017.0, 6, 7.316939890710382, 0.1
549, 4024.0, 7, 7.316363636363636, 0.1
550, 4030.0, 6, 7.313974591651543, 0.1
551, 4037.0, 7, 7.313405797101449, 0.1
552, 4045.0, 8, 7.314647377938517, 0.1
553, 4051.0, 6, 7.312274368231047, 0.1
554, 4059.0, 8, 7.313513513513514, 0.1
555, 4064.0, 5, 7.309352517985611, 0.1
556, 4071.0, 7, 7.308797127468582, 0.1
557, 4079.0, 8, 7.310035842293907, 0.1
558, 4086.0, 7, 7.309481216457961, 0.1
559, 4092.0, 6, 7.307142857142857, 0.1
560, 4098.0, 6, 7.304812834224599, 0.1
561, 4106.0, 8, 7.306049822064057, 0.1
562, 4113.0, 7, 7.30550621669627, 0.1
563, 4121.0, 8, 7.306737588652482, 0.1
564, 4128.0, 7, 7.306194690265487, 0.1
565, 4136.0, 8, 7.307420494699647, 0.1
566, 4143.0, 7, 7.306878306878307, 0.1
567, 4151.0, 8, 7.308098591549296, 0.1
568, 4158.0, 7, 7.30755711775044, 0.1
569, 4165.0, 7, 7.307017543859649, 0.1
570, 4173.0, 8, 7.308231173380035, 0.1
571, 4181.0, 8, 7.309440559440559, 0.1
572, 4187.0, 6, 7.307155322862129, 0.1
573, 4192.0, 5, 7.303135888501743, 0.1
574, 4200.0, 8, 7.304347826086956, 0.1
575, 4207.0, 7, 7.303819444444445, 0.1
576, 4214.0, 7, 7.303292894280762, 0.1
577, 4222.0, 8, 7.304498269896194, 0.1
578, 4229.0, 7, 7.303972366148532, 0.1
579, 4237.0, 8, 7.305172413793104, 0.1
580, 4244.0, 7, 7.304647160068847, 0.1
581, 4252.0, 8, 7.305841924398625, 0.1
582, 4259.0, 7, 7.305317324185249, 0.1
583, 4262.0, 3, 7.2979452054794525, 0.1
584, 4269.0, 7, 7.297435897435897, 0.1
585, 4275.0, 6, 7.295221843003413, 0.1
586, 4276.0, 1, 7.284497444633731, 0.1
587, 4284.0, 8, 7.285714285714286, 0.1
588, 4292.0, 8, 7.286926994906621, 0.1
589, 4299.0, 7, 7.286440677966102, 0.1
590, 4305.0, 6, 7.284263959390863, 0.1
591, 4306.0, 1, 7.273648648648648, 0.1
592, 4311.0, 5, 7.269814502529511, 0.1
593, 4319.0, 8, 7.271043771043771, 0.1
594, 4327.0, 8, 7.272268907563025, 0.1
595, 4331.0, 4, 7.266778523489933, 0.1
596, 4338.0, 7, 7.266331658291457, 0.1
597, 4346.0, 8, 7.2675585284280935, 0.1
598, 4350.0, 4, 7.262103505843072, 0.1
599, 4351.0, 1, 7.251666666666667, 0.1
600, 4358.0, 7, 7.251247920133111, 0.1
601, 4361.0, 3, 7.244186046511628, 0.1
602, 4368.0, 7, 7.243781094527363, 0.1
603, 4376.0, 8, 7.245033112582782, 0.1
604, 4384.0, 8, 7.246280991735537, 0.1
605, 4392.0, 8, 7.247524752475248, 0.1
606, 4399.0, 7, 7.247116968698517, 0.1
607, 4406.0, 7, 7.246710526315789, 0.1
608, 4413.0, 7, 7.246305418719212, 0.1
609, 4420.0, 7, 7.245901639344262, 0.1
610, 4428.0, 8, 7.247135842880524, 0.1
611, 4435.0, 7, 7.246732026143791, 0.1
612, 4442.0, 7, 7.246329526916803, 0.1
613, 4450.0, 8, 7.247557003257329, 0.1
614, 4451.0, 1, 7.23739837398374, 0.1
615, 4457.0, 6, 7.2353896103896105, 0.1
616, 4464.0, 7, 7.235008103727715, 0.1
617, 4471.0, 7, 7.23462783171521, 0.1
618, 4478.0, 7, 7.234248788368336, 0.1
619, 4485.0, 7, 7.233870967741935, 0.1
620, 4493.0, 8, 7.235104669887279, 0.1
621, 4500.0, 7, 7.234726688102894, 0.1
622, 4508.0, 8, 7.235955056179775, 0.1
623, 4514.0, 6, 7.233974358974359, 0.1
624, 4522.0, 8, 7.2352, 0.1
625, 4529.0, 7, 7.23482428115016, 0.1
626, 4535.0, 6, 7.232854864433812, 0.1
627, 4543.0, 8, 7.234076433121019, 0.1
628, 4551.0, 8, 7.235294117647059, 0.1
629, 4558.0, 7, 7.234920634920635, 0.1
630, 4564.0, 6, 7.23296354992076, 0.1
631, 4571.0, 7, 7.2325949367088604, 0.1
632, 4578.0, 7, 7.232227488151659, 0.1
633, 4586.0, 8, 7.233438485804417, 0.1
634, 4591.0, 5, 7.22992125984252, 0.1
635, 4598.0, 7, 7.229559748427673, 0.1
636, 4606.0, 8, 7.230769230769231, 0.1
637, 4614.0, 8, 7.231974921630094, 0.1
638, 4622.0, 8, 7.233176838810642, 0.1
639, 4628.0, 6, 7.23125, 0.1
640, 4631.0, 3, 7.224648985959439, 0.1
641, 4638.0, 7, 7.224299065420561, 0.1
642, 4640.0, 2, 7.216174183514775, 0.1
643, 4645.0, 5, 7.212732919254658, 0.1
644, 4652.0, 7, 7.212403100775194, 0.1
645, 4659.0, 7, 7.212074303405573, 0.1
646, 4664.0, 5, 7.2086553323029365, 0.1
647, 4672.0, 8, 7.209876543209877, 0.1
648, 4680.0, 8, 7.211093990755008, 0.1
649, 4687.0, 7, 7.21076923076923, 0.1
650, 4695.0, 8, 7.211981566820277, 0.1
651, 4703.0, 8, 7.21319018404908, 0.1
652, 4710.0, 7, 7.212863705972435, 0.1
653, 4717.0, 7, 7.212538226299694, 0.1
654, 4725.0, 8, 7.213740458015267, 0.1
655, 4731.0, 6, 7.211890243902439, 0.1
656, 4734.0, 3, 7.205479452054795, 0.1
657, 4742.0, 8, 7.206686930091186, 0.1
658, 4750.0, 8, 7.207890743550835, 0.1
659, 4754.0, 4, 7.203030303030303, 0.1
660, 4760.0, 6, 7.201210287443268, 0.1
661, 4767.0, 7, 7.2009063444108765, 0.1
662, 4775.0, 8, 7.20211161387632, 0.1
663, 4783.0, 8, 7.203313253012048, 0.1
664, 4791.0, 8, 7.204511278195489, 0.1
665, 4798.0, 7, 7.2042042042042045, 0.1
666, 4806.0, 8, 7.2053973013493255, 0.1
667, 4814.0, 8, 7.206586826347305, 0.1
668, 4821.0, 7, 7.20627802690583, 0.1
669, 4828.0, 7, 7.205970149253731, 0.1
670, 4835.0, 7, 7.205663189269747, 0.1
671, 4841.0, 6, 7.2038690476190474, 0.1
672, 4849.0, 8, 7.205052005943537, 0.1
673, 4857.0, 8, 7.206231454005935, 0.1
674, 4861.0, 4, 7.201481481481482, 0.1
675, 4868.0, 7, 7.201183431952662, 0.1
676, 4874.0, 6, 7.199409158050222, 0.1
677, 4881.0, 7, 7.199115044247788, 0.1
678, 4889.0, 8, 7.200294550810015, 0.1
679, 4895.0, 6, 7.198529411764706, 0.1
680, 4902.0, 7, 7.1982378854625555, 0.1
681, 4910.0, 8, 7.19941348973607, 0.1
682, 4917.0, 7, 7.199121522693997, 0.1
683, 4923.0, 6, 7.197368421052632, 0.1
684, 4931.0, 8, 7.198540145985401, 0.1
685, 4937.0, 6, 7.196793002915452, 0.1
686, 4943.0, 6, 7.195050946142649, 0.1
687, 4951.0, 8, 7.196220930232558, 0.1
688, 4958.0, 7, 7.195936139332366, 0.1
689, 4966.0, 8, 7.197101449275363, 0.1
690, 4974.0, 8, 7.198263386396527, 0.1
691, 4980.0, 6, 7.196531791907514, 0.1
692, 4987.0, 7, 7.196248196248196, 0.1
693, 4995.0, 8, 7.197406340057637, 0.1
694, 5003.0, 8, 7.1985611510791365, 0.1
695, 5009.0, 6, 7.19683908045977, 0.1
696, 5015.0, 6, 7.195121951219512, 0.1
697, 5021.0, 6, 7.193409742120344, 0.1
698, 5028.0, 7, 7.1931330472103, 0.1
699, 5032.0, 4, 7.188571428571429, 0.1
700, 5039.0, 7, 7.18830242510699, 0.1
701, 5047.0, 8, 7.189458689458689, 0.1
702, 5055.0, 8, 7.190611664295875, 0.1
703, 5062.0, 7, 7.190340909090909, 0.1
704, 5070.0, 8, 7.191489361702128, 0.1
705, 5078.0, 8, 7.192634560906516, 0.1
706, 5086.0, 8, 7.193776520509194, 0.1
707, 5094.0, 8, 7.194915254237288, 0.1
708, 5098.0, 4, 7.190409026798307, 0.1
709, 5099.0, 1, 7.18169014084507, 0.1
710, 5107.0, 8, 7.182841068917019, 0.1
711, 5114.0, 7, 7.182584269662922, 0.1
712, 5122.0, 8, 7.183730715287518, 0.1
713, 5126.0, 4, 7.179271708683474, 0.1
714, 5133.0, 7, 7.179020979020979, 0.1
715, 5138.0, 5, 7.175977653631285, 0.1
716, 5146.0, 8, 7.177126917712692, 0.1
717, 5153.0, 7, 7.176880222841226, 0.1
718, 5160.0, 7, 7.17663421418637, 0.1
719, 5167.0, 7, 7.176388888888889, 0.1
720, 5174.0, 7, 7.1761442441054095, 0.1
721, 5182.0, 8, 7.177285318559557, 0.1
722, 5190.0, 8, 7.178423236514523, 0.1
723, 5198.0, 8, 7.179558011049724, 0.1
724, 5205.0, 7, 7.179310344827586, 0.1
725, 5212.0, 7, 7.179063360881543, 0.1
726, 5220.0, 8, 7.1801925722145805, 0.1
727, 5226.0, 6, 7.178571428571429, 0.1
728, 5233.0, 7, 7.178326474622771, 0.1
729, 5241.0, 8, 7.17945205479452, 0.1
730, 5248.0, 7, 7.179206566347469, 0.1
731, 5256.0, 8, 7.180327868852459, 0.1
732, 5262.0, 6, 7.1787175989085945, 0.1
733, 5270.0, 8, 7.179836512261581, 0.1
734, 5277.0, 7, 7.179591836734694, 0.1
735, 5282.0, 5, 7.176630434782608, 0.1
736, 5290.0, 8, 7.17774762550882, 0.1
737, 5290.0, 0, 7.168021680216802, 0.1
738, 5294.0, 4, 7.163734776725304, 0.1
739, 5294.0, 0, 7.154054054054054, 0.1
740, 5301.0, 7, 7.153846153846154, 0.1
741, 5301.0, 0, 7.144204851752021, 0.1
742, 5306.0, 5, 7.141318977119784, 0.1
743, 5307.0, 1, 7.133064516129032, 0.1
744, 5314.0, 7, 7.1328859060402685, 0.1
745, 5321.0, 7, 7.132707774798928, 0.1
746, 5323.0, 2, 7.125836680053547, 0.1
747, 5329.0, 6, 7.124331550802139, 0.1
748, 5335.0, 6, 7.12283044058745, 0.1
749, 5342.0, 7, 7.1226666666666665, 0.1
750, 5346.0, 4, 7.118508655126498, 0.1
751, 5353.0, 7, 7.118351063829787, 0.1
752, 5360.0, 7, 7.1181938911022575, 0.1
753, 5367.0, 7, 7.118037135278515, 0.1
754, 5375.0, 8, 7.119205298013245, 0.1
755, 5381.0, 6, 7.117724867724868, 0.1
756, 5389.0, 8, 7.11889035667107, 0.1
757, 5397.0, 8, 7.120052770448549, 0.1
758, 5403.0, 6, 7.118577075098814, 0.1
759, 5404.0, 1, 7.110526315789474, 0.1
760, 5412.0, 8, 7.111695137976347, 0.1
761, 5420.0, 8, 7.1128608923884515, 0.1
762, 5427.0, 7, 7.1127129750982965, 0.1
763, 5434.0, 7, 7.112565445026178, 0.1
764, 5440.0, 6, 7.111111111111111, 0.1
765, 5448.0, 8, 7.1122715404699735, 0.1
766, 5455.0, 7, 7.112125162972621, 0.1
767, 5463.0, 8, 7.11328125, 0.1
768, 5469.0, 6, 7.111833550065019, 0.1
769, 5476.0, 7, 7.111688311688312, 0.1
770, 5484.0, 8, 7.11284046692607, 0.1
771, 5487.0, 3, 7.107512953367876, 0.1
772, 5494.0, 7, 7.1073738680465715, 0.1
773, 5499.0, 5, 7.104651162790698, 0.1
774, 5506.0, 7, 7.104516129032258, 0.1
775, 5511.0, 5, 7.10180412371134, 0.1
776, 5518.0, 7, 7.101673101673102, 0.1
777, 5523.0, 5, 7.098971722365039, 0.1
778, 5528.0, 5, 7.096277278562259, 0.1
779, 5536.0, 8, 7.097435897435897, 0.1
780, 5543.0, 7, 7.097311139564661, 0.1
781, 5550.0, 7, 7.0971867007672635, 0.1
782, 5558.0, 8, 7.098339719029374, 0.1
783, 5565.0, 7, 7.098214285714286, 0.1
784, 5573.0, 8, 7.099363057324841, 0.1
785, 5581.0, 8, 7.100508905852418, 0.1
786, 5588.0, 7, 7.100381194409149, 0.1
787, 5594.0, 6, 7.098984771573604, 0.1
788, 5595.0, 1, 7.091254752851711, 0.1
789, 5603.0, 8, 7.092405063291139, 0.1
790, 5609.0, 6, 7.09102402022756, 0.1
791, 5616.0, 7, 7.090909090909091, 0.1
792, 5620.0, 4, 7.087011349306431, 0.1
793, 5627.0, 7, 7.086901763224182, 0.1
794, 5632.0, 5, 7.084276729559749, 0.1
795, 5638.0, 6, 7.082914572864322, 0.1
796, 5646.0, 8, 7.084065244667503, 0.1
797, 5653.0, 7, 7.083959899749374, 0.1
798, 5656.0, 3, 7.078848560700876, 0.1
799, 5663.0, 7, 7.07875, 0.1
800, 5671.0, 8, 7.079900124843945, 0.1
801, 5677.0, 6, 7.0785536159601, 0.1
802, 5684.0, 7, 7.078455790784558, 0.1
803, 5691.0, 7, 7.0783582089552235, 0.1
804, 5699.0, 8, 7.079503105590062, 0.1
805, 5707.0, 8, 7.080645161290323, 0.1
806, 5713.0, 6, 7.079306071871128, 0.1
807, 5721.0, 8, 7.080445544554456, 0.1
808, 5728.0, 7, 7.080346106304079, 0.1
809, 5736.0, 8, 7.0814814814814815, 0.1
810, 5744.0, 8, 7.082614056720098, 0.1
811, 5750.0, 6, 7.08128078817734, 0.1
812, 5758.0, 8, 7.0824108241082415, 0.1
813, 5764.0, 6, 7.081081081081081, 0.1
814, 5772.0, 8, 7.082208588957055, 0.1
815, 5779.0, 7, 7.082107843137255, 0.1
816, 5787.0, 8, 7.0832313341493265, 0.1
817, 5794.0, 7, 7.083129584352078, 0.1
818, 5799.0, 5, 7.08058608058608, 0.1
819, 5807.0, 8, 7.081707317073171, 0.1
820, 5815.0, 8, 7.082825822168088, 0.1
821, 5823.0, 8, 7.083941605839416, 0.1
822, 5830.0, 7, 7.083839611178615, 0.1
823, 5837.0, 7, 7.08373786407767, 0.1
824, 5844.0, 7, 7.083636363636364, 0.1
825, 5852.0, 8, 7.084745762711864, 0.1
826, 5859.0, 7, 7.084643288996372, 0.1
827, 5864.0, 5, 7.082125603864735, 0.1
828, 5872.0, 8, 7.083232810615199, 0.1
829, 5878.0, 6, 7.081927710843374, 0.1
830, 5886.0, 8, 7.0830324909747295, 0.1
831, 5891.0, 5, 7.080528846153846, 0.1
832, 5898.0, 7, 7.0804321728691475, 0.1
833, 5905.0, 7, 7.080335731414868, 0.1
834, 5905.0, 0, 7.07185628742515, 0.1
835, 5906.0, 1, 7.064593301435407, 0.1
836, 5909.0, 3, 7.05973715651135, 0.1
837, 5916.0, 7, 7.059665871121719, 0.1
838, 5924.0, 8, 7.060786650774732, 0.1
839, 5932.0, 8, 7.061904761904762, 0.1
840, 5940.0, 8, 7.0630202140309155, 0.1
841, 5948.0, 8, 7.064133016627078, 0.1
842, 5954.0, 6, 7.062870699881376, 0.1
843, 5962.0, 8, 7.063981042654029, 0.1
844, 5970.0, 8, 7.06508875739645, 0.1
845, 5978.0, 8, 7.066193853427896, 0.1
846, 5985.0, 7, 7.066115702479339, 0.1
847, 5992.0, 7, 7.066037735849057, 0.1
848, 5994.0, 2, 7.060070671378092, 0.1
849, 5996.0, 2, 7.054117647058823, 0.1
850, 6004.0, 8, 7.055229142185664, 0.1
851, 6005.0, 1, 7.0481220657277, 0.1
852, 6011.0, 6, 7.046893317702227, 0.1
853, 6018.0, 7, 7.046838407494145, 0.1
854, 6025.0, 7, 7.046783625730995, 0.1
855, 6030.0, 5, 7.044392523364486, 0.1
856, 6036.0, 6, 7.043173862310385, 0.1
857, 6041.0, 5, 7.040792540792541, 0.1
858, 6049.0, 8, 7.041909196740396, 0.1
859, 6056.0, 7, 7.0418604651162795, 0.1
860, 6064.0, 8, 7.042973286875726, 0.1
861, 6072.0, 8, 7.044083526682135, 0.1
862, 6078.0, 6, 7.042873696407879, 0.1
863, 6086.0, 8, 7.043981481481482, 0.1
864, 6092.0, 6, 7.042774566473988, 0.1
865, 6100.0, 8, 7.043879907621247, 0.1
866, 6108.0, 8, 7.044982698961937, 0.1
867, 6116.0, 8, 7.046082949308755, 0.1
868, 6124.0, 8, 7.047180667433832, 0.1
869, 6131.0, 7, 7.0471264367816095, 0.1
870, 6138.0, 7, 7.04707233065442, 0.1
871, 6146.0, 8, 7.048165137614679, 0.1
872, 6154.0, 8, 7.049255441008018, 0.1
873, 6161.0, 7, 7.049199084668192, 0.1
874, 6168.0, 7, 7.049142857142857, 0.1
875, 6171.0, 3, 7.044520547945205, 0.1
876, 6179.0, 8, 7.045610034207526, 0.1
877, 6186.0, 7, 7.045558086560365, 0.1
878, 6193.0, 7, 7.045506257110353, 0.1
879, 6201.0, 8, 7.046590909090909, 0.1
880, 6206.0, 5, 7.0442678774120315, 0.1
881, 6214.0, 8, 7.045351473922903, 0.1
882, 6222.0, 8, 7.04643261608154, 0.1
883, 6229.0, 7, 7.046380090497737, 0.1
884, 6236.0, 7, 7.046327683615819, 0.1
885, 6244.0, 8, 7.047404063205418, 0.1
886, 6250.0, 6, 7.046223224351747, 0.1
887, 6256.0, 6, 7.045045045045045, 0.1
888, 6263.0, 7, 7.0449943757030375, 0.1
889, 6271.0, 8, 7.046067415730337, 0.1
890, 6279.0, 8, 7.047138047138047, 0.1
891, 6287.0, 8, 7.048206278026906, 0.1
892, 6294.0, 7, 7.048152295632699, 0.1
893, 6302.0, 8, 7.049217002237136, 0.1
894, 6310.0, 8, 7.050279329608938, 0.1
895, 6318.0, 8, 7.051339285714286, 0.1
896, 6325.0, 7, 7.051282051282051, 0.1
897, 6333.0, 8, 7.052338530066815, 0.1
898, 6340.0, 7, 7.052280311457174, 0.1
899, 6348.0, 8, 7.053333333333334, 0.1
900, 6356.0, 8, 7.054384017758046, 0.1
901, 6364.0, 8, 7.0554323725055434, 0.1
902, 6369.0, 5, 7.053156146179402, 0.1
903, 6376.0, 7, 7.053097345132743, 0.1
904, 6384.0, 8, 7.05414364640884, 0.1
905, 6391.0, 7, 7.054083885209713, 0.1
906, 6398.0, 7, 7.054024255788313, 0.1
907, 6404.0, 6, 7.052863436123348, 0.1
908, 6412.0, 8, 7.053905390539054, 0.1
909, 6419.0, 7, 7.053846153846154, 0.1
910, 6425.0, 6, 7.052689352360044, 0.1
911, 6433.0, 8, 7.053728070175438, 0.1
912, 6440.0, 7, 7.053669222343921, 0.1
913, 6447.0, 7, 7.053610503282275, 0.1
914, 6455.0, 8, 7.054644808743169, 0.1
915, 6461.0, 6, 7.0534934497816595, 0.1
916, 6468.0, 7, 7.0534351145038165, 0.1
917, 6476.0, 8, 7.05446623093682, 0.1
918, 6483.0, 7, 7.054406964091403, 0.1
919, 6490.0, 7, 7.054347826086956, 0.1
920, 6498.0, 8, 7.055374592833876, 0.1
921, 6499.0, 1, 7.04880694143167, 0.1
922, 6507.0, 8, 7.049837486457204, 0.1
923, 6515.0, 8, 7.050865800865801, 0.1
924, 6523.0, 8, 7.051891891891892, 0.1
925, 6530.0, 7, 7.05183585313175, 0.1
926, 6537.0, 7, 7.051779935275081, 0.1
927, 6545.0, 8, 7.052801724137931, 0.1
928, 6553.0, 8, 7.053821313240043, 0.1
929, 6560.0, 7, 7.053763440860215, 0.1
930, 6568.0, 8, 7.054779806659506, 0.1
931, 6576.0, 8, 7.055793991416309, 0.1
932, 6584.0, 8, 7.056806002143623, 0.1
933, 6591.0, 7, 7.056745182012848, 0.1
934, 6598.0, 7, 7.05668449197861, 0.1
935, 6606.0, 8, 7.0576923076923075, 0.1
936, 6613.0, 7, 7.057630736392743, 0.1
937, 6620.0, 7, 7.0575692963752665, 0.1
938, 6628.0, 8, 7.058572949946752, 0.1
939, 6636.0, 8, 7.059574468085106, 0.1
940, 6643.0, 7, 7.059511158342189, 0.1
941, 6650.0, 7, 7.059447983014862, 0.1
942, 6657.0, 7, 7.0593849416755035, 0.1
943, 6663.0, 6, 7.058262711864407, 0.1
944, 6663.0, 0, 7.050793650793651, 0.1
945, 6670.0, 7, 7.050739957716702, 0.1
946, 6676.0, 6, 7.049630411826821, 0.1
947, 6683.0, 7, 7.04957805907173, 0.1
948, 6689.0, 6, 7.048472075869336, 0.1
949, 6697.0, 8, 7.049473684210526, 0.1
950, 6703.0, 6, 7.048370136698212, 0.1
951, 6710.0, 7, 7.048319327731092, 0.1
952, 6717.0, 7, 7.0482686253934945, 0.1
953, 6723.0, 6, 7.047169811320755, 0.1
954, 6730.0, 7, 7.047120418848167, 0.1
955, 6736.0, 6, 7.046025104602511, 0.1
956, 6744.0, 8, 7.047021943573668, 0.1
957, 6752.0, 8, 7.0480167014613775, 0.1
958, 6753.0, 1, 7.041710114702815, 0.1
959, 6760.0, 7, 7.041666666666667, 0.1
960, 6764.0, 4, 7.0385015608740895, 0.1
961, 6772.0, 8, 7.039501039501039, 0.1
962, 6780.0, 8, 7.040498442367602, 0.1
963, 6788.0, 8, 7.04149377593361, 0.1
964, 6795.0, 7, 7.041450777202073, 0.1
965, 6802.0, 7, 7.041407867494824, 0.1
966, 6810.0, 8, 7.042399172699069, 0.1
967, 6816.0, 6, 7.041322314049586, 0.1
968, 6824.0, 8, 7.042311661506708, 0.1
969, 6832.0, 8, 7.043298969072165, 0.1
970, 6837.0, 5, 7.04119464469619, 0.1
971, 6845.0, 8, 7.042181069958848, 0.1
972, 6853.0, 8, 7.043165467625899, 0.1
973, 6861.0, 8, 7.044147843942505, 0.1
974, 6869.0, 8, 7.045128205128205, 0.1
975, 6876.0, 7, 7.045081967213115, 0.1
976, 6884.0, 8, 7.0460593654042984, 0.1
977, 6891.0, 7, 7.04601226993865, 0.1
978, 6898.0, 7, 7.045965270684372, 0.1
979, 6898.0, 0, 7.038775510204082, 0.1
980, 6906.0, 8, 7.039755351681957, 0.1
981, 6914.0, 8, 7.040733197556008, 0.1
982, 6921.0, 7, 7.040691759918617, 0.1
983, 6928.0, 7, 7.040650406504065, 0.1
984, 6936.0, 8, 7.0416243654822335, 0.1
985, 6943.0, 7, 7.04158215010142, 0.1
986, 6950.0, 7, 7.041540020263424, 0.1
987, 6958.0, 8, 7.0425101214574894, 0.1
988, 6964.0, 6, 7.041456016177958, 0.1
989, 6970.0, 6, 7.040404040404041, 0.1
990, 6977.0, 7, 7.040363269424823, 0.1
991, 6985.0, 8, 7.04133064516129, 0.1
992, 6992.0, 7, 7.041289023162135, 0.1
993, 6999.0, 7, 7.041247484909457, 0.1
994, 7007.0, 8, 7.042211055276382, 0.1
995, 7015.0, 8, 7.043172690763052, 0.1
996, 7023.0, 8, 7.044132397191575, 0.1
997, 7030.0, 7, 7.044088176352705, 0.1
998, 7037.0, 7, 7.044044044044044, 0.1
999, 7040.0, 3, 7.04, 0.1
1000, 7048.0, 8, 7.040959040959041, 0.1
1001, 7056.0, 8, 7.041916167664671, 0.1
1002, 7063.0, 7, 7.041874376869392, 0.1
1003, 7064.0, 1, 7.035856573705179, 0.1
1004, 7067.0, 3, 7.0318407960199005, 0.1
1005, 7075.0, 8, 7.032803180914513, 0.1
1006, 7082.0, 7, 7.032770605759683, 0.1
1007, 7085.0, 3, 7.028769841269841, 0.1
1008, 7093.0, 8, 7.029732408325074, 0.1
1009, 7100.0, 7, 7.02970297029703, 0.1
1010, 7105.0, 5, 7.027695351137488, 0.1
1011, 7113.0, 8, 7.028656126482214, 0.1
1012, 7115.0, 2, 7.023692003948668, 0.1
1013, 7121.0, 6, 7.022682445759369, 0.1
1014, 7129.0, 8, 7.023645320197044, 0.1
1015, 7130.0, 1, 7.017716535433071, 0.1
1016, 7130.0, 0, 7.010816125860374, 0.1
1017, 7137.0, 7, 7.010805500982318, 0.1
1018, 7143.0, 6, 7.009813542688911, 0.1
1019, 7150.0, 7, 7.009803921568627, 0.1
1020, 7157.0, 7, 7.009794319294809, 0.1
1021, 7163.0, 6, 7.0088062622309195, 0.1
1022, 7169.0, 6, 7.007820136852395, 0.1
1023, 7176.0, 7, 7.0078125, 0.1
1024, 7184.0, 8, 7.008780487804878, 0.1
1025, 7191.0, 7, 7.008771929824562, 0.1
1026, 7197.0, 6, 7.0077896786757545, 0.1
1027, 7204.0, 7, 7.007782101167315, 0.1
1028, 7211.0, 7, 7.0077745383867835, 0.1
1029, 7219.0, 8, 7.00873786407767, 0.1
1030, 7227.0, 8, 7.009699321047527, 0.1
1031, 7235.0, 8, 7.010658914728682, 0.1
1032, 7240.0, 5, 7.008712487899323, 0.1
1033, 7248.0, 8, 7.009671179883946, 0.1
1034, 7254.0, 6, 7.008695652173913, 0.1
1035, 7260.0, 6, 7.007722007722008, 0.1
1036, 7267.0, 7, 7.00771456123433, 0.1
1037, 7274.0, 7, 7.007707129094412, 0.1
1038, 7280.0, 6, 7.006737247353224, 0.1
1039, 7288.0, 8, 7.007692307692308, 0.1
1040, 7289.0, 1, 7.0019212295869355, 0.1
1041, 7297.0, 8, 7.002879078694818, 0.1
1042, 7300.0, 3, 6.999041227229147, 0.1
1043, 7307.0, 7, 6.99904214559387, 0.1
1044, 7311.0, 4, 6.996172248803828, 0.1
1045, 7319.0, 8, 6.997131931166348, 0.1
1046, 7326.0, 7, 6.997134670487106, 0.1
1047, 7326.0, 0, 6.990458015267175, 0.1
1048, 7332.0, 6, 6.9895138226882745, 0.1
1049, 7338.0, 6, 6.988571428571428, 0.1
1050, 7346.0, 8, 6.9895337773549, 0.1
1051, 7352.0, 6, 6.988593155893536, 0.1
1052, 7360.0, 8, 6.989553656220323, 0.1
1053, 7368.0, 8, 6.990512333965844, 0.1
1054, 7374.0, 6, 6.98957345971564, 0.1
1055, 7382.0, 8, 6.990530303030303, 0.1
1056, 7388.0, 6, 6.989593188268685, 0.1
1057, 7390.0, 2, 6.984877126654064, 0.1
1058, 7391.0, 1, 6.979225684608121, 0.1
1059, 7399.0, 8, 6.980188679245283, 0.1
1060, 7406.0, 7, 6.980207351555137, 0.1
1061, 7413.0, 7, 6.980225988700565, 0.1
1062, 7420.0, 7, 6.980244590780809, 0.1
1063, 7427.0, 7, 6.980263157894737, 0.1
1064, 7432.0, 5, 6.978403755868545, 0.1
1065, 7433.0, 1, 6.972795497185741, 0.1
1066, 7441.0, 8, 6.973758200562324, 0.1
1067, 7448.0, 7, 6.97378277153558, 0.1
1068, 7456.0, 8, 6.9747427502338635, 0.1
1069, 7462.0, 6, 6.973831775700934, 0.1
1070, 7470.0, 8, 6.974789915966387, 0.1
1071, 7473.0, 3, 6.9710820895522385, 0.1
1072, 7480.0, 7, 6.971109040074557, 0.1
1073, 7488.0, 8, 6.972067039106145, 0.1
1074, 7495.0, 7, 6.972093023255814, 0.1
1075, 7502.0, 7, 6.9721189591078065, 0.1
1076, 7510.0, 8, 6.973073351903436, 0.1
1077, 7517.0, 7, 6.9730983302411875, 0.1
1078, 7523.0, 6, 6.9721964782205745, 0.1
1079, 7531.0, 8, 6.973148148148148, 0.1
1080, 7531.0, 0, 6.966697502312673, 0.1
1081, 7538.0, 7, 6.966728280961183, 0.1
1082, 7542.0, 4, 6.96398891966759, 0.1
1083, 7545.0, 3, 6.960332103321033, 0.1
1084, 7553.0, 8, 6.961290322580645, 0.1
1085, 7561.0, 8, 6.962246777163904, 0.1
1086, 7569.0, 8, 6.963201471941122, 0.1
1087, 7576.0, 7, 6.963235294117647, 0.1
1088, 7582.0, 6, 6.962350780532598, 0.1
1089, 7588.0, 6, 6.961467889908257, 0.1
1090, 7591.0, 3, 6.957836846929423, 0.1
1091, 7598.0, 7, 6.957875457875458, 0.1
1092, 7600.0, 2, 6.953339432753888, 0.1
1093, 7600.0, 0, 6.946983546617916, 0.1
1094, 7607.0, 7, 6.9470319634703195, 0.1
1095, 7613.0, 6, 6.946167883211679, 0.1
1096, 7620.0, 7, 6.9462169553327255, 0.1
1097, 7628.0, 8, 6.947176684881603, 0.1
1098, 7628.0, 0, 6.940855323020928, 0.1
1099, 7635.0, 7, 6.9409090909090905, 0.1
1100, 7636.0, 1, 6.935513169845595, 0.1
1101, 7638.0, 2, 6.931034482758621, 0.1
1102, 7639.0, 1, 6.925657298277425, 0.1
1103, 7647.0, 8, 6.926630434782608, 0.1
1104, 7655.0, 8, 6.927601809954751, 0.1
1105, 7661.0, 6, 6.926763110307414, 0.1
1106, 7668.0, 7, 6.926829268292683, 0.1
1107, 7668.0, 0, 6.92057761732852, 0.1
1108, 7675.0, 7, 6.920649233543733, 0.1
1109, 7682.0, 7, 6.920720720720721, 0.1
1110, 7689.0, 7, 6.920792079207921, 0.1
1111, 7695.0, 6, 6.919964028776978, 0.1
1112, 7701.0, 6, 6.919137466307277, 0.1
1113, 7701.0, 0, 6.912926391382406, 0.1
1114, 7702.0, 1, 6.90762331838565, 0.1
1115, 7709.0, 7, 6.907706093189964, 0.1
1116, 7716.0, 7, 6.907788719785139, 0.1
1117, 7724.0, 8, 6.9087656529517, 0.1
1118, 7731.0, 7, 6.908847184986596, 0.1
1119, 7731.0, 0, 6.902678571428571, 0.1
1120, 7738.0, 7, 6.9027653880463875, 0.1
1121, 7744.0, 6, 6.901960784313726, 0.1
1122, 7749.0, 5, 6.90026714158504, 0.1
1123, 7751.0, 2, 6.895907473309609, 0.1
1124, 7759.0, 8, 6.896888888888889, 0.1
1125, 7765.0, 6, 6.896092362344582, 0.1
1126, 7773.0, 8, 6.897071872227151, 0.1
1127, 7781.0, 8, 6.898049645390071, 0.1
1128, 7788.0, 7, 6.898139946855625, 0.1
1129, 7795.0, 7, 6.898230088495575, 0.1
1130, 7803.0, 8, 6.89920424403183, 0.1
1131, 7810.0, 7, 6.8992932862190814, 0.1
1132, 7812.0, 2, 6.894969108561342, 0.1
1133, 7818.0, 6, 6.894179894179894, 0.1
1134, 7826.0, 8, 6.895154185022027, 0.1
1135, 7834.0, 8, 6.89612676056338, 0.1
1136, 7841.0, 7, 6.896218117854001, 0.1
1137, 7848.0, 7, 6.896309314586995, 0.1
1138, 7856.0, 8, 6.897278314310799, 0.1
1139, 7863.0, 7, 6.897368421052631, 0.1
1140, 7871.0, 8, 6.8983347940403155, 0.1
1141, 7878.0, 7, 6.898423817863398, 0.1
1142, 7886.0, 8, 6.899387576552931, 0.1
1143, 7894.0, 8, 6.90034965034965, 0.1
1144, 7900.0, 6, 6.899563318777292, 0.1
1145, 7908.0, 8, 6.900523560209424, 0.1
1146, 7911.0, 3, 6.897122929380994, 0.1
1147, 7918.0, 7, 6.897212543554007, 0.1
1148, 7925.0, 7, 6.897302001740644, 0.1
1149, 7932.0, 7, 6.897391304347826, 0.1
1150, 7939.0, 7, 6.8974804517810595, 0.1
1151, 7947.0, 8, 6.8984375, 0.1
1152, 7955.0, 8, 6.899392888117953, 0.1
1153, 7963.0, 8, 6.900346620450606, 0.1
1154, 7971.0, 8, 6.9012987012987015, 0.1
1155, 7977.0, 6, 6.900519031141869, 0.1
1156, 7978.0, 1, 6.895419187554019, 0.1
1157, 7986.0, 8, 6.896373056994818, 0.1
1158, 7994.0, 8, 6.89732528041415, 0.1
1159, 7999.0, 5, 6.895689655172414, 0.1
1160, 8004.0, 5, 6.89405684754522, 0.1
1161, 8010.0, 6, 6.89328743545611, 0.1
1162, 8018.0, 8, 6.894239036973345, 0.1
1163, 8026.0, 8, 6.8951890034364265, 0.1
1164, 8033.0, 7, 6.895278969957081, 0.1
1165, 8041.0, 8, 6.89622641509434, 0.1
1166, 8048.0, 7, 6.896315338474722, 0.1
1167, 8054.0, 6, 6.89554794520548, 0.1
1168, 8058.0, 4, 6.893071000855432, 0.1
1169, 8059.0, 1, 6.888034188034188, 0.1
1170, 8065.0, 6, 6.8872758326216905, 0.1
1171, 8068.0, 3, 6.8839590443686, 0.1
1172, 8074.0, 6, 6.883205456095482, 0.1
1173, 8076.0, 2, 6.879045996592845, 0.1
1174, 8084.0, 8, 6.88, 0.1
1175, 8092.0, 8, 6.880952380952381, 0.1
1176, 8099.0, 7, 6.881053525913339, 0.1
1177, 8104.0, 5, 6.879456706281833, 0.1
1178, 8112.0, 8, 6.880407124681934, 0.1
1179, 8119.0, 7, 6.8805084745762715, 0.1
1180, 8120.0, 1, 6.875529212531752, 0.1
1181, 8127.0, 7, 6.875634517766497, 0.1
1182, 8134.0, 7, 6.875739644970414, 0.1
1183, 8142.0, 8, 6.8766891891891895, 0.1
1184, 8148.0, 6, 6.875949367088608, 0.1
1185, 8156.0, 8, 6.87689713322091, 0.1
1186, 8164.0, 8, 6.877843302443134, 0.1
1187, 8169.0, 5, 6.876262626262626, 0.1
1188, 8176.0, 7, 6.87636669470143, 0.1
1189, 8180.0, 4, 6.873949579831932, 0.1
1190, 8180.0, 0, 6.8681780016792615, 0.1
1191, 8188.0, 8, 6.869127516778524, 0.1
1192, 8190.0, 2, 6.865046102263202, 0.1
1193, 8198.0, 8, 6.865996649916248, 0.1
1194, 8206.0, 8, 6.866945606694561, 0.1
1195, 8212.0, 6, 6.866220735785953, 0.1
1196, 8219.0, 7, 6.866332497911445, 0.1
1197, 8219.0, 0, 6.860601001669449, 0.1
1198, 8220.0, 1, 6.855713094245204, 0.1
1199, 8228.0, 8, 6.8566666666666665, 0.1
1200, 8236.0, 8, 6.8576186511240635, 0.1
1201, 8243.0, 7, 6.857737104825291, 0.1
1202, 8250.0, 7, 6.85785536159601, 0.1
1203, 8258.0, 8, 6.858803986710964, 0.1
1204, 8260.0, 2, 6.854771784232365, 0.1
1205, 8267.0, 7, 6.854892205638475, 0.1
1206, 8269.0, 2, 6.850869925434963, 0.1
1207, 8277.0, 8, 6.85182119205298, 0.1
1208, 8280.0, 3, 6.84863523573201, 0.1
1209, 8286.0, 6, 6.847933884297521, 0.1
1210, 8290.0, 4, 6.845582163501239, 0.1
1211, 8296.0, 6, 6.8448844884488445, 0.1
1212, 8303.0, 7, 6.8450123660346245, 0.1
1213, 8311.0, 8, 6.845963756177924, 0.1
1214, 8318.0, 7, 6.846090534979424, 0.1
1215, 8324.0, 6, 6.845394736842105, 0.1
1216, 8331.0, 7, 6.845521774856204, 0.1
1217, 8338.0, 7, 6.845648604269294, 0.1
1218, 8346.0, 8, 6.846595570139459, 0.1
1219, 8352.0, 6, 6.845901639344262, 0.1
1220, 8360.0, 8, 6.846846846846847, 0.1
1221, 8364.0, 4, 6.844517184942717, 0.1
1222, 8372.0, 8, 6.8454619787408015, 0.1
1223, 8377.0, 5, 6.843954248366013, 0.1
1224, 8385.0, 8, 6.844897959183673, 0.1
1225, 8391.0, 6, 6.8442088091354, 0.1
1226, 8392.0, 1, 6.839445802770986, 0.1
1227, 8400.0, 8, 6.840390879478828, 0.1
1228, 8408.0, 8, 6.8413344182262, 0.1
1229, 8408.0, 0, 6.835772357723577, 0.1
1230, 8415.0, 7, 6.835905767668562, 0.1
1231, 8422.0, 7, 6.836038961038961, 0.1
1232, 8430.0, 8, 6.8369829683698295, 0.1
1233, 8438.0, 8, 6.837925445705024, 0.1
1234, 8445.0, 7, 6.838056680161944, 0.1
1235, 8450.0, 5, 6.836569579288026, 0.1
1236, 8458.0, 8, 6.837510105092967, 0.1
1237, 8460.0, 2, 6.833602584814217, 0.1
1238, 8468.0, 8, 6.83454398708636, 0.1
1239, 8476.0, 8, 6.835483870967742, 0.1
1240, 8483.0, 7, 6.835616438356165, 0.1
1241, 8484.0, 1, 6.830917874396135, 0.1
1242, 8490.0, 6, 6.830249396621078, 0.1
1243, 8497.0, 7, 6.830385852090032, 0.1
1244, 8497.0, 0, 6.824899598393574, 0.1
1245, 8505.0, 8, 6.825842696629214, 0.1
1246, 8512.0, 7, 6.82598235765838, 0.1
1247, 8520.0, 8, 6.826923076923077, 0.1
1248, 8527.0, 7, 6.827061649319456, 0.1
1249, 8534.0, 7, 6.8272, 0.1
1250, 8540.0, 6, 6.826538768984812, 0.1
1251, 8545.0, 5, 6.825079872204473, 0.1
1252, 8547.0, 2, 6.82122905027933, 0.1
1253, 8555.0, 8, 6.8221690590111645, 0.1
1254, 8560.0, 5, 6.820717131474104, 0.1
1255, 8563.0, 3, 6.817675159235669, 0.1
1256, 8570.0, 7, 6.817820206841686, 0.1
1257, 8578.0, 8, 6.8187599364069955, 0.1
1258, 8584.0, 6, 6.818109610802224, 0.1
1259, 8592.0, 8, 6.819047619047619, 0.1
1260, 8598.0, 6, 6.818398096748612, 0.1
1261, 8601.0, 3, 6.815372424722662, 0.1
1262, 8607.0, 6, 6.814726840855107, 0.1
1263, 8615.0, 8, 6.815664556962025, 0.1
1264, 8618.0, 3, 6.812648221343873, 0.1
1265, 8626.0, 8, 6.8135860979462874, 0.1
1266, 8632.0, 6, 6.812943962115233, 0.1
1267, 8637.0, 5, 6.811514195583596, 0.1
1268, 8637.0, 0, 6.806146572104019, 0.1
1269, 8645.0, 8, 6.807086614173229, 0.1
1270, 8651.0, 6, 6.806451612903226, 0.1
1271, 8658.0, 7, 6.806603773584905, 0.1
1272, 8661.0, 3, 6.803613511390417, 0.1
1273, 8669.0, 8, 6.804552590266876, 0.1
1274, 8674.0, 5, 6.80313725490196, 0.1
1275, 8675.0, 1, 6.79858934169279, 0.1
1276, 8682.0, 7, 6.798747063429913, 0.1
1277, 8683.0, 1, 6.794209702660407, 0.1
1278, 8691.0, 8, 6.79515246286161, 0.1
1279, 8698.0, 7, 6.7953125, 0.1
1280, 8703.0, 5, 6.793911007025761, 0.1
1281, 8711.0, 8, 6.7948517940717625, 0.1
1282, 8711.0, 0, 6.789555728760717, 0.1
1283, 8719.0, 8, 6.790498442367602, 0.1
1284, 8725.0, 6, 6.78988326848249, 0.1
1285, 8732.0, 7, 6.790046656298601, 0.1
1286, 8740.0, 8, 6.790986790986791, 0.1
1287, 8748.0, 8, 6.791925465838509, 0.1
1288, 8754.0, 6, 6.791311093871218, 0.1
1289, 8760.0, 6, 6.790697674418604, 0.1
1290, 8765.0, 5, 6.789310611928737, 0.1
1291, 8771.0, 6, 6.788699690402477, 0.1
1292, 8772.0, 1, 6.784222737819025, 0.1
1293, 8777.0, 5, 6.782843894899536, 0.1
1294, 8784.0, 7, 6.783011583011583, 0.1
1295, 8792.0, 8, 6.783950617283951, 0.1
1296, 8799.0, 7, 6.784117193523516, 0.1
1297, 8807.0, 8, 6.785053929121726, 0.1
1298, 8815.0, 8, 6.78598922247883, 0.1
1299, 8822.0, 7, 6.786153846153846, 0.1
1300, 8830.0, 8, 6.787086856264412, 0.1
1301, 8835.0, 5, 6.785714285714286, 0.1
1302, 8843.0, 8, 6.7866462010744435, 0.1
1303, 8846.0, 3, 6.783742331288344, 0.1
1304, 8852.0, 6, 6.783141762452107, 0.1
1305, 8859.0, 7, 6.783307810107198, 0.1
1306, 8866.0, 7, 6.783473603672532, 0.1
1307, 8867.0, 1, 6.779051987767584, 0.1
1308, 8874.0, 7, 6.779220779220779, 0.1
1309, 8881.0, 7, 6.7793893129770995, 0.1
1310, 8885.0, 4, 6.777269260106789, 0.1
1311, 8887.0, 2, 6.773628048780488, 0.1
1312, 8895.0, 8, 6.774562071591775, 0.1
1313, 8902.0, 7, 6.774733637747336, 0.1
1314, 8902.0, 0, 6.769581749049429, 0.1
1315, 8908.0, 6, 6.768996960486322, 0.1
1316, 8915.0, 7, 6.769172361427486, 0.1
1317, 8923.0, 8, 6.7701062215478, 0.1
1318, 8929.0, 6, 6.7695223654283545, 0.1
1319, 8930.0, 1, 6.765151515151516, 0.1
1320, 8938.0, 8, 6.7660862982588945, 0.1
1321, 8946.0, 8, 6.7670196671709535, 0.1
1322, 8954.0, 8, 6.767951625094482, 0.1
1323, 8959.0, 5, 6.766616314199395, 0.1
1324, 8966.0, 7, 6.766792452830189, 0.1
1325, 8972.0, 6, 6.766214177978884, 0.1
1326, 8980.0, 8, 6.767143933685004, 0.1
1327, 8985.0, 5, 6.765813253012048, 0.1
1328, 8992.0, 7, 6.765989465763732, 0.1
1329, 8998.0, 6, 6.765413533834587, 0.1
1330, 9002.0, 4, 6.763335837716003, 0.1
1331, 9009.0, 7, 6.763513513513513, 0.1
1332, 9017.0, 8, 6.764441110277569, 0.1
1333, 9018.0, 1, 6.760119940029985, 0.1
1334, 9025.0, 7, 6.760299625468165, 0.1
1335, 9032.0, 7, 6.7604790419161676, 0.1
1336, 9035.0, 3, 6.757666417352281, 0.1
1337, 9037.0, 2, 6.7541106128550075, 0.1
1338, 9045.0, 8, 6.755041075429425, 0.1
1339, 9053.0, 8, 6.755970149253732, 0.1
1340, 9059.0, 6, 6.7554064131245335, 0.1
1341, 9067.0, 8, 6.756333830104322, 0.1
1342, 9074.0, 7, 6.756515264333582, 0.1
1343, 9081.0, 7, 6.756696428571429, 0.1
1344, 9088.0, 7, 6.756877323420074, 0.1
1345, 9096.0, 8, 6.757800891530461, 0.1
1346, 9104.0, 8, 6.758723088344469, 0.1
1347, 9105.0, 1, 6.7544510385756675, 0.1
1348, 9112.0, 7, 6.754633061527057, 0.1
1349, 9119.0, 7, 6.754814814814814, 0.1
1350, 9125.0, 6, 6.754256106587713, 0.1
1351, 9125.0, 0, 6.749260355029586, 0.1
1352, 9130.0, 5, 6.747967479674797, 0.1
1353, 9137.0, 7, 6.748153618906942, 0.1
1354, 9144.0, 7, 6.748339483394834, 0.1
1355, 9152.0, 8, 6.7492625368731565, 0.1
1356, 9152.0, 0, 6.744288872512896, 0.1
1357, 9160.0, 8, 6.745213549337261, 0.1
1358, 9167.0, 7, 6.745401030169242, 0.1
1359, 9174.0, 7, 6.745588235294117, 0.1
1360, 9182.0, 8, 6.746509919177075, 0.1
1361, 9190.0, 8, 6.747430249632893, 0.1
1362, 9198.0, 8, 6.748349229640499, 0.1
1363, 9206.0, 8, 6.749266862170088, 0.1
1364, 9214.0, 8, 6.75018315018315, 0.1
1365, 9221.0, 7, 6.7503660322108345, 0.1
1366, 9228.0, 7, 6.750548646671543, 0.1
1367, 9229.0, 1, 6.746345029239766, 0.1
1368, 9236.0, 7, 6.746530314097882, 0.1
1369, 9243.0, 7, 6.746715328467153, 0.1
1370, 9251.0, 8, 6.74762946754194, 0.1
1371, 9258.0, 7, 6.747813411078718, 0.1
1372, 9265.0, 7, 6.747997086671522, 0.1
1373, 9272.0, 7, 6.748180494905386, 0.1
1374, 9277.0, 5, 6.7469090909090905, 0.1
1375, 9284.0, 7, 6.747093023255814, 0.1
1376, 9290.0, 6, 6.746550472040668, 0.1
1377, 9297.0, 7, 6.746734397677794, 0.1
1378, 9305.0, 8, 6.747643219724438, 0.1
1379, 9312.0, 7, 6.747826086956522, 0.1
1380, 9319.0, 7, 6.748008689355539, 0.1
1381, 9326.0, 7, 6.748191027496382, 0.1
1382, 9329.0, 3, 6.745480838756327, 0.1
1383, 9336.0, 7, 6.745664739884393, 0.1
1384, 9342.0, 6, 6.745126353790614, 0.1
1385, 9350.0, 8, 6.746031746031746, 0.1
1386, 9358.0, 8, 6.746935832732516, 0.1
1387, 9364.0, 6, 6.746397694524496, 0.1
1388, 9372.0, 8, 6.747300215982722, 0.1
1389, 9378.0, 6, 6.746762589928058, 0.1
1390, 9386.0, 8, 6.747663551401869, 0.1
1391, 9393.0, 7, 6.747844827586207, 0.1
1392, 9400.0, 7, 6.74802584350323, 0.1
1393, 9408.0, 8, 6.748923959827834, 0.1
1394, 9416.0, 8, 6.7498207885304655, 0.1
1395, 9424.0, 8, 6.750716332378223, 0.1
1396, 9430.0, 6, 6.750178954903364, 0.1
1397, 9432.0, 2, 6.746781115879829, 0.1
1398, 9440.0, 8, 6.747676912080057, 0.1
1399, 9448.0, 8, 6.748571428571428, 0.1
1400, 9455.0, 7, 6.748750892219843, 0.1
1401, 9462.0, 7, 6.748930099857347, 0.1
1402, 9464.0, 2, 6.745545260156807, 0.1
1403, 9472.0, 8, 6.746438746438747, 0.1
1404, 9478.0, 6, 6.745907473309608, 0.1
1405, 9478.0, 0, 6.7411095305832145, 0.1
1406, 9479.0, 1, 6.737029140014215, 0.1
1407, 9483.0, 4, 6.7350852272727275, 0.1
1408, 9490.0, 7, 6.73527324343506, 0.1
1409, 9496.0, 6, 6.734751773049646, 0.1
1410, 9504.0, 8, 6.735648476257973, 0.1
1411, 9512.0, 8, 6.736543909348442, 0.1
1412, 9518.0, 6, 6.736022646850673, 0.1
1413, 9519.0, 1, 6.7319660537482315, 0.1
1414, 9526.0, 7, 6.732155477031802, 0.1
1415, 9532.0, 6, 6.731638418079096, 0.1
1416, 9532.0, 0, 6.726887791107974, 0.1
1417, 9538.0, 6, 6.726375176304654, 0.1
1418, 9545.0, 7, 6.726568005637773, 0.1
1419, 9553.0, 8, 6.727464788732394, 0.1
1420, 9561.0, 8, 6.728360309641098, 0.1
1421, 9569.0, 8, 6.729254571026723, 0.1
1422, 9577.0, 8, 6.730147575544624, 0.1
1423, 9580.0, 3, 6.727528089887641, 0.1
1424, 9587.0, 7, 6.727719298245614, 0.1
1425, 9594.0, 7, 6.727910238429173, 0.1
1426, 9598.0, 4, 6.725998598458304, 0.1
1427, 9605.0, 7, 6.726190476190476, 0.1
1428, 9612.0, 7, 6.726382085374388, 0.1
1429, 9618.0, 6, 6.7258741258741255, 0.1
1430, 9625.0, 7, 6.7260656883298395, 0.1
1431, 9631.0, 6, 6.725558659217877, 0.1
1432, 9636.0, 5, 6.724354501046755, 0.1
1433, 9644.0, 8, 6.725244072524407, 0.1
1434, 9649.0, 5, 6.72404181184669, 0.1
1435, 9657.0, 8, 6.724930362116992, 0.1
1436, 9663.0, 6, 6.724425887265136, 0.1
1437, 9669.0, 6, 6.723922114047288, 0.1
1438, 9670.0, 1, 6.719944405837387, 0.1
1439, 9678.0, 8, 6.720833333333333, 0.1
1440, 9680.0, 2, 6.717557251908397, 0.1
1441, 9681.0, 1, 6.713592233009709, 0.1
1442, 9689.0, 8, 6.714483714483714, 0.1
1443, 9696.0, 7, 6.714681440443213, 0.1
1444, 9704.0, 8, 6.715570934256055, 0.1
1445, 9711.0, 7, 6.715767634854772, 0.1
1446, 9718.0, 7, 6.71596406357982, 0.1
1447, 9724.0, 6, 6.7154696132596685, 0.1
1448, 9731.0, 7, 6.715665976535542, 0.1
1449, 9737.0, 6, 6.715172413793104, 0.1
1450, 9745.0, 8, 6.716057891109579, 0.1
1451, 9745.0, 0, 6.711432506887053, 0.1
1452, 9753.0, 8, 6.712319339298004, 0.1
1453, 9753.0, 0, 6.707702888583219, 0.1
1454, 9761.0, 8, 6.708591065292096, 0.1
1455, 9769.0, 8, 6.709478021978022, 0.1
1456, 9774.0, 5, 6.708304735758408, 0.1
1457, 9779.0, 5, 6.707133058984911, 0.1
1458, 9786.0, 7, 6.707333790267306, 0.1
1459, 9793.0, 7, 6.707534246575342, 0.1
1460, 9800.0, 7, 6.707734428473648, 0.1
1461, 9808.0, 8, 6.708618331053351, 0.1
1462, 9814.0, 6, 6.708133971291866, 0.1
1463, 9821.0, 7, 6.708333333333333, 0.1
1464, 9829.0, 8, 6.709215017064847, 0.1
1465, 9834.0, 5, 6.708049113233288, 0.1
1466, 9840.0, 6, 6.707566462167689, 0.1
1467, 9848.0, 8, 6.708446866485014, 0.1
1468, 9855.0, 7, 6.708645336963921, 0.1
1469, 9862.0, 7, 6.708843537414966, 0.1
1470, 9869.0, 7, 6.709041468388851, 0.1
1471, 9877.0, 8, 6.709918478260869, 0.1
1472, 9879.0, 2, 6.706720977596741, 0.1
1473, 9879.0, 0, 6.702170963364993, 0.1
1474, 9886.0, 7, 6.702372881355932, 0.1
1475, 9894.0, 8, 6.703252032520325, 0.1
1476, 9902.0, 8, 6.704129993229519, 0.1
1477, 9910.0, 8, 6.705006765899864, 0.1
1478, 9918.0, 8, 6.705882352941177, 0.1
1479, 9921.0, 3, 6.703378378378378, 0.1
1480, 9929.0, 8, 6.704253882511816, 0.1
1481, 9937.0, 8, 6.705128205128205, 0.1
1482, 9937.0, 0, 6.700606877950102, 0.1
1483, 9944.0, 7, 6.7008086253369274, 0.1
1484, 9944.0, 0, 6.696296296296296, 0.1
1485, 9952.0, 8, 6.697173620457605, 0.1
1486, 9959.0, 7, 6.697377269670477, 0.1
1487, 9966.0, 7, 6.69758064516129, 0.1
1488, 9974.0, 8, 6.698455339153795, 0.1
1489, 9980.0, 6, 6.697986577181208, 0.1
1490, 9985.0, 5, 6.696847753185781, 0.1
1491, 9993.0, 8, 6.697721179624665, 0.1
1492, 9995.0, 2, 6.694574681848627, 0.1
1493, 10002.0, 7, 6.694779116465863, 0.1
1494, 10010.0, 8, 6.695652173913044, 0.1
1495, 10017.0, 7, 6.695855614973262, 0.1
1496, 10021.0, 4, 6.6940547762191045, 0.1
1497, 10029.0, 8, 6.694926568758344, 0.1
1498, 10034.0, 5, 6.693795863909273, 0.1
1499, 10042.0, 8, 6.6946666666666665, 0.1
1500, 10046.0, 4, 6.692871419053964, 0.1
1501, 10048.0, 2, 6.689747003994674, 0.1
1502, 10056.0, 8, 6.69061876247505, 0.1
1503, 10064.0, 8, 6.691489361702128, 0.1
1504, 10072.0, 8, 6.692358803986711, 0.1
1505, 10080.0, 8, 6.693227091633466, 0.1
1506, 10087.0, 7, 6.693430656934306, 0.1
1507, 10092.0, 5, 6.6923076923076925, 0.1
1508, 10100.0, 8, 6.693174287607687, 0.1
1509, 10107.0, 7, 6.693377483443709, 0.1
1510, 10112.0, 5, 6.692256783587029, 0.1
1511, 10113.0, 1, 6.688492063492063, 0.1
1512, 10121.0, 8, 6.689358889623265, 0.1
1513, 10124.0, 3, 6.686922060766182, 0.1
1514, 10129.0, 5, 6.685808580858086, 0.1
1515, 10137.0, 8, 6.686675461741425, 0.1
1516, 10145.0, 8, 6.687541199736322, 0.1
1517, 10152.0, 7, 6.687747035573122, 0.1
1518, 10160.0, 8, 6.688610928242265, 0.1
1519, 10167.0, 7, 6.688815789473685, 0.1
1520, 10174.0, 7, 6.689020381328073, 0.1
1521, 10182.0, 8, 6.68988173455979, 0.1
1522, 10190.0, 8, 6.690741956664478, 0.1
1523, 10196.0, 6, 6.690288713910761, 0.1
1524, 10203.0, 7, 6.690491803278689, 0.1
1525, 10205.0, 2, 6.687418086500656, 0.1
1526, 10212.0, 7, 6.68762278978389, 0.1
1527, 10220.0, 8, 6.68848167539267, 0.1
1528, 10228.0, 8, 6.689339437540877, 0.1
1529, 10236.0, 8, 6.690196078431373, 0.1
1530, 10243.0, 7, 6.690398432397126, 0.1
1531, 10244.0, 1, 6.68668407310705, 0.1
1532, 10251.0, 7, 6.686888454011742, 0.1
1533, 10258.0, 7, 6.6870925684485005, 0.1
1534, 10264.0, 6, 6.686644951140065, 0.1
1535, 10265.0, 1, 6.682942708333333, 0.1
1536, 10273.0, 8, 6.683799609629148, 0.1
1537, 10281.0, 8, 6.684655396618986, 0.1
1538, 10285.0, 4, 6.682910981156595, 0.1
1539, 10288.0, 3, 6.6805194805194805, 0.1
1540, 10295.0, 7, 6.680726800778715, 0.1
1541, 10303.0, 8, 6.681582360570688, 0.1
1542, 10304.0, 1, 6.677900194426442, 0.1
1543, 10310.0, 6, 6.677461139896373, 0.1
1544, 10317.0, 7, 6.677669902912621, 0.1
1545, 10324.0, 7, 6.677878395860285, 0.1
1546, 10330.0, 6, 6.677440206851972, 0.1
1547, 10338.0, 8, 6.678294573643411, 0.1
1548, 10340.0, 2, 6.675274370561652, 0.1
1549, 10346.0, 6, 6.674838709677419, 0.1
1550, 10352.0, 6, 6.674403610573823, 0.1
1551, 10359.0, 7, 6.674613402061856, 0.1
1552, 10366.0, 7, 6.674822923374115, 0.1
1553, 10371.0, 5, 6.673745173745174, 0.1
1554, 10371.0, 0, 6.669453376205788, 0.1
1555, 10378.0, 7, 6.669665809768637, 0.1
1556, 10386.0, 8, 6.670520231213873, 0.1
1557, 10394.0, 8, 6.671373555840821, 0.1
1558, 10398.0, 4, 6.669660038486209, 0.1
1559, 10405.0, 7, 6.669871794871795, 0.1
1560, 10412.0, 7, 6.67008327994875, 0.1
1561, 10419.0, 7, 6.670294494238156, 0.1
1562, 10426.0, 7, 6.670505438259757, 0.1
1563, 10428.0, 2, 6.667519181585678, 0.1
1564, 10435.0, 7, 6.667731629392971, 0.1
1565, 10443.0, 8, 6.668582375478927, 0.1
1566, 10451.0, 8, 6.669432035737077, 0.1
1567, 10451.0, 0, 6.665178571428571, 0.1
1568, 10453.0, 2, 6.662205226258764, 0.1
1569, 10460.0, 7, 6.662420382165605, 0.1
1570, 10462.0, 2, 6.659452577975812, 0.1
1571, 10470.0, 8, 6.6603053435114505, 0.1
1572, 10476.0, 6, 6.659885568976478, 0.1
1573, 10484.0, 8, 6.660736975857687, 0.1
1574, 10492.0, 8, 6.661587301587302, 0.1
1575, 10495.0, 3, 6.659263959390863, 0.1
1576, 10502.0, 7, 6.6594800253646165, 0.1
1577, 10502.0, 0, 6.655259822560203, 0.1
1578, 10510.0, 8, 6.656111462951235, 0.1
1579, 10518.0, 8, 6.656962025316456, 0.1
1580, 10523.0, 5, 6.655913978494624, 0.1
1581, 10531.0, 8, 6.656763590391909, 0.1
1582, 10536.0, 5, 6.655716993051168, 0.1
1583, 10541.0, 5, 6.654671717171717, 0.1
1584, 10546.0, 5, 6.653627760252366, 0.1
1585, 10553.0, 7, 6.653846153846154, 0.1
1586, 10561.0, 8, 6.654694391934467, 0.1
1587, 10568.0, 7, 6.654911838790932, 0.1
1588, 10575.0, 7, 6.6551290119572055, 0.1
1589, 10581.0, 6, 6.654716981132076, 0.1
1590, 10587.0, 6, 6.654305468258957, 0.1
1591, 10594.0, 7, 6.6545226130653266, 0.1
1592, 10599.0, 5, 6.653483992467043, 0.1
1593, 10605.0, 6, 6.653074027603513, 0.1
1594, 10605.0, 0, 6.648902821316614, 0.1
1595, 10612.0, 7, 6.649122807017544, 0.1
1596, 10620.0, 8, 6.649968691296181, 0.1
1597, 10624.0, 4, 6.648310387984981, 0.1
1598, 10627.0, 3, 6.646028767979987, 0.1
1599, 10633.0, 6, 6.645625, 0.1
1600, 10637.0, 4, 6.643972517176764, 0.1
1601, 10639.0, 2, 6.64107365792759, 0.1
1602, 10645.0, 6, 6.640673736743606, 0.1
1603, 10650.0, 5, 6.639650872817955, 0.1
1604, 10657.0, 7, 6.6398753894080995, 0.1
1605, 10663.0, 6, 6.639476961394769, 0.1
1606, 10670.0, 7, 6.639701306782825, 0.1
1607, 10678.0, 8, 6.640547263681592, 0.1
1608, 10683.0, 5, 6.63952765692977, 0.1
1609, 10691.0, 8, 6.640372670807453, 0.1
1610, 10691.0, 0, 6.63625077591558, 0.1
1611, 10698.0, 7, 6.636476426799008, 0.1
1612, 10706.0, 8, 6.637321760694358, 0.1
1613, 10710.0, 4, 6.635687732342007, 0.1
1614, 10717.0, 7, 6.635913312693498, 0.1
1615, 10724.0, 7, 6.6361386138613865, 0.1
1616, 10728.0, 4, 6.634508348794063, 0.1
1617, 10731.0, 3, 6.632262051915945, 0.1
1618, 10737.0, 6, 6.631871525633107, 0.1
1619, 10740.0, 3, 6.62962962962963, 0.1
1620, 10748.0, 8, 6.6304750154225784, 0.1
1621, 10755.0, 7, 6.630702836004932, 0.1
1622, 10762.0, 7, 6.630930375847196, 0.1
1623, 10766.0, 4, 6.629310344827586, 0.1
1624, 10773.0, 7, 6.629538461538462, 0.1
1625, 10781.0, 8, 6.630381303813038, 0.1
1626, 10789.0, 8, 6.631223110018439, 0.1
1627, 10797.0, 8, 6.632063882063882, 0.1
1628, 10805.0, 8, 6.632903621853898, 0.1
1629, 10806.0, 1, 6.629447852760737, 0.1
1630, 10814.0, 8, 6.630288166768853, 0.1
1631, 10815.0, 1, 6.626838235294118, 0.1
1632, 10818.0, 3, 6.624617268830374, 0.1
1633, 10826.0, 8, 6.625458996328029, 0.1
1634, 10832.0, 6, 6.625076452599388, 0.1
1635, 10839.0, 7, 6.625305623471883, 0.1
1636, 10839.0, 0, 6.6212583995113015, 0.1
1637, 10846.0, 7, 6.621489621489621, 0.1
1638, 10853.0, 7, 6.6217205613178765, 0.1
1639, 10859.0, 6, 6.621341463414634, 0.1
1640, 10864.0, 5, 6.620353443022547, 0.1
1641, 10870.0, 6, 6.6199756394640685, 0.1
1642, 10877.0, 7, 6.620206938527085, 0.1
1643, 10883.0, 6, 6.619829683698297, 0.1
1644, 10884.0, 1, 6.6164133738601825, 0.1
1645, 10891.0, 7, 6.6166464155528555, 0.1
1646, 10898.0, 7, 6.616879174256224, 0.1
1647, 10906.0, 8, 6.617718446601942, 0.1
1648, 10908.0, 2, 6.614918132201334, 0.1
1649, 10915.0, 7, 6.615151515151515, 0.1
1650, 10922.0, 7, 6.615384615384615, 0.1
1651, 10929.0, 7, 6.615617433414044, 0.1
1652, 10935.0, 6, 6.61524500907441, 0.1
1653, 10937.0, 2, 6.612454655380895, 0.1
1654, 10940.0, 3, 6.610271903323262, 0.1
1655, 10946.0, 6, 6.609903381642512, 0.1
1656, 10946.0, 0, 6.605914302957151, 0.1
1657, 10951.0, 5, 6.604945717732208, 0.1
1658, 10958.0, 7, 6.605183845690175, 0.1
1659, 10961.0, 3, 6.603012048192771, 0.1
1660, 10969.0, 8, 6.603853100541842, 0.1
1661, 10977.0, 8, 6.6046931407942235, 0.1
1662, 10981.0, 4, 6.603126879134095, 0.1
1663, 10989.0, 8, 6.603966346153846, 0.1
1664, 10991.0, 2, 6.601201201201201, 0.1
1665, 10999.0, 8, 6.6020408163265305, 0.1
1666, 11005.0, 6, 6.601679664067187, 0.1
1667, 11012.0, 7, 6.601918465227818, 0.1
1668, 11014.0, 2, 6.599161174355902, 0.1
1669, 11017.0, 3, 6.597005988023952, 0.1
1670, 11020.0, 3, 6.594853381208857, 0.1
1671, 11028.0, 8, 6.595693779904306, 0.1
1672, 11036.0, 8, 6.596533173939032, 0.1
1673, 11036.0, 0, 6.592592592592593, 0.1
1674, 11038.0, 2, 6.589850746268657, 0.1
1675, 11040.0, 2, 6.587112171837709, 0.1
1676, 11047.0, 7, 6.587358378056052, 0.1
1677, 11054.0, 7, 6.587604290822408, 0.1
1678, 11062.0, 8, 6.588445503275759, 0.1
1679, 11070.0, 8, 6.589285714285714, 0.1
1680, 11078.0, 8, 6.5901249256395005, 0.1
1681, 11081.0, 3, 6.587990487514864, 0.1
1682, 11087.0, 6, 6.587641117052882, 0.1
1683, 11094.0, 7, 6.587885985748218, 0.1
1684, 11094.0, 0, 6.583976261127597, 0.1
1685, 11096.0, 2, 6.581257413997627, 0.1
1686, 11103.0, 7, 6.581505631298162, 0.1
1687, 11109.0, 6, 6.581161137440758, 0.1
1688, 11117.0, 8, 6.582001184132623, 0.1
1689, 11125.0, 8, 6.5828402366863905, 0.1
1690, 11133.0, 8, 6.58367829686576, 0.1
1691, 11140.0, 7, 6.583924349881797, 0.1
1692, 11146.0, 6, 6.583579444772593, 0.1
1693, 11154.0, 8, 6.584415584415584, 0.1
1694, 11154.0, 0, 6.580530973451327, 0.1
1695, 11160.0, 6, 6.580188679245283, 0.1
1696, 11162.0, 2, 6.577489687684149, 0.1
1697, 11165.0, 3, 6.575382803297997, 0.1
1698, 11173.0, 8, 6.576221306650972, 0.1
1699, 11180.0, 7, 6.576470588235294, 0.1
1700, 11185.0, 5, 6.57554379776602, 0.1
1701, 11192.0, 7, 6.575793184488837, 0.1
1702, 11194.0, 2, 6.573106283029947, 0.1
1703, 11199.0, 5, 6.572183098591549, 0.1
1704, 11205.0, 6, 6.571847507331379, 0.1
1705, 11210.0, 5, 6.570926143024619, 0.1
1706, 11216.0, 6, 6.570591681312243, 0.1
1707, 11223.0, 7, 6.570843091334894, 0.1
1708, 11229.0, 6, 6.570509069631363, 0.1
1709, 11235.0, 6, 6.5701754385964914, 0.1
1710, 11235.0, 0, 6.566335476329632, 0.1
1711, 11243.0, 8, 6.5671728971962615, 0.1
1712, 11250.0, 7, 6.567425569176883, 0.1
1713, 11255.0, 5, 6.5665110851808635, 0.1
1714, 11263.0, 8, 6.56734693877551, 0.1
1715, 11271.0, 8, 6.568181818181818, 0.1
1716, 11278.0, 7, 6.568433313919627, 0.1
1717, 11285.0, 7, 6.568684516880093, 0.1
1718, 11292.0, 7, 6.568935427574171, 0.1
1719, 11300.0, 8, 6.569767441860465, 0.1
1720, 11308.0, 8, 6.570598489250436, 0.1
1721, 11316.0, 8, 6.571428571428571, 0.1
1722, 11324.0, 8, 6.57225769007545, 0.1
1723, 11331.0, 7, 6.572505800464037, 0.1
1724, 11337.0, 6, 6.572173913043478, 0.1
1725, 11344.0, 7, 6.57242178447277, 0.1
1726, 11346.0, 2, 6.569774174869717, 0.1
1727, 11353.0, 7, 6.570023148148148, 0.1
1728, 11355.0, 2, 6.56737998843262, 0.1
1729, 11360.0, 5, 6.566473988439307, 0.1
1730, 11368.0, 8, 6.567302137492779, 0.1
1731, 11372.0, 4, 6.565819861431871, 0.1
1732, 11380.0, 8, 6.5666474321985, 0.1
1733, 11387.0, 7, 6.566897347174164, 0.1
1734, 11394.0, 7, 6.567146974063401, 0.1
1735, 11398.0, 4, 6.565668202764977, 0.1
1736, 11405.0, 7, 6.5659182498560735, 0.1
1737, 11405.0, 0, 6.5621403912543155, 0.1
1738, 11413.0, 8, 6.56296722254169, 0.1
1739, 11420.0, 7, 6.563218390804598, 0.1
1740, 11425.0, 5, 6.5623205054566345, 0.1
1741, 11432.0, 7, 6.562571756601607, 0.1
1742, 11439.0, 7, 6.562822719449225, 0.1
1743, 11440.0, 1, 6.559633027522936, 0.1
1744, 11440.0, 0, 6.555873925501433, 0.1
1745, 11448.0, 8, 6.556701030927835, 0.1
1746, 11456.0, 8, 6.557527189467659, 0.1
1747, 11464.0, 8, 6.558352402745996, 0.1
1748, 11471.0, 7, 6.558604917095483, 0.1
1749, 11477.0, 6, 6.558285714285715, 0.1
1750, 11484.0, 7, 6.558537978298116, 0.1
1751, 11487.0, 3, 6.556506849315069, 0.1
1752, 11494.0, 7, 6.556759840273816, 0.1
1753, 11502.0, 8, 6.557582668187001, 0.1
1754, 11510.0, 8, 6.5584045584045585, 0.1
1755, 11514.0, 4, 6.556947608200455, 0.1
1756, 11521.0, 7, 6.557199772339215, 0.1
1757, 11527.0, 6, 6.556882821387941, 0.1
1758, 11535.0, 8, 6.557703240477544, 0.1
1759, 11543.0, 8, 6.558522727272727, 0.1
1760, 11551.0, 8, 6.559341283361726, 0.1
1761, 11555.0, 4, 6.55788876276958, 0.1
1762, 11563.0, 8, 6.558706749858196, 0.1
1763, 11571.0, 8, 6.559523809523809, 0.1
1764, 11577.0, 6, 6.559206798866856, 0.1
1765, 11580.0, 3, 6.557191392978482, 0.1
1766, 11587.0, 7, 6.557441992076966, 0.1
1767, 11587.0, 0, 6.553733031674208, 0.1
1768, 11594.0, 7, 6.5539853024307515, 0.1
1769, 11602.0, 8, 6.554802259887006, 0.1
1770, 11609.0, 7, 6.555053642010164, 0.1
1771, 11617.0, 8, 6.555869074492099, 0.1
1772, 11625.0, 8, 6.55668358714044, 0.1
1773, 11632.0, 7, 6.556933483652762, 0.1
1774, 11640.0, 8, 6.55774647887324, 0.1
1775, 11647.0, 7, 6.557995495495495, 0.1
1776, 11655.0, 8, 6.558806978052898, 0.1
1777, 11656.0, 1, 6.555680539932508, 0.1
1778, 11656.0, 0, 6.551995503091624, 0.1
1779, 11663.0, 7, 6.552247191011236, 0.1
1780, 11669.0, 6, 6.55193711398091, 0.1
1781, 11677.0, 8, 6.552749719416386, 0.1
1782, 11682.0, 5, 6.551878855860909, 0.1
1783, 11689.0, 7, 6.552130044843049, 0.1
1784, 11695.0, 6, 6.551820728291316, 0.1
1785, 11696.0, 1, 6.548712206047033, 0.1
1786, 11703.0, 7, 6.548964745383324, 0.1
1787, 11710.0, 7, 6.549217002237136, 0.1
1788, 11718.0, 8, 6.5500279485746224, 0.1
1789, 11720.0, 2, 6.5474860335195535, 0.1
1790, 11727.0, 7, 6.547738693467337, 0.1
1791, 11734.0, 7, 6.547991071428571, 0.1
1792, 11741.0, 7, 6.54824316787507, 0.1
1793, 11748.0, 7, 6.548494983277592, 0.1
1794, 11751.0, 3, 6.546518105849582, 0.1
1795, 11759.0, 8, 6.547327394209354, 0.1
1796, 11765.0, 6, 6.547022815804118, 0.1
1797, 11771.0, 6, 6.546718576195773, 0.1
1798, 11778.0, 7, 6.546970539188438, 0.1
1799, 11786.0, 8, 6.547777777777778, 0.1
1800, 11793.0, 7, 6.548028872848418, 0.1
1801, 11799.0, 6, 6.547724750277469, 0.1
1802, 11805.0, 6, 6.547420965058237, 0.1
1803, 11812.0, 7, 6.547671840354767, 0.1
1804, 11820.0, 8, 6.5484764542936285, 0.1
1805, 11823.0, 3, 6.546511627906977, 0.1
1806, 11830.0, 7, 6.546762589928058, 0.1
1807, 11837.0, 7, 6.547013274336283, 0.1
1808, 11842.0, 5, 6.546158098396904, 0.1
1809, 11842.0, 0, 6.542541436464089, 0.1
1810, 11843.0, 1, 6.5394809497515185, 0.1
1811, 11849.0, 6, 6.539183222958058, 0.1
1812, 11855.0, 6, 6.5388858246001105, 0.1
1813, 11863.0, 8, 6.539691289966924, 0.1
1814, 11871.0, 8, 6.540495867768595, 0.1
1815, 11878.0, 7, 6.540748898678414, 0.1
1816, 11885.0, 7, 6.541001651073198, 0.1
1817, 11892.0, 7, 6.541254125412541, 0.1
1818, 11893.0, 1, 6.5382078064870806, 0.1
1819, 11895.0, 2, 6.535714285714286, 0.1
1820, 11903.0, 8, 6.536518396485447, 0.1
1821, 11910.0, 7, 6.536772777167947, 0.1
1822, 11914.0, 4, 6.535381239714756, 0.1
1823, 11921.0, 7, 6.535635964912281, 0.1
1824, 11927.0, 6, 6.535342465753424, 0.1
1825, 11932.0, 5, 6.5345016429353775, 0.1
1826, 11939.0, 7, 6.534756431308155, 0.1
1827, 11946.0, 7, 6.535010940919038, 0.1
1828, 11946.0, 0, 6.53143794423182, 0.1
1829, 11950.0, 4, 6.530054644808743, 0.1
1830, 11957.0, 7, 6.530311305297651, 0.1
1831, 11965.0, 8, 6.531113537117904, 0.1
1832, 11967.0, 2, 6.528641571194763, 0.1
1833, 11972.0, 5, 6.527808069792803, 0.1
1834, 11979.0, 7, 6.528065395095368, 0.1
1835, 11985.0, 6, 6.527777777777778, 0.1
1836, 11991.0, 6, 6.527490473598258, 0.1
1837, 11994.0, 3, 6.52557127312296, 0.1
1838, 12002.0, 8, 6.526373028820011, 0.1
1839, 12010.0, 8, 6.5271739130434785, 0.1
1840, 12015.0, 5, 6.526344378055405, 0.1
1841, 12018.0, 3, 6.52442996742671, 0.1
1842, 12026.0, 8, 6.525230602278893, 0.1
1843, 12034.0, 8, 6.526030368763558, 0.1
1844, 12041.0, 7, 6.5262872628726285, 0.1
1845, 12049.0, 8, 6.527085590465872, 0.1
1846, 12057.0, 8, 6.5278830536004335, 0.1
1847, 12064.0, 7, 6.528138528138528, 0.1
1848, 12070.0, 6, 6.527852893455922, 0.1
1849, 12071.0, 1, 6.524864864864865, 0.1
1850, 12079.0, 8, 6.525661804430038, 0.1
1851, 12084.0, 5, 6.524838012958964, 0.1
1852, 12086.0, 2, 6.522396114409067, 0.1
1853, 12093.0, 7, 6.522653721682848, 0.1
1854, 12100.0, 7, 6.522911051212938, 0.1
1855, 12107.0, 7, 6.523168103448276, 0.1
1856, 12114.0, 7, 6.523424878836834, 0.1
1857, 12120.0, 6, 6.523143164693218, 0.1
1858, 12122.0, 2, 6.520710059171598, 0.1
1859, 12129.0, 7, 6.5209677419354835, 0.1
1860, 12134.0, 5, 6.5201504567436865, 0.1
1861, 12141.0, 7, 6.520408163265306, 0.1
1862, 12148.0, 7, 6.520665593129361, 0.1
1863, 12155.0, 7, 6.520922746781116, 0.1
1864, 12163.0, 8, 6.52171581769437, 0.1
1865, 12171.0, 8, 6.522508038585209, 0.1
1866, 12179.0, 8, 6.523299410819496, 0.1
1867, 12185.0, 6, 6.523019271948608, 0.1
1868, 12190.0, 5, 6.522204387372927, 0.1
1869, 12197.0, 7, 6.522459893048128, 0.1
1870, 12205.0, 8, 6.523249599144842, 0.1
1871, 12213.0, 8, 6.524038461538462, 0.1
1872, 12214.0, 1, 6.521089161772557, 0.1
1873, 12221.0, 7, 6.521344717182497, 0.1
1874, 12228.0, 7, 6.5216, 0.1
1875, 12235.0, 7, 6.521855010660981, 0.1
1876, 12236.0, 1, 6.51891315929675, 0.1
1877, 12241.0, 5, 6.518104366347178, 0.1
1878, 12249.0, 8, 6.5188930282064925, 0.1
1879, 12255.0, 6, 6.5186170212765955, 0.1
1880, 12258.0, 3, 6.516746411483253, 0.1
1881, 12266.0, 8, 6.517534537725823, 0.1
1882, 12273.0, 7, 6.517790759426447, 0.1
1883, 12281.0, 8, 6.518577494692145, 0.1
1884, 12288.0, 7, 6.518832891246684, 0.1
1885, 12294.0, 6, 6.518557794273595, 0.1
1886, 12299.0, 5, 6.5177530471648115, 0.1
1887, 12304.0, 5, 6.516949152542373, 0.1
1888, 12310.0, 6, 6.516675489677078, 0.1
1889, 12318.0, 8, 6.517460317460317, 0.1
1890, 12319.0, 1, 6.5145425700687465, 0.1
1891, 12324.0, 5, 6.513742071881607, 0.1
1892, 12325.0, 1, 6.510829371368199, 0.1
1893, 12329.0, 4, 6.509503695881731, 0.1
1894, 12333.0, 4, 6.508179419525066, 0.1
1895, 12341.0, 8, 6.508966244725738, 0.1
1896, 12344.0, 3, 6.507116499736426, 0.1
1897, 12352.0, 8, 6.507903055848261, 0.1
1898, 12359.0, 7, 6.508162190626646, 0.1
1899, 12366.0, 7, 6.508421052631579, 0.1
1900, 12370.0, 4, 6.507101525512888, 0.1
1901, 12378.0, 8, 6.507886435331231, 0.1
1902, 12385.0, 7, 6.508145034156595, 0.1
1903, 12387.0, 2, 6.50577731092437, 0.1
1904, 12394.0, 7, 6.506036745406824, 0.1
1905, 12399.0, 5, 6.505246589716684, 0.1
1906, 12406.0, 7, 6.505506030414264, 0.1
1907, 12414.0, 8, 6.5062893081761, 0.1
1908, 12421.0, 7, 6.50654793085385, 0.1
1909, 12427.0, 6, 6.506282722513089, 0.1
1910, 12433.0, 6, 6.506017791732077, 0.1
1911, 12439.0, 6, 6.505753138075314, 0.1
1912, 12447.0, 8, 6.506534239414532, 0.1
1913, 12454.0, 7, 6.506792058516196, 0.1
1914, 12461.0, 7, 6.507049608355091, 0.1
1915, 12469.0, 8, 6.507828810020877, 0.1
1916, 12475.0, 6, 6.507563901930099, 0.1
1917, 12482.0, 7, 6.507820646506778, 0.1
1918, 12488.0, 6, 6.507556018759771, 0.1
1919, 12495.0, 7, 6.5078125, 0.1
1920, 12501.0, 6, 6.507548152004165, 0.1
1921, 12507.0, 6, 6.507284079084287, 0.1
1922, 12512.0, 5, 6.506500260010401, 0.1
1923, 12518.0, 6, 6.506237006237006, 0.1
1924, 12519.0, 1, 6.5033766233766235, 0.1
1925, 12526.0, 7, 6.503634475597092, 0.1
1926, 12533.0, 7, 6.503892060197198, 0.1
1927, 12539.0, 6, 6.503630705394191, 0.1
1928, 12546.0, 7, 6.503888024883359, 0.1
1929, 12551.0, 5, 6.503108808290156, 0.1
1930, 12552.0, 1, 6.500258933195235, 0.1
1931, 12557.0, 5, 6.499482401656315, 0.1
1932, 12557.0, 0, 6.496120020693223, 0.1
1933, 12562.0, 5, 6.4953464322647365, 0.1
1934, 12566.0, 4, 6.494056847545219, 0.1
1935, 12573.0, 7, 6.494318181818182, 0.1
1936, 12575.0, 2, 6.491997934950955, 0.1
1937, 12582.0, 7, 6.492260061919505, 0.1
1938, 12588.0, 6, 6.492006188757092, 0.1
1939, 12595.0, 7, 6.492268041237113, 0.1
1940, 12602.0, 7, 6.492529623905203, 0.1
1941, 12610.0, 8, 6.49330587023687, 0.1
1942, 12618.0, 8, 6.49408131755018, 0.1
1943, 12625.0, 7, 6.4943415637860085, 0.1
1944, 12625.0, 0, 6.4910025706940875, 0.1
1945, 12631.0, 6, 6.490750256937307, 0.1
1946, 12639.0, 8, 6.491525423728813, 0.1
1947, 12646.0, 7, 6.491786447638604, 0.1
1948, 12654.0, 8, 6.492560287326834, 0.1
1949, 12662.0, 8, 6.493333333333333, 0.1
1950, 12670.0, 8, 6.494105586878524, 0.1
1951, 12673.0, 3, 6.492315573770492, 0.1
1952, 12680.0, 7, 6.4925755248335895, 0.1
1953, 12685.0, 5, 6.491811668372569, 0.1
1954, 12693.0, 8, 6.492583120204603, 0.1
1955, 12697.0, 4, 6.4913087934560325, 0.1
1956, 12705.0, 8, 6.492079713847726, 0.1
1957, 12713.0, 8, 6.492849846782431, 0.1
1958, 12720.0, 7, 6.493108728943338, 0.1
1959, 12724.0, 4, 6.4918367346938775, 0.1
1960, 12728.0, 4, 6.490566037735849, 0.1
1961, 12733.0, 5, 6.4898063200815495, 0.1
1962, 12739.0, 6, 6.489556800815079, 0.1
1963, 12746.0, 7, 6.489816700610998, 0.1
1964, 12752.0, 6, 6.489567430025446, 0.1
1965, 12753.0, 1, 6.486775178026449, 0.1
1966, 12761.0, 8, 6.487544483985765, 0.1
1967, 12769.0, 8, 6.488313008130081, 0.1
1968, 12776.0, 7, 6.488572879634332, 0.1
1969, 12780.0, 4, 6.4873096446700504, 0.1
1970, 12787.0, 7, 6.487569761542364, 0.1
1971, 12792.0, 5, 6.486815415821501, 0.1
1972, 12799.0, 7, 6.487075519513431, 0.1
1973, 12806.0, 7, 6.487335359675785, 0.1
1974, 12813.0, 7, 6.48759493670886, 0.1
1975, 12820.0, 7, 6.487854251012146, 0.1
1976, 12828.0, 8, 6.488619119878604, 0.1
1977, 12835.0, 7, 6.488877654196158, 0.1
1978, 12835.0, 0, 6.485598787266296, 0.1
1979, 12842.0, 7, 6.485858585858586, 0.1
1980, 12850.0, 8, 6.486622917718324, 0.1
1981, 12858.0, 8, 6.487386478304742, 0.1
1982, 12865.0, 7, 6.487644982349975, 0.1
1983, 12872.0, 7, 6.487903225806452, 0.1
1984, 12878.0, 6, 6.487657430730478, 0.1
1985, 12886.0, 8, 6.4884189325276935, 0.1
1986, 12893.0, 7, 6.488676396577755, 0.1
1987, 12901.0, 8, 6.48943661971831, 0.1
1988, 12908.0, 7, 6.489693313222725, 0.1
1989, 12916.0, 8, 6.490452261306532, 0.1
1990, 12923.0, 7, 6.490708186840783, 0.1
1991, 12930.0, 7, 6.490963855421687, 0.1
1992, 12933.0, 3, 6.489212242849975, 0.1
1993, 12940.0, 7, 6.489468405215647, 0.1
1994, 12940.0, 0, 6.486215538847118, 0.1
1995, 12946.0, 6, 6.485971943887775, 0.1
1996, 12954.0, 8, 6.486730095142714, 0.1
1997, 12962.0, 8, 6.4874874874874875, 0.1
1998, 12968.0, 6, 6.487243621810905, 0.1
1999, 12975.0, 7, 6.4875, 0.1
