0, 8.0, 8, 8.0, 0.1
1, 16.0, 8, 8.0, 0.1
2, 24.0, 8, 8.0, 0.1
3, 32.0, 8, 8.0, 0.1
4, 40.0, 8, 8.0, 0.1
5, 48.0, 8, 8.0, 0.1
6, 56.0, 8, 8.0, 0.1
7, 64.0, 8, 8.0, 0.1
8, 72.0, 8, 8.0, 0.1
9, 80.0, 8, 8.0, 0.1
10, 88.0, 8, 8.0, 0.1
11, 96.0, 8, 8.0, 0.1
12, 104.0, 8, 8.0, 0.1
13, 112.0, 8, 8.0, 0.1
14, 120.0, 8, 8.0, 0.1
15, 128.0, 8, 8.0, 0.1
16, 136.0, 8, 8.0, 0.1
17, 144.0, 8, 8.0, 0.1
18, 152.0, 8, 8.0, 0.1
19, 160.0, 8, 8.0, 0.1
20, 168.0, 8, 8.0, 0.1
21, 176.0, 8, 8.0, 0.1
22, 184.0, 8, 8.0, 0.1
23, 192.0, 8, 8.0, 0.1
24, 200.0, 8, 8.0, 0.1
25, 208.0, 8, 8.0, 0.1
26, 216.0, 8, 8.0, 0.1
27, 224.0, 8, 8.0, 0.1
28, 232.0, 8, 8.0, 0.1
29, 240.0, 8, 8.0, 0.1
30, 248.0, 8, 8.0, 0.1
31, 256.0, 8, 8.0, 0.1
32, 264.0, 8, 8.0, 0.1
33, 272.0, 8, 8.0, 0.1
34, 280.0, 8, 8.0, 0.1
35, 288.0, 8, 8.0, 0.1
36, 296.0, 8, 8.0, 0.1
37, 304.0, 8, 8.0, 0.1
38, 312.0, 8, 8.0, 0.1
39, 320.0, 8, 8.0, 0.1
40, 328.0, 8, 8.0, 0.1
41, 336.0, 8, 8.0, 0.1
42, 344.0, 8, 8.0, 0.1
43, 352.0, 8, 8.0, 0.1
44, 360.0, 8, 8.0, 0.1
45, 368.0, 8, 8.0, 0.1
46, 376.0, 8, 8.0, 0.1
47, 384.0, 8, 8.0, 0.1
48, 392.0, 8, 8.0, 0.1
49, 400.0, 8, 8.0, 0.1
50, 408.0, 8, 8.0, 0.1
51, 416.0, 8, 8.0, 0.1
52, 424.0, 8, 8.0, 0.1
53, 432.0, 8, 8.0, 0.1
54, 440.0, 8, 8.0, 0.1
55, 448.0, 8, 8.0, 0.1
56, 456.0, 8, 8.0, 0.1
57, 464.0, 8, 8.0, 0.1
58, 472.0, 8, 8.0, 0.1
59, 480.0, 8, 8.0, 0.1
60, 488.0, 8, 8.0, 0.1
61, 496.0, 8, 8.0, 0.1
62, 504.0, 8, 8.0, 0.1
63, 512.0, 8, 8.0, 0.1
64, 520.0, 8, 8.0, 0.1
65, 528.0, 8, 8.0, 0.1
66, 536.0, 8, 8.0, 0.1
67, 544.0, 8, 8.0, 0.1
68, 552.0, 8, 8.0, 0.1
69, 560.0, 8, 8.0, 0.1
70, 568.0, 8, 8.0, 0.1
71, 576.0, 8, 8.0, 0.1
72, 584.0, 8, 8.0, 0.1
73, 592.0, 8, 8.0, 0.1
74, 600.0, 8, 8.0, 0.1
75, 608.0, 8, 8.0, 0.1
76, 616.0, 8, 8.0, 0.1
77, 624.0, 8, 8.0, 0.1
78, 632.0, 8, 8.0, 0.1
79, 640.0, 8, 8.0, 0.1
80, 648.0, 8, 8.0, 0.1
81, 656.0, 8, 8.0, 0.1
82, 664.0, 8, 8.0, 0.1
83, 672.0, 8, 8.0, 0.1
84, 680.0, 8, 8.0, 0.1
85, 688.0, 8, 8.0, 0.1
86, 696.0, 8, 8.0, 0.1
87, 704.0, 8, 8.0, 0.1
88, 712.0, 8, 8.0, 0.1
89, 720.0, 8, 8.0, 0.1
90, 728.0, 8, 8.0, 0.1
91, 736.0, 8, 8.0, 0.1
92, 744.0, 8, 8.0, 0.1
93, 752.0, 8, 8.0, 0.1
94, 760.0, 8, 8.0, 0.1
95, 768.0, 8, 8.0, 0.1
96, 776.0, 8, 8.0, 0.1
97, 784.0, 8, 8.0, 0.1
98, 792.0, 8, 8.0, 0.1
99, 800.0, 8, 8.0, 0.1
100, 808.0, 8, 8.0, 0.1
101, 816.0, 8, 8.0, 0.1
102, 824.0, 8, 8.0, 0.1
103, 832.0, 8, 8.0, 0.1
104, 840.0, 8, 8.0, 0.1
105, 848.0, 8, 8.0, 0.1
106, 856.0, 8, 8.0, 0.1
107, 864.0, 8, 8.0, 0.1
108, 872.0, 8, 8.0, 0.1
109, 880.0, 8, 8.0, 0.1
110, 888.0, 8, 8.0, 0.1
111, 896.0, 8, 8.0, 0.1
112, 904.0, 8, 8.0, 0.1
113, 912.0, 8, 8.0, 0.1
114, 920.0, 8, 8.0, 0.1
115, 928.0, 8, 8.0, 0.1
116, 936.0, 8, 8.0, 0.1
117, 944.0, 8, 8.0, 0.1
118, 952.0, 8, 8.0, 0.1
119, 960.0, 8, 8.0, 0.1
120, 968.0, 8, 8.0, 0.1
121, 976.0, 8, 8.0, 0.1
122, 984.0, 8, 8.0, 0.1
123, 992.0, 8, 8.0, 0.1
124, 1000.0, 8, 8.0, 0.1
125, 1008.0, 8, 8.0, 0.1
126, 1016.0, 8, 8.0, 0.1
127, 1024.0, 8, 8.0, 0.1
128, 1032.0, 8, 8.0, 0.1
129, 1040.0, 8, 8.0, 0.1
130, 1048.0, 8, 8.0, 0.1
131, 1056.0, 8, 8.0, 0.1
132, 1064.0, 8, 8.0, 0.1
133, 1072.0, 8, 8.0, 0.1
134, 1080.0, 8, 8.0, 0.1
135, 1088.0, 8, 8.0, 0.1
136, 1096.0, 8, 8.0, 0.1
137, 1104.0, 8, 8.0, 0.1
138, 1112.0, 8, 8.0, 0.1
139, 1120.0, 8, 8.0, 0.1
140, 1128.0, 8, 8.0, 0.1
141, 1136.0, 8, 8.0, 0.1
142, 1144.0, 8, 8.0, 0.1
143, 1152.0, 8, 8.0, 0.1
144, 1160.0, 8, 8.0, 0.1
145, 1168.0, 8, 8.0, 0.1
146, 1176.0, 8, 8.0, 0.1
147, 1184.0, 8, 8.0, 0.1
148, 1192.0, 8, 8.0, 0.1
149, 1200.0, 8, 8.0, 0.1
150, 1208.0, 8, 8.0, 0.1
151, 1216.0, 8, 8.0, 0.1
152, 1224.0, 8, 8.0, 0.1
153, 1232.0, 8, 8.0, 0.1
154, 1240.0, 8, 8.0, 0.1
155, 1248.0, 8, 8.0, 0.1
156, 1256.0, 8, 8.0, 0.1
157, 1264.0, 8, 8.0, 0.1
158, 1272.0, 8, 8.0, 0.1
159, 1280.0, 8, 8.0, 0.1
160, 1288.0, 8, 8.0, 0.1
161, 1296.0, 8, 8.0, 0.1
162, 1304.0, 8, 8.0, 0.1
163, 1312.0, 8, 8.0, 0.1
164, 1320.0, 8, 8.0, 0.1
165, 1328.0, 8, 8.0, 0.1
166, 1336.0, 8, 8.0, 0.1
167, 1344.0, 8, 8.0, 0.1
168, 1352.0, 8, 8.0, 0.1
169, 1360.0, 8, 8.0, 0.1
170, 1368.0, 8, 8.0, 0.1
171, 1376.0, 8, 8.0, 0.1
172, 1384.0, 8, 8.0, 0.1
173, 1392.0, 8, 8.0, 0.1
174, 1400.0, 8, 8.0, 0.1
175, 1408.0, 8, 8.0, 0.1
176, 1416.0, 8, 8.0, 0.1
177, 1424.0, 8, 8.0, 0.1
178, 1432.0, 8, 8.0, 0.1
179, 1440.0, 8, 8.0, 0.1
180, 1448.0, 8, 8.0, 0.1
181, 1456.0, 8, 8.0, 0.1
182, 1464.0, 8, 8.0, 0.1
183, 1472.0, 8, 8.0, 0.1
184, 1480.0, 8, 8.0, 0.1
185, 1488.0, 8, 8.0, 0.1
186, 1496.0, 8, 8.0, 0.1
187, 1504.0, 8, 8.0, 0.1
188, 1512.0, 8, 8.0, 0.1
189, 1520.0, 8, 8.0, 0.1
190, 1528.0, 8, 8.0, 0.1
191, 1536.0, 8, 8.0, 0.1
192, 1544.0, 8, 8.0, 0.1
193, 1552.0, 8, 8.0, 0.1
194, 1560.0, 8, 8.0, 0.1
195, 1568.0, 8, 8.0, 0.1
196, 1576.0, 8, 8.0, 0.1
197, 1584.0, 8, 8.0, 0.1
198, 1592.0, 8, 8.0, 0.1
199, 1600.0, 8, 8.0, 0.1
200, 1608.0, 8, 8.0, 0.1
201, 1616.0, 8, 8.0, 0.1
202, 1624.0, 8, 8.0, 0.1
203, 1632.0, 8, 8.0, 0.1
204, 1640.0, 8, 8.0, 0.1
205, 1648.0, 8, 8.0, 0.1
206, 1656.0, 8, 8.0, 0.1
207, 1664.0, 8, 8.0, 0.1
208, 1672.0, 8, 8.0, 0.1
209, 1680.0, 8, 8.0, 0.1
210, 1688.0, 8, 8.0, 0.1
211, 1696.0, 8, 8.0, 0.1
212, 1704.0, 8, 8.0, 0.1
213, 1712.0, 8, 8.0, 0.1
214, 1720.0, 8, 8.0, 0.1
215, 1728.0, 8, 8.0, 0.1
216, 1736.0, 8, 8.0, 0.1
217, 1744.0, 8, 8.0, 0.1
218, 1752.0, 8, 8.0, 0.1
219, 1760.0, 8, 8.0, 0.1
220, 1768.0, 8, 8.0, 0.1
221, 1776.0, 8, 8.0, 0.1
222, 1784.0, 8, 8.0, 0.1
223, 1792.0, 8, 8.0, 0.1
224, 1800.0, 8, 8.0, 0.1
225, 1808.0, 8, 8.0, 0.1
226, 1816.0, 8, 8.0, 0.1
227, 1824.0, 8, 8.0, 0.1
228, 1832.0, 8, 8.0, 0.1
229, 1840.0, 8, 8.0, 0.1
230, 1848.0, 8, 8.0, 0.1
231, 1856.0, 8, 8.0, 0.1
232, 1864.0, 8, 8.0, 0.1
233, 1872.0, 8, 8.0, 0.1
234, 1880.0, 8, 8.0, 0.1
235, 1888.0, 8, 8.0, 0.1
236, 1896.0, 8, 8.0, 0.1
237, 1904.0, 8, 8.0, 0.1
238, 1912.0, 8, 8.0, 0.1
239, 1920.0, 8, 8.0, 0.1
240, 1928.0, 8, 8.0, 0.1
241, 1936.0, 8, 8.0, 0.1
242, 1944.0, 8, 8.0, 0.1
243, 1952.0, 8, 8.0, 0.1
244, 1960.0, 8, 8.0, 0.1
245, 1968.0, 8, 8.0, 0.1
246, 1976.0, 8, 8.0, 0.1
247, 1984.0, 8, 8.0, 0.1
248, 1992.0, 8, 8.0, 0.1
249, 2000.0, 8, 8.0, 0.1
250, 2008.0, 8, 8.0, 0.1
251, 2016.0, 8, 8.0, 0.1
252, 2024.0, 8, 8.0, 0.1
253, 2032.0, 8, 8.0, 0.1
254, 2040.0, 8, 8.0, 0.1
255, 2048.0, 8, 8.0, 0.1
256, 2056.0, 8, 8.0, 0.1
257, 2064.0, 8, 8.0, 0.1
258, 2072.0, 8, 8.0, 0.1
259, 2080.0, 8, 8.0, 0.1
260, 2088.0, 8, 8.0, 0.1
261, 2096.0, 8, 8.0, 0.1
262, 2104.0, 8, 8.0, 0.1
263, 2112.0, 8, 8.0, 0.1
264, 2120.0, 8, 8.0, 0.1
265, 2128.0, 8, 8.0, 0.1
266, 2136.0, 8, 8.0, 0.1
267, 2144.0, 8, 8.0, 0.1
268, 2152.0, 8, 8.0, 0.1
269, 2160.0, 8, 8.0, 0.1
270, 2168.0, 8, 8.0, 0.1
271, 2176.0, 8, 8.0, 0.1
272, 2184.0, 8, 8.0, 0.1
273, 2192.0, 8, 8.0, 0.1
274, 2200.0, 8, 8.0, 0.1
275, 2208.0, 8, 8.0, 0.1
276, 2216.0, 8, 8.0, 0.1
277, 2224.0, 8, 8.0, 0.1
278, 2232.0, 8, 8.0, 0.1
279, 2240.0, 8, 8.0, 0.1
280, 2248.0, 8, 8.0, 0.1
281, 2256.0, 8, 8.0, 0.1
282, 2264.0, 8, 8.0, 0.1
283, 2272.0, 8, 8.0, 0.1
284, 2280.0, 8, 8.0, 0.1
285, 2288.0, 8, 8.0, 0.1
286, 2296.0, 8, 8.0, 0.1
287, 2304.0, 8, 8.0, 0.1
288, 2312.0, 8, 8.0, 0.1
289, 2320.0, 8, 8.0, 0.1
290, 2328.0, 8, 8.0, 0.1
291, 2336.0, 8, 8.0, 0.1
292, 2344.0, 8, 8.0, 0.1
293, 2352.0, 8, 8.0, 0.1
294, 2360.0, 8, 8.0, 0.1
295, 2368.0, 8, 8.0, 0.1
296, 2376.0, 8, 8.0, 0.1
297, 2384.0, 8, 8.0, 0.1
298, 2392.0, 8, 8.0, 0.1
299, 2400.0, 8, 8.0, 0.1
300, 2408.0, 8, 8.0, 0.1
301, 2416.0, 8, 8.0, 0.1
302, 2424.0, 8, 8.0, 0.1
303, 2432.0, 8, 8.0, 0.1
304, 2440.0, 8, 8.0, 0.1
305, 2448.0, 8, 8.0, 0.1
306, 2456.0, 8, 8.0, 0.1
307, 2464.0, 8, 8.0, 0.1
308, 2472.0, 8, 8.0, 0.1
309, 2480.0, 8, 8.0, 0.1
310, 2488.0, 8, 8.0, 0.1
311, 2496.0, 8, 8.0, 0.1
312, 2504.0, 8, 8.0, 0.1
313, 2512.0, 8, 8.0, 0.1
314, 2520.0, 8, 8.0, 0.1
315, 2528.0, 8, 8.0, 0.1
316, 2536.0, 8, 8.0, 0.1
317, 2544.0, 8, 8.0, 0.1
318, 2552.0, 8, 8.0, 0.1
319, 2560.0, 8, 8.0, 0.1
320, 2568.0, 8, 8.0, 0.1
321, 2576.0, 8, 8.0, 0.1
322, 2584.0, 8, 8.0, 0.1
323, 2592.0, 8, 8.0, 0.1
324, 2600.0, 8, 8.0, 0.1
325, 2608.0, 8, 8.0, 0.1
326, 2616.0, 8, 8.0, 0.1
327, 2624.0, 8, 8.0, 0.1
328, 2632.0, 8, 8.0, 0.1
329, 2640.0, 8, 8.0, 0.1
330, 2648.0, 8, 8.0, 0.1
331, 2656.0, 8, 8.0, 0.1
332, 2664.0, 8, 8.0, 0.1
333, 2672.0, 8, 8.0, 0.1
334, 2680.0, 8, 8.0, 0.1
335, 2688.0, 8, 8.0, 0.1
336, 2696.0, 8, 8.0, 0.1
337, 2704.0, 8, 8.0, 0.1
338, 2712.0, 8, 8.0, 0.1
339, 2720.0, 8, 8.0, 0.1
340, 2728.0, 8, 8.0, 0.1
341, 2736.0, 8, 8.0, 0.1
342, 2744.0, 8, 8.0, 0.1
343, 2752.0, 8, 8.0, 0.1
344, 2760.0, 8, 8.0, 0.1
345, 2768.0, 8, 8.0, 0.1
346, 2776.0, 8, 8.0, 0.1
347, 2784.0, 8, 8.0, 0.1
348, 2792.0, 8, 8.0, 0.1
349, 2800.0, 8, 8.0, 0.1
350, 2808.0, 8, 8.0, 0.1
351, 2816.0, 8, 8.0, 0.1
352, 2824.0, 8, 8.0, 0.1
353, 2832.0, 8, 8.0, 0.1
354, 2840.0, 8, 8.0, 0.1
355, 2848.0, 8, 8.0, 0.1
356, 2856.0, 8, 8.0, 0.1
357, 2864.0, 8, 8.0, 0.1
358, 2872.0, 8, 8.0, 0.1
359, 2880.0, 8, 8.0, 0.1
360, 2888.0, 8, 8.0, 0.1
361, 2896.0, 8, 8.0, 0.1
362, 2904.0, 8, 8.0, 0.1
363, 2912.0, 8, 8.0, 0.1
364, 2920.0, 8, 8.0, 0.1
365, 2928.0, 8, 8.0, 0.1
366, 2936.0, 8, 8.0, 0.1
367, 2944.0, 8, 8.0, 0.1
368, 2952.0, 8, 8.0, 0.1
369, 2960.0, 8, 8.0, 0.1
370, 2968.0, 8, 8.0, 0.1
371, 2976.0, 8, 8.0, 0.1
372, 2984.0, 8, 8.0, 0.1
373, 2992.0, 8, 8.0, 0.1
374, 3000.0, 8, 8.0, 0.1
375, 3008.0, 8, 8.0, 0.1
376, 3016.0, 8, 8.0, 0.1
377, 3024.0, 8, 8.0, 0.1
378, 3032.0, 8, 8.0, 0.1
379, 3040.0, 8, 8.0, 0.1
380, 3048.0, 8, 8.0, 0.1
381, 3056.0, 8, 8.0, 0.1
382, 3064.0, 8, 8.0, 0.1
383, 3072.0, 8, 8.0, 0.1
384, 3080.0, 8, 8.0, 0.1
385, 3088.0, 8, 8.0, 0.1
386, 3096.0, 8, 8.0, 0.1
387, 3104.0, 8, 8.0, 0.1
388, 3112.0, 8, 8.0, 0.1
389, 3120.0, 8, 8.0, 0.1
390, 3128.0, 8, 8.0, 0.1
391, 3136.0, 8, 8.0, 0.1
392, 3144.0, 8, 8.0, 0.1
393, 3152.0, 8, 8.0, 0.1
394, 3160.0, 8, 8.0, 0.1
395, 3168.0, 8, 8.0, 0.1
396, 3176.0, 8, 8.0, 0.1
397, 3184.0, 8, 8.0, 0.1
398, 3192.0, 8, 8.0, 0.1
399, 3200.0, 8, 8.0, 0.1
400, 3208.0, 8, 8.0, 0.1
401, 3216.0, 8, 8.0, 0.1
402, 3224.0, 8, 8.0, 0.1
403, 3232.0, 8, 8.0, 0.1
404, 3240.0, 8, 8.0, 0.1
405, 3248.0, 8, 8.0, 0.1
406, 3256.0, 8, 8.0, 0.1
407, 3264.0, 8, 8.0, 0.1
408, 3272.0, 8, 8.0, 0.1
409, 3280.0, 8, 8.0, 0.1
410, 3288.0, 8, 8.0, 0.1
411, 3296.0, 8, 8.0, 0.1
412, 3304.0, 8, 8.0, 0.1
413, 3312.0, 8, 8.0, 0.1
414, 3320.0, 8, 8.0, 0.1
415, 3328.0, 8, 8.0, 0.1
416, 3336.0, 8, 8.0, 0.1
417, 3344.0, 8, 8.0, 0.1
418, 3352.0, 8, 8.0, 0.1
419, 3360.0, 8, 8.0, 0.1
420, 3368.0, 8, 8.0, 0.1
421, 3376.0, 8, 8.0, 0.1
422, 3384.0, 8, 8.0, 0.1
423, 3392.0, 8, 8.0, 0.1
424, 3400.0, 8, 8.0, 0.1
425, 3408.0, 8, 8.0, 0.1
426, 3416.0, 8, 8.0, 0.1
427, 3424.0, 8, 8.0, 0.1
428, 3432.0, 8, 8.0, 0.1
429, 3440.0, 8, 8.0, 0.1
430, 3448.0, 8, 8.0, 0.1
431, 3456.0, 8, 8.0, 0.1
432, 3464.0, 8, 8.0, 0.1
433, 3472.0, 8, 8.0, 0.1
434, 3480.0, 8, 8.0, 0.1
435, 3488.0, 8, 8.0, 0.1
436, 3496.0, 8, 8.0, 0.1
437, 3504.0, 8, 8.0, 0.1
438, 3512.0, 8, 8.0, 0.1
439, 3520.0, 8, 8.0, 0.1
440, 3528.0, 8, 8.0, 0.1
441, 3536.0, 8, 8.0, 0.1
442, 3544.0, 8, 8.0, 0.1
443, 3552.0, 8, 8.0, 0.1
444, 3560.0, 8, 8.0, 0.1
445, 3568.0, 8, 8.0, 0.1
446, 3576.0, 8, 8.0, 0.1
447, 3584.0, 8, 8.0, 0.1
448, 3592.0, 8, 8.0, 0.1
449, 3600.0, 8, 8.0, 0.1
450, 3608.0, 8, 8.0, 0.1
451, 3616.0, 8, 8.0, 0.1
452, 3624.0, 8, 8.0, 0.1
453, 3632.0, 8, 8.0, 0.1
454, 3640.0, 8, 8.0, 0.1
455, 3648.0, 8, 8.0, 0.1
456, 3656.0, 8, 8.0, 0.1
457, 3664.0, 8, 8.0, 0.1
458, 3672.0, 8, 8.0, 0.1
459, 3680.0, 8, 8.0, 0.1
460, 3688.0, 8, 8.0, 0.1
461, 3696.0, 8, 8.0, 0.1
462, 3704.0, 8, 8.0, 0.1
463, 3712.0, 8, 8.0, 0.1
464, 3720.0, 8, 8.0, 0.1
465, 3728.0, 8, 8.0, 0.1
466, 3736.0, 8, 8.0, 0.1
467, 3744.0, 8, 8.0, 0.1
468, 3752.0, 8, 8.0, 0.1
469, 3760.0, 8, 8.0, 0.1
470, 3768.0, 8, 8.0, 0.1
471, 3776.0, 8, 8.0, 0.1
472, 3784.0, 8, 8.0, 0.1
473, 3792.0, 8, 8.0, 0.1
474, 3800.0, 8, 8.0, 0.1
475, 3808.0, 8, 8.0, 0.1
476, 3816.0, 8, 8.0, 0.1
477, 3824.0, 8, 8.0, 0.1
478, 3832.0, 8, 8.0, 0.1
479, 3840.0, 8, 8.0, 0.1
480, 3848.0, 8, 8.0, 0.1
481, 3856.0, 8, 8.0, 0.1
482, 3864.0, 8, 8.0, 0.1
483, 3872.0, 8, 8.0, 0.1
484, 3880.0, 8, 8.0, 0.1
485, 3888.0, 8, 8.0, 0.1
486, 3896.0, 8, 8.0, 0.1
487, 3904.0, 8, 8.0, 0.1
488, 3912.0, 8, 8.0, 0.1
489, 3920.0, 8, 8.0, 0.1
490, 3928.0, 8, 8.0, 0.1
491, 3936.0, 8, 8.0, 0.1
492, 3944.0, 8, 8.0, 0.1
493, 3952.0, 8, 8.0, 0.1
494, 3960.0, 8, 8.0, 0.1
495, 3968.0, 8, 8.0, 0.1
496, 3976.0, 8, 8.0, 0.1
497, 3984.0, 8, 8.0, 0.1
498, 3992.0, 8, 8.0, 0.1
499, 4000.0, 8, 8.0, 0.1
500, 4008.0, 8, 8.0, 0.1
501, 4016.0, 8, 8.0, 0.1
502, 4024.0, 8, 8.0, 0.1
503, 4032.0, 8, 8.0, 0.1
504, 4040.0, 8, 8.0, 0.1
505, 4048.0, 8, 8.0, 0.1
506, 4056.0, 8, 8.0, 0.1
507, 4064.0, 8, 8.0, 0.1
508, 4072.0, 8, 8.0, 0.1
509, 4080.0, 8, 8.0, 0.1
510, 4088.0, 8, 8.0, 0.1
511, 4096.0, 8, 8.0, 0.1
512, 4104.0, 8, 8.0, 0.1
513, 4112.0, 8, 8.0, 0.1
514, 4120.0, 8, 8.0, 0.1
515, 4128.0, 8, 8.0, 0.1
516, 4136.0, 8, 8.0, 0.1
517, 4144.0, 8, 8.0, 0.1
518, 4152.0, 8, 8.0, 0.1
519, 4160.0, 8, 8.0, 0.1
520, 4168.0, 8, 8.0, 0.1
521, 4176.0, 8, 8.0, 0.1
522, 4184.0, 8, 8.0, 0.1
523, 4192.0, 8, 8.0, 0.1
524, 4200.0, 8, 8.0, 0.1
525, 4208.0, 8, 8.0, 0.1
526, 4216.0, 8, 8.0, 0.1
527, 4224.0, 8, 8.0, 0.1
528, 4232.0, 8, 8.0, 0.1
529, 4240.0, 8, 8.0, 0.1
530, 4248.0, 8, 8.0, 0.1
531, 4256.0, 8, 8.0, 0.1
532, 4264.0, 8, 8.0, 0.1
533, 4272.0, 8, 8.0, 0.1
534, 4280.0, 8, 8.0, 0.1
535, 4288.0, 8, 8.0, 0.1
536, 4296.0, 8, 8.0, 0.1
537, 4304.0, 8, 8.0, 0.1
538, 4312.0, 8, 8.0, 0.1
539, 4320.0, 8, 8.0, 0.1
540, 4328.0, 8, 8.0, 0.1
541, 4336.0, 8, 8.0, 0.1
542, 4344.0, 8, 8.0, 0.1
543, 4352.0, 8, 8.0, 0.1
544, 4360.0, 8, 8.0, 0.1
545, 4368.0, 8, 8.0, 0.1
546, 4376.0, 8, 8.0, 0.1
547, 4384.0, 8, 8.0, 0.1
548, 4392.0, 8, 8.0, 0.1
549, 4400.0, 8, 8.0, 0.1
550, 4408.0, 8, 8.0, 0.1
551, 4416.0, 8, 8.0, 0.1
552, 4424.0, 8, 8.0, 0.1
553, 4432.0, 8, 8.0, 0.1
554, 4440.0, 8, 8.0, 0.1
555, 4448.0, 8, 8.0, 0.1
556, 4456.0, 8, 8.0, 0.1
557, 4464.0, 8, 8.0, 0.1
558, 4472.0, 8, 8.0, 0.1
559, 4480.0, 8, 8.0, 0.1
560, 4488.0, 8, 8.0, 0.1
561, 4496.0, 8, 8.0, 0.1
562, 4504.0, 8, 8.0, 0.1
563, 4512.0, 8, 8.0, 0.1
564, 4520.0, 8, 8.0, 0.1
565, 4528.0, 8, 8.0, 0.1
566, 4536.0, 8, 8.0, 0.1
567, 4544.0, 8, 8.0, 0.1
568, 4552.0, 8, 8.0, 0.1
569, 4560.0, 8, 8.0, 0.1
570, 4568.0, 8, 8.0, 0.1
571, 4576.0, 8, 8.0, 0.1
572, 4584.0, 8, 8.0, 0.1
573, 4592.0, 8, 8.0, 0.1
574, 4600.0, 8, 8.0, 0.1
575, 4608.0, 8, 8.0, 0.1
576, 4616.0, 8, 8.0, 0.1
577, 4624.0, 8, 8.0, 0.1
578, 4632.0, 8, 8.0, 0.1
579, 4640.0, 8, 8.0, 0.1
580, 4648.0, 8, 8.0, 0.1
581, 4656.0, 8, 8.0, 0.1
582, 4664.0, 8, 8.0, 0.1
583, 4672.0, 8, 8.0, 0.1
584, 4680.0, 8, 8.0, 0.1
585, 4688.0, 8, 8.0, 0.1
586, 4696.0, 8, 8.0, 0.1
587, 4704.0, 8, 8.0, 0.1
588, 4712.0, 8, 8.0, 0.1
589, 4720.0, 8, 8.0, 0.1
590, 4728.0, 8, 8.0, 0.1
591, 4736.0, 8, 8.0, 0.1
592, 4744.0, 8, 8.0, 0.1
593, 4752.0, 8, 8.0, 0.1
594, 4760.0, 8, 8.0, 0.1
595, 4768.0, 8, 8.0, 0.1
596, 4776.0, 8, 8.0, 0.1
597, 4784.0, 8, 8.0, 0.1
598, 4792.0, 8, 8.0, 0.1
599, 4800.0, 8, 8.0, 0.1
600, 4808.0, 8, 8.0, 0.1
601, 4816.0, 8, 8.0, 0.1
602, 4824.0, 8, 8.0, 0.1
603, 4832.0, 8, 8.0, 0.1
604, 4840.0, 8, 8.0, 0.1
605, 4848.0, 8, 8.0, 0.1
606, 4856.0, 8, 8.0, 0.1
607, 4864.0, 8, 8.0, 0.1
608, 4872.0, 8, 8.0, 0.1
609, 4880.0, 8, 8.0, 0.1
610, 4888.0, 8, 8.0, 0.1
611, 4896.0, 8, 8.0, 0.1
612, 4904.0, 8, 8.0, 0.1
613, 4912.0, 8, 8.0, 0.1
614, 4920.0, 8, 8.0, 0.1
615, 4928.0, 8, 8.0, 0.1
616, 4936.0, 8, 8.0, 0.1
617, 4944.0, 8, 8.0, 0.1
618, 4952.0, 8, 8.0, 0.1
619, 4960.0, 8, 8.0, 0.1
620, 4968.0, 8, 8.0, 0.1
621, 4976.0, 8, 8.0, 0.1
622, 4984.0, 8, 8.0, 0.1
623, 4992.0, 8, 8.0, 0.1
624, 5000.0, 8, 8.0, 0.1
625, 5008.0, 8, 8.0, 0.1
626, 5016.0, 8, 8.0, 0.1
627, 5024.0, 8, 8.0, 0.1
628, 5032.0, 8, 8.0, 0.1
629, 5040.0, 8, 8.0, 0.1
630, 5048.0, 8, 8.0, 0.1
631, 5056.0, 8, 8.0, 0.1
632, 5064.0, 8, 8.0, 0.1
633, 5072.0, 8, 8.0, 0.1
634, 5080.0, 8, 8.0, 0.1
635, 5088.0, 8, 8.0, 0.1
636, 5096.0, 8, 8.0, 0.1
637, 5104.0, 8, 8.0, 0.1
638, 5112.0, 8, 8.0, 0.1
639, 5120.0, 8, 8.0, 0.1
640, 5128.0, 8, 8.0, 0.1
641, 5136.0, 8, 8.0, 0.1
642, 5144.0, 8, 8.0, 0.1
643, 5152.0, 8, 8.0, 0.1
644, 5160.0, 8, 8.0, 0.1
645, 5168.0, 8, 8.0, 0.1
646, 5176.0, 8, 8.0, 0.1
647, 5184.0, 8, 8.0, 0.1
648, 5192.0, 8, 8.0, 0.1
649, 5200.0, 8, 8.0, 0.1
650, 5208.0, 8, 8.0, 0.1
651, 5216.0, 8, 8.0, 0.1
652, 5224.0, 8, 8.0, 0.1
653, 5232.0, 8, 8.0, 0.1
654, 5240.0, 8, 8.0, 0.1
655, 5248.0, 8, 8.0, 0.1
656, 5256.0, 8, 8.0, 0.1
657, 5264.0, 8, 8.0, 0.1
658, 5272.0, 8, 8.0, 0.1
659, 5280.0, 8, 8.0, 0.1
660, 5288.0, 8, 8.0, 0.1
661, 5296.0, 8, 8.0, 0.1
662, 5304.0, 8, 8.0, 0.1
663, 5312.0, 8, 8.0, 0.1
664, 5320.0, 8, 8.0, 0.1
665, 5328.0, 8, 8.0, 0.1
666, 5336.0, 8, 8.0, 0.1
667, 5344.0, 8, 8.0, 0.1
668, 5352.0, 8, 8.0, 0.1
669, 5360.0, 8, 8.0, 0.1
670, 5368.0, 8, 8.0, 0.1
671, 5376.0, 8, 8.0, 0.1
672, 5384.0, 8, 8.0, 0.1
673, 5392.0, 8, 8.0, 0.1
674, 5400.0, 8, 8.0, 0.1
675, 5408.0, 8, 8.0, 0.1
676, 5416.0, 8, 8.0, 0.1
677, 5424.0, 8, 8.0, 0.1
678, 5432.0, 8, 8.0, 0.1
679, 5440.0, 8, 8.0, 0.1
680, 5448.0, 8, 8.0, 0.1
681, 5456.0, 8, 8.0, 0.1
682, 5464.0, 8, 8.0, 0.1
683, 5472.0, 8, 8.0, 0.1
684, 5480.0, 8, 8.0, 0.1
685, 5488.0, 8, 8.0, 0.1
686, 5496.0, 8, 8.0, 0.1
687, 5504.0, 8, 8.0, 0.1
688, 5512.0, 8, 8.0, 0.1
689, 5520.0, 8, 8.0, 0.1
690, 5528.0, 8, 8.0, 0.1
691, 5536.0, 8, 8.0, 0.1
692, 5544.0, 8, 8.0, 0.1
693, 5552.0, 8, 8.0, 0.1
694, 5560.0, 8, 8.0, 0.1
695, 5568.0, 8, 8.0, 0.1
696, 5576.0, 8, 8.0, 0.1
697, 5584.0, 8, 8.0, 0.1
698, 5592.0, 8, 8.0, 0.1
699, 5600.0, 8, 8.0, 0.1
700, 5608.0, 8, 8.0, 0.1
701, 5616.0, 8, 8.0, 0.1
702, 5624.0, 8, 8.0, 0.1
703, 5632.0, 8, 8.0, 0.1
704, 5640.0, 8, 8.0, 0.1
705, 5648.0, 8, 8.0, 0.1
706, 5656.0, 8, 8.0, 0.1
707, 5664.0, 8, 8.0, 0.1
708, 5672.0, 8, 8.0, 0.1
709, 5680.0, 8, 8.0, 0.1
710, 5688.0, 8, 8.0, 0.1
711, 5696.0, 8, 8.0, 0.1
712, 5704.0, 8, 8.0, 0.1
713, 5712.0, 8, 8.0, 0.1
714, 5720.0, 8, 8.0, 0.1
715, 5728.0, 8, 8.0, 0.1
716, 5736.0, 8, 8.0, 0.1
717, 5744.0, 8, 8.0, 0.1
718, 5752.0, 8, 8.0, 0.1
719, 5760.0, 8, 8.0, 0.1
720, 5768.0, 8, 8.0, 0.1
721, 5776.0, 8, 8.0, 0.1
722, 5784.0, 8, 8.0, 0.1
723, 5792.0, 8, 8.0, 0.1
724, 5800.0, 8, 8.0, 0.1
725, 5808.0, 8, 8.0, 0.1
726, 5816.0, 8, 8.0, 0.1
727, 5824.0, 8, 8.0, 0.1
728, 5832.0, 8, 8.0, 0.1
729, 5840.0, 8, 8.0, 0.1
730, 5848.0, 8, 8.0, 0.1
731, 5856.0, 8, 8.0, 0.1
732, 5864.0, 8, 8.0, 0.1
733, 5872.0, 8, 8.0, 0.1
734, 5880.0, 8, 8.0, 0.1
735, 5888.0, 8, 8.0, 0.1
736, 5896.0, 8, 8.0, 0.1
737, 5904.0, 8, 8.0, 0.1
738, 5912.0, 8, 8.0, 0.1
739, 5920.0, 8, 8.0, 0.1
740, 5928.0, 8, 8.0, 0.1
741, 5936.0, 8, 8.0, 0.1
742, 5944.0, 8, 8.0, 0.1
743, 5952.0, 8, 8.0, 0.1
744, 5960.0, 8, 8.0, 0.1
745, 5968.0, 8, 8.0, 0.1
746, 5976.0, 8, 8.0, 0.1
747, 5984.0, 8, 8.0, 0.1
748, 5992.0, 8, 8.0, 0.1
749, 6000.0, 8, 8.0, 0.1
750, 6008.0, 8, 8.0, 0.1
751, 6016.0, 8, 8.0, 0.1
752, 6024.0, 8, 8.0, 0.1
753, 6032.0, 8, 8.0, 0.1
754, 6040.0, 8, 8.0, 0.1
755, 6048.0, 8, 8.0, 0.1
756, 6056.0, 8, 8.0, 0.1
757, 6064.0, 8, 8.0, 0.1
758, 6072.0, 8, 8.0, 0.1
759, 6080.0, 8, 8.0, 0.1
760, 6088.0, 8, 8.0, 0.1
761, 6096.0, 8, 8.0, 0.1
762, 6104.0, 8, 8.0, 0.1
763, 6112.0, 8, 8.0, 0.1
764, 6120.0, 8, 8.0, 0.1
765, 6128.0, 8, 8.0, 0.1
766, 6136.0, 8, 8.0, 0.1
767, 6144.0, 8, 8.0, 0.1
768, 6152.0, 8, 8.0, 0.1
769, 6160.0, 8, 8.0, 0.1
770, 6168.0, 8, 8.0, 0.1
771, 6176.0, 8, 8.0, 0.1
772, 6184.0, 8, 8.0, 0.1
773, 6192.0, 8, 8.0, 0.1
774, 6200.0, 8, 8.0, 0.1
775, 6208.0, 8, 8.0, 0.1
776, 6216.0, 8, 8.0, 0.1
777, 6224.0, 8, 8.0, 0.1
778, 6232.0, 8, 8.0, 0.1
779, 6240.0, 8, 8.0, 0.1
780, 6248.0, 8, 8.0, 0.1
781, 6256.0, 8, 8.0, 0.1
782, 6264.0, 8, 8.0, 0.1
783, 6272.0, 8, 8.0, 0.1
784, 6280.0, 8, 8.0, 0.1
785, 6288.0, 8, 8.0, 0.1
786, 6296.0, 8, 8.0, 0.1
787, 6304.0, 8, 8.0, 0.1
788, 6312.0, 8, 8.0, 0.1
789, 6320.0, 8, 8.0, 0.1
790, 6328.0, 8, 8.0, 0.1
791, 6336.0, 8, 8.0, 0.1
792, 6344.0, 8, 8.0, 0.1
793, 6352.0, 8, 8.0, 0.1
794, 6360.0, 8, 8.0, 0.1
795, 6368.0, 8, 8.0, 0.1
796, 6376.0, 8, 8.0, 0.1
797, 6384.0, 8, 8.0, 0.1
798, 6392.0, 8, 8.0, 0.1
799, 6400.0, 8, 8.0, 0.1
800, 6408.0, 8, 8.0, 0.1
801, 6416.0, 8, 8.0, 0.1
802, 6424.0, 8, 8.0, 0.1
803, 6432.0, 8, 8.0, 0.1
804, 6440.0, 8, 8.0, 0.1
805, 6448.0, 8, 8.0, 0.1
806, 6456.0, 8, 8.0, 0.1
807, 6464.0, 8, 8.0, 0.1
808, 6472.0, 8, 8.0, 0.1
809, 6480.0, 8, 8.0, 0.1
810, 6488.0, 8, 8.0, 0.1
811, 6496.0, 8, 8.0, 0.1
812, 6504.0, 8, 8.0, 0.1
813, 6512.0, 8, 8.0, 0.1
814, 6520.0, 8, 8.0, 0.1
815, 6528.0, 8, 8.0, 0.1
816, 6536.0, 8, 8.0, 0.1
817, 6544.0, 8, 8.0, 0.1
818, 6552.0, 8, 8.0, 0.1
819, 6560.0, 8, 8.0, 0.1
820, 6568.0, 8, 8.0, 0.1
821, 6576.0, 8, 8.0, 0.1
822, 6584.0, 8, 8.0, 0.1
823, 6592.0, 8, 8.0, 0.1
824, 6600.0, 8, 8.0, 0.1
825, 6608.0, 8, 8.0, 0.1
826, 6616.0, 8, 8.0, 0.1
827, 6624.0, 8, 8.0, 0.1
828, 6632.0, 8, 8.0, 0.1
829, 6640.0, 8, 8.0, 0.1
830, 6648.0, 8, 8.0, 0.1
831, 6656.0, 8, 8.0, 0.1
832, 6664.0, 8, 8.0, 0.1
833, 6672.0, 8, 8.0, 0.1
834, 6680.0, 8, 8.0, 0.1
835, 6688.0, 8, 8.0, 0.1
836, 6696.0, 8, 8.0, 0.1
837, 6704.0, 8, 8.0, 0.1
838, 6712.0, 8, 8.0, 0.1
839, 6720.0, 8, 8.0, 0.1
840, 6728.0, 8, 8.0, 0.1
841, 6736.0, 8, 8.0, 0.1
842, 6744.0, 8, 8.0, 0.1
843, 6752.0, 8, 8.0, 0.1
844, 6760.0, 8, 8.0, 0.1
845, 6768.0, 8, 8.0, 0.1
846, 6776.0, 8, 8.0, 0.1
847, 6784.0, 8, 8.0, 0.1
848, 6792.0, 8, 8.0, 0.1
849, 6800.0, 8, 8.0, 0.1
850, 6808.0, 8, 8.0, 0.1
851, 6816.0, 8, 8.0, 0.1
852, 6824.0, 8, 8.0, 0.1
853, 6832.0, 8, 8.0, 0.1
854, 6840.0, 8, 8.0, 0.1
855, 6848.0, 8, 8.0, 0.1
856, 6856.0, 8, 8.0, 0.1
857, 6864.0, 8, 8.0, 0.1
858, 6872.0, 8, 8.0, 0.1
859, 6880.0, 8, 8.0, 0.1
860, 6888.0, 8, 8.0, 0.1
861, 6896.0, 8, 8.0, 0.1
862, 6904.0, 8, 8.0, 0.1
863, 6912.0, 8, 8.0, 0.1
864, 6920.0, 8, 8.0, 0.1
865, 6928.0, 8, 8.0, 0.1
866, 6936.0, 8, 8.0, 0.1
867, 6944.0, 8, 8.0, 0.1
868, 6952.0, 8, 8.0, 0.1
869, 6960.0, 8, 8.0, 0.1
870, 6968.0, 8, 8.0, 0.1
871, 6976.0, 8, 8.0, 0.1
872, 6984.0, 8, 8.0, 0.1
873, 6992.0, 8, 8.0, 0.1
874, 7000.0, 8, 8.0, 0.1
875, 7008.0, 8, 8.0, 0.1
876, 7016.0, 8, 8.0, 0.1
877, 7024.0, 8, 8.0, 0.1
878, 7032.0, 8, 8.0, 0.1
879, 7040.0, 8, 8.0, 0.1
880, 7048.0, 8, 8.0, 0.1
881, 7056.0, 8, 8.0, 0.1
882, 7064.0, 8, 8.0, 0.1
883, 7072.0, 8, 8.0, 0.1
884, 7080.0, 8, 8.0, 0.1
885, 7088.0, 8, 8.0, 0.1
886, 7096.0, 8, 8.0, 0.1
887, 7104.0, 8, 8.0, 0.1
888, 7112.0, 8, 8.0, 0.1
889, 7120.0, 8, 8.0, 0.1
890, 7128.0, 8, 8.0, 0.1
891, 7136.0, 8, 8.0, 0.1
892, 7144.0, 8, 8.0, 0.1
893, 7152.0, 8, 8.0, 0.1
894, 7160.0, 8, 8.0, 0.1
895, 7168.0, 8, 8.0, 0.1
896, 7176.0, 8, 8.0, 0.1
897, 7184.0, 8, 8.0, 0.1
898, 7192.0, 8, 8.0, 0.1
899, 7200.0, 8, 8.0, 0.1
900, 7208.0, 8, 8.0, 0.1
901, 7216.0, 8, 8.0, 0.1
902, 7224.0, 8, 8.0, 0.1
903, 7232.0, 8, 8.0, 0.1
904, 7240.0, 8, 8.0, 0.1
905, 7248.0, 8, 8.0, 0.1
906, 7256.0, 8, 8.0, 0.1
907, 7264.0, 8, 8.0, 0.1
908, 7272.0, 8, 8.0, 0.1
909, 7280.0, 8, 8.0, 0.1
910, 7288.0, 8, 8.0, 0.1
911, 7296.0, 8, 8.0, 0.1
912, 7304.0, 8, 8.0, 0.1
913, 7312.0, 8, 8.0, 0.1
914, 7320.0, 8, 8.0, 0.1
915, 7325.0, 5, 7.996724890829694, 0.1
916, 7332.0, 7, 7.995637949836423, 0.1
917, 7340.0, 8, 7.995642701525054, 0.1
918, 7345.0, 5, 7.992383025027204, 0.1
919, 7353.0, 8, 7.9923913043478265, 0.1
920, 7360.0, 7, 7.991313789359392, 0.1
921, 7367.0, 7, 7.990238611713666, 0.1
922, 7374.0, 7, 7.989165763813651, 0.1
923, 7382.0, 8, 7.989177489177489, 0.1
924, 7389.0, 7, 7.988108108108108, 0.1
925, 7394.0, 5, 7.984881209503239, 0.1
926, 7401.0, 7, 7.983818770226537, 0.1
927, 7408.0, 7, 7.982758620689655, 0.1
928, 7416.0, 8, 7.982777179763186, 0.1
929, 7422.0, 6, 7.980645161290322, 0.1
930, 7430.0, 8, 7.980665950590763, 0.1
931, 7437.0, 7, 7.9796137339055795, 0.1
932, 7445.0, 8, 7.979635584137192, 0.1
933, 7453.0, 8, 7.9796573875803, 0.1
934, 7461.0, 8, 7.979679144385027, 0.1
935, 7467.0, 6, 7.977564102564102, 0.1
936, 7474.0, 7, 7.976520811099253, 0.1
937, 7481.0, 7, 7.975479744136461, 0.1
938, 7487.0, 6, 7.973375931842385, 0.1
939, 7494.0, 7, 7.972340425531915, 0.1
940, 7502.0, 8, 7.972369819341126, 0.1
941, 7508.0, 6, 7.970276008492569, 0.1
942, 7509.0, 1, 7.96288441145281, 0.1
943, 7517.0, 8, 7.96292372881356, 0.1
944, 7522.0, 5, 7.95978835978836, 0.1
945, 7529.0, 7, 7.95877378435518, 0.1
946, 7536.0, 7, 7.957761351636748, 0.1
947, 7543.0, 7, 7.956751054852321, 0.1
948, 7549.0, 6, 7.954689146469969, 0.1
949, 7556.0, 7, 7.9536842105263155, 0.1
950, 7564.0, 8, 7.953732912723449, 0.1
951, 7571.0, 7, 7.9527310924369745, 0.1
952, 7577.0, 6, 7.950682056663169, 0.1
953, 7584.0, 7, 7.949685534591195, 0.1
954, 7591.0, 7, 7.94869109947644, 0.1
955, 7598.0, 7, 7.947698744769874, 0.1
956, 7605.0, 7, 7.946708463949843, 0.1
957, 7613.0, 8, 7.946764091858038, 0.1
958, 7621.0, 8, 7.9468196037539105, 0.1
959, 7628.0, 7, 7.945833333333334, 0.1
960, 7636.0, 8, 7.945889698231009, 0.1
961, 7644.0, 8, 7.945945945945946, 0.1
962, 7652.0, 8, 7.9460020768431985, 0.1
963, 7660.0, 8, 7.946058091286307, 0.1
964, 7668.0, 8, 7.946113989637306, 0.1
965, 7675.0, 7, 7.945134575569358, 0.1
966, 7682.0, 7, 7.9441571871768355, 0.1
967, 7690.0, 8, 7.944214876033058, 0.1
968, 7698.0, 8, 7.944272445820434, 0.1
969, 7705.0, 7, 7.943298969072165, 0.1
970, 7713.0, 8, 7.94335736354274, 0.1
971, 7720.0, 7, 7.94238683127572, 0.1
972, 7727.0, 7, 7.941418293936279, 0.1
973, 7735.0, 8, 7.941478439425051, 0.1
974, 7742.0, 7, 7.94051282051282, 0.1
975, 7747.0, 5, 7.9375, 0.1
976, 7755.0, 8, 7.93756397134084, 0.1
977, 7762.0, 7, 7.936605316973415, 0.1
978, 7770.0, 8, 7.936670071501532, 0.1
979, 7777.0, 7, 7.935714285714286, 0.1
980, 7784.0, 7, 7.934760448521916, 0.1
981, 7790.0, 6, 7.932790224032587, 0.1
982, 7797.0, 7, 7.931841302136317, 0.1
983, 7803.0, 6, 7.929878048780488, 0.1
984, 7810.0, 7, 7.928934010152284, 0.1
985, 7818.0, 8, 7.929006085192698, 0.1
986, 7826.0, 8, 7.929078014184397, 0.1
987, 7834.0, 8, 7.92914979757085, 0.1
988, 7841.0, 7, 7.928210313447927, 0.1
989, 7849.0, 8, 7.928282828282828, 0.1
990, 7857.0, 8, 7.928355196770938, 0.1
991, 7863.0, 6, 7.926411290322581, 0.1
992, 7868.0, 5, 7.923464249748237, 0.1
993, 7874.0, 6, 7.921529175050302, 0.1
994, 7882.0, 8, 7.921608040201005, 0.1
995, 7890.0, 8, 7.921686746987952, 0.1
996, 7898.0, 8, 7.921765295887663, 0.1
997, 7906.0, 8, 7.921843687374749, 0.1
998, 7914.0, 8, 7.921921921921922, 0.1
999, 7922.0, 8, 7.922, 0.1
1000, 7930.0, 8, 7.922077922077922, 0.1
1001, 7938.0, 8, 7.922155688622754, 0.1
1002, 7946.0, 8, 7.922233300099701, 0.1
1003, 7953.0, 7, 7.921314741035856, 0.1
1004, 7961.0, 8, 7.92139303482587, 0.1
1005, 7968.0, 7, 7.920477137176938, 0.1
1006, 7974.0, 6, 7.9185700099304865, 0.1
1007, 7980.0, 6, 7.916666666666667, 0.1
1008, 7988.0, 8, 7.9167492566897915, 0.1
1009, 7995.0, 7, 7.915841584158416, 0.1
1010, 8003.0, 8, 7.915924826904055, 0.1
1011, 8011.0, 8, 7.91600790513834, 0.1
1012, 8016.0, 5, 7.913129318854886, 0.1
1013, 8024.0, 8, 7.913214990138067, 0.1
1014, 8031.0, 7, 7.91231527093596, 0.1
1015, 8039.0, 8, 7.91240157480315, 0.1
1016, 8046.0, 7, 7.911504424778761, 0.1
1017, 8054.0, 8, 7.911591355599215, 0.1
1018, 8062.0, 8, 7.911678115799804, 0.1
1019, 8069.0, 7, 7.9107843137254905, 0.1
1020, 8076.0, 7, 7.909892262487757, 0.1
1021, 8083.0, 7, 7.909001956947162, 0.1
1022, 8089.0, 6, 7.9071358748778104, 0.1
1023, 8096.0, 7, 7.90625, 0.1
1024, 8103.0, 7, 7.9053658536585365, 0.1
1025, 8109.0, 6, 7.9035087719298245, 0.1
1026, 8115.0, 6, 7.901655306718598, 0.1
1027, 8123.0, 8, 7.901750972762646, 0.1
1028, 8129.0, 6, 7.899902818270165, 0.1
1029, 8136.0, 7, 7.899029126213592, 0.1
1030, 8144.0, 8, 7.899127061105722, 0.1
1031, 8151.0, 7, 7.898255813953488, 0.1
1032, 8157.0, 6, 7.896418199419167, 0.1
1033, 8165.0, 8, 7.896518375241779, 0.1
1034, 8172.0, 7, 7.895652173913043, 0.1
1035, 8180.0, 8, 7.895752895752896, 0.1
1036, 8185.0, 5, 7.892960462873674, 0.1
1037, 8192.0, 7, 7.892100192678227, 0.1
1038, 8200.0, 8, 7.892204042348412, 0.1
1039, 8208.0, 8, 7.892307692307693, 0.1
1040, 8216.0, 8, 7.892411143131604, 0.1
1041, 8224.0, 8, 7.892514395393474, 0.1
1042, 8231.0, 7, 7.891658676893576, 0.1
1043, 8239.0, 8, 7.89176245210728, 0.1
1044, 8247.0, 8, 7.891866028708134, 0.1
1045, 8253.0, 6, 7.890057361376673, 0.1
1046, 8260.0, 7, 7.889207258834766, 0.1
1047, 8265.0, 5, 7.886450381679389, 0.1
1048, 8272.0, 7, 7.88560533841754, 0.1
1049, 8280.0, 8, 7.885714285714286, 0.1
1050, 8287.0, 7, 7.884871550903901, 0.1
1051, 8295.0, 8, 7.884980988593156, 0.1
1052, 8303.0, 8, 7.885090218423552, 0.1
1053, 8310.0, 7, 7.884250474383301, 0.1
1054, 8317.0, 7, 7.883412322274881, 0.1
1055, 8323.0, 6, 7.881628787878788, 0.1
1056, 8331.0, 8, 7.881740775780511, 0.1
1057, 8338.0, 7, 7.880907372400756, 0.1
1058, 8344.0, 6, 7.879131255901794, 0.1
1059, 8352.0, 8, 7.879245283018868, 0.1
1060, 8360.0, 8, 7.879359095193214, 0.1
1061, 8368.0, 8, 7.879472693032015, 0.1
1062, 8376.0, 8, 7.87958607714017, 0.1
1063, 8376.0, 0, 7.87218045112782, 0.1
1064, 8381.0, 5, 7.869483568075117, 0.1
1065, 8389.0, 8, 7.869606003752345, 0.1
1066, 8397.0, 8, 7.8697282099343955, 0.1
1067, 8405.0, 8, 7.869850187265918, 0.1
1068, 8410.0, 5, 7.867165575304022, 0.1
1069, 8418.0, 8, 7.867289719626168, 0.1
1070, 8426.0, 8, 7.867413632119514, 0.1
1071, 8431.0, 5, 7.864738805970149, 0.1
1072, 8437.0, 6, 7.863000931966449, 0.1
1073, 8444.0, 7, 7.86219739292365, 0.1
1074, 8452.0, 8, 7.862325581395349, 0.1
1075, 8459.0, 7, 7.861524163568773, 0.1
1076, 8467.0, 8, 7.861652739090065, 0.1
1077, 8474.0, 7, 7.860853432282004, 0.1
1078, 8481.0, 7, 7.8600556070435585, 0.1
1079, 8487.0, 6, 7.858333333333333, 0.1
1080, 8493.0, 6, 7.856614246068455, 0.1
1081, 8500.0, 7, 7.855822550831793, 0.1
1082, 8507.0, 7, 7.855032317636196, 0.1
1083, 8513.0, 6, 7.8533210332103325, 0.1
1084, 8519.0, 6, 7.851612903225806, 0.1
1085, 8527.0, 8, 7.851749539594843, 0.1
1086, 8535.0, 8, 7.8518859245630175, 0.1
1087, 8543.0, 8, 7.852022058823529, 0.1
1088, 8551.0, 8, 7.852157943067034, 0.1
1089, 8558.0, 7, 7.851376146788991, 0.1
1090, 8564.0, 6, 7.84967919340055, 0.1
1091, 8571.0, 7, 7.8489010989010985, 0.1
1092, 8579.0, 8, 7.84903934126258, 0.1
1093, 8587.0, 8, 7.849177330895795, 0.1
1094, 8594.0, 7, 7.848401826484018, 0.1
1095, 8602.0, 8, 7.848540145985401, 0.1
1096, 8610.0, 8, 7.848678213309024, 0.1
1097, 8617.0, 7, 7.847905282331512, 0.1
1098, 8624.0, 7, 7.8471337579617835, 0.1
1099, 8629.0, 5, 7.844545454545455, 0.1
1100, 8637.0, 8, 7.844686648501362, 0.1
1101, 8642.0, 5, 7.842105263157895, 0.1
1102, 8648.0, 6, 7.840435176790571, 0.1
1103, 8654.0, 6, 7.838768115942029, 0.1
1104, 8662.0, 8, 7.838914027149321, 0.1
1105, 8669.0, 7, 7.838155515370706, 0.1
1106, 8676.0, 7, 7.837398373983739, 0.1
1107, 8683.0, 7, 7.836642599277979, 0.1
1108, 8691.0, 8, 7.836789900811542, 0.1
1109, 8694.0, 3, 7.832432432432433, 0.1
1110, 8702.0, 8, 7.832583258325832, 0.1
1111, 8710.0, 8, 7.83273381294964, 0.1
1112, 8715.0, 5, 7.830188679245283, 0.1
1113, 8722.0, 7, 7.829443447037702, 0.1
1114, 8729.0, 7, 7.828699551569507, 0.1
1115, 8736.0, 7, 7.827956989247312, 0.1
1116, 8736.0, 0, 7.82094897045658, 0.1
1117, 8744.0, 8, 7.821109123434705, 0.1
1118, 8752.0, 8, 7.821268990169794, 0.1
1119, 8759.0, 7, 7.820535714285715, 0.1
1120, 8766.0, 7, 7.819803746654773, 0.1
1121, 8773.0, 7, 7.819073083778966, 0.1
1122, 8780.0, 7, 7.818343722172751, 0.1
1123, 8785.0, 5, 7.815836298932385, 0.1
1124, 8793.0, 8, 7.816, 0.1
1125, 8795.0, 2, 7.8108348134991115, 0.1
1126, 8803.0, 8, 7.811002661934339, 0.1
1127, 8810.0, 7, 7.810283687943262, 0.1
1128, 8816.0, 6, 7.808680248007086, 0.1
1129, 8823.0, 7, 7.807964601769911, 0.1
1130, 8831.0, 8, 7.808134394341291, 0.1
1131, 8837.0, 6, 7.806537102473499, 0.1
1132, 8844.0, 7, 7.805825242718447, 0.1
1133, 8851.0, 7, 7.8051146384479715, 0.1
1134, 8857.0, 6, 7.80352422907489, 0.1
1135, 8863.0, 6, 7.80193661971831, 0.1
1136, 8870.0, 7, 7.801231310466139, 0.1
1137, 8876.0, 6, 7.799648506151143, 0.1
1138, 8884.0, 8, 7.79982440737489, 0.1
1139, 8892.0, 8, 7.8, 0.1
1140, 8900.0, 8, 7.800175284837861, 0.1
1141, 8906.0, 6, 7.798598949211909, 0.1
1142, 8914.0, 8, 7.798775153105861, 0.1
1143, 8921.0, 7, 7.798076923076923, 0.1
1144, 8929.0, 8, 7.79825327510917, 0.1
1145, 8936.0, 7, 7.797556719022688, 0.1
1146, 8944.0, 8, 7.797733217088056, 0.1
1147, 8951.0, 7, 7.797038327526132, 0.1
1148, 8958.0, 7, 7.796344647519582, 0.1
1149, 8966.0, 8, 7.7965217391304344, 0.1
1150, 8973.0, 7, 7.795829713292789, 0.1
1151, 8981.0, 8, 7.796006944444445, 0.1
1152, 8988.0, 7, 7.795316565481353, 0.1
1153, 8992.0, 4, 7.7920277296360485, 0.1
1154, 9000.0, 8, 7.792207792207792, 0.1
1155, 9007.0, 7, 7.791522491349481, 0.1
1156, 9015.0, 8, 7.791702679343129, 0.1
1157, 9022.0, 7, 7.791018998272884, 0.1
1158, 9029.0, 7, 7.790336496980156, 0.1
1159, 9037.0, 8, 7.790517241379311, 0.1
1160, 9044.0, 7, 7.789836347975883, 0.1
1161, 9052.0, 8, 7.790017211703959, 0.1
1162, 9059.0, 7, 7.789337919174549, 0.1
1163, 9067.0, 8, 7.7895189003436425, 0.1
1164, 9073.0, 6, 7.787982832618026, 0.1
1165, 9081.0, 8, 7.788164665523156, 0.1
1166, 9088.0, 7, 7.787489288774636, 0.1
1167, 9095.0, 7, 7.7868150684931505, 0.1
1168, 9100.0, 5, 7.7844311377245505, 0.1
1169, 9104.0, 4, 7.781196581196581, 0.1
1170, 9110.0, 6, 7.779675491033305, 0.1
1171, 9118.0, 8, 7.779863481228669, 0.1
1172, 9126.0, 8, 7.780051150895141, 0.1
1173, 9133.0, 7, 7.7793867120954, 0.1
1174, 9140.0, 7, 7.778723404255319, 0.1
1175, 9148.0, 8, 7.77891156462585, 0.1
1176, 9156.0, 8, 7.77909940526763, 0.1
1177, 9163.0, 7, 7.778438030560272, 0.1
1178, 9171.0, 8, 7.778625954198473, 0.1
1179, 9179.0, 8, 7.7788135593220336, 0.1
1180, 9187.0, 8, 7.77900084674005, 0.1
1181, 9191.0, 4, 7.7758037225042305, 0.1
1182, 9199.0, 8, 7.775993237531699, 0.1
1183, 9206.0, 7, 7.775337837837838, 0.1
1184, 9213.0, 7, 7.774683544303797, 0.1
1185, 9220.0, 7, 7.7740303541315345, 0.1
1186, 9226.0, 6, 7.772535804549284, 0.1
1187, 9233.0, 7, 7.771885521885522, 0.1
1188, 9241.0, 8, 7.772077375946173, 0.1
1189, 9245.0, 4, 7.76890756302521, 0.1
1190, 9252.0, 7, 7.768261964735516, 0.1
1191, 9260.0, 8, 7.768456375838926, 0.1
1192, 9267.0, 7, 7.767812238055322, 0.1
1193, 9274.0, 7, 7.767169179229481, 0.1
1194, 9281.0, 7, 7.76652719665272, 0.1
1195, 9288.0, 7, 7.765886287625418, 0.1
1196, 9295.0, 7, 7.765246449456976, 0.1
1197, 9303.0, 8, 7.765442404006678, 0.1
1198, 9310.0, 7, 7.764804003336113, 0.1
1199, 9316.0, 6, 7.763333333333334, 0.1
1200, 9319.0, 3, 7.759367194004996, 0.1
1201, 9327.0, 8, 7.759567387687188, 0.1
1202, 9335.0, 8, 7.7597672485453035, 0.1
1203, 9336.0, 1, 7.754152823920266, 0.1
1204, 9344.0, 8, 7.754356846473029, 0.1
1205, 9350.0, 6, 7.752902155887231, 0.1
1206, 9358.0, 8, 7.7531068765534386, 0.1
1207, 9365.0, 7, 7.752483443708609, 0.1
1208, 9373.0, 8, 7.752688172043011, 0.1
1209, 9380.0, 7, 7.75206611570248, 0.1
1210, 9387.0, 7, 7.7514450867052025, 0.1
1211, 9393.0, 6, 7.75, 0.1
1212, 9400.0, 7, 7.749381698268755, 0.1
1213, 9406.0, 6, 7.7479406919275124, 0.1
1214, 9414.0, 8, 7.7481481481481485, 0.1
1215, 9420.0, 6, 7.746710526315789, 0.1
1216, 9428.0, 8, 7.746918652423993, 0.1
1217, 9436.0, 8, 7.747126436781609, 0.1
1218, 9444.0, 8, 7.7473338802296965, 0.1
1219, 9452.0, 8, 7.747540983606557, 0.1
1220, 9458.0, 6, 7.746109746109746, 0.1
1221, 9466.0, 8, 7.746317512274959, 0.1
1222, 9473.0, 7, 7.745707277187244, 0.1
1223, 9480.0, 7, 7.745098039215686, 0.1
1224, 9488.0, 8, 7.745306122448979, 0.1
1225, 9488.0, 0, 7.738988580750408, 0.1
1226, 9495.0, 7, 7.73838630806846, 0.1
1227, 9502.0, 7, 7.737785016286645, 0.1
1228, 9510.0, 8, 7.7379983726607, 0.1
1229, 9518.0, 8, 7.738211382113821, 0.1
1230, 9523.0, 5, 7.735987002437043, 0.1
1231, 9528.0, 5, 7.733766233766234, 0.1
1232, 9534.0, 6, 7.732360097323601, 0.1
1233, 9541.0, 7, 7.731766612641815, 0.1
1234, 9549.0, 8, 7.731983805668016, 0.1
1235, 9557.0, 8, 7.732200647249191, 0.1
1236, 9563.0, 6, 7.730800323362975, 0.1
1237, 9571.0, 8, 7.731017770597738, 0.1
1238, 9578.0, 7, 7.73042776432607, 0.1
1239, 9586.0, 8, 7.730645161290322, 0.1
1240, 9593.0, 7, 7.730056406124094, 0.1
1241, 9599.0, 6, 7.7286634460547505, 0.1
1242, 9607.0, 8, 7.728881737731295, 0.1
1243, 9615.0, 8, 7.729099678456592, 0.1
1244, 9622.0, 7, 7.7285140562249, 0.1
1245, 9628.0, 6, 7.727126805778491, 0.1
1246, 9636.0, 8, 7.727345629510826, 0.1
1247, 9644.0, 8, 7.727564102564102, 0.1
1248, 9651.0, 7, 7.726981585268215, 0.1
1249, 9658.0, 7, 7.7264, 0.1
1250, 9665.0, 7, 7.72581934452438, 0.1
1251, 9672.0, 7, 7.725239616613418, 0.1
1252, 9674.0, 2, 7.720670391061453, 0.1
1253, 9680.0, 6, 7.719298245614035, 0.1
1254, 9688.0, 8, 7.719521912350598, 0.1
1255, 9696.0, 8, 7.719745222929936, 0.1
1256, 9703.0, 7, 7.719172633253779, 0.1
1257, 9711.0, 8, 7.71939586645469, 0.1
1258, 9719.0, 8, 7.719618745035743, 0.1
1259, 9727.0, 8, 7.71984126984127, 0.1
1260, 9733.0, 6, 7.71847739888977, 0.1
1261, 9741.0, 8, 7.718700475435816, 0.1
1262, 9749.0, 8, 7.718923198733175, 0.1
1263, 9756.0, 7, 7.718354430379747, 0.1
1264, 9763.0, 7, 7.717786561264822, 0.1
1265, 9771.0, 8, 7.718009478672986, 0.1
1266, 9779.0, 8, 7.718232044198895, 0.1
1267, 9786.0, 7, 7.717665615141956, 0.1
1268, 9794.0, 8, 7.7178881008668245, 0.1
1269, 9799.0, 5, 7.715748031496063, 0.1
1270, 9805.0, 6, 7.714398111723053, 0.1
1271, 9813.0, 8, 7.714622641509434, 0.1
1272, 9821.0, 8, 7.714846818538884, 0.1
1273, 9829.0, 8, 7.715070643642072, 0.1
1274, 9837.0, 8, 7.715294117647058, 0.1
1275, 9845.0, 8, 7.7155172413793105, 0.1
1276, 9845.0, 0, 7.709475332811277, 0.1
1277, 9852.0, 7, 7.708920187793427, 0.1
1278, 9853.0, 1, 7.70367474589523, 0.1
1279, 9853.0, 0, 7.69765625, 0.1
1280, 9860.0, 7, 7.697111631537861, 0.1
1281, 9864.0, 4, 7.694227769110764, 0.1
1282, 9867.0, 3, 7.6905689789555725, 0.1
1283, 9874.0, 7, 7.690031152647975, 0.1
1284, 9880.0, 6, 7.688715953307393, 0.1
1285, 9888.0, 8, 7.68895800933126, 0.1
1286, 9895.0, 7, 7.688422688422689, 0.1
1287, 9902.0, 7, 7.687888198757764, 0.1
1288, 9910.0, 8, 7.688130333591932, 0.1
1289, 9917.0, 7, 7.687596899224806, 0.1
1290, 9924.0, 7, 7.687064291247095, 0.1
1291, 9931.0, 7, 7.686532507739938, 0.1
1292, 9938.0, 7, 7.6860015467904095, 0.1
1293, 9938.0, 0, 7.680061823802164, 0.1
1294, 9945.0, 7, 7.67953667953668, 0.1
1295, 9953.0, 8, 7.679783950617284, 0.1
1296, 9961.0, 8, 7.680030840400925, 0.1
1297, 9968.0, 7, 7.679506933744221, 0.1
1298, 9975.0, 7, 7.678983833718245, 0.1
1299, 9981.0, 6, 7.677692307692308, 0.1
1300, 9989.0, 8, 7.677940046118371, 0.1
1301, 9996.0, 7, 7.67741935483871, 0.1
1302, 10003.0, 7, 7.676899462778204, 0.1
1303, 10010.0, 7, 7.67638036809816, 0.1
1304, 10018.0, 8, 7.676628352490422, 0.1
1305, 10026.0, 8, 7.67687595712098, 0.1
1306, 10033.0, 7, 7.676358071920428, 0.1
1307, 10040.0, 7, 7.675840978593272, 0.1
1308, 10048.0, 8, 7.676088617265088, 0.1
1309, 10056.0, 8, 7.676335877862596, 0.1
1310, 10063.0, 7, 7.67581998474447, 0.1
1311, 10070.0, 7, 7.675304878048781, 0.1
1312, 10078.0, 8, 7.675552170601676, 0.1
1313, 10085.0, 7, 7.675038051750381, 0.1
1314, 10092.0, 7, 7.674524714828897, 0.1
1315, 10099.0, 7, 7.674012158054711, 0.1
1316, 10106.0, 7, 7.673500379650721, 0.1
1317, 10114.0, 8, 7.673748103186647, 0.1
1318, 10121.0, 7, 7.673237300985595, 0.1
1319, 10124.0, 3, 7.66969696969697, 0.1
1320, 10131.0, 7, 7.669190007570022, 0.1
1321, 10139.0, 8, 7.6694402420574885, 0.1
1322, 10147.0, 8, 7.669690098261527, 0.1
1323, 10150.0, 3, 7.666163141993958, 0.1
1324, 10157.0, 7, 7.66566037735849, 0.1
1325, 10164.0, 7, 7.665158371040724, 0.1
1326, 10169.0, 5, 7.663149962321025, 0.1
1327, 10175.0, 6, 7.661897590361446, 0.1
1328, 10183.0, 8, 7.662151993980436, 0.1
1329, 10191.0, 8, 7.662406015037594, 0.1
1330, 10199.0, 8, 7.662659654395192, 0.1
1331, 10206.0, 7, 7.662162162162162, 0.1
1332, 10214.0, 8, 7.662415603900976, 0.1
1333, 10222.0, 8, 7.662668665667167, 0.1
1334, 10229.0, 7, 7.662172284644194, 0.1
1335, 10237.0, 8, 7.662425149700598, 0.1
1336, 10244.0, 7, 7.661929693343306, 0.1
1337, 10252.0, 8, 7.662182361733931, 0.1
1338, 10259.0, 7, 7.661687826736371, 0.1
1339, 10265.0, 6, 7.66044776119403, 0.1
1340, 10273.0, 8, 7.660700969425801, 0.1
1341, 10280.0, 7, 7.660208643815201, 0.1
1342, 10288.0, 8, 7.660461653015637, 0.1
1343, 10296.0, 8, 7.660714285714286, 0.1
1344, 10302.0, 6, 7.659479553903346, 0.1
1345, 10310.0, 8, 7.659732540861813, 0.1
1346, 10312.0, 2, 7.655530809205642, 0.1
1347, 10319.0, 7, 7.655044510385757, 0.1
1348, 10325.0, 6, 7.653817642698295, 0.1
1349, 10332.0, 7, 7.653333333333333, 0.1
1350, 10340.0, 8, 7.65358993338268, 0.1
1351, 10344.0, 4, 7.650887573964497, 0.1
1352, 10349.0, 5, 7.648928307464893, 0.1
1353, 10350.0, 1, 7.644017725258493, 0.1
1354, 10357.0, 7, 7.643542435424354, 0.1
1355, 10365.0, 8, 7.643805309734513, 0.1
1356, 10373.0, 8, 7.6440677966101696, 0.1
1357, 10378.0, 5, 7.642120765832106, 0.1
1358, 10385.0, 7, 7.641648270787344, 0.1
1359, 10392.0, 7, 7.641176470588236, 0.1
1360, 10400.0, 8, 7.6414401175606175, 0.1
1361, 10407.0, 7, 7.640969162995595, 0.1
1362, 10408.0, 1, 7.636096845194424, 0.1
1363, 10410.0, 2, 7.631964809384164, 0.1
1364, 10417.0, 7, 7.631501831501832, 0.1
1365, 10425.0, 8, 7.631771595900439, 0.1
1366, 10433.0, 8, 7.632040965618142, 0.1
1367, 10441.0, 8, 7.632309941520468, 0.1
1368, 10449.0, 8, 7.632578524470416, 0.1
1369, 10457.0, 8, 7.632846715328467, 0.1
1370, 10465.0, 8, 7.633114514952589, 0.1
1371, 10473.0, 8, 7.63338192419825, 0.1
1372, 10474.0, 1, 7.628550619082302, 0.1
1373, 10480.0, 6, 7.627365356622999, 0.1
1374, 10487.0, 7, 7.626909090909091, 0.1
1375, 10495.0, 8, 7.62718023255814, 0.1
1376, 10502.0, 7, 7.626724763979666, 0.1
1377, 10509.0, 7, 7.626269956458636, 0.1
1378, 10514.0, 5, 7.624365482233503, 0.1
1379, 10521.0, 7, 7.623913043478261, 0.1
1380, 10528.0, 7, 7.623461259956553, 0.1
1381, 10534.0, 6, 7.6222865412445735, 0.1
1382, 10541.0, 7, 7.621836587129429, 0.1
1383, 10548.0, 7, 7.621387283236994, 0.1
1384, 10556.0, 8, 7.6216606498194945, 0.1
1385, 10564.0, 8, 7.621933621933622, 0.1
1386, 10571.0, 7, 7.621485219899062, 0.1
1387, 10572.0, 1, 7.61671469740634, 0.1
1388, 10580.0, 8, 7.61699064074874, 0.1
1389, 10588.0, 8, 7.61726618705036, 0.1
1390, 10595.0, 7, 7.616822429906542, 0.1
1391, 10602.0, 7, 7.616379310344827, 0.1
1392, 10603.0, 1, 7.611629576453697, 0.1
1393, 10611.0, 8, 7.611908177905309, 0.1
1394, 10619.0, 8, 7.612186379928316, 0.1
1395, 10625.0, 6, 7.611031518624642, 0.1
1396, 10631.0, 6, 7.609878310665712, 0.1
1397, 10637.0, 6, 7.608726752503577, 0.1
1398, 10643.0, 6, 7.607576840600429, 0.1
1399, 10650.0, 7, 7.607142857142857, 0.1
1400, 10656.0, 6, 7.605995717344753, 0.1
1401, 10662.0, 6, 7.604850213980028, 0.1
1402, 10669.0, 7, 7.604419101924448, 0.1
1403, 10676.0, 7, 7.603988603988604, 0.1
1404, 10684.0, 8, 7.604270462633452, 0.1
1405, 10689.0, 5, 7.602418207681366, 0.1
1406, 10696.0, 7, 7.601990049751244, 0.1
1407, 10704.0, 8, 7.6022727272727275, 0.1
1408, 10710.0, 6, 7.601135557132718, 0.1
1409, 10718.0, 8, 7.601418439716312, 0.1
1410, 10726.0, 8, 7.601700921332388, 0.1
1411, 10733.0, 7, 7.601274787535411, 0.1
1412, 10739.0, 6, 7.600141542816702, 0.1
1413, 10747.0, 8, 7.6004243281471, 0.1
1414, 10748.0, 1, 7.595759717314488, 0.1
1415, 10756.0, 8, 7.596045197740113, 0.1
1416, 10761.0, 5, 7.594213126323218, 0.1
1417, 10769.0, 8, 7.594499294781382, 0.1
1418, 10775.0, 6, 7.59337561663143, 0.1
1419, 10783.0, 8, 7.593661971830986, 0.1
1420, 10791.0, 8, 7.593947923997185, 0.1
1421, 10799.0, 8, 7.594233473980309, 0.1
1422, 10805.0, 6, 7.593113141250878, 0.1
1423, 10805.0, 0, 7.587780898876405, 0.1
1424, 10813.0, 8, 7.588070175438596, 0.1
1425, 10819.0, 6, 7.586956521739131, 0.1
1426, 10826.0, 7, 7.5865451997196915, 0.1
1427, 10830.0, 4, 7.584033613445378, 0.1
1428, 10836.0, 6, 7.582925122463261, 0.1
1429, 10842.0, 6, 7.581818181818182, 0.1
1430, 10849.0, 7, 7.581411600279525, 0.1
1431, 10857.0, 8, 7.581703910614525, 0.1
1432, 10864.0, 7, 7.581297976273552, 0.1
1433, 10869.0, 5, 7.579497907949791, 0.1
1434, 10875.0, 6, 7.578397212543554, 0.1
1435, 10883.0, 8, 7.578690807799443, 0.1
1436, 10889.0, 6, 7.577592205984691, 0.1
1437, 10897.0, 8, 7.5778859527121005, 0.1
1438, 10903.0, 6, 7.576789437109103, 0.1
1439, 10908.0, 5, 7.575, 0.1
1440, 10911.0, 3, 7.571825121443442, 0.1
1441, 10917.0, 6, 7.570735090152566, 0.1
1442, 10918.0, 1, 7.566181566181566, 0.1
1443, 10925.0, 7, 7.565789473684211, 0.1
1444, 10933.0, 8, 7.566089965397924, 0.1
1445, 10939.0, 6, 7.565006915629322, 0.1
1446, 10940.0, 1, 7.56046993780235, 0.1
1447, 10948.0, 8, 7.560773480662983, 0.1
1448, 10955.0, 7, 7.5603864734299515, 0.1
1449, 10957.0, 2, 7.556551724137931, 0.1
1450, 10964.0, 7, 7.556168159889731, 0.1
1451, 10970.0, 6, 7.5550964187327825, 0.1
1452, 10977.0, 7, 7.554714384033035, 0.1
1453, 10982.0, 5, 7.552957359009628, 0.1
1454, 10989.0, 7, 7.552577319587629, 0.1
1455, 10997.0, 8, 7.552884615384615, 0.1
1456, 11004.0, 7, 7.552505147563487, 0.1
1457, 11009.0, 5, 7.550754458161865, 0.1
1458, 11017.0, 8, 7.55106237148732, 0.1
1459, 11025.0, 8, 7.551369863013699, 0.1
1460, 11031.0, 6, 7.550308008213553, 0.1
1461, 11037.0, 6, 7.549247606019152, 0.1
1462, 11044.0, 7, 7.548872180451128, 0.1
1463, 11051.0, 7, 7.548497267759563, 0.1
1464, 11057.0, 6, 7.547440273037543, 0.1
1465, 11065.0, 8, 7.54774897680764, 0.1
1466, 11070.0, 5, 7.54601226993865, 0.1
1467, 11078.0, 8, 7.546321525885559, 0.1
1468, 11086.0, 8, 7.546630360789653, 0.1
1469, 11089.0, 3, 7.543537414965987, 0.1
1470, 11092.0, 3, 7.540448674371176, 0.1
1471, 11099.0, 7, 7.540081521739131, 0.1
1472, 11107.0, 8, 7.540393754243041, 0.1
1473, 11108.0, 1, 7.5359565807327, 0.1
1474, 11116.0, 8, 7.536271186440678, 0.1
1475, 11124.0, 8, 7.536585365853658, 0.1
1476, 11128.0, 4, 7.534190927555857, 0.1
1477, 11136.0, 8, 7.534506089309878, 0.1
1478, 11143.0, 7, 7.534144692359702, 0.1
1479, 11150.0, 7, 7.533783783783784, 0.1
1480, 11158.0, 8, 7.534098582039163, 0.1
1481, 11166.0, 8, 7.534412955465587, 0.1
1482, 11174.0, 8, 7.534726904922454, 0.1
1483, 11181.0, 7, 7.534366576819407, 0.1
1484, 11188.0, 7, 7.534006734006734, 0.1
1485, 11195.0, 7, 7.53364737550471, 0.1
1486, 11201.0, 6, 7.53261600537996, 0.1
1487, 11208.0, 7, 7.532258064516129, 0.1
1488, 11214.0, 6, 7.5312290127602415, 0.1
1489, 11219.0, 5, 7.529530201342282, 0.1
1490, 11226.0, 7, 7.529175050301811, 0.1
1491, 11233.0, 7, 7.528820375335121, 0.1
1492, 11239.0, 6, 7.527796383121232, 0.1
1493, 11245.0, 6, 7.526773761713521, 0.1
1494, 11253.0, 8, 7.527090301003344, 0.1
1495, 11259.0, 6, 7.526069518716578, 0.1
1496, 11267.0, 8, 7.5263861055444226, 0.1
1497, 11274.0, 7, 7.526034712950601, 0.1
1498, 11281.0, 7, 7.5256837891927955, 0.1
1499, 11289.0, 8, 7.526, 0.1
1500, 11296.0, 7, 7.525649566955363, 0.1
1501, 11303.0, 7, 7.525299600532623, 0.1
1502, 11309.0, 6, 7.5242847638057215, 0.1
1503, 11316.0, 7, 7.523936170212766, 0.1
1504, 11324.0, 8, 7.5242524916943525, 0.1
1505, 11328.0, 4, 7.52191235059761, 0.1
1506, 11335.0, 7, 7.521566025215661, 0.1
1507, 11340.0, 5, 7.519893899204244, 0.1
1508, 11344.0, 4, 7.517561298873426, 0.1
1509, 11349.0, 5, 7.515894039735099, 0.1
1510, 11357.0, 8, 7.516214427531436, 0.1
1511, 11365.0, 8, 7.516534391534392, 0.1
1512, 11373.0, 8, 7.51685393258427, 0.1
1513, 11375.0, 2, 7.513210039630119, 0.1
1514, 11381.0, 6, 7.512211221122112, 0.1
1515, 11389.0, 8, 7.512532981530343, 0.1
1516, 11396.0, 7, 7.512195121951219, 0.1
1517, 11404.0, 8, 7.512516469038208, 0.1
1518, 11412.0, 8, 7.512837393021725, 0.1
1519, 11419.0, 7, 7.5125, 0.1
1520, 11426.0, 7, 7.512163050624589, 0.1
1521, 11434.0, 8, 7.512483574244415, 0.1
1522, 11441.0, 7, 7.51214707813526, 0.1
1523, 11449.0, 8, 7.51246719160105, 0.1
1524, 11457.0, 8, 7.512786885245902, 0.1
1525, 11464.0, 7, 7.512450851900393, 0.1
1526, 11472.0, 8, 7.512770137524558, 0.1
1527, 11479.0, 7, 7.512434554973822, 0.1
1528, 11487.0, 8, 7.5127534336167425, 0.1
1529, 11490.0, 3, 7.509803921568627, 0.1
1530, 11494.0, 4, 7.5075114304376225, 0.1
1531, 11501.0, 7, 7.507180156657963, 0.1
1532, 11508.0, 7, 7.506849315068493, 0.1
1533, 11515.0, 7, 7.50651890482399, 0.1
1534, 11522.0, 7, 7.5061889250814335, 0.1
1535, 11530.0, 8, 7.506510416666667, 0.1
1536, 11537.0, 7, 7.506180871828237, 0.1
1537, 11545.0, 8, 7.506501950585175, 0.1
1538, 11552.0, 7, 7.506172839506172, 0.1
1539, 11557.0, 5, 7.504545454545455, 0.1
1540, 11559.0, 2, 7.500973393900065, 0.1
1541, 11567.0, 8, 7.501297016861219, 0.1
1542, 11575.0, 8, 7.501620220349968, 0.1
1543, 11582.0, 7, 7.501295336787565, 0.1
1544, 11589.0, 7, 7.500970873786407, 0.1
1545, 11597.0, 8, 7.501293661060802, 0.1
1546, 11605.0, 8, 7.501616031027796, 0.1
1547, 11611.0, 6, 7.500645994832041, 0.1
1548, 11618.0, 7, 7.500322788896062, 0.1
1549, 11626.0, 8, 7.500645161290323, 0.1
1550, 11634.0, 8, 7.500967117988394, 0.1
1551, 11642.0, 8, 7.501288659793815, 0.1
1552, 11649.0, 7, 7.500965872504829, 0.1
1553, 11657.0, 8, 7.501287001287001, 0.1
1554, 11664.0, 7, 7.500964630225081, 0.1
1555, 11669.0, 5, 7.499357326478149, 0.1
1556, 11676.0, 7, 7.499036608863198, 0.1
1557, 11682.0, 6, 7.498074454428755, 0.1
1558, 11688.0, 6, 7.4971135343168696, 0.1
1559, 11696.0, 8, 7.4974358974358974, 0.1
1560, 11702.0, 6, 7.496476617552851, 0.1
1561, 11709.0, 7, 7.496158770806658, 0.1
1562, 11716.0, 7, 7.4958413307741525, 0.1
1563, 11721.0, 5, 7.494245524296675, 0.1
1564, 11729.0, 8, 7.494568690095846, 0.1
1565, 11736.0, 7, 7.494252873563219, 0.1
1566, 11740.0, 4, 7.492022973835354, 0.1
1567, 11747.0, 7, 7.4917091836734695, 0.1
1568, 11749.0, 2, 7.488209050350542, 0.1
1569, 11757.0, 8, 7.4885350318471335, 0.1
1570, 11763.0, 6, 7.487587523870147, 0.1
1571, 11771.0, 8, 7.487913486005089, 0.1
1572, 11779.0, 8, 7.48823903369358, 0.1
1573, 11782.0, 3, 7.485387547649301, 0.1
1574, 11785.0, 3, 7.482539682539683, 0.1
1575, 11792.0, 7, 7.482233502538071, 0.1
1576, 11799.0, 7, 7.481927710843373, 0.1
1577, 11805.0, 6, 7.480988593155893, 0.1
1578, 11813.0, 8, 7.481317289423686, 0.1
1579, 11821.0, 8, 7.4816455696202535, 0.1
1580, 11828.0, 7, 7.481340923466161, 0.1
1581, 11836.0, 8, 7.481668773704172, 0.1
1582, 11843.0, 7, 7.481364497789008, 0.1
1583, 11849.0, 6, 7.480429292929293, 0.1
1584, 11854.0, 5, 7.478864353312303, 0.1
1585, 11860.0, 6, 7.477931904161412, 0.1
1586, 11867.0, 7, 7.47763074984247, 0.1
1587, 11874.0, 7, 7.4773299748110835, 0.1
1588, 11875.0, 1, 7.473253618628068, 0.1
1589, 11883.0, 8, 7.473584905660378, 0.1
1590, 11890.0, 7, 7.4732872407291016, 0.1
1591, 11894.0, 4, 7.471105527638191, 0.1
1592, 11902.0, 8, 7.47143753923415, 0.1
1593, 11908.0, 6, 7.470514429109159, 0.1
1594, 11915.0, 7, 7.470219435736677, 0.1
1595, 11923.0, 8, 7.470551378446116, 0.1
1596, 11930.0, 7, 7.470256731371321, 0.1
1597, 11938.0, 8, 7.470588235294118, 0.1
1598, 11946.0, 8, 7.470919324577861, 0.1
1599, 11953.0, 7, 7.470625, 0.1
1600, 11961.0, 8, 7.470955652717052, 0.1
1601, 11968.0, 7, 7.4706616729088635, 0.1
1602, 11976.0, 8, 7.470991890205864, 0.1
1603, 11982.0, 6, 7.470074812967581, 0.1
1604, 11982.0, 0, 7.465420560747663, 0.1
1605, 11990.0, 8, 7.465753424657534, 0.1
1606, 11997.0, 7, 7.465463596764157, 0.1
1607, 12005.0, 8, 7.465796019900497, 0.1
1608, 12013.0, 8, 7.466128029832194, 0.1
1609, 12020.0, 7, 7.46583850931677, 0.1
1610, 12028.0, 8, 7.46617008069522, 0.1
1611, 12036.0, 8, 7.4665012406947895, 0.1
1612, 12037.0, 1, 7.462492250464972, 0.1
1613, 12045.0, 8, 7.462825278810409, 0.1
1614, 12053.0, 8, 7.463157894736842, 0.1
1615, 12059.0, 6, 7.462252475247524, 0.1
1616, 12062.0, 3, 7.459492888064316, 0.1
1617, 12070.0, 8, 7.4598269468479605, 0.1
1618, 12077.0, 7, 7.459542927733168, 0.1
1619, 12085.0, 8, 7.459876543209877, 0.1
1620, 12093.0, 8, 7.46020974706971, 0.1
1621, 12093.0, 0, 7.455610357583231, 0.1
1622, 12096.0, 3, 7.452865064695009, 0.1
1623, 12104.0, 8, 7.45320197044335, 0.1
1624, 12112.0, 8, 7.453538461538462, 0.1
1625, 12120.0, 8, 7.453874538745388, 0.1
1626, 12127.0, 7, 7.45359557467732, 0.1
1627, 12131.0, 4, 7.451474201474201, 0.1
1628, 12138.0, 7, 7.4511970534069984, 0.1
1629, 12146.0, 8, 7.451533742331288, 0.1
1630, 12154.0, 8, 7.451870018393624, 0.1
1631, 12162.0, 8, 7.452205882352941, 0.1
1632, 12170.0, 8, 7.45254133496632, 0.1
1633, 12177.0, 7, 7.4522643818849446, 0.1
1634, 12184.0, 7, 7.4519877675840975, 0.1
1635, 12187.0, 3, 7.449266503667482, 0.1
1636, 12194.0, 7, 7.448992058643861, 0.1
1637, 12200.0, 6, 7.448107448107448, 0.1
1638, 12207.0, 7, 7.447834045149482, 0.1
1639, 12214.0, 7, 7.447560975609756, 0.1
1640, 12217.0, 3, 7.4448507007922, 0.1
1641, 12225.0, 8, 7.445188794153472, 0.1
1642, 12225.0, 0, 7.4406573341448565, 0.1
1643, 12233.0, 8, 7.440997566909975, 0.1
1644, 12241.0, 8, 7.441337386018237, 0.1
1645, 12248.0, 7, 7.441069258809234, 0.1
1646, 12250.0, 2, 7.437765634486946, 0.1
1647, 12257.0, 7, 7.4375, 0.1
1648, 12264.0, 7, 7.437234687689509, 0.1
1649, 12267.0, 3, 7.434545454545455, 0.1
1650, 12275.0, 8, 7.434887946698971, 0.1
1651, 12280.0, 5, 7.433414043583535, 0.1
1652, 12286.0, 6, 7.432546884452511, 0.1
1653, 12286.0, 0, 7.428053204353083, 0.1
1654, 12294.0, 8, 7.428398791540785, 0.1
1655, 12302.0, 8, 7.428743961352657, 0.1
1656, 12303.0, 1, 7.424864212432106, 0.1
1657, 12311.0, 8, 7.425211097708082, 0.1
1658, 12318.0, 7, 7.424954792043399, 0.1
1659, 12319.0, 1, 7.421084337349398, 0.1
1660, 12327.0, 8, 7.421432871763997, 0.1
1661, 12334.0, 7, 7.421179302045728, 0.1
1662, 12337.0, 3, 7.418520745640409, 0.1
1663, 12344.0, 7, 7.418269230769231, 0.1
1664, 12351.0, 7, 7.418018018018018, 0.1
1665, 12355.0, 4, 7.415966386554622, 0.1
1666, 12361.0, 6, 7.415116976604679, 0.1
1667, 12368.0, 7, 7.414868105515588, 0.1
1668, 12374.0, 6, 7.414020371479928, 0.1
1669, 12382.0, 8, 7.41437125748503, 0.1
1670, 12390.0, 8, 7.414721723518851, 0.1
1671, 12398.0, 8, 7.4150717703349285, 0.1
1672, 12406.0, 8, 7.415421398684997, 0.1
1673, 12410.0, 4, 7.413381123058542, 0.1
1674, 12410.0, 0, 7.408955223880597, 0.1
1675, 12418.0, 8, 7.409307875894988, 0.1
1676, 12424.0, 6, 7.408467501490757, 0.1
1677, 12432.0, 8, 7.408820023837902, 0.1
1678, 12432.0, 0, 7.404407385348422, 0.1
1679, 12439.0, 7, 7.404166666666667, 0.1
1680, 12445.0, 6, 7.403331350386675, 0.1
1681, 12451.0, 6, 7.402497027348395, 0.1
1682, 12458.0, 7, 7.402257872846108, 0.1
1683, 12464.0, 6, 7.401425178147268, 0.1
1684, 12470.0, 6, 7.400593471810089, 0.1
1685, 12478.0, 8, 7.400948991696323, 0.1
1686, 12485.0, 7, 7.400711321873148, 0.1
1687, 12493.0, 8, 7.4010663507109005, 0.1
1688, 12501.0, 8, 7.4014209591474245, 0.1
1689, 12508.0, 7, 7.401183431952663, 0.1
1690, 12516.0, 8, 7.401537551744529, 0.1
1691, 12518.0, 2, 7.398345153664303, 0.1
1692, 12526.0, 8, 7.398700531600709, 0.1
1693, 12533.0, 7, 7.398465171192444, 0.1
1694, 12535.0, 2, 7.3952802359882, 0.1
1695, 12537.0, 2, 7.392099056603773, 0.1
1696, 12544.0, 7, 7.391868002357101, 0.1
1697, 12551.0, 7, 7.3916372202591285, 0.1
1698, 12559.0, 8, 7.391995291347851, 0.1
1699, 12567.0, 8, 7.392352941176471, 0.1
1700, 12575.0, 8, 7.392710170487948, 0.1
1701, 12580.0, 5, 7.391304347826087, 0.1
1702, 12587.0, 7, 7.391074574280681, 0.1
1703, 12595.0, 8, 7.391431924882629, 0.1
1704, 12602.0, 7, 7.391202346041056, 0.1
1705, 12604.0, 2, 7.388042203985932, 0.1
1706, 12611.0, 7, 7.387814879906268, 0.1
1707, 12618.0, 7, 7.387587822014051, 0.1
1708, 12625.0, 7, 7.387361029842013, 0.1
1709, 12632.0, 7, 7.387134502923977, 0.1
1710, 12639.0, 7, 7.386908240794857, 0.1
1711, 12646.0, 7, 7.386682242990654, 0.1
1712, 12653.0, 7, 7.386456509048453, 0.1
1713, 12659.0, 6, 7.385647607934656, 0.1
1714, 12666.0, 7, 7.385422740524781, 0.1
1715, 12672.0, 6, 7.384615384615385, 0.1
1716, 12679.0, 7, 7.384391380314502, 0.1
1717, 12687.0, 8, 7.384749708963912, 0.1
1718, 12695.0, 8, 7.385107620709715, 0.1
1719, 12702.0, 7, 7.384883720930232, 0.1
1720, 12709.0, 7, 7.384660081348054, 0.1
1721, 12716.0, 7, 7.384436701509872, 0.1
1722, 12721.0, 5, 7.383052814857806, 0.1
1723, 12728.0, 7, 7.382830626450116, 0.1
1724, 12734.0, 6, 7.3820289855072465, 0.1
1725, 12742.0, 8, 7.382387022016222, 0.1
1726, 12750.0, 8, 7.382744643891141, 0.1
1727, 12756.0, 6, 7.381944444444445, 0.1
1728, 12763.0, 7, 7.381723539618276, 0.1
1729, 12771.0, 8, 7.382080924855491, 0.1
1730, 12776.0, 5, 7.380704794916233, 0.1
1731, 12782.0, 6, 7.3799076212471135, 0.1
1732, 12788.0, 6, 7.379111367570687, 0.1
1733, 12796.0, 8, 7.379469434832757, 0.1
1734, 12803.0, 7, 7.379250720461095, 0.1
1735, 12807.0, 4, 7.377304147465438, 0.1
1736, 12814.0, 7, 7.3770869314910765, 0.1
1737, 12822.0, 8, 7.377445339470656, 0.1
1738, 12829.0, 7, 7.3772282921219094, 0.1
1739, 12837.0, 8, 7.377586206896551, 0.1
1740, 12845.0, 8, 7.3779437105112, 0.1
1741, 12853.0, 8, 7.378300803673938, 0.1
1742, 12860.0, 7, 7.378083763625932, 0.1
1743, 12861.0, 1, 7.3744266055045875, 0.1
1744, 12868.0, 7, 7.374212034383954, 0.1
1745, 12875.0, 7, 7.373997709049255, 0.1
1746, 12883.0, 8, 7.374356038923869, 0.1
1747, 12891.0, 8, 7.3747139588100685, 0.1
1748, 12894.0, 3, 7.37221269296741, 0.1
1749, 12896.0, 2, 7.369142857142857, 0.1
1750, 12903.0, 7, 7.368932038834951, 0.1
1751, 12910.0, 7, 7.3687214611872145, 0.1
1752, 12918.0, 8, 7.36908157444381, 0.1
1753, 12924.0, 6, 7.36830102622577, 0.1
1754, 12932.0, 8, 7.3686609686609685, 0.1
1755, 12938.0, 6, 7.367881548974943, 0.1
1756, 12944.0, 6, 7.367103016505407, 0.1
1757, 12951.0, 7, 7.3668941979522184, 0.1
1758, 12957.0, 6, 7.366117111995452, 0.1
1759, 12962.0, 5, 7.364772727272728, 0.1
1760, 12970.0, 8, 7.365133446905167, 0.1
1761, 12978.0, 8, 7.365493757094211, 0.1
1762, 12986.0, 8, 7.365853658536586, 0.1
1763, 12991.0, 5, 7.3645124716553285, 0.1
1764, 12997.0, 6, 7.363739376770538, 0.1
1765, 13003.0, 6, 7.362967157417893, 0.1
1766, 13010.0, 7, 7.362761743067346, 0.1
1767, 13017.0, 7, 7.362556561085973, 0.1
1768, 13024.0, 7, 7.362351611079706, 0.1
1769, 13032.0, 8, 7.36271186440678, 0.1
1770, 13039.0, 7, 7.362507058159232, 0.1
1771, 13046.0, 7, 7.3623024830699775, 0.1
1772, 13052.0, 6, 7.361534122955443, 0.1
1773, 13058.0, 6, 7.360766629086809, 0.1
1774, 13066.0, 8, 7.36112676056338, 0.1
1775, 13072.0, 6, 7.36036036036036, 0.1
1776, 13079.0, 7, 7.36015756893641, 0.1
1777, 13086.0, 7, 7.359955005624297, 0.1
1778, 13093.0, 7, 7.359752670039348, 0.1
1779, 13100.0, 7, 7.359550561797753, 0.1
1780, 13106.0, 6, 7.358787198203257, 0.1
1781, 13113.0, 7, 7.358585858585859, 0.1
1782, 13121.0, 8, 7.358945597307908, 0.1
1783, 13129.0, 8, 7.359304932735426, 0.1
1784, 13137.0, 8, 7.359663865546218, 0.1
1785, 13144.0, 7, 7.35946248600224, 0.1
1786, 13152.0, 8, 7.359820928931169, 0.1
1787, 13157.0, 5, 7.358501118568233, 0.1
1788, 13165.0, 8, 7.358859698155394, 0.1
1789, 13173.0, 8, 7.359217877094972, 0.1
1790, 13181.0, 8, 7.359575656058068, 0.1
1791, 13188.0, 7, 7.359375, 0.1
1792, 13196.0, 8, 7.35973229224763, 0.1
1793, 13200.0, 4, 7.357859531772576, 0.1
1794, 13208.0, 8, 7.358217270194986, 0.1
1795, 13213.0, 5, 7.356904231625835, 0.1
1796, 13221.0, 8, 7.357262103505843, 0.1
1797, 13228.0, 7, 7.3570634037819795, 0.1
1798, 13235.0, 7, 7.35686492495831, 0.1
1799, 13242.0, 7, 7.3566666666666665, 0.1
1800, 13250.0, 8, 7.357023875624653, 0.1
1801, 13257.0, 7, 7.356825749167592, 0.1
1802, 13262.0, 5, 7.355518580144204, 0.1
1803, 13268.0, 6, 7.3547671840354765, 0.1
1804, 13275.0, 7, 7.354570637119114, 0.1
1805, 13283.0, 8, 7.3549280177187155, 0.1
1806, 13290.0, 7, 7.354731599335916, 0.1
1807, 13298.0, 8, 7.355088495575221, 0.1
1808, 13306.0, 8, 7.355444997236042, 0.1
1809, 13311.0, 5, 7.35414364640884, 0.1
1810, 13319.0, 8, 7.354500276090557, 0.1
1811, 13327.0, 8, 7.35485651214128, 0.1
1812, 13334.0, 7, 7.3546607832322115, 0.1
1813, 13342.0, 8, 7.355016538037487, 0.1
1814, 13350.0, 8, 7.355371900826446, 0.1
1815, 13358.0, 8, 7.355726872246696, 0.1
1816, 13366.0, 8, 7.356081452944414, 0.1
1817, 13369.0, 3, 7.353685368536854, 0.1
1818, 13377.0, 8, 7.354040681693238, 0.1
1819, 13383.0, 6, 7.353296703296703, 0.1
1820, 13391.0, 8, 7.353651839648545, 0.1
1821, 13398.0, 7, 7.353457738748628, 0.1
1822, 13401.0, 3, 7.351069665386725, 0.1
1823, 13407.0, 6, 7.350328947368421, 0.1
1824, 13415.0, 8, 7.35068493150685, 0.1
1825, 13423.0, 8, 7.351040525739321, 0.1
1826, 13424.0, 1, 7.347564313081555, 0.1
1827, 13431.0, 7, 7.347374179431072, 0.1
1828, 13439.0, 8, 7.347731000546747, 0.1
1829, 13447.0, 8, 7.3480874316939895, 0.1
1830, 13454.0, 7, 7.347897323866739, 0.1
1831, 13460.0, 6, 7.347161572052402, 0.1
1832, 13468.0, 8, 7.347517730496454, 0.1
1833, 13476.0, 8, 7.347873500545257, 0.1
1834, 13484.0, 8, 7.348228882833787, 0.1
1835, 13486.0, 2, 7.345315904139434, 0.1
1836, 13492.0, 6, 7.344583560152422, 0.1
1837, 13498.0, 6, 7.343852013057671, 0.1
1838, 13504.0, 6, 7.343121261555193, 0.1
1839, 13510.0, 6, 7.342391304347826, 0.1
1840, 13518.0, 8, 7.342748506246605, 0.1
1841, 13525.0, 7, 7.34256243213898, 0.1
1842, 13531.0, 6, 7.341833966359197, 0.1
1843, 13539.0, 8, 7.342190889370933, 0.1
1844, 13547.0, 8, 7.342547425474255, 0.1
1845, 13550.0, 3, 7.3401950162513545, 0.1
1846, 13557.0, 7, 7.34001082837033, 0.1
1847, 13564.0, 7, 7.33982683982684, 0.1
1848, 13567.0, 3, 7.337479718766901, 0.1
1849, 13575.0, 8, 7.337837837837838, 0.1
1850, 13582.0, 7, 7.337655321447866, 0.1
1851, 13590.0, 8, 7.338012958963283, 0.1
1852, 13596.0, 6, 7.337290879654614, 0.1
1853, 13603.0, 7, 7.337108953613808, 0.1
1854, 13611.0, 8, 7.337466307277628, 0.1
1855, 13617.0, 6, 7.336745689655173, 0.1
1856, 13624.0, 7, 7.336564351103931, 0.1
1857, 13632.0, 8, 7.336921420882669, 0.1
1858, 13640.0, 8, 7.337278106508876, 0.1
1859, 13648.0, 8, 7.337634408602151, 0.1
1860, 13648.0, 0, 7.333691563675443, 0.1
1861, 13655.0, 7, 7.333512352309345, 0.1
1862, 13658.0, 3, 7.33118625872249, 0.1
1863, 13663.0, 5, 7.329935622317596, 0.1
1864, 13671.0, 8, 7.33029490616622, 0.1
1865, 13677.0, 6, 7.329581993569132, 0.1
1866, 13684.0, 7, 7.329405463310123, 0.1
1867, 13691.0, 7, 7.329229122055675, 0.1
1868, 13698.0, 7, 7.329052969502408, 0.1
1869, 13706.0, 8, 7.329411764705882, 0.1
1870, 13713.0, 7, 7.32923570283271, 0.1
1871, 13718.0, 5, 7.327991452991453, 0.1
1872, 13726.0, 8, 7.328350240256273, 0.1
1873, 13734.0, 8, 7.328708644610459, 0.1
1874, 13741.0, 7, 7.328533333333334, 0.1
1875, 13746.0, 5, 7.3272921108742, 0.1
1876, 13754.0, 8, 7.3276505061267985, 0.1
1877, 13762.0, 8, 7.32800851970181, 0.1
1878, 13768.0, 6, 7.327301756253326, 0.1
1879, 13776.0, 8, 7.327659574468085, 0.1
1880, 13783.0, 7, 7.3274853801169595, 0.1
1881, 13791.0, 8, 7.3278427205100956, 0.1
1882, 13798.0, 7, 7.327668613913967, 0.1
1883, 13805.0, 7, 7.3274946921443735, 0.1
1884, 13813.0, 8, 7.327851458885942, 0.1
1885, 13820.0, 7, 7.327677624602333, 0.1
1886, 13827.0, 7, 7.327503974562798, 0.1
1887, 13834.0, 7, 7.327330508474576, 0.1
1888, 13840.0, 6, 7.326627845420858, 0.1
1889, 13847.0, 7, 7.326455026455027, 0.1
1890, 13854.0, 7, 7.326282390269698, 0.1
1891, 13856.0, 2, 7.323467230443975, 0.1
1892, 13863.0, 7, 7.323296354992076, 0.1
1893, 13868.0, 5, 7.3220696937698, 0.1
1894, 13876.0, 8, 7.322427440633246, 0.1
1895, 13884.0, 8, 7.322784810126582, 0.1
1896, 13891.0, 7, 7.322614654717976, 0.1
1897, 13896.0, 5, 7.321390937829294, 0.1
1898, 13904.0, 8, 7.321748288572933, 0.1
1899, 13912.0, 8, 7.322105263157895, 0.1
1900, 13918.0, 6, 7.3214097843240395, 0.1
1901, 13925.0, 7, 7.3212407991587805, 0.1
1902, 13933.0, 8, 7.321597477666842, 0.1
1903, 13939.0, 6, 7.320903361344538, 0.1
1904, 13947.0, 8, 7.321259842519685, 0.1
1905, 13955.0, 8, 7.321615949632739, 0.1
1906, 13960.0, 5, 7.320398531725223, 0.1
1907, 13967.0, 7, 7.320230607966457, 0.1
1908, 13975.0, 8, 7.320586694604505, 0.1
1909, 13981.0, 6, 7.319895287958115, 0.1
1910, 13988.0, 7, 7.319727891156463, 0.1
1911, 13996.0, 8, 7.320083682008368, 0.1
1912, 14004.0, 8, 7.320439100888657, 0.1
1913, 14012.0, 8, 7.320794148380355, 0.1
1914, 14019.0, 7, 7.320626631853786, 0.1
1915, 14027.0, 8, 7.32098121085595, 0.1
1916, 14034.0, 7, 7.320813771517997, 0.1
1917, 14041.0, 7, 7.320646506777893, 0.1
1918, 14048.0, 7, 7.320479416362689, 0.1
1919, 14055.0, 7, 7.3203125, 0.1
1920, 14063.0, 8, 7.320666319625195, 0.1
1921, 14071.0, 8, 7.3210197710718, 0.1
1922, 14079.0, 8, 7.3213728549141965, 0.1
1923, 14080.0, 1, 7.3180873180873185, 0.1
1924, 14086.0, 6, 7.317402597402597, 0.1
1925, 14094.0, 8, 7.317757009345795, 0.1
1926, 14102.0, 8, 7.31811105345096, 0.1
1927, 14110.0, 8, 7.318464730290456, 0.1
1928, 14110.0, 0, 7.314670813893209, 0.1
1929, 14118.0, 8, 7.315025906735752, 0.1
1930, 14118.0, 0, 7.311237700673226, 0.1
1931, 14126.0, 8, 7.311594202898551, 0.1
1932, 14133.0, 7, 7.3114330056906365, 0.1
1933, 14140.0, 7, 7.311271975180972, 0.1
1934, 14148.0, 8, 7.311627906976744, 0.1
1935, 14155.0, 7, 7.31146694214876, 0.1
1936, 14162.0, 7, 7.311306143520909, 0.1
1937, 14169.0, 7, 7.311145510835913, 0.1
1938, 14176.0, 7, 7.31098504383703, 0.1
1939, 14183.0, 7, 7.310824742268041, 0.1
1940, 14190.0, 7, 7.310664605873261, 0.1
1941, 14192.0, 2, 7.307929969104016, 0.1
1942, 14194.0, 2, 7.3051981471950596, 0.1
1943, 14201.0, 7, 7.3050411522633745, 0.1
1944, 14208.0, 7, 7.304884318766067, 0.1
1945, 14215.0, 7, 7.304727646454265, 0.1
1946, 14223.0, 8, 7.305084745762712, 0.1
1947, 14231.0, 8, 7.305441478439425, 0.1
1948, 14234.0, 3, 7.303232426885582, 0.1
1949, 14240.0, 6, 7.302564102564102, 0.1
1950, 14248.0, 8, 7.302921578677601, 0.1
1951, 14256.0, 8, 7.30327868852459, 0.1
1952, 14261.0, 5, 7.302099334357399, 0.1
1953, 14263.0, 2, 7.299385875127943, 0.1
1954, 14263.0, 0, 7.2956521739130435, 0.1
1955, 14269.0, 6, 7.294989775051125, 0.1
1956, 14273.0, 4, 7.29330608073582, 0.1
1957, 14281.0, 8, 7.2936670071501535, 0.1
1958, 14289.0, 8, 7.294027565084226, 0.1
1959, 14294.0, 5, 7.292857142857143, 0.1
1960, 14300.0, 6, 7.292197858235594, 0.1
1961, 14308.0, 8, 7.292558613659531, 0.1
1962, 14314.0, 6, 7.2919001528273055, 0.1
1963, 14320.0, 6, 7.291242362525458, 0.1
1964, 14328.0, 8, 7.291603053435114, 0.1
1965, 14333.0, 5, 7.290437436419126, 0.1
1966, 14341.0, 8, 7.290798169801729, 0.1
1967, 14344.0, 3, 7.288617886178862, 0.1
1968, 14351.0, 7, 7.288471305231082, 0.1
1969, 14358.0, 7, 7.288324873096447, 0.1
1970, 14366.0, 8, 7.288685946220193, 0.1
1971, 14374.0, 8, 7.289046653144016, 0.1
1972, 14382.0, 8, 7.289406994424734, 0.1
1973, 14389.0, 7, 7.289260385005066, 0.1
1974, 14391.0, 2, 7.286582278481013, 0.1
1975, 14399.0, 8, 7.286943319838056, 0.1
1976, 14406.0, 7, 7.286798179059181, 0.1
1977, 14413.0, 7, 7.286653185035389, 0.1
1978, 14420.0, 7, 7.286508337544214, 0.1
1979, 14427.0, 7, 7.286363636363636, 0.1
1980, 14434.0, 7, 7.286219081272085, 0.1
1981, 14437.0, 3, 7.284056508577195, 0.1
1982, 14444.0, 7, 7.283913262733233, 0.1
1983, 14451.0, 7, 7.283770161290323, 0.1
1984, 14458.0, 7, 7.283627204030227, 0.1
1985, 14466.0, 8, 7.283987915407855, 0.1
1986, 14473.0, 7, 7.283844992450931, 0.1
1987, 14479.0, 6, 7.283199195171026, 0.1
1988, 14486.0, 7, 7.283056812468577, 0.1
1989, 14494.0, 8, 7.283417085427136, 0.1
1990, 14502.0, 8, 7.283776996484179, 0.1
1991, 14508.0, 6, 7.283132530120482, 0.1
1992, 14516.0, 8, 7.283492222779729, 0.1
1993, 14523.0, 7, 7.283350050150451, 0.1
1994, 14530.0, 7, 7.283208020050125, 0.1
1995, 14538.0, 8, 7.283567134268537, 0.1
1996, 14546.0, 8, 7.28392588883325, 0.1
1997, 14554.0, 8, 7.2842842842842845, 0.1
1998, 14562.0, 8, 7.284642321160581, 0.1
1999, 14569.0, 7, 7.2845, 0.1
