0, 8.0, 8, 8.0, 0.1
1, 16.0, 8, 8.0, 0.1
2, 24.0, 8, 8.0, 0.1
3, 32.0, 8, 8.0, 0.1
4, 40.0, 8, 8.0, 0.1
5, 48.0, 8, 8.0, 0.1
6, 56.0, 8, 8.0, 0.1
7, 64.0, 8, 8.0, 0.1
8, 72.0, 8, 8.0, 0.1
9, 80.0, 8, 8.0, 0.1
10, 88.0, 8, 8.0, 0.1
11, 96.0, 8, 8.0, 0.1
12, 104.0, 8, 8.0, 0.1
13, 112.0, 8, 8.0, 0.1
14, 120.0, 8, 8.0, 0.1
15, 128.0, 8, 8.0, 0.1
16, 136.0, 8, 8.0, 0.1
17, 144.0, 8, 8.0, 0.1
18, 152.0, 8, 8.0, 0.1
19, 160.0, 8, 8.0, 0.1
20, 168.0, 8, 8.0, 0.1
21, 176.0, 8, 8.0, 0.1
22, 184.0, 8, 8.0, 0.1
23, 192.0, 8, 8.0, 0.1
24, 200.0, 8, 8.0, 0.1
25, 208.0, 8, 8.0, 0.1
26, 216.0, 8, 8.0, 0.1
27, 224.0, 8, 8.0, 0.1
28, 232.0, 8, 8.0, 0.1
29, 240.0, 8, 8.0, 0.1
30, 248.0, 8, 8.0, 0.1
31, 256.0, 8, 8.0, 0.1
32, 264.0, 8, 8.0, 0.1
33, 272.0, 8, 8.0, 0.1
34, 280.0, 8, 8.0, 0.1
35, 288.0, 8, 8.0, 0.1
36, 296.0, 8, 8.0, 0.1
37, 304.0, 8, 8.0, 0.1
38, 312.0, 8, 8.0, 0.1
39, 320.0, 8, 8.0, 0.1
40, 328.0, 8, 8.0, 0.1
41, 336.0, 8, 8.0, 0.1
42, 344.0, 8, 8.0, 0.1
43, 352.0, 8, 8.0, 0.1
44, 360.0, 8, 8.0, 0.1
45, 368.0, 8, 8.0, 0.1
46, 376.0, 8, 8.0, 0.1
47, 384.0, 8, 8.0, 0.1
48, 392.0, 8, 8.0, 0.1
49, 400.0, 8, 8.0, 0.1
50, 408.0, 8, 8.0, 0.1
51, 416.0, 8, 8.0, 0.1
52, 424.0, 8, 8.0, 0.1
53, 432.0, 8, 8.0, 0.1
54, 440.0, 8, 8.0, 0.1
55, 448.0, 8, 8.0, 0.1
56, 456.0, 8, 8.0, 0.1
57, 464.0, 8, 8.0, 0.1
58, 472.0, 8, 8.0, 0.1
59, 480.0, 8, 8.0, 0.1
60, 488.0, 8, 8.0, 0.1
61, 496.0, 8, 8.0, 0.1
62, 504.0, 8, 8.0, 0.1
63, 512.0, 8, 8.0, 0.1
64, 520.0, 8, 8.0, 0.1
65, 528.0, 8, 8.0, 0.1
66, 536.0, 8, 8.0, 0.1
67, 544.0, 8, 8.0, 0.1
68, 552.0, 8, 8.0, 0.1
69, 560.0, 8, 8.0, 0.1
70, 568.0, 8, 8.0, 0.1
71, 576.0, 8, 8.0, 0.1
72, 584.0, 8, 8.0, 0.1
73, 592.0, 8, 8.0, 0.1
74, 600.0, 8, 8.0, 0.1
75, 608.0, 8, 8.0, 0.1
76, 616.0, 8, 8.0, 0.1
77, 624.0, 8, 8.0, 0.1
78, 632.0, 8, 8.0, 0.1
79, 640.0, 8, 8.0, 0.1
80, 648.0, 8, 8.0, 0.1
81, 656.0, 8, 8.0, 0.1
82, 664.0, 8, 8.0, 0.1
83, 672.0, 8, 8.0, 0.1
84, 680.0, 8, 8.0, 0.1
85, 688.0, 8, 8.0, 0.1
86, 696.0, 8, 8.0, 0.1
87, 704.0, 8, 8.0, 0.1
88, 712.0, 8, 8.0, 0.1
89, 720.0, 8, 8.0, 0.1
90, 728.0, 8, 8.0, 0.1
91, 736.0, 8, 8.0, 0.1
92, 744.0, 8, 8.0, 0.1
93, 752.0, 8, 8.0, 0.1
94, 760.0, 8, 8.0, 0.1
95, 768.0, 8, 8.0, 0.1
96, 776.0, 8, 8.0, 0.1
97, 784.0, 8, 8.0, 0.1
98, 792.0, 8, 8.0, 0.1
99, 800.0, 8, 8.0, 0.1
100, 808.0, 8, 8.0, 0.1
101, 816.0, 8, 8.0, 0.1
102, 824.0, 8, 8.0, 0.1
103, 832.0, 8, 8.0, 0.1
104, 840.0, 8, 8.0, 0.1
105, 848.0, 8, 8.0, 0.1
106, 856.0, 8, 8.0, 0.1
107, 864.0, 8, 8.0, 0.1
108, 872.0, 8, 8.0, 0.1
109, 880.0, 8, 8.0, 0.1
110, 888.0, 8, 8.0, 0.1
111, 896.0, 8, 8.0, 0.1
112, 904.0, 8, 8.0, 0.1
113, 912.0, 8, 8.0, 0.1
114, 920.0, 8, 8.0, 0.1
115, 928.0, 8, 8.0, 0.1
116, 936.0, 8, 8.0, 0.1
117, 944.0, 8, 8.0, 0.1
118, 952.0, 8, 8.0, 0.1
119, 960.0, 8, 8.0, 0.1
120, 968.0, 8, 8.0, 0.1
121, 976.0, 8, 8.0, 0.1
122, 984.0, 8, 8.0, 0.1
123, 992.0, 8, 8.0, 0.1
124, 1000.0, 8, 8.0, 0.1
125, 1008.0, 8, 8.0, 0.1
126, 1016.0, 8, 8.0, 0.1
127, 1024.0, 8, 8.0, 0.1
128, 1032.0, 8, 8.0, 0.1
129, 1040.0, 8, 8.0, 0.1
130, 1048.0, 8, 8.0, 0.1
131, 1056.0, 8, 8.0, 0.1
132, 1064.0, 8, 8.0, 0.1
133, 1072.0, 8, 8.0, 0.1
134, 1080.0, 8, 8.0, 0.1
135, 1088.0, 8, 8.0, 0.1
136, 1096.0, 8, 8.0, 0.1
137, 1104.0, 8, 8.0, 0.1
138, 1112.0, 8, 8.0, 0.1
139, 1120.0, 8, 8.0, 0.1
140, 1128.0, 8, 8.0, 0.1
141, 1136.0, 8, 8.0, 0.1
142, 1144.0, 8, 8.0, 0.1
143, 1152.0, 8, 8.0, 0.1
144, 1160.0, 8, 8.0, 0.1
145, 1168.0, 8, 8.0, 0.1
146, 1176.0, 8, 8.0, 0.1
147, 1184.0, 8, 8.0, 0.1
148, 1192.0, 8, 8.0, 0.1
149, 1200.0, 8, 8.0, 0.1
150, 1208.0, 8, 8.0, 0.1
151, 1216.0, 8, 8.0, 0.1
152, 1224.0, 8, 8.0, 0.1
153, 1232.0, 8, 8.0, 0.1
154, 1240.0, 8, 8.0, 0.1
155, 1248.0, 8, 8.0, 0.1
156, 1256.0, 8, 8.0, 0.1
157, 1264.0, 8, 8.0, 0.1
158, 1272.0, 8, 8.0, 0.1
159, 1280.0, 8, 8.0, 0.1
160, 1288.0, 8, 8.0, 0.1
161, 1296.0, 8, 8.0, 0.1
162, 1304.0, 8, 8.0, 0.1
163, 1312.0, 8, 8.0, 0.1
164, 1320.0, 8, 8.0, 0.1
165, 1328.0, 8, 8.0, 0.1
166, 1336.0, 8, 8.0, 0.1
167, 1344.0, 8, 8.0, 0.1
168, 1352.0, 8, 8.0, 0.1
169, 1360.0, 8, 8.0, 0.1
170, 1368.0, 8, 8.0, 0.1
171, 1376.0, 8, 8.0, 0.1
172, 1384.0, 8, 8.0, 0.1
173, 1392.0, 8, 8.0, 0.1
174, 1400.0, 8, 8.0, 0.1
175, 1408.0, 8, 8.0, 0.1
176, 1416.0, 8, 8.0, 0.1
177, 1424.0, 8, 8.0, 0.1
178, 1432.0, 8, 8.0, 0.1
179, 1440.0, 8, 8.0, 0.1
180, 1448.0, 8, 8.0, 0.1
181, 1456.0, 8, 8.0, 0.1
182, 1464.0, 8, 8.0, 0.1
183, 1472.0, 8, 8.0, 0.1
184, 1480.0, 8, 8.0, 0.1
185, 1488.0, 8, 8.0, 0.1
186, 1496.0, 8, 8.0, 0.1
187, 1504.0, 8, 8.0, 0.1
188, 1512.0, 8, 8.0, 0.1
189, 1520.0, 8, 8.0, 0.1
190, 1528.0, 8, 8.0, 0.1
191, 1536.0, 8, 8.0, 0.1
192, 1544.0, 8, 8.0, 0.1
193, 1552.0, 8, 8.0, 0.1
194, 1560.0, 8, 8.0, 0.1
195, 1568.0, 8, 8.0, 0.1
196, 1576.0, 8, 8.0, 0.1
197, 1584.0, 8, 8.0, 0.1
198, 1592.0, 8, 8.0, 0.1
199, 1600.0, 8, 8.0, 0.1
200, 1608.0, 8, 8.0, 0.1
201, 1616.0, 8, 8.0, 0.1
202, 1624.0, 8, 8.0, 0.1
203, 1632.0, 8, 8.0, 0.1
204, 1640.0, 8, 8.0, 0.1
205, 1648.0, 8, 8.0, 0.1
206, 1656.0, 8, 8.0, 0.1
207, 1664.0, 8, 8.0, 0.1
208, 1672.0, 8, 8.0, 0.1
209, 1680.0, 8, 8.0, 0.1
210, 1688.0, 8, 8.0, 0.1
211, 1696.0, 8, 8.0, 0.1
212, 1704.0, 8, 8.0, 0.1
213, 1712.0, 8, 8.0, 0.1
214, 1720.0, 8, 8.0, 0.1
215, 1728.0, 8, 8.0, 0.1
216, 1736.0, 8, 8.0, 0.1
217, 1744.0, 8, 8.0, 0.1
218, 1752.0, 8, 8.0, 0.1
219, 1760.0, 8, 8.0, 0.1
220, 1768.0, 8, 8.0, 0.1
221, 1776.0, 8, 8.0, 0.1
222, 1784.0, 8, 8.0, 0.1
223, 1792.0, 8, 8.0, 0.1
224, 1800.0, 8, 8.0, 0.1
225, 1808.0, 8, 8.0, 0.1
226, 1816.0, 8, 8.0, 0.1
227, 1824.0, 8, 8.0, 0.1
228, 1832.0, 8, 8.0, 0.1
229, 1840.0, 8, 8.0, 0.1
230, 1848.0, 8, 8.0, 0.1
231, 1856.0, 8, 8.0, 0.1
232, 1864.0, 8, 8.0, 0.1
233, 1872.0, 8, 8.0, 0.1
234, 1880.0, 8, 8.0, 0.1
235, 1888.0, 8, 8.0, 0.1
236, 1896.0, 8, 8.0, 0.1
237, 1904.0, 8, 8.0, 0.1
238, 1912.0, 8, 8.0, 0.1
239, 1920.0, 8, 8.0, 0.1
240, 1928.0, 8, 8.0, 0.1
241, 1936.0, 8, 8.0, 0.1
242, 1944.0, 8, 8.0, 0.1
243, 1952.0, 8, 8.0, 0.1
244, 1960.0, 8, 8.0, 0.1
245, 1968.0, 8, 8.0, 0.1
246, 1976.0, 8, 8.0, 0.1
247, 1984.0, 8, 8.0, 0.1
248, 1992.0, 8, 8.0, 0.1
249, 2000.0, 8, 8.0, 0.1
250, 2008.0, 8, 8.0, 0.1
251, 2016.0, 8, 8.0, 0.1
252, 2024.0, 8, 8.0, 0.1
253, 2032.0, 8, 8.0, 0.1
254, 2040.0, 8, 8.0, 0.1
255, 2048.0, 8, 8.0, 0.1
256, 2056.0, 8, 8.0, 0.1
257, 2064.0, 8, 8.0, 0.1
258, 2072.0, 8, 8.0, 0.1
259, 2080.0, 8, 8.0, 0.1
260, 2088.0, 8, 8.0, 0.1
261, 2096.0, 8, 8.0, 0.1
262, 2104.0, 8, 8.0, 0.1
263, 2112.0, 8, 8.0, 0.1
264, 2120.0, 8, 8.0, 0.1
265, 2128.0, 8, 8.0, 0.1
266, 2136.0, 8, 8.0, 0.1
267, 2144.0, 8, 8.0, 0.1
268, 2152.0, 8, 8.0, 0.1
269, 2160.0, 8, 8.0, 0.1
270, 2168.0, 8, 8.0, 0.1
271, 2176.0, 8, 8.0, 0.1
272, 2184.0, 8, 8.0, 0.1
273, 2192.0, 8, 8.0, 0.1
274, 2200.0, 8, 8.0, 0.1
275, 2208.0, 8, 8.0, 0.1
276, 2216.0, 8, 8.0, 0.1
277, 2224.0, 8, 8.0, 0.1
278, 2232.0, 8, 8.0, 0.1
279, 2240.0, 8, 8.0, 0.1
280, 2248.0, 8, 8.0, 0.1
281, 2256.0, 8, 8.0, 0.1
282, 2264.0, 8, 8.0, 0.1
283, 2272.0, 8, 8.0, 0.1
284, 2280.0, 8, 8.0, 0.1
285, 2288.0, 8, 8.0, 0.1
286, 2296.0, 8, 8.0, 0.1
287, 2304.0, 8, 8.0, 0.1
288, 2312.0, 8, 8.0, 0.1
289, 2320.0, 8, 8.0, 0.1
290, 2328.0, 8, 8.0, 0.1
291, 2336.0, 8, 8.0, 0.1
292, 2344.0, 8, 8.0, 0.1
293, 2352.0, 8, 8.0, 0.1
294, 2360.0, 8, 8.0, 0.1
295, 2368.0, 8, 8.0, 0.1
296, 2376.0, 8, 8.0, 0.1
297, 2384.0, 8, 8.0, 0.1
298, 2392.0, 8, 8.0, 0.1
299, 2400.0, 8, 8.0, 0.1
300, 2408.0, 8, 8.0, 0.1
301, 2416.0, 8, 8.0, 0.1
302, 2424.0, 8, 8.0, 0.1
303, 2432.0, 8, 8.0, 0.1
304, 2440.0, 8, 8.0, 0.1
305, 2448.0, 8, 8.0, 0.1
306, 2456.0, 8, 8.0, 0.1
307, 2464.0, 8, 8.0, 0.1
308, 2472.0, 8, 8.0, 0.1
309, 2480.0, 8, 8.0, 0.1
310, 2488.0, 8, 8.0, 0.1
311, 2496.0, 8, 8.0, 0.1
312, 2504.0, 8, 8.0, 0.1
313, 2512.0, 8, 8.0, 0.1
314, 2520.0, 8, 8.0, 0.1
315, 2528.0, 8, 8.0, 0.1
316, 2536.0, 8, 8.0, 0.1
317, 2544.0, 8, 8.0, 0.1
318, 2552.0, 8, 8.0, 0.1
319, 2560.0, 8, 8.0, 0.1
320, 2568.0, 8, 8.0, 0.1
321, 2576.0, 8, 8.0, 0.1
322, 2584.0, 8, 8.0, 0.1
323, 2592.0, 8, 8.0, 0.1
324, 2600.0, 8, 8.0, 0.1
325, 2608.0, 8, 8.0, 0.1
326, 2616.0, 8, 8.0, 0.1
327, 2624.0, 8, 8.0, 0.1
328, 2632.0, 8, 8.0, 0.1
329, 2640.0, 8, 8.0, 0.1
330, 2648.0, 8, 8.0, 0.1
331, 2656.0, 8, 8.0, 0.1
332, 2664.0, 8, 8.0, 0.1
333, 2672.0, 8, 8.0, 0.1
334, 2680.0, 8, 8.0, 0.1
335, 2688.0, 8, 8.0, 0.1
336, 2696.0, 8, 8.0, 0.1
337, 2704.0, 8, 8.0, 0.1
338, 2712.0, 8, 8.0, 0.1
339, 2720.0, 8, 8.0, 0.1
340, 2728.0, 8, 8.0, 0.1
341, 2736.0, 8, 8.0, 0.1
342, 2744.0, 8, 8.0, 0.1
343, 2752.0, 8, 8.0, 0.1
344, 2760.0, 8, 8.0, 0.1
345, 2768.0, 8, 8.0, 0.1
346, 2776.0, 8, 8.0, 0.1
347, 2784.0, 8, 8.0, 0.1
348, 2792.0, 8, 8.0, 0.1
349, 2800.0, 8, 8.0, 0.1
350, 2808.0, 8, 8.0, 0.1
351, 2816.0, 8, 8.0, 0.1
352, 2824.0, 8, 8.0, 0.1
353, 2832.0, 8, 8.0, 0.1
354, 2840.0, 8, 8.0, 0.1
355, 2848.0, 8, 8.0, 0.1
356, 2856.0, 8, 8.0, 0.1
357, 2864.0, 8, 8.0, 0.1
358, 2872.0, 8, 8.0, 0.1
359, 2880.0, 8, 8.0, 0.1
360, 2888.0, 8, 8.0, 0.1
361, 2896.0, 8, 8.0, 0.1
362, 2904.0, 8, 8.0, 0.1
363, 2912.0, 8, 8.0, 0.1
364, 2920.0, 8, 8.0, 0.1
365, 2928.0, 8, 8.0, 0.1
366, 2936.0, 8, 8.0, 0.1
367, 2944.0, 8, 8.0, 0.1
368, 2952.0, 8, 8.0, 0.1
369, 2960.0, 8, 8.0, 0.1
370, 2968.0, 8, 8.0, 0.1
371, 2976.0, 8, 8.0, 0.1
372, 2984.0, 8, 8.0, 0.1
373, 2992.0, 8, 8.0, 0.1
374, 3000.0, 8, 8.0, 0.1
375, 3008.0, 8, 8.0, 0.1
376, 3016.0, 8, 8.0, 0.1
377, 3024.0, 8, 8.0, 0.1
378, 3032.0, 8, 8.0, 0.1
379, 3040.0, 8, 8.0, 0.1
380, 3048.0, 8, 8.0, 0.1
381, 3056.0, 8, 8.0, 0.1
382, 3064.0, 8, 8.0, 0.1
383, 3072.0, 8, 8.0, 0.1
384, 3080.0, 8, 8.0, 0.1
385, 3088.0, 8, 8.0, 0.1
386, 3096.0, 8, 8.0, 0.1
387, 3104.0, 8, 8.0, 0.1
388, 3112.0, 8, 8.0, 0.1
389, 3120.0, 8, 8.0, 0.1
390, 3128.0, 8, 8.0, 0.1
391, 3136.0, 8, 8.0, 0.1
392, 3144.0, 8, 8.0, 0.1
393, 3152.0, 8, 8.0, 0.1
394, 3160.0, 8, 8.0, 0.1
395, 3168.0, 8, 8.0, 0.1
396, 3176.0, 8, 8.0, 0.1
397, 3184.0, 8, 8.0, 0.1
398, 3192.0, 8, 8.0, 0.1
399, 3200.0, 8, 8.0, 0.1
400, 3208.0, 8, 8.0, 0.1
401, 3216.0, 8, 8.0, 0.1
402, 3224.0, 8, 8.0, 0.1
403, 3232.0, 8, 8.0, 0.1
404, 3240.0, 8, 8.0, 0.1
405, 3248.0, 8, 8.0, 0.1
406, 3256.0, 8, 8.0, 0.1
407, 3264.0, 8, 8.0, 0.1
408, 3272.0, 8, 8.0, 0.1
409, 3280.0, 8, 8.0, 0.1
410, 3288.0, 8, 8.0, 0.1
411, 3296.0, 8, 8.0, 0.1
412, 3304.0, 8, 8.0, 0.1
413, 3312.0, 8, 8.0, 0.1
414, 3320.0, 8, 8.0, 0.1
415, 3328.0, 8, 8.0, 0.1
416, 3336.0, 8, 8.0, 0.1
417, 3344.0, 8, 8.0, 0.1
418, 3352.0, 8, 8.0, 0.1
419, 3360.0, 8, 8.0, 0.1
420, 3368.0, 8, 8.0, 0.1
421, 3376.0, 8, 8.0, 0.1
422, 3384.0, 8, 8.0, 0.1
423, 3392.0, 8, 8.0, 0.1
424, 3400.0, 8, 8.0, 0.1
425, 3408.0, 8, 8.0, 0.1
426, 3416.0, 8, 8.0, 0.1
427, 3424.0, 8, 8.0, 0.1
428, 3432.0, 8, 8.0, 0.1
429, 3440.0, 8, 8.0, 0.1
430, 3448.0, 8, 8.0, 0.1
431, 3456.0, 8, 8.0, 0.1
432, 3464.0, 8, 8.0, 0.1
433, 3472.0, 8, 8.0, 0.1
434, 3480.0, 8, 8.0, 0.1
435, 3488.0, 8, 8.0, 0.1
436, 3496.0, 8, 8.0, 0.1
437, 3504.0, 8, 8.0, 0.1
438, 3512.0, 8, 8.0, 0.1
439, 3520.0, 8, 8.0, 0.1
440, 3528.0, 8, 8.0, 0.1
441, 3536.0, 8, 8.0, 0.1
442, 3544.0, 8, 8.0, 0.1
443, 3552.0, 8, 8.0, 0.1
444, 3560.0, 8, 8.0, 0.1
445, 3568.0, 8, 8.0, 0.1
446, 3576.0, 8, 8.0, 0.1
447, 3584.0, 8, 8.0, 0.1
448, 3592.0, 8, 8.0, 0.1
449, 3600.0, 8, 8.0, 0.1
450, 3608.0, 8, 8.0, 0.1
451, 3616.0, 8, 8.0, 0.1
452, 3624.0, 8, 8.0, 0.1
453, 3632.0, 8, 8.0, 0.1
454, 3640.0, 8, 8.0, 0.1
455, 3648.0, 8, 8.0, 0.1
456, 3656.0, 8, 8.0, 0.1
457, 3664.0, 8, 8.0, 0.1
458, 3672.0, 8, 8.0, 0.1
459, 3680.0, 8, 8.0, 0.1
460, 3688.0, 8, 8.0, 0.1
461, 3696.0, 8, 8.0, 0.1
462, 3704.0, 8, 8.0, 0.1
463, 3712.0, 8, 8.0, 0.1
464, 3720.0, 8, 8.0, 0.1
465, 3728.0, 8, 8.0, 0.1
466, 3736.0, 8, 8.0, 0.1
467, 3744.0, 8, 8.0, 0.1
468, 3752.0, 8, 8.0, 0.1
469, 3760.0, 8, 8.0, 0.1
470, 3768.0, 8, 8.0, 0.1
471, 3776.0, 8, 8.0, 0.1
472, 3784.0, 8, 8.0, 0.1
473, 3792.0, 8, 8.0, 0.1
474, 3800.0, 8, 8.0, 0.1
475, 3808.0, 8, 8.0, 0.1
476, 3816.0, 8, 8.0, 0.1
477, 3824.0, 8, 8.0, 0.1
478, 3832.0, 8, 8.0, 0.1
479, 3840.0, 8, 8.0, 0.1
480, 3848.0, 8, 8.0, 0.1
481, 3856.0, 8, 8.0, 0.1
482, 3864.0, 8, 8.0, 0.1
483, 3872.0, 8, 8.0, 0.1
484, 3880.0, 8, 8.0, 0.1
485, 3888.0, 8, 8.0, 0.1
486, 3896.0, 8, 8.0, 0.1
487, 3904.0, 8, 8.0, 0.1
488, 3912.0, 8, 8.0, 0.1
489, 3920.0, 8, 8.0, 0.1
490, 3928.0, 8, 8.0, 0.1
491, 3936.0, 8, 8.0, 0.1
492, 3944.0, 8, 8.0, 0.1
493, 3952.0, 8, 8.0, 0.1
494, 3960.0, 8, 8.0, 0.1
495, 3968.0, 8, 8.0, 0.1
496, 3976.0, 8, 8.0, 0.1
497, 3984.0, 8, 8.0, 0.1
498, 3992.0, 8, 8.0, 0.1
499, 4000.0, 8, 8.0, 0.1
500, 4008.0, 8, 8.0, 0.1
501, 4016.0, 8, 8.0, 0.1
502, 4024.0, 8, 8.0, 0.1
503, 4032.0, 8, 8.0, 0.1
504, 4040.0, 8, 8.0, 0.1
505, 4048.0, 8, 8.0, 0.1
506, 4056.0, 8, 8.0, 0.1
507, 4064.0, 8, 8.0, 0.1
508, 4072.0, 8, 8.0, 0.1
509, 4080.0, 8, 8.0, 0.1
510, 4088.0, 8, 8.0, 0.1
511, 4096.0, 8, 8.0, 0.1
512, 4104.0, 8, 8.0, 0.1
513, 4112.0, 8, 8.0, 0.1
514, 4120.0, 8, 8.0, 0.1
515, 4128.0, 8, 8.0, 0.1
516, 4136.0, 8, 8.0, 0.1
517, 4144.0, 8, 8.0, 0.1
518, 4152.0, 8, 8.0, 0.1
519, 4160.0, 8, 8.0, 0.1
520, 4168.0, 8, 8.0, 0.1
521, 4176.0, 8, 8.0, 0.1
522, 4184.0, 8, 8.0, 0.1
523, 4192.0, 8, 8.0, 0.1
524, 4200.0, 8, 8.0, 0.1
525, 4208.0, 8, 8.0, 0.1
526, 4216.0, 8, 8.0, 0.1
527, 4224.0, 8, 8.0, 0.1
528, 4232.0, 8, 8.0, 0.1
529, 4240.0, 8, 8.0, 0.1
530, 4248.0, 8, 8.0, 0.1
531, 4256.0, 8, 8.0, 0.1
532, 4264.0, 8, 8.0, 0.1
533, 4272.0, 8, 8.0, 0.1
534, 4280.0, 8, 8.0, 0.1
535, 4288.0, 8, 8.0, 0.1
536, 4296.0, 8, 8.0, 0.1
537, 4304.0, 8, 8.0, 0.1
538, 4312.0, 8, 8.0, 0.1
539, 4320.0, 8, 8.0, 0.1
540, 4328.0, 8, 8.0, 0.1
541, 4336.0, 8, 8.0, 0.1
542, 4344.0, 8, 8.0, 0.1
543, 4352.0, 8, 8.0, 0.1
544, 4360.0, 8, 8.0, 0.1
545, 4368.0, 8, 8.0, 0.1
546, 4376.0, 8, 8.0, 0.1
547, 4384.0, 8, 8.0, 0.1
548, 4392.0, 8, 8.0, 0.1
549, 4400.0, 8, 8.0, 0.1
550, 4408.0, 8, 8.0, 0.1
551, 4416.0, 8, 8.0, 0.1
552, 4424.0, 8, 8.0, 0.1
553, 4432.0, 8, 8.0, 0.1
554, 4440.0, 8, 8.0, 0.1
555, 4448.0, 8, 8.0, 0.1
556, 4456.0, 8, 8.0, 0.1
557, 4464.0, 8, 8.0, 0.1
558, 4472.0, 8, 8.0, 0.1
559, 4480.0, 8, 8.0, 0.1
560, 4488.0, 8, 8.0, 0.1
561, 4496.0, 8, 8.0, 0.1
562, 4504.0, 8, 8.0, 0.1
563, 4512.0, 8, 8.0, 0.1
564, 4520.0, 8, 8.0, 0.1
565, 4528.0, 8, 8.0, 0.1
566, 4536.0, 8, 8.0, 0.1
567, 4544.0, 8, 8.0, 0.1
568, 4552.0, 8, 8.0, 0.1
569, 4560.0, 8, 8.0, 0.1
570, 4568.0, 8, 8.0, 0.1
571, 4576.0, 8, 8.0, 0.1
572, 4584.0, 8, 8.0, 0.1
573, 4592.0, 8, 8.0, 0.1
574, 4600.0, 8, 8.0, 0.1
575, 4608.0, 8, 8.0, 0.1
576, 4616.0, 8, 8.0, 0.1
577, 4624.0, 8, 8.0, 0.1
578, 4632.0, 8, 8.0, 0.1
579, 4640.0, 8, 8.0, 0.1
580, 4648.0, 8, 8.0, 0.1
581, 4656.0, 8, 8.0, 0.1
582, 4664.0, 8, 8.0, 0.1
583, 4672.0, 8, 8.0, 0.1
584, 4680.0, 8, 8.0, 0.1
585, 4688.0, 8, 8.0, 0.1
586, 4696.0, 8, 8.0, 0.1
587, 4704.0, 8, 8.0, 0.1
588, 4712.0, 8, 8.0, 0.1
589, 4720.0, 8, 8.0, 0.1
590, 4728.0, 8, 8.0, 0.1
591, 4736.0, 8, 8.0, 0.1
592, 4744.0, 8, 8.0, 0.1
593, 4752.0, 8, 8.0, 0.1
594, 4760.0, 8, 8.0, 0.1
595, 4768.0, 8, 8.0, 0.1
596, 4776.0, 8, 8.0, 0.1
597, 4784.0, 8, 8.0, 0.1
598, 4792.0, 8, 8.0, 0.1
599, 4800.0, 8, 8.0, 0.1
600, 4808.0, 8, 8.0, 0.1
601, 4816.0, 8, 8.0, 0.1
602, 4824.0, 8, 8.0, 0.1
603, 4832.0, 8, 8.0, 0.1
604, 4840.0, 8, 8.0, 0.1
605, 4848.0, 8, 8.0, 0.1
606, 4856.0, 8, 8.0, 0.1
607, 4864.0, 8, 8.0, 0.1
608, 4872.0, 8, 8.0, 0.1
609, 4880.0, 8, 8.0, 0.1
610, 4888.0, 8, 8.0, 0.1
611, 4896.0, 8, 8.0, 0.1
612, 4904.0, 8, 8.0, 0.1
613, 4912.0, 8, 8.0, 0.1
614, 4920.0, 8, 8.0, 0.1
615, 4928.0, 8, 8.0, 0.1
616, 4936.0, 8, 8.0, 0.1
617, 4944.0, 8, 8.0, 0.1
618, 4952.0, 8, 8.0, 0.1
619, 4960.0, 8, 8.0, 0.1
620, 4968.0, 8, 8.0, 0.1
621, 4976.0, 8, 8.0, 0.1
622, 4984.0, 8, 8.0, 0.1
623, 4992.0, 8, 8.0, 0.1
624, 5000.0, 8, 8.0, 0.1
625, 5008.0, 8, 8.0, 0.1
626, 5016.0, 8, 8.0, 0.1
627, 5024.0, 8, 8.0, 0.1
628, 5032.0, 8, 8.0, 0.1
629, 5040.0, 8, 8.0, 0.1
630, 5048.0, 8, 8.0, 0.1
631, 5056.0, 8, 8.0, 0.1
632, 5064.0, 8, 8.0, 0.1
633, 5072.0, 8, 8.0, 0.1
634, 5080.0, 8, 8.0, 0.1
635, 5088.0, 8, 8.0, 0.1
636, 5096.0, 8, 8.0, 0.1
637, 5104.0, 8, 8.0, 0.1
638, 5112.0, 8, 8.0, 0.1
639, 5120.0, 8, 8.0, 0.1
640, 5128.0, 8, 8.0, 0.1
641, 5136.0, 8, 8.0, 0.1
642, 5144.0, 8, 8.0, 0.1
643, 5152.0, 8, 8.0, 0.1
644, 5160.0, 8, 8.0, 0.1
645, 5168.0, 8, 8.0, 0.1
646, 5176.0, 8, 8.0, 0.1
647, 5184.0, 8, 8.0, 0.1
648, 5192.0, 8, 8.0, 0.1
649, 5200.0, 8, 8.0, 0.1
650, 5208.0, 8, 8.0, 0.1
651, 5216.0, 8, 8.0, 0.1
652, 5224.0, 8, 8.0, 0.1
653, 5232.0, 8, 8.0, 0.1
654, 5240.0, 8, 8.0, 0.1
655, 5248.0, 8, 8.0, 0.1
656, 5256.0, 8, 8.0, 0.1
657, 5264.0, 8, 8.0, 0.1
658, 5272.0, 8, 8.0, 0.1
659, 5280.0, 8, 8.0, 0.1
660, 5288.0, 8, 8.0, 0.1
661, 5296.0, 8, 8.0, 0.1
662, 5304.0, 8, 8.0, 0.1
663, 5312.0, 8, 8.0, 0.1
664, 5320.0, 8, 8.0, 0.1
665, 5328.0, 8, 8.0, 0.1
666, 5336.0, 8, 8.0, 0.1
667, 5344.0, 8, 8.0, 0.1
668, 5352.0, 8, 8.0, 0.1
669, 5360.0, 8, 8.0, 0.1
670, 5368.0, 8, 8.0, 0.1
671, 5376.0, 8, 8.0, 0.1
672, 5384.0, 8, 8.0, 0.1
673, 5392.0, 8, 8.0, 0.1
674, 5400.0, 8, 8.0, 0.1
675, 5408.0, 8, 8.0, 0.1
676, 5416.0, 8, 8.0, 0.1
677, 5424.0, 8, 8.0, 0.1
678, 5432.0, 8, 8.0, 0.1
679, 5440.0, 8, 8.0, 0.1
680, 5448.0, 8, 8.0, 0.1
681, 5456.0, 8, 8.0, 0.1
682, 5464.0, 8, 8.0, 0.1
683, 5472.0, 8, 8.0, 0.1
684, 5480.0, 8, 8.0, 0.1
685, 5488.0, 8, 8.0, 0.1
686, 5496.0, 8, 8.0, 0.1
687, 5504.0, 8, 8.0, 0.1
688, 5512.0, 8, 8.0, 0.1
689, 5520.0, 8, 8.0, 0.1
690, 5528.0, 8, 8.0, 0.1
691, 5536.0, 8, 8.0, 0.1
692, 5544.0, 8, 8.0, 0.1
693, 5552.0, 8, 8.0, 0.1
694, 5560.0, 8, 8.0, 0.1
695, 5568.0, 8, 8.0, 0.1
696, 5576.0, 8, 8.0, 0.1
697, 5584.0, 8, 8.0, 0.1
698, 5592.0, 8, 8.0, 0.1
699, 5600.0, 8, 8.0, 0.1
700, 5608.0, 8, 8.0, 0.1
701, 5616.0, 8, 8.0, 0.1
702, 5624.0, 8, 8.0, 0.1
703, 5632.0, 8, 8.0, 0.1
704, 5640.0, 8, 8.0, 0.1
705, 5648.0, 8, 8.0, 0.1
706, 5656.0, 8, 8.0, 0.1
707, 5664.0, 8, 8.0, 0.1
708, 5672.0, 8, 8.0, 0.1
709, 5680.0, 8, 8.0, 0.1
710, 5688.0, 8, 8.0, 0.1
711, 5696.0, 8, 8.0, 0.1
712, 5704.0, 8, 8.0, 0.1
713, 5712.0, 8, 8.0, 0.1
714, 5720.0, 8, 8.0, 0.1
715, 5728.0, 8, 8.0, 0.1
716, 5736.0, 8, 8.0, 0.1
717, 5744.0, 8, 8.0, 0.1
718, 5752.0, 8, 8.0, 0.1
719, 5760.0, 8, 8.0, 0.1
720, 5768.0, 8, 8.0, 0.1
721, 5776.0, 8, 8.0, 0.1
722, 5784.0, 8, 8.0, 0.1
723, 5792.0, 8, 8.0, 0.1
724, 5800.0, 8, 8.0, 0.1
725, 5808.0, 8, 8.0, 0.1
726, 5816.0, 8, 8.0, 0.1
727, 5824.0, 8, 8.0, 0.1
728, 5832.0, 8, 8.0, 0.1
729, 5840.0, 8, 8.0, 0.1
730, 5848.0, 8, 8.0, 0.1
731, 5856.0, 8, 8.0, 0.1
732, 5864.0, 8, 8.0, 0.1
733, 5872.0, 8, 8.0, 0.1
734, 5880.0, 8, 8.0, 0.1
735, 5888.0, 8, 8.0, 0.1
736, 5896.0, 8, 8.0, 0.1
737, 5904.0, 8, 8.0, 0.1
738, 5912.0, 8, 8.0, 0.1
739, 5920.0, 8, 8.0, 0.1
740, 5928.0, 8, 8.0, 0.1
741, 5936.0, 8, 8.0, 0.1
742, 5944.0, 8, 8.0, 0.1
743, 5952.0, 8, 8.0, 0.1
744, 5960.0, 8, 8.0, 0.1
745, 5968.0, 8, 8.0, 0.1
746, 5976.0, 8, 8.0, 0.1
747, 5984.0, 8, 8.0, 0.1
748, 5992.0, 8, 8.0, 0.1
749, 6000.0, 8, 8.0, 0.1
750, 6008.0, 8, 8.0, 0.1
751, 6016.0, 8, 8.0, 0.1
752, 6024.0, 8, 8.0, 0.1
753, 6032.0, 8, 8.0, 0.1
754, 6040.0, 8, 8.0, 0.1
755, 6048.0, 8, 8.0, 0.1
756, 6056.0, 8, 8.0, 0.1
757, 6064.0, 8, 8.0, 0.1
758, 6072.0, 8, 8.0, 0.1
759, 6080.0, 8, 8.0, 0.1
760, 6088.0, 8, 8.0, 0.1
761, 6096.0, 8, 8.0, 0.1
762, 6104.0, 8, 8.0, 0.1
763, 6112.0, 8, 8.0, 0.1
764, 6120.0, 8, 8.0, 0.1
765, 6128.0, 8, 8.0, 0.1
766, 6136.0, 8, 8.0, 0.1
767, 6144.0, 8, 8.0, 0.1
768, 6152.0, 8, 8.0, 0.1
769, 6160.0, 8, 8.0, 0.1
770, 6168.0, 8, 8.0, 0.1
771, 6176.0, 8, 8.0, 0.1
772, 6184.0, 8, 8.0, 0.1
773, 6192.0, 8, 8.0, 0.1
774, 6200.0, 8, 8.0, 0.1
775, 6208.0, 8, 8.0, 0.1
776, 6216.0, 8, 8.0, 0.1
777, 6224.0, 8, 8.0, 0.1
778, 6232.0, 8, 8.0, 0.1
779, 6240.0, 8, 8.0, 0.1
780, 6248.0, 8, 8.0, 0.1
781, 6256.0, 8, 8.0, 0.1
782, 6264.0, 8, 8.0, 0.1
783, 6272.0, 8, 8.0, 0.1
784, 6280.0, 8, 8.0, 0.1
785, 6288.0, 8, 8.0, 0.1
786, 6296.0, 8, 8.0, 0.1
787, 6304.0, 8, 8.0, 0.1
788, 6312.0, 8, 8.0, 0.1
789, 6320.0, 8, 8.0, 0.1
790, 6328.0, 8, 8.0, 0.1
791, 6336.0, 8, 8.0, 0.1
792, 6344.0, 8, 8.0, 0.1
793, 6352.0, 8, 8.0, 0.1
794, 6360.0, 8, 8.0, 0.1
795, 6368.0, 8, 8.0, 0.1
796, 6376.0, 8, 8.0, 0.1
797, 6384.0, 8, 8.0, 0.1
798, 6392.0, 8, 8.0, 0.1
799, 6400.0, 8, 8.0, 0.1
800, 6408.0, 8, 8.0, 0.1
801, 6416.0, 8, 8.0, 0.1
802, 6424.0, 8, 8.0, 0.1
803, 6432.0, 8, 8.0, 0.1
804, 6440.0, 8, 8.0, 0.1
805, 6448.0, 8, 8.0, 0.1
806, 6456.0, 8, 8.0, 0.1
807, 6464.0, 8, 8.0, 0.1
808, 6472.0, 8, 8.0, 0.1
809, 6480.0, 8, 8.0, 0.1
810, 6488.0, 8, 8.0, 0.1
811, 6496.0, 8, 8.0, 0.1
812, 6504.0, 8, 8.0, 0.1
813, 6512.0, 8, 8.0, 0.1
814, 6520.0, 8, 8.0, 0.1
815, 6528.0, 8, 8.0, 0.1
816, 6536.0, 8, 8.0, 0.1
817, 6544.0, 8, 8.0, 0.1
818, 6552.0, 8, 8.0, 0.1
819, 6560.0, 8, 8.0, 0.1
820, 6568.0, 8, 8.0, 0.1
821, 6576.0, 8, 8.0, 0.1
822, 6584.0, 8, 8.0, 0.1
823, 6592.0, 8, 8.0, 0.1
824, 6600.0, 8, 8.0, 0.1
825, 6608.0, 8, 8.0, 0.1
826, 6616.0, 8, 8.0, 0.1
827, 6624.0, 8, 8.0, 0.1
828, 6632.0, 8, 8.0, 0.1
829, 6640.0, 8, 8.0, 0.1
830, 6648.0, 8, 8.0, 0.1
831, 6656.0, 8, 8.0, 0.1
832, 6664.0, 8, 8.0, 0.1
833, 6672.0, 8, 8.0, 0.1
834, 6680.0, 8, 8.0, 0.1
835, 6688.0, 8, 8.0, 0.1
836, 6696.0, 8, 8.0, 0.1
837, 6704.0, 8, 8.0, 0.1
838, 6712.0, 8, 8.0, 0.1
839, 6720.0, 8, 8.0, 0.1
840, 6728.0, 8, 8.0, 0.1
841, 6736.0, 8, 8.0, 0.1
842, 6744.0, 8, 8.0, 0.1
843, 6752.0, 8, 8.0, 0.1
844, 6760.0, 8, 8.0, 0.1
845, 6768.0, 8, 8.0, 0.1
846, 6776.0, 8, 8.0, 0.1
847, 6784.0, 8, 8.0, 0.1
848, 6792.0, 8, 8.0, 0.1
849, 6800.0, 8, 8.0, 0.1
850, 6808.0, 8, 8.0, 0.1
851, 6816.0, 8, 8.0, 0.1
852, 6824.0, 8, 8.0, 0.1
853, 6832.0, 8, 8.0, 0.1
854, 6840.0, 8, 8.0, 0.1
855, 6848.0, 8, 8.0, 0.1
856, 6856.0, 8, 8.0, 0.1
857, 6864.0, 8, 8.0, 0.1
858, 6872.0, 8, 8.0, 0.1
859, 6880.0, 8, 8.0, 0.1
860, 6888.0, 8, 8.0, 0.1
861, 6896.0, 8, 8.0, 0.1
862, 6904.0, 8, 8.0, 0.1
863, 6912.0, 8, 8.0, 0.1
864, 6920.0, 8, 8.0, 0.1
865, 6928.0, 8, 8.0, 0.1
866, 6936.0, 8, 8.0, 0.1
867, 6944.0, 8, 8.0, 0.1
868, 6952.0, 8, 8.0, 0.1
869, 6960.0, 8, 8.0, 0.1
870, 6968.0, 8, 8.0, 0.1
871, 6976.0, 8, 8.0, 0.1
872, 6984.0, 8, 8.0, 0.1
873, 6992.0, 8, 8.0, 0.1
874, 7000.0, 8, 8.0, 0.1
875, 7008.0, 8, 8.0, 0.1
876, 7016.0, 8, 8.0, 0.1
877, 7024.0, 8, 8.0, 0.1
878, 7032.0, 8, 8.0, 0.1
879, 7040.0, 8, 8.0, 0.1
880, 7048.0, 8, 8.0, 0.1
881, 7056.0, 8, 8.0, 0.1
882, 7064.0, 8, 8.0, 0.1
883, 7072.0, 8, 8.0, 0.1
884, 7080.0, 8, 8.0, 0.1
885, 7088.0, 8, 8.0, 0.1
886, 7096.0, 8, 8.0, 0.1
887, 7104.0, 8, 8.0, 0.1
888, 7112.0, 8, 8.0, 0.1
889, 7120.0, 8, 8.0, 0.1
890, 7128.0, 8, 8.0, 0.1
891, 7136.0, 8, 8.0, 0.1
892, 7144.0, 8, 8.0, 0.1
893, 7152.0, 8, 8.0, 0.1
894, 7160.0, 8, 8.0, 0.1
895, 7168.0, 8, 8.0, 0.1
896, 7176.0, 8, 8.0, 0.1
897, 7184.0, 8, 8.0, 0.1
898, 7192.0, 8, 8.0, 0.1
899, 7200.0, 8, 8.0, 0.1
900, 7208.0, 8, 8.0, 0.1
901, 7216.0, 8, 8.0, 0.1
902, 7224.0, 8, 8.0, 0.1
903, 7232.0, 8, 8.0, 0.1
904, 7240.0, 8, 8.0, 0.1
905, 7248.0, 8, 8.0, 0.1
906, 7256.0, 8, 8.0, 0.1
907, 7264.0, 8, 8.0, 0.1
908, 7272.0, 8, 8.0, 0.1
909, 7280.0, 8, 8.0, 0.1
910, 7287.0, 7, 7.998902305159166, 0.1
911, 7295.0, 8, 7.99890350877193, 0.1
912, 7303.0, 8, 7.998904709748083, 0.1
913, 7311.0, 8, 7.99890590809628, 0.1
914, 7317.0, 6, 7.99672131147541, 0.1
915, 7323.0, 6, 7.994541484716157, 0.1
916, 7330.0, 7, 7.993456924754635, 0.1
917, 7336.0, 6, 7.991285403050109, 0.1
918, 7343.0, 7, 7.990206746463548, 0.1
919, 7350.0, 7, 7.989130434782608, 0.1
920, 7357.0, 7, 7.988056460369164, 0.1
921, 7365.0, 8, 7.988069414316703, 0.1
922, 7370.0, 5, 7.984832069339111, 0.1
923, 7377.0, 7, 7.983766233766234, 0.1
924, 7384.0, 7, 7.982702702702703, 0.1
925, 7392.0, 8, 7.982721382289417, 0.1
926, 7399.0, 7, 7.981661272923409, 0.1
927, 7407.0, 8, 7.981681034482759, 0.1
928, 7414.0, 7, 7.980624327233585, 0.1
929, 7421.0, 7, 7.979569892473118, 0.1
930, 7429.0, 8, 7.979591836734694, 0.1
931, 7437.0, 8, 7.9796137339055795, 0.1
932, 7444.0, 7, 7.978563772775991, 0.1
933, 7450.0, 6, 7.9764453961456105, 0.1
934, 7457.0, 7, 7.975401069518717, 0.1
935, 7465.0, 8, 7.97542735042735, 0.1
936, 7473.0, 8, 7.975453575240128, 0.1
937, 7480.0, 7, 7.974413646055437, 0.1
938, 7487.0, 7, 7.973375931842385, 0.1
939, 7494.0, 7, 7.972340425531915, 0.1
940, 7501.0, 7, 7.971307120085016, 0.1
941, 7505.0, 4, 7.967091295116773, 0.1
942, 7513.0, 8, 7.967126193001061, 0.1
943, 7519.0, 6, 7.9650423728813555, 0.1
944, 7527.0, 8, 7.965079365079365, 0.1
945, 7534.0, 7, 7.964059196617336, 0.1
946, 7541.0, 7, 7.963041182682154, 0.1
947, 7549.0, 8, 7.963080168776371, 0.1
948, 7556.0, 7, 7.962065331928345, 0.1
949, 7563.0, 7, 7.961052631578947, 0.1
950, 7571.0, 8, 7.961093585699264, 0.1
951, 7578.0, 7, 7.9600840336134455, 0.1
952, 7586.0, 8, 7.9601259181532, 0.1
953, 7592.0, 6, 7.9580712788259955, 0.1
954, 7600.0, 8, 7.958115183246074, 0.1
955, 7607.0, 7, 7.957112970711297, 0.1
956, 7614.0, 7, 7.956112852664577, 0.1
957, 7621.0, 7, 7.955114822546973, 0.1
958, 7628.0, 7, 7.954118873826903, 0.1
959, 7635.0, 7, 7.953125, 0.1
960, 7642.0, 7, 7.95213319458897, 0.1
961, 7649.0, 7, 7.951143451143452, 0.1
962, 7654.0, 5, 7.948078920041537, 0.1
963, 7661.0, 7, 7.9470954356846475, 0.1
964, 7669.0, 8, 7.9471502590673575, 0.1
965, 7676.0, 7, 7.946169772256729, 0.1
966, 7682.0, 6, 7.9441571871768355, 0.1
967, 7689.0, 7, 7.943181818181818, 0.1
968, 7697.0, 8, 7.943240454076367, 0.1
969, 7704.0, 7, 7.942268041237114, 0.1
970, 7712.0, 8, 7.942327497425334, 0.1
971, 7719.0, 7, 7.941358024691358, 0.1
972, 7726.0, 7, 7.940390544707092, 0.1
973, 7734.0, 8, 7.940451745379876, 0.1
974, 7741.0, 7, 7.9394871794871795, 0.1
975, 7749.0, 8, 7.939549180327869, 0.1
976, 7756.0, 7, 7.938587512794268, 0.1
977, 7763.0, 7, 7.937627811860941, 0.1
978, 7771.0, 8, 7.9376915219611845, 0.1
979, 7778.0, 7, 7.936734693877551, 0.1
980, 7786.0, 8, 7.936799184505607, 0.1
981, 7793.0, 7, 7.935845213849287, 0.1
982, 7801.0, 8, 7.935910478128179, 0.1
983, 7808.0, 7, 7.934959349593496, 0.1
984, 7816.0, 8, 7.93502538071066, 0.1
985, 7824.0, 8, 7.935091277890466, 0.1
986, 7832.0, 8, 7.9351570415400206, 0.1
987, 7839.0, 7, 7.934210526315789, 0.1
988, 7846.0, 7, 7.933265925176946, 0.1
989, 7851.0, 5, 7.930303030303031, 0.1
990, 7859.0, 8, 7.9303733602421795, 0.1
991, 7866.0, 7, 7.929435483870968, 0.1
992, 7873.0, 7, 7.928499496475327, 0.1
993, 7880.0, 7, 7.927565392354125, 0.1
994, 7887.0, 7, 7.926633165829146, 0.1
995, 7895.0, 8, 7.926706827309237, 0.1
996, 7903.0, 8, 7.926780341023069, 0.1
997, 7909.0, 6, 7.924849699398798, 0.1
998, 7915.0, 6, 7.922922922922923, 0.1
999, 7923.0, 8, 7.923, 0.1
1000, 7931.0, 8, 7.923076923076923, 0.1
1001, 7938.0, 7, 7.922155688622754, 0.1
1002, 7946.0, 8, 7.922233300099701, 0.1
1003, 7953.0, 7, 7.921314741035856, 0.1
1004, 7960.0, 7, 7.920398009950249, 0.1
1005, 7967.0, 7, 7.91948310139165, 0.1
1006, 7975.0, 8, 7.919563058589871, 0.1
1007, 7981.0, 6, 7.91765873015873, 0.1
1008, 7987.0, 6, 7.9157581764122895, 0.1
1009, 7994.0, 7, 7.914851485148515, 0.1
1010, 8002.0, 8, 7.9149357072205735, 0.1
1011, 8009.0, 7, 7.914031620553359, 0.1
1012, 8017.0, 8, 7.914116485686081, 0.1
1013, 8024.0, 7, 7.913214990138067, 0.1
1014, 8030.0, 6, 7.911330049261084, 0.1
1015, 8036.0, 6, 7.909448818897638, 0.1
1016, 8044.0, 8, 7.909537856440512, 0.1
1017, 8051.0, 7, 7.908644400785855, 0.1
1018, 8059.0, 8, 7.908734052993131, 0.1
1019, 8067.0, 8, 7.908823529411765, 0.1
1020, 8074.0, 7, 7.907933398628796, 0.1
1021, 8081.0, 7, 7.907045009784736, 0.1
1022, 8082.0, 1, 7.900293255131965, 0.1
1023, 8088.0, 6, 7.8984375, 0.1
1024, 8095.0, 7, 7.897560975609756, 0.1
1025, 8102.0, 7, 7.896686159844054, 0.1
1026, 8108.0, 6, 7.894839337877313, 0.1
1027, 8115.0, 7, 7.893968871595331, 0.1
1028, 8120.0, 5, 7.891156462585034, 0.1
1029, 8127.0, 7, 7.890291262135922, 0.1
1030, 8128.0, 1, 7.88360814742968, 0.1
1031, 8135.0, 7, 7.882751937984496, 0.1
1032, 8142.0, 7, 7.88189738625363, 0.1
1033, 8150.0, 8, 7.882011605415861, 0.1
1034, 8158.0, 8, 7.8821256038647345, 0.1
1035, 8166.0, 8, 7.882239382239383, 0.1
1036, 8174.0, 8, 7.882352941176471, 0.1
1037, 8180.0, 6, 7.880539499036609, 0.1
1038, 8188.0, 8, 7.88065447545717, 0.1
1039, 8196.0, 8, 7.880769230769231, 0.1
1040, 8204.0, 8, 7.88088376560999, 0.1
1041, 8212.0, 8, 7.880998080614203, 0.1
1042, 8218.0, 6, 7.879194630872483, 0.1
1043, 8226.0, 8, 7.879310344827586, 0.1
1044, 8234.0, 8, 7.879425837320574, 0.1
1045, 8242.0, 8, 7.879541108986616, 0.1
1046, 8249.0, 7, 7.878701050620822, 0.1
1047, 8257.0, 8, 7.8788167938931295, 0.1
1048, 8258.0, 1, 7.872259294566254, 0.1
1049, 8263.0, 5, 7.86952380952381, 0.1
1050, 8271.0, 8, 7.86964795432921, 0.1
1051, 8273.0, 2, 7.864068441064639, 0.1
1052, 8277.0, 4, 7.860398860398861, 0.1
1053, 8284.0, 7, 7.859582542694497, 0.1
1054, 8290.0, 6, 7.85781990521327, 0.1
1055, 8297.0, 7, 7.857007575757576, 0.1
1056, 8297.0, 0, 7.84957426679281, 0.1
1057, 8304.0, 7, 7.848771266540643, 0.1
1058, 8312.0, 8, 7.848914069877242, 0.1
1059, 8316.0, 4, 7.845283018867924, 0.1
1060, 8323.0, 7, 7.844486333647502, 0.1
1061, 8331.0, 8, 7.844632768361582, 0.1
1062, 8337.0, 6, 7.842897460018815, 0.1
1063, 8344.0, 7, 7.842105263157895, 0.1
1064, 8352.0, 8, 7.842253521126761, 0.1
1065, 8360.0, 8, 7.842401500938086, 0.1
1066, 8367.0, 7, 7.841611996251172, 0.1
1067, 8375.0, 8, 7.841760299625468, 0.1
1068, 8383.0, 8, 7.841908325537886, 0.1
1069, 8390.0, 7, 7.841121495327103, 0.1
1070, 8397.0, 7, 7.840336134453781, 0.1
1071, 8405.0, 8, 7.840485074626866, 0.1
1072, 8413.0, 8, 7.8406337371854615, 0.1
1073, 8420.0, 7, 7.839851024208566, 0.1
1074, 8427.0, 7, 7.839069767441861, 0.1
1075, 8433.0, 6, 7.837360594795539, 0.1
1076, 8440.0, 7, 7.836583101207057, 0.1
1077, 8447.0, 7, 7.835807050092765, 0.1
1078, 8455.0, 8, 7.8359592215013905, 0.1
1079, 8461.0, 6, 7.83425925925926, 0.1
1080, 8469.0, 8, 7.834412580943571, 0.1
1081, 8476.0, 7, 7.833641404805915, 0.1
1082, 8484.0, 8, 7.833795013850415, 0.1
1083, 8492.0, 8, 7.833948339483395, 0.1
1084, 8500.0, 8, 7.8341013824884795, 0.1
1085, 8507.0, 7, 7.833333333333333, 0.1
1086, 8515.0, 8, 7.833486660533579, 0.1
1087, 8523.0, 8, 7.833639705882353, 0.1
1088, 8530.0, 7, 7.83287419651056, 0.1
1089, 8536.0, 6, 7.8311926605504585, 0.1
1090, 8544.0, 8, 7.83134738771769, 0.1
1091, 8547.0, 3, 7.826923076923077, 0.1
1092, 8550.0, 3, 7.822506861848124, 0.1
1093, 8558.0, 8, 7.822669104204754, 0.1
1094, 8564.0, 6, 7.821004566210045, 0.1
1095, 8571.0, 7, 7.820255474452555, 0.1
1096, 8579.0, 8, 7.820419325432999, 0.1
1097, 8583.0, 4, 7.816939890710382, 0.1
1098, 8591.0, 8, 7.817106460418563, 0.1
1099, 8598.0, 7, 7.816363636363636, 0.1
1100, 8598.0, 0, 7.809264305177112, 0.1
1101, 8606.0, 8, 7.809437386569873, 0.1
1102, 8613.0, 7, 7.808703535811423, 0.1
1103, 8620.0, 7, 7.807971014492754, 0.1
1104, 8627.0, 7, 7.807239819004525, 0.1
1105, 8634.0, 7, 7.806509945750452, 0.1
1106, 8642.0, 8, 7.806684733514002, 0.1
1107, 8649.0, 7, 7.805956678700361, 0.1
1108, 8656.0, 7, 7.805229936880072, 0.1
1109, 8661.0, 5, 7.802702702702702, 0.1
1110, 8666.0, 5, 7.8001800180018, 0.1
1111, 8673.0, 7, 7.799460431654676, 0.1
1112, 8680.0, 7, 7.79874213836478, 0.1
1113, 8681.0, 1, 7.792639138240575, 0.1
1114, 8689.0, 8, 7.792825112107623, 0.1
1115, 8696.0, 7, 7.792114695340501, 0.1
1116, 8701.0, 5, 7.789615040286481, 0.1
1117, 8708.0, 7, 7.788908765652952, 0.1
1118, 8715.0, 7, 7.7882037533512065, 0.1
1119, 8722.0, 7, 7.7875, 0.1
1120, 8730.0, 8, 7.787689562890277, 0.1
1121, 8737.0, 7, 7.78698752228164, 0.1
1122, 8745.0, 8, 7.787177203918077, 0.1
1123, 8752.0, 7, 7.786476868327402, 0.1
1124, 8758.0, 6, 7.784888888888889, 0.1
1125, 8765.0, 7, 7.784191829484902, 0.1
1126, 8772.0, 7, 7.783496007098492, 0.1
1127, 8779.0, 7, 7.782801418439717, 0.1
1128, 8785.0, 6, 7.781222320637733, 0.1
1129, 8792.0, 7, 7.780530973451327, 0.1
1130, 8799.0, 7, 7.779840848806366, 0.1
1131, 8807.0, 8, 7.780035335689046, 0.1
1132, 8811.0, 4, 7.776699029126213, 0.1
1133, 8818.0, 7, 7.776014109347443, 0.1
1134, 8823.0, 5, 7.773568281938326, 0.1
1135, 8831.0, 8, 7.773767605633803, 0.1
1136, 8837.0, 6, 7.772207563764292, 0.1
1137, 8844.0, 7, 7.77152899824253, 0.1
1138, 8851.0, 7, 7.770851624231782, 0.1
1139, 8858.0, 7, 7.770175438596492, 0.1
1140, 8864.0, 6, 7.768624014022787, 0.1
1141, 8871.0, 7, 7.767950963222416, 0.1
1142, 8877.0, 6, 7.766404199475065, 0.1
1143, 8884.0, 7, 7.765734265734266, 0.1
1144, 8891.0, 7, 7.765065502183406, 0.1
1145, 8897.0, 6, 7.7635253054101225, 0.1
1146, 8904.0, 7, 7.762859633827376, 0.1
1147, 8912.0, 8, 7.7630662020905925, 0.1
1148, 8919.0, 7, 7.762402088772846, 0.1
1149, 8926.0, 7, 7.7617391304347825, 0.1
1150, 8932.0, 6, 7.7602085143353605, 0.1
1151, 8939.0, 7, 7.759548611111111, 0.1
1152, 8945.0, 6, 7.758022549869905, 0.1
1153, 8952.0, 7, 7.75736568457539, 0.1
1154, 8957.0, 5, 7.754978354978355, 0.1
1155, 8963.0, 6, 7.753460207612457, 0.1
1156, 8971.0, 8, 7.753673292999136, 0.1
1157, 8978.0, 7, 7.753022452504318, 0.1
1158, 8983.0, 5, 7.750647109577222, 0.1
1159, 8990.0, 7, 7.75, 0.1
1160, 8998.0, 8, 7.75021533161068, 0.1
1161, 9006.0, 8, 7.750430292598967, 0.1
1162, 9014.0, 8, 7.750644883920894, 0.1
1163, 9021.0, 7, 7.75, 0.1
1164, 9027.0, 6, 7.748497854077253, 0.1
1165, 9035.0, 8, 7.748713550600343, 0.1
1166, 9042.0, 7, 7.748071979434448, 0.1
1167, 9050.0, 8, 7.748287671232877, 0.1
1168, 9058.0, 8, 7.748502994011976, 0.1
1169, 9066.0, 8, 7.748717948717949, 0.1
1170, 9074.0, 8, 7.748932536293766, 0.1
1171, 9081.0, 7, 7.748293515358362, 0.1
1172, 9088.0, 7, 7.74765558397272, 0.1
1173, 9096.0, 8, 7.747870528109029, 0.1
1174, 9101.0, 5, 7.745531914893617, 0.1
1175, 9101.0, 0, 7.738945578231292, 0.1
1176, 9109.0, 8, 7.739167374681394, 0.1
1177, 9116.0, 7, 7.738539898132428, 0.1
1178, 9121.0, 5, 7.736217133163698, 0.1
1179, 9129.0, 8, 7.736440677966102, 0.1
1180, 9136.0, 7, 7.735817104149026, 0.1
1181, 9144.0, 8, 7.7360406091370555, 0.1
1182, 9149.0, 5, 7.733727810650888, 0.1
1183, 9157.0, 8, 7.733952702702703, 0.1
1184, 9164.0, 7, 7.733333333333333, 0.1
1185, 9170.0, 6, 7.7318718381112985, 0.1
1186, 9177.0, 7, 7.7312552653748945, 0.1
1187, 9184.0, 7, 7.730639730639731, 0.1
1188, 9189.0, 5, 7.72834314550042, 0.1
1189, 9196.0, 7, 7.727731092436975, 0.1
1190, 9203.0, 7, 7.727120067170445, 0.1
1191, 9211.0, 8, 7.727348993288591, 0.1
1192, 9219.0, 8, 7.7275775356244765, 0.1
1193, 9226.0, 7, 7.726968174204355, 0.1
1194, 9234.0, 8, 7.727196652719665, 0.1
1195, 9240.0, 6, 7.725752508361204, 0.1
1196, 9247.0, 7, 7.7251461988304095, 0.1
1197, 9254.0, 7, 7.724540901502504, 0.1
1198, 9262.0, 8, 7.724770642201835, 0.1
1199, 9269.0, 7, 7.724166666666667, 0.1
1200, 9274.0, 5, 7.721898417985012, 0.1
1201, 9281.0, 7, 7.721297836938436, 0.1
1202, 9287.0, 6, 7.719866999168745, 0.1
1203, 9294.0, 7, 7.719269102990033, 0.1
1204, 9301.0, 7, 7.718672199170125, 0.1
1205, 9309.0, 8, 7.718905472636816, 0.1
1206, 9317.0, 8, 7.71913835956918, 0.1
1207, 9324.0, 7, 7.718543046357616, 0.1
1208, 9331.0, 7, 7.717948717948718, 0.1
1209, 9338.0, 7, 7.717355371900826, 0.1
1210, 9345.0, 7, 7.716763005780347, 0.1
1211, 9352.0, 7, 7.7161716171617165, 0.1
1212, 9360.0, 8, 7.716405605935696, 0.1
1213, 9365.0, 5, 7.714168039538715, 0.1
1214, 9373.0, 8, 7.71440329218107, 0.1
1215, 9378.0, 5, 7.712171052631579, 0.1
1216, 9385.0, 7, 7.711585866885785, 0.1
1217, 9392.0, 7, 7.711001642036125, 0.1
1218, 9399.0, 7, 7.7104183757178015, 0.1
1219, 9407.0, 8, 7.710655737704918, 0.1
1220, 9414.0, 7, 7.7100737100737105, 0.1
1221, 9420.0, 6, 7.708674304418985, 0.1
1222, 9422.0, 2, 7.704006541291905, 0.1
1223, 9429.0, 7, 7.703431372549019, 0.1
1224, 9437.0, 8, 7.7036734693877555, 0.1
1225, 9444.0, 7, 7.703099510603589, 0.1
1226, 9452.0, 8, 7.703341483292584, 0.1
1227, 9460.0, 8, 7.703583061889251, 0.1
1228, 9467.0, 7, 7.703010577705451, 0.1
1229, 9473.0, 6, 7.701626016260162, 0.1
1230, 9481.0, 8, 7.701868399675061, 0.1
1231, 9489.0, 8, 7.7021103896103895, 0.1
1232, 9496.0, 7, 7.70154095701541, 0.1
1233, 9503.0, 7, 7.7009724473257695, 0.1
1234, 9511.0, 8, 7.701214574898786, 0.1
1235, 9518.0, 7, 7.700647249190938, 0.1
1236, 9526.0, 8, 7.700889248181083, 0.1
1237, 9532.0, 6, 7.69951534733441, 0.1
1238, 9538.0, 6, 7.698143664245359, 0.1
1239, 9543.0, 5, 7.695967741935484, 0.1
1240, 9550.0, 7, 7.695406929895245, 0.1
1241, 9555.0, 5, 7.693236714975845, 0.1
1242, 9563.0, 8, 7.693483507642799, 0.1
1243, 9571.0, 8, 7.693729903536977, 0.1
1244, 9577.0, 6, 7.6923694779116465, 0.1
1245, 9584.0, 7, 7.691813804173354, 0.1
1246, 9591.0, 7, 7.691259021651964, 0.1
1247, 9598.0, 7, 7.690705128205129, 0.1
1248, 9605.0, 7, 7.690152121697358, 0.1
1249, 9611.0, 6, 7.6888, 0.1
1250, 9619.0, 8, 7.689048760991207, 0.1
1251, 9626.0, 7, 7.68849840255591, 0.1
1252, 9634.0, 8, 7.688747007182761, 0.1
1253, 9641.0, 7, 7.688197767145136, 0.1
1254, 9648.0, 7, 7.687649402390438, 0.1
1255, 9656.0, 8, 7.687898089171974, 0.1
1256, 9662.0, 6, 7.6865552903739065, 0.1
1257, 9670.0, 8, 7.6868044515103335, 0.1
1258, 9678.0, 8, 7.687053216838761, 0.1
1259, 9686.0, 8, 7.6873015873015875, 0.1
1260, 9689.0, 3, 7.683584456780333, 0.1
1261, 9696.0, 7, 7.683042789223455, 0.1
1262, 9704.0, 8, 7.683293745051465, 0.1
1263, 9711.0, 7, 7.682753164556962, 0.1
1264, 9719.0, 8, 7.68300395256917, 0.1
1265, 9727.0, 8, 7.683254344391785, 0.1
1266, 9734.0, 7, 7.682715074980268, 0.1
1267, 9742.0, 8, 7.682965299684542, 0.1
1268, 9750.0, 8, 7.68321513002364, 0.1
1269, 9758.0, 8, 7.683464566929134, 0.1
1270, 9765.0, 7, 7.682926829268292, 0.1
1271, 9773.0, 8, 7.6831761006289305, 0.1
1272, 9780.0, 7, 7.682639434406913, 0.1
1273, 9787.0, 7, 7.682103610675039, 0.1
1274, 9793.0, 6, 7.68078431372549, 0.1
1275, 9800.0, 7, 7.6802507836990594, 0.1
1276, 9807.0, 7, 7.679718089271731, 0.1
1277, 9815.0, 8, 7.679968701095461, 0.1
1278, 9823.0, 8, 7.680218921032056, 0.1
1279, 9831.0, 8, 7.68046875, 0.1
1280, 9839.0, 8, 7.68071818891491, 0.1
1281, 9846.0, 7, 7.6801872074882995, 0.1
1282, 9854.0, 8, 7.680436477007015, 0.1
1283, 9861.0, 7, 7.679906542056075, 0.1
1284, 9868.0, 7, 7.679377431906615, 0.1
1285, 9876.0, 8, 7.679626749611198, 0.1
1286, 9880.0, 4, 7.6767676767676765, 0.1
1287, 9888.0, 8, 7.6770186335403725, 0.1
1288, 9896.0, 8, 7.677269200930954, 0.1
1289, 9904.0, 8, 7.677519379844961, 0.1
1290, 9911.0, 7, 7.676994577846631, 0.1
1291, 9917.0, 6, 7.675696594427245, 0.1
1292, 9925.0, 8, 7.6759474091260635, 0.1
1293, 9933.0, 8, 7.676197836166924, 0.1
1294, 9939.0, 6, 7.674903474903475, 0.1
1295, 9943.0, 4, 7.672067901234568, 0.1
1296, 9949.0, 6, 7.670778720123361, 0.1
1297, 9956.0, 7, 7.670261941448382, 0.1
1298, 9964.0, 8, 7.670515781370285, 0.1
1299, 9971.0, 7, 7.67, 0.1
1300, 9979.0, 8, 7.6702536510376635, 0.1
1301, 9985.0, 6, 7.668970814132105, 0.1
1302, 9993.0, 8, 7.669224865694551, 0.1
1303, 9995.0, 2, 7.664877300613497, 0.1
1304, 10003.0, 8, 7.665134099616858, 0.1
1305, 10005.0, 2, 7.660796324655436, 0.1
1306, 10013.0, 8, 7.661055853098699, 0.1
1307, 10020.0, 7, 7.660550458715596, 0.1
1308, 10025.0, 5, 7.6585179526355995, 0.1
1309, 10033.0, 8, 7.658778625954199, 0.1
1310, 10039.0, 6, 7.657513348588863, 0.1
1311, 10045.0, 6, 7.65625, 0.1
1312, 10053.0, 8, 7.656511805026656, 0.1
1313, 10061.0, 8, 7.6567732115677325, 0.1
1314, 10068.0, 7, 7.656273764258555, 0.1
1315, 10075.0, 7, 7.655775075987842, 0.1
1316, 10082.0, 7, 7.6552771450265755, 0.1
1317, 10090.0, 8, 7.655538694992413, 0.1
1318, 10092.0, 2, 7.651250947687642, 0.1
1319, 10098.0, 6, 7.65, 0.1
1320, 10104.0, 6, 7.6487509462528385, 0.1
1321, 10111.0, 7, 7.648260211800302, 0.1
1322, 10119.0, 8, 7.648526077097506, 0.1
1323, 10127.0, 8, 7.648791540785498, 0.1
1324, 10134.0, 7, 7.648301886792453, 0.1
1325, 10142.0, 8, 7.648567119155355, 0.1
1326, 10148.0, 6, 7.6473247927656365, 0.1
1327, 10155.0, 7, 7.6468373493975905, 0.1
1328, 10162.0, 7, 7.646350639578631, 0.1
1329, 10170.0, 8, 7.646616541353383, 0.1
1330, 10178.0, 8, 7.646882043576259, 0.1
1331, 10186.0, 8, 7.647147147147147, 0.1
1332, 10192.0, 6, 7.6459114778694675, 0.1
1333, 10199.0, 7, 7.645427286356822, 0.1
1334, 10207.0, 8, 7.645692883895131, 0.1
1335, 10215.0, 8, 7.645958083832335, 0.1
1336, 10223.0, 8, 7.646222887060583, 0.1
1337, 10227.0, 4, 7.643497757847534, 0.1
1338, 10235.0, 8, 7.643764002987304, 0.1
1339, 10242.0, 7, 7.643283582089552, 0.1
1340, 10250.0, 8, 7.643549589858314, 0.1
1341, 10258.0, 8, 7.64381520119225, 0.1
1342, 10264.0, 6, 7.64259121370067, 0.1
1343, 10272.0, 8, 7.642857142857143, 0.1
1344, 10280.0, 8, 7.643122676579925, 0.1
1345, 10287.0, 7, 7.642644873699852, 0.1
1346, 10293.0, 6, 7.641425389755011, 0.1
1347, 10300.0, 7, 7.640949554896142, 0.1
1348, 10308.0, 8, 7.6412157153447, 0.1
1349, 10315.0, 7, 7.640740740740741, 0.1
1350, 10323.0, 8, 7.6410066617320505, 0.1
1351, 10326.0, 3, 7.637573964497041, 0.1
1352, 10334.0, 8, 7.637841832963784, 0.1
1353, 10341.0, 7, 7.637370753323486, 0.1
1354, 10348.0, 7, 7.63690036900369, 0.1
1355, 10356.0, 8, 7.6371681415929205, 0.1
1356, 10364.0, 8, 7.637435519528371, 0.1
1357, 10371.0, 7, 7.636966126656849, 0.1
1358, 10377.0, 6, 7.635761589403973, 0.1
1359, 10385.0, 8, 7.636029411764706, 0.1
1360, 10392.0, 7, 7.635562086700955, 0.1
1361, 10400.0, 8, 7.63582966226138, 0.1
1362, 10408.0, 8, 7.636096845194424, 0.1
1363, 10415.0, 7, 7.635630498533724, 0.1
1364, 10415.0, 0, 7.6300366300366305, 0.1
1365, 10423.0, 8, 7.630307467057101, 0.1
1366, 10429.0, 6, 7.629114850036577, 0.1
1367, 10437.0, 8, 7.629385964912281, 0.1
1368, 10442.0, 5, 7.627465303140979, 0.1
1369, 10448.0, 6, 7.6262773722627735, 0.1
1370, 10455.0, 7, 7.62582056892779, 0.1
1371, 10462.0, 7, 7.62536443148688, 0.1
1372, 10470.0, 8, 7.625637290604516, 0.1
1373, 10477.0, 7, 7.625181950509462, 0.1
1374, 10484.0, 7, 7.624727272727273, 0.1
1375, 10491.0, 7, 7.624273255813954, 0.1
1376, 10499.0, 8, 7.624546114742193, 0.1
1377, 10506.0, 7, 7.6240928882438315, 0.1
1378, 10514.0, 8, 7.624365482233503, 0.1
1379, 10522.0, 8, 7.62463768115942, 0.1
1380, 10530.0, 8, 7.624909485879797, 0.1
1381, 10531.0, 1, 7.620115774240231, 0.1
1382, 10539.0, 8, 7.620390455531453, 0.1
1383, 10547.0, 8, 7.620664739884393, 0.1
1384, 10553.0, 6, 7.619494584837545, 0.1
1385, 10561.0, 8, 7.61976911976912, 0.1
1386, 10568.0, 7, 7.619322278298486, 0.1
1387, 10575.0, 7, 7.618876080691643, 0.1
1388, 10581.0, 6, 7.617710583153348, 0.1
1389, 10588.0, 7, 7.61726618705036, 0.1
1390, 10595.0, 7, 7.616822429906542, 0.1
1391, 10602.0, 7, 7.616379310344827, 0.1
1392, 10605.0, 3, 7.613065326633166, 0.1
1393, 10612.0, 7, 7.612625538020086, 0.1
1394, 10616.0, 4, 7.6100358422939065, 0.1
1395, 10624.0, 8, 7.610315186246418, 0.1
1396, 10632.0, 8, 7.6105941302791695, 0.1
1397, 10640.0, 8, 7.6108726752503575, 0.1
1398, 10647.0, 7, 7.610436025732666, 0.1
1399, 10655.0, 8, 7.610714285714286, 0.1
1400, 10657.0, 2, 7.606709493219129, 0.1
1401, 10665.0, 8, 7.606990014265335, 0.1
1402, 10669.0, 4, 7.604419101924448, 0.1
1403, 10674.0, 5, 7.602564102564102, 0.1
1404, 10675.0, 1, 7.597864768683274, 0.1
1405, 10676.0, 1, 7.593172119487909, 0.1
1406, 10682.0, 6, 7.592039800995025, 0.1
1407, 10683.0, 1, 7.587357954545454, 0.1
1408, 10691.0, 8, 7.587650816181689, 0.1
1409, 10697.0, 6, 7.5865248226950355, 0.1
1410, 10698.0, 1, 7.5818568391211905, 0.1
1411, 10705.0, 7, 7.581444759206799, 0.1
1412, 10712.0, 7, 7.581033262561925, 0.1
1413, 10716.0, 4, 7.578500707213578, 0.1
1414, 10724.0, 8, 7.5787985865724385, 0.1
1415, 10732.0, 8, 7.5790960451977405, 0.1
1416, 10740.0, 8, 7.57939308398024, 0.1
1417, 10748.0, 8, 7.579689703808181, 0.1
1418, 10756.0, 8, 7.579985905567301, 0.1
1419, 10760.0, 4, 7.577464788732394, 0.1
1420, 10767.0, 7, 7.577058409570725, 0.1
1421, 10773.0, 6, 7.575949367088608, 0.1
1422, 10780.0, 7, 7.575544624033731, 0.1
1423, 10787.0, 7, 7.575140449438202, 0.1
1424, 10794.0, 7, 7.574736842105263, 0.1
1425, 10802.0, 8, 7.575035063113605, 0.1
1426, 10808.0, 6, 7.573931324456902, 0.1
1427, 10814.0, 6, 7.572829131652661, 0.1
1428, 10819.0, 5, 7.571028691392582, 0.1
1429, 10826.0, 7, 7.570629370629371, 0.1
1430, 10831.0, 5, 7.568832983927323, 0.1
1431, 10839.0, 8, 7.569134078212291, 0.1
1432, 10846.0, 7, 7.568736915561758, 0.1
1433, 10852.0, 6, 7.5676429567642955, 0.1
1434, 10854.0, 2, 7.563763066202091, 0.1
1435, 10860.0, 6, 7.562674094707521, 0.1
1436, 10867.0, 7, 7.562282533054976, 0.1
1437, 10874.0, 7, 7.561891515994437, 0.1
1438, 10882.0, 8, 7.56219596942321, 0.1
1439, 10890.0, 8, 7.5625, 0.1
1440, 10892.0, 2, 7.558639833448994, 0.1
1441, 10900.0, 8, 7.558945908460472, 0.1
1442, 10907.0, 7, 7.558558558558558, 0.1
1443, 10914.0, 7, 7.558171745152355, 0.1
1444, 10921.0, 7, 7.557785467128028, 0.1
1445, 10928.0, 7, 7.557399723374827, 0.1
1446, 10935.0, 7, 7.557014512785073, 0.1
1447, 10943.0, 8, 7.55732044198895, 0.1
1448, 10950.0, 7, 7.556935817805383, 0.1
1449, 10958.0, 8, 7.557241379310345, 0.1
1450, 10966.0, 8, 7.557546519641626, 0.1
1451, 10973.0, 7, 7.557162534435261, 0.1
1452, 10979.0, 6, 7.556090846524432, 0.1
1453, 10986.0, 7, 7.555708390646492, 0.1
1454, 10994.0, 8, 7.556013745704467, 0.1
1455, 11000.0, 6, 7.554945054945055, 0.1
1456, 11008.0, 8, 7.555250514756349, 0.1
1457, 11012.0, 4, 7.55281207133059, 0.1
1458, 11019.0, 7, 7.552433173406443, 0.1
1459, 11027.0, 8, 7.552739726027397, 0.1
1460, 11035.0, 8, 7.553045859000685, 0.1
1461, 11043.0, 8, 7.553351573187414, 0.1
1462, 11051.0, 8, 7.5536568694463435, 0.1
1463, 11059.0, 8, 7.5539617486338795, 0.1
1464, 11066.0, 7, 7.5535836177474405, 0.1
1465, 11074.0, 8, 7.553888130968622, 0.1
1466, 11081.0, 7, 7.553510565780504, 0.1
1467, 11089.0, 8, 7.5538147138964575, 0.1
1468, 11097.0, 8, 7.5541184479237575, 0.1
1469, 11105.0, 8, 7.554421768707483, 0.1
1470, 11113.0, 8, 7.554724677090415, 0.1
1471, 11121.0, 8, 7.555027173913044, 0.1
1472, 11128.0, 7, 7.554650373387644, 0.1
1473, 11134.0, 6, 7.55359565807327, 0.1
1474, 11140.0, 6, 7.552542372881356, 0.1
1475, 11148.0, 8, 7.5528455284552845, 0.1
1476, 11156.0, 8, 7.5531482735274205, 0.1
1477, 11163.0, 7, 7.55277401894452, 0.1
1478, 11170.0, 7, 7.552400270453009, 0.1
1479, 11170.0, 0, 7.547297297297297, 0.1
1480, 11177.0, 7, 7.546927751519243, 0.1
1481, 11185.0, 8, 7.5472334682861, 0.1
1482, 11191.0, 6, 7.546190155091032, 0.1
1483, 11197.0, 6, 7.545148247978437, 0.1
1484, 11205.0, 8, 7.545454545454546, 0.1
1485, 11212.0, 7, 7.545087483176312, 0.1
1486, 11220.0, 8, 7.545393409549428, 0.1
1487, 11223.0, 3, 7.542338709677419, 0.1
1488, 11225.0, 2, 7.538616521155138, 0.1
1489, 11233.0, 8, 7.538926174496645, 0.1
1490, 11241.0, 8, 7.5392354124748495, 0.1
1491, 11247.0, 6, 7.5382037533512065, 0.1
1492, 11255.0, 8, 7.5385130609511055, 0.1
1493, 11262.0, 7, 7.538152610441767, 0.1
1494, 11268.0, 6, 7.537123745819398, 0.1
1495, 11276.0, 8, 7.537433155080214, 0.1
1496, 11276.0, 0, 7.532398129592519, 0.1
1497, 11284.0, 8, 7.5327102803738315, 0.1
1498, 11292.0, 8, 7.533022014676451, 0.1
1499, 11300.0, 8, 7.533333333333333, 0.1
1500, 11307.0, 7, 7.532978014656895, 0.1
1501, 11315.0, 8, 7.533288948069241, 0.1
1502, 11322.0, 7, 7.532934131736527, 0.1
1503, 11329.0, 7, 7.5325797872340425, 0.1
1504, 11337.0, 8, 7.532890365448505, 0.1
1505, 11345.0, 8, 7.533200531208499, 0.1
1506, 11348.0, 3, 7.530192435301925, 0.1
1507, 11356.0, 8, 7.530503978779841, 0.1
1508, 11363.0, 7, 7.5301524188204105, 0.1
1509, 11371.0, 8, 7.53046357615894, 0.1
1510, 11378.0, 7, 7.530112508272667, 0.1
1511, 11386.0, 8, 7.53042328042328, 0.1
1512, 11394.0, 8, 7.530733641771315, 0.1
1513, 11402.0, 8, 7.5310435931307795, 0.1
1514, 11409.0, 7, 7.53069306930693, 0.1
1515, 11417.0, 8, 7.531002638522428, 0.1
1516, 11424.0, 7, 7.530652603823335, 0.1
1517, 11432.0, 8, 7.530961791831357, 0.1
1518, 11434.0, 2, 7.527320605661619, 0.1
1519, 11442.0, 8, 7.527631578947369, 0.1
1520, 11450.0, 8, 7.527942143326759, 0.1
1521, 11458.0, 8, 7.528252299605782, 0.1
1522, 11465.0, 7, 7.5279054497701905, 0.1
1523, 11473.0, 8, 7.528215223097113, 0.1
1524, 11479.0, 6, 7.527213114754098, 0.1
1525, 11486.0, 7, 7.526867627785059, 0.1
1526, 11493.0, 7, 7.5265225933202355, 0.1
1527, 11499.0, 6, 7.525523560209424, 0.1
1528, 11506.0, 7, 7.525179856115108, 0.1
1529, 11507.0, 1, 7.5209150326797385, 0.1
1530, 11509.0, 2, 7.517308948399739, 0.1
1531, 11513.0, 4, 7.515013054830288, 0.1
1532, 11520.0, 7, 7.514677103718199, 0.1
1533, 11528.0, 8, 7.514993481095176, 0.1
1534, 11536.0, 8, 7.515309446254071, 0.1
1535, 11544.0, 8, 7.515625, 0.1
1536, 11551.0, 7, 7.5152895250487965, 0.1
1537, 11556.0, 5, 7.513654096228868, 0.1
1538, 11564.0, 8, 7.513970110461338, 0.1
1539, 11572.0, 8, 7.514285714285714, 0.1
1540, 11579.0, 7, 7.513951979234263, 0.1
1541, 11587.0, 8, 7.514267185473411, 0.1
1542, 11594.0, 7, 7.513933895009721, 0.1
1543, 11597.0, 3, 7.5110103626943, 0.1
1544, 11597.0, 0, 7.506148867313916, 0.1
1545, 11604.0, 7, 7.505821474773609, 0.1
1546, 11611.0, 7, 7.5054945054945055, 0.1
1547, 11619.0, 8, 7.505813953488372, 0.1
1548, 11623.0, 4, 7.503550677856682, 0.1
1549, 11631.0, 8, 7.5038709677419355, 0.1
1550, 11639.0, 8, 7.504190844616376, 0.1
1551, 11639.0, 0, 7.499355670103093, 0.1
1552, 11641.0, 2, 7.4958145524790725, 0.1
1553, 11644.0, 3, 7.492921492921493, 0.1
1554, 11652.0, 8, 7.493247588424437, 0.1
1555, 11658.0, 6, 7.492287917737789, 0.1
1556, 11664.0, 6, 7.491329479768786, 0.1
1557, 11671.0, 7, 7.491014120667522, 0.1
1558, 11674.0, 3, 7.488133418858243, 0.1
1559, 11680.0, 6, 7.487179487179487, 0.1
1560, 11687.0, 7, 7.486867392696989, 0.1
1561, 11687.0, 0, 7.482074263764405, 0.1
1562, 11694.0, 7, 7.481765834932822, 0.1
1563, 11702.0, 8, 7.482097186700767, 0.1
1564, 11710.0, 8, 7.482428115015974, 0.1
1565, 11717.0, 7, 7.482120051085569, 0.1
1566, 11720.0, 3, 7.479259731971921, 0.1
1567, 11728.0, 8, 7.479591836734694, 0.1
1568, 11732.0, 4, 7.477374123645634, 0.1
1569, 11738.0, 6, 7.476433121019109, 0.1
1570, 11744.0, 6, 7.475493316359007, 0.1
1571, 11752.0, 8, 7.475826972010178, 0.1
1572, 11756.0, 4, 7.47361729179911, 0.1
1573, 11759.0, 3, 7.4707750952986025, 0.1
1574, 11765.0, 6, 7.46984126984127, 0.1
1575, 11772.0, 7, 7.469543147208122, 0.1
1576, 11777.0, 5, 7.467977171845276, 0.1
1577, 11785.0, 8, 7.468314321926489, 0.1
1578, 11791.0, 6, 7.467384420519316, 0.1
1579, 11799.0, 8, 7.467721518987342, 0.1
1580, 11806.0, 7, 7.467425679949399, 0.1
1581, 11812.0, 6, 7.466498103666245, 0.1
1582, 11818.0, 6, 7.465571699305117, 0.1
1583, 11825.0, 7, 7.465277777777778, 0.1
1584, 11830.0, 5, 7.4637223974763405, 0.1
1585, 11836.0, 6, 7.462799495586381, 0.1
1586, 11844.0, 8, 7.463137996219282, 0.1
1587, 11851.0, 7, 7.462846347607053, 0.1
1588, 11856.0, 5, 7.461296412838263, 0.1
1589, 11857.0, 1, 7.457232704402515, 0.1
1590, 11864.0, 7, 7.456945317410434, 0.1
1591, 11872.0, 8, 7.457286432160804, 0.1
1592, 11879.0, 7, 7.45699937225361, 0.1
1593, 11887.0, 8, 7.457340025094103, 0.1
1594, 11895.0, 8, 7.4576802507836994, 0.1
1595, 11903.0, 8, 7.458020050125313, 0.1
1596, 11911.0, 8, 7.45835942391985, 0.1
1597, 11918.0, 7, 7.458072590738423, 0.1
1598, 11918.0, 0, 7.453408380237649, 0.1
1599, 11924.0, 6, 7.4525, 0.1
1600, 11928.0, 4, 7.450343535290443, 0.1
1601, 11936.0, 8, 7.450686641697878, 0.1
1602, 11942.0, 6, 7.449781659388647, 0.1
1603, 11942.0, 0, 7.445137157107232, 0.1
1604, 11948.0, 6, 7.44423676012461, 0.1
1605, 11954.0, 6, 7.443337484433375, 0.1
1606, 11962.0, 8, 7.443683883011824, 0.1
1607, 11969.0, 7, 7.443407960199005, 0.1
1608, 11977.0, 8, 7.443753884400248, 0.1
1609, 11984.0, 7, 7.443478260869565, 0.1
1610, 11991.0, 7, 7.443202979515829, 0.1
1611, 11999.0, 8, 7.443548387096774, 0.1
1612, 12006.0, 7, 7.443273403595784, 0.1
1613, 12013.0, 7, 7.442998760842627, 0.1
1614, 12021.0, 8, 7.443343653250774, 0.1
1615, 12028.0, 7, 7.443069306930693, 0.1
1616, 12036.0, 8, 7.4434137291280145, 0.1
1617, 12042.0, 6, 7.442521631644005, 0.1
1618, 12047.0, 5, 7.441012970969735, 0.1
1619, 12054.0, 7, 7.440740740740741, 0.1
1620, 12060.0, 6, 7.439851943244911, 0.1
1621, 12067.0, 7, 7.439580764488286, 0.1
1622, 12075.0, 8, 7.43992606284658, 0.1
1623, 12083.0, 8, 7.440270935960591, 0.1
1624, 12090.0, 7, 7.44, 0.1
1625, 12098.0, 8, 7.440344403444034, 0.1
1626, 12103.0, 5, 7.438844499078058, 0.1
1627, 12110.0, 7, 7.438574938574939, 0.1
1628, 12117.0, 7, 7.4383057090239415, 0.1
1629, 12123.0, 6, 7.4374233128834355, 0.1
1630, 12130.0, 7, 7.437155119558553, 0.1
1631, 12138.0, 8, 7.4375, 0.1
1632, 12146.0, 8, 7.4378444580526635, 0.1
1633, 12151.0, 5, 7.436352509179927, 0.1
1634, 12158.0, 7, 7.436085626911315, 0.1
1635, 12162.0, 4, 7.43398533007335, 0.1
1636, 12170.0, 8, 7.434331093463653, 0.1
1637, 12176.0, 6, 7.433455433455434, 0.1
1638, 12184.0, 8, 7.433801098230629, 0.1
1639, 12191.0, 7, 7.433536585365854, 0.1
1640, 12198.0, 7, 7.43327239488117, 0.1
1641, 12205.0, 7, 7.433008526187576, 0.1
1642, 12213.0, 8, 7.433353621424224, 0.1
1643, 12220.0, 7, 7.4330900243309, 0.1
1644, 12227.0, 7, 7.432826747720365, 0.1
1645, 12235.0, 8, 7.433171324422843, 0.1
1646, 12243.0, 8, 7.43351548269581, 0.1
1647, 12249.0, 6, 7.432645631067961, 0.1
1648, 12256.0, 7, 7.432383262583384, 0.1
1649, 12262.0, 6, 7.431515151515152, 0.1
1650, 12270.0, 8, 7.431859479103574, 0.1
1651, 12276.0, 6, 7.4309927360774815, 0.1
1652, 12284.0, 8, 7.431336963097399, 0.1
1653, 12291.0, 7, 7.4310761789600965, 0.1
1654, 12299.0, 8, 7.431419939577039, 0.1
1655, 12303.0, 4, 7.429347826086956, 0.1
1656, 12311.0, 8, 7.429692214846107, 0.1
1657, 12314.0, 3, 7.427020506634499, 0.1
1658, 12317.0, 3, 7.424352019288728, 0.1
1659, 12325.0, 8, 7.424698795180723, 0.1
1660, 12333.0, 8, 7.425045153521975, 0.1
1661, 12341.0, 8, 7.425391095066185, 0.1
1662, 12342.0, 1, 7.421527360192424, 0.1
1663, 12348.0, 6, 7.420673076923077, 0.1
1664, 12353.0, 5, 7.419219219219219, 0.1
1665, 12359.0, 6, 7.418367346938775, 0.1
1666, 12367.0, 8, 7.418716256748651, 0.1
1667, 12375.0, 8, 7.419064748201439, 0.1
1668, 12383.0, 8, 7.419412822049131, 0.1
1669, 12391.0, 8, 7.4197604790419165, 0.1
1670, 12397.0, 6, 7.418910831837223, 0.1
1671, 12403.0, 6, 7.418062200956938, 0.1
1672, 12407.0, 4, 7.416019127316199, 0.1
1673, 12415.0, 8, 7.41636798088411, 0.1
1674, 12421.0, 6, 7.415522388059702, 0.1
1675, 12429.0, 8, 7.415871121718377, 0.1
1676, 12435.0, 6, 7.415026833631485, 0.1
1677, 12438.0, 3, 7.412395709177592, 0.1
1678, 12444.0, 6, 7.411554496724241, 0.1
1679, 12451.0, 7, 7.411309523809524, 0.1
1680, 12459.0, 8, 7.411659726353361, 0.1
1681, 12464.0, 5, 7.410225921521998, 0.1
1682, 12471.0, 7, 7.409982174688057, 0.1
1683, 12478.0, 7, 7.409738717339668, 0.1
1684, 12485.0, 7, 7.4094955489614245, 0.1
1685, 12487.0, 2, 7.406287069988138, 0.1
1686, 12493.0, 6, 7.405453467694132, 0.1
1687, 12500.0, 7, 7.4052132701421804, 0.1
1688, 12508.0, 8, 7.405565423327412, 0.1
1689, 12515.0, 7, 7.405325443786983, 0.1
1690, 12518.0, 3, 7.4027202838557065, 0.1
1691, 12525.0, 7, 7.402482269503546, 0.1
1692, 12530.0, 5, 7.401063201417602, 0.1
1693, 12536.0, 6, 7.400236127508855, 0.1
1694, 12544.0, 8, 7.400589970501475, 0.1
1695, 12552.0, 8, 7.400943396226415, 0.1
1696, 12559.0, 7, 7.400707130229818, 0.1
1697, 12566.0, 7, 7.400471142520613, 0.1
1698, 12574.0, 8, 7.4008240141259565, 0.1
1699, 12579.0, 5, 7.399411764705882, 0.1
1700, 12585.0, 6, 7.398589065255732, 0.1
1701, 12593.0, 8, 7.398942420681551, 0.1
1702, 12600.0, 7, 7.39870816206694, 0.1
1703, 12608.0, 8, 7.39906103286385, 0.1
1704, 12615.0, 7, 7.39882697947214, 0.1
1705, 12621.0, 6, 7.398007033997655, 0.1
1706, 12629.0, 8, 7.3983596953719974, 0.1
1707, 12636.0, 7, 7.398126463700234, 0.1
1708, 12643.0, 7, 7.397893504973669, 0.1
1709, 12650.0, 7, 7.39766081871345, 0.1
1710, 12658.0, 8, 7.398012857977791, 0.1
1711, 12665.0, 7, 7.397780373831775, 0.1
1712, 12670.0, 5, 7.396380618797432, 0.1
1713, 12678.0, 8, 7.396732788798133, 0.1
1714, 12685.0, 7, 7.396501457725948, 0.1
1715, 12693.0, 8, 7.396853146853147, 0.1
1716, 12701.0, 8, 7.397204426324985, 0.1
1717, 12708.0, 7, 7.3969732246798605, 0.1
1718, 12716.0, 8, 7.397324025596277, 0.1
1719, 12722.0, 6, 7.3965116279069765, 0.1
1720, 12728.0, 6, 7.395700174317257, 0.1
1721, 12735.0, 7, 7.395470383275262, 0.1
1722, 12741.0, 6, 7.394660475914104, 0.1
1723, 12742.0, 1, 7.390951276102088, 0.1
1724, 12749.0, 7, 7.390724637681159, 0.1
1725, 12755.0, 6, 7.38991888760139, 0.1
1726, 12763.0, 8, 7.390272148233931, 0.1
1727, 12769.0, 6, 7.389467592592593, 0.1
1728, 12774.0, 5, 7.388085598611914, 0.1
1729, 12782.0, 8, 7.388439306358381, 0.1
1730, 12788.0, 6, 7.3876372039283655, 0.1
1731, 12795.0, 7, 7.387413394919169, 0.1
1732, 12801.0, 6, 7.386612810155799, 0.1
1733, 12809.0, 8, 7.386966551326413, 0.1
1734, 12817.0, 8, 7.3873198847262245, 0.1
1735, 12824.0, 7, 7.387096774193548, 0.1
1736, 12832.0, 8, 7.387449625791595, 0.1
1737, 12836.0, 4, 7.385500575373993, 0.1
1738, 12843.0, 7, 7.385278895917194, 0.1
1739, 12851.0, 8, 7.385632183908046, 0.1
1740, 12858.0, 7, 7.385410683515222, 0.1
1741, 12860.0, 2, 7.38231917336395, 0.1
1742, 12868.0, 8, 7.38267355134825, 0.1
1743, 12872.0, 4, 7.3807339449541285, 0.1
1744, 12879.0, 7, 7.3805157593123205, 0.1
1745, 12886.0, 7, 7.380297823596793, 0.1
1746, 12893.0, 7, 7.380080137378363, 0.1
1747, 12900.0, 7, 7.379862700228833, 0.1
1748, 12904.0, 4, 7.377930245854774, 0.1
1749, 12912.0, 8, 7.378285714285714, 0.1
1750, 12920.0, 8, 7.378640776699029, 0.1
1751, 12920.0, 0, 7.3744292237442925, 0.1
1752, 12928.0, 8, 7.374786081003993, 0.1
1753, 12936.0, 8, 7.375142531356898, 0.1
1754, 12944.0, 8, 7.375498575498575, 0.1
1755, 12950.0, 6, 7.374715261958998, 0.1
1756, 12956.0, 6, 7.373932840068298, 0.1
1757, 12963.0, 7, 7.373720136518771, 0.1
1758, 12968.0, 5, 7.372370665150654, 0.1
1759, 12976.0, 8, 7.372727272727273, 0.1
1760, 12984.0, 8, 7.3730834752981265, 0.1
1761, 12991.0, 7, 7.372871736662883, 0.1
1762, 12998.0, 7, 7.3726602382302895, 0.1
1763, 13005.0, 7, 7.372448979591836, 0.1
1764, 13013.0, 8, 7.372804532577904, 0.1
1765, 13021.0, 8, 7.373159682899208, 0.1
1766, 13022.0, 1, 7.369552914544426, 0.1
1767, 13030.0, 8, 7.369909502262443, 0.1
1768, 13036.0, 6, 7.3691351045788585, 0.1
1769, 13044.0, 8, 7.3694915254237285, 0.1
1770, 13050.0, 6, 7.3687182382834555, 0.1
1771, 13058.0, 8, 7.3690744920993225, 0.1
1772, 13062.0, 4, 7.367174280879865, 0.1
1773, 13066.0, 4, 7.365276211950395, 0.1
1774, 13074.0, 8, 7.365633802816902, 0.1
1775, 13080.0, 6, 7.364864864864865, 0.1
1776, 13088.0, 8, 7.365222284749578, 0.1
1777, 13095.0, 7, 7.365016872890888, 0.1
1778, 13101.0, 6, 7.36424957841484, 0.1
1779, 13108.0, 7, 7.3640449438202245, 0.1
1780, 13115.0, 7, 7.363840539023021, 0.1
1781, 13123.0, 8, 7.364197530864198, 0.1
1782, 13130.0, 7, 7.3639932697700505, 0.1
1783, 13130.0, 0, 7.359865470852018, 0.1
1784, 13132.0, 2, 7.356862745098039, 0.1
1785, 13139.0, 7, 7.356662933930571, 0.1
1786, 13146.0, 7, 7.356463346390599, 0.1
1787, 13153.0, 7, 7.3562639821029085, 0.1
1788, 13161.0, 8, 7.356623812185578, 0.1
1789, 13169.0, 8, 7.356983240223464, 0.1
1790, 13175.0, 6, 7.356225572305974, 0.1
1791, 13182.0, 7, 7.356026785714286, 0.1
1792, 13190.0, 8, 7.356385945343001, 0.1
1793, 13198.0, 8, 7.356744704570792, 0.1
1794, 13203.0, 5, 7.355431754874652, 0.1
1795, 13211.0, 8, 7.355790645879733, 0.1
1796, 13218.0, 7, 7.35559265442404, 0.1
1797, 13226.0, 8, 7.355951056729699, 0.1
1798, 13234.0, 8, 7.356309060589216, 0.1
1799, 13240.0, 6, 7.355555555555555, 0.1
1800, 13248.0, 8, 7.355913381454747, 0.1
1801, 13256.0, 8, 7.3562708102108765, 0.1
1802, 13264.0, 8, 7.356627842484747, 0.1
1803, 13272.0, 8, 7.356984478935699, 0.1
1804, 13279.0, 7, 7.356786703601108, 0.1
1805, 13279.0, 0, 7.352713178294573, 0.1
1806, 13284.0, 5, 7.351411178749308, 0.1
1807, 13290.0, 6, 7.350663716814159, 0.1
1808, 13295.0, 5, 7.349364289662797, 0.1
1809, 13303.0, 8, 7.349723756906077, 0.1
1810, 13308.0, 5, 7.348426283821094, 0.1
1811, 13314.0, 6, 7.347682119205298, 0.1
1812, 13322.0, 8, 7.348041919470491, 0.1
1813, 13329.0, 7, 7.347850055126791, 0.1
1814, 13334.0, 5, 7.346556473829201, 0.1
1815, 13335.0, 1, 7.34306167400881, 0.1
1816, 13343.0, 8, 7.343423225096313, 0.1
1817, 13351.0, 8, 7.343784378437844, 0.1
1818, 13359.0, 8, 7.34414513468939, 0.1
1819, 13367.0, 8, 7.344505494505494, 0.1
1820, 13369.0, 2, 7.341570565623284, 0.1
1821, 13377.0, 8, 7.341931942919868, 0.1
1822, 13383.0, 6, 7.341195831047724, 0.1
1823, 13391.0, 8, 7.34155701754386, 0.1
1824, 13399.0, 8, 7.341917808219178, 0.1
1825, 13405.0, 6, 7.34118291347207, 0.1
1826, 13413.0, 8, 7.341543513957307, 0.1
1827, 13420.0, 7, 7.341356673960613, 0.1
1828, 13425.0, 5, 7.340076544559869, 0.1
1829, 13433.0, 8, 7.340437158469945, 0.1
1830, 13441.0, 8, 7.340797378481704, 0.1
1831, 13443.0, 2, 7.337882096069869, 0.1
1832, 13451.0, 8, 7.338243316966722, 0.1
1833, 13459.0, 8, 7.338604143947656, 0.1
1834, 13466.0, 7, 7.338419618528611, 0.1
1835, 13473.0, 7, 7.338235294117647, 0.1
1836, 13481.0, 8, 7.338595536200327, 0.1
1837, 13489.0, 8, 7.338955386289445, 0.1
1838, 13496.0, 7, 7.338771071234366, 0.1
1839, 13504.0, 8, 7.339130434782609, 0.1
1840, 13512.0, 8, 7.339489407930473, 0.1
1841, 13519.0, 7, 7.339305103148751, 0.1
1842, 13527.0, 8, 7.3396635919696145, 0.1
1843, 13534.0, 7, 7.339479392624729, 0.1
1844, 13541.0, 7, 7.33929539295393, 0.1
1845, 13549.0, 8, 7.339653304442037, 0.1
1846, 13557.0, 8, 7.34001082837033, 0.1
1847, 13565.0, 8, 7.340367965367966, 0.1
1848, 13572.0, 7, 7.340183883180098, 0.1
1849, 13578.0, 6, 7.3394594594594595, 0.1
1850, 13582.0, 4, 7.337655321447866, 0.1
1851, 13588.0, 6, 7.336933045356371, 0.1
1852, 13594.0, 6, 7.336211548839719, 0.1
1853, 13602.0, 8, 7.336569579288026, 0.1
1854, 13610.0, 8, 7.336927223719677, 0.1
1855, 13615.0, 5, 7.335668103448276, 0.1
1856, 13623.0, 8, 7.336025848142165, 0.1
1857, 13624.0, 1, 7.332615715823466, 0.1
1858, 13631.0, 7, 7.332436793975256, 0.1
1859, 13639.0, 8, 7.332795698924731, 0.1
1860, 13646.0, 7, 7.332616872649114, 0.1
1861, 13653.0, 7, 7.3324382384532765, 0.1
1862, 13658.0, 5, 7.33118625872249, 0.1
1863, 13659.0, 1, 7.327789699570816, 0.1
1864, 13667.0, 8, 7.328150134048258, 0.1
1865, 13674.0, 7, 7.327974276527331, 0.1
1866, 13677.0, 3, 7.325656132833423, 0.1
1867, 13681.0, 4, 7.323875802997859, 0.1
1868, 13688.0, 7, 7.323702514713751, 0.1
1869, 13690.0, 2, 7.320855614973262, 0.1
1870, 13696.0, 6, 7.320149652592197, 0.1
1871, 13704.0, 8, 7.32051282051282, 0.1
1872, 13711.0, 7, 7.320341697810998, 0.1
1873, 13719.0, 8, 7.320704375667022, 0.1
1874, 13727.0, 8, 7.321066666666667, 0.1
1875, 13734.0, 7, 7.32089552238806, 0.1
1876, 13741.0, 7, 7.320724560468833, 0.1
1877, 13749.0, 8, 7.321086261980831, 0.1
1878, 13756.0, 7, 7.320915380521554, 0.1
1879, 13761.0, 5, 7.31968085106383, 0.1
1880, 13768.0, 7, 7.319510898458267, 0.1
1881, 13775.0, 7, 7.319341126461212, 0.1
1882, 13783.0, 8, 7.319702602230484, 0.1
1883, 13790.0, 7, 7.3195329087048835, 0.1
1884, 13797.0, 7, 7.319363395225464, 0.1
1885, 13803.0, 6, 7.318663838812301, 0.1
1886, 13803.0, 0, 7.3147853736089035, 0.1
1887, 13809.0, 6, 7.314088983050848, 0.1
1888, 13817.0, 8, 7.314452091053467, 0.1
1889, 13825.0, 8, 7.314814814814815, 0.1
1890, 13831.0, 6, 7.314119513484928, 0.1
1891, 13839.0, 8, 7.314482029598309, 0.1
1892, 13845.0, 6, 7.31378763866878, 0.1
1893, 13846.0, 1, 7.310454065469905, 0.1
1894, 13854.0, 8, 7.310817941952506, 0.1
1895, 13862.0, 8, 7.311181434599156, 0.1
1896, 13864.0, 2, 7.308381655245124, 0.1
1897, 13872.0, 8, 7.308746048472075, 0.1
1898, 13875.0, 3, 7.306477093206951, 0.1
1899, 13882.0, 7, 7.306315789473684, 0.1
1900, 13888.0, 6, 7.305628616517622, 0.1
1901, 13896.0, 8, 7.305993690851735, 0.1
1902, 13904.0, 8, 7.30635838150289, 0.1
1903, 13911.0, 7, 7.306197478991597, 0.1
1904, 13919.0, 8, 7.306561679790026, 0.1
1905, 13927.0, 8, 7.306925498426023, 0.1
1906, 13934.0, 7, 7.306764551651809, 0.1
1907, 13942.0, 8, 7.3071278825995805, 0.1
1908, 13950.0, 8, 7.3074908328968045, 0.1
1909, 13957.0, 7, 7.307329842931937, 0.1
1910, 13965.0, 8, 7.3076923076923075, 0.1
1911, 13973.0, 8, 7.308054393305439, 0.1
1912, 13981.0, 8, 7.308416100365918, 0.1
1913, 13983.0, 2, 7.30564263322884, 0.1
1914, 13991.0, 8, 7.306005221932115, 0.1
1915, 13998.0, 7, 7.3058455114822545, 0.1
1916, 14005.0, 7, 7.305685967657799, 0.1
1917, 14011.0, 6, 7.305005213764338, 0.1
1918, 14018.0, 7, 7.304846274101094, 0.1
1919, 14020.0, 2, 7.302083333333333, 0.1
1920, 14027.0, 7, 7.30192608016658, 0.1
1921, 14032.0, 5, 7.300728407908429, 0.1
1922, 14040.0, 8, 7.301092043681748, 0.1
1923, 14047.0, 7, 7.300935550935551, 0.1
1924, 14055.0, 8, 7.301298701298701, 0.1
1925, 14062.0, 7, 7.301142263759086, 0.1
1926, 14068.0, 6, 7.3004670472236635, 0.1
1927, 14076.0, 8, 7.300829875518672, 0.1
1928, 14084.0, 8, 7.301192327630897, 0.1
1929, 14090.0, 6, 7.300518134715026, 0.1
1930, 14098.0, 8, 7.300880372863801, 0.1
1931, 14099.0, 1, 7.2976190476190474, 0.1
1932, 14107.0, 8, 7.297982410760476, 0.1
1933, 14115.0, 8, 7.298345398138573, 0.1
1934, 14120.0, 5, 7.297157622739018, 0.1
1935, 14121.0, 1, 7.293904958677686, 0.1
1936, 14128.0, 7, 7.293753226639133, 0.1
1937, 14135.0, 7, 7.2936016511867905, 0.1
1938, 14142.0, 7, 7.293450232078391, 0.1
1939, 14145.0, 3, 7.291237113402062, 0.1
1940, 14152.0, 7, 7.291087068521381, 0.1
1941, 14158.0, 6, 7.290422245108136, 0.1
1942, 14164.0, 6, 7.289758106021616, 0.1
1943, 14172.0, 8, 7.290123456790123, 0.1
1944, 14172.0, 0, 7.286375321336761, 0.1
1945, 14179.0, 7, 7.286228160328879, 0.1
1946, 14186.0, 7, 7.28608115048793, 0.1
1947, 14188.0, 2, 7.283367556468172, 0.1
1948, 14196.0, 8, 7.283735248845562, 0.1
1949, 14203.0, 7, 7.283589743589744, 0.1
1950, 14211.0, 8, 7.28395694515633, 0.1
1951, 14219.0, 8, 7.284323770491803, 0.1
1952, 14227.0, 8, 7.284690220174091, 0.1
1953, 14231.0, 4, 7.283009211873081, 0.1
1954, 14233.0, 2, 7.280306905370844, 0.1
1955, 14237.0, 4, 7.278629856850716, 0.1
1956, 14242.0, 5, 7.2774655084312725, 0.1
1957, 14250.0, 8, 7.277834525025536, 0.1
1958, 14256.0, 6, 7.277182235834609, 0.1
1959, 14263.0, 7, 7.27704081632653, 0.1
1960, 14265.0, 2, 7.274349821519633, 0.1
1961, 14272.0, 7, 7.27420998980632, 0.1
1962, 14276.0, 4, 7.272542027508915, 0.1
1963, 14279.0, 3, 7.270366598778004, 0.1
1964, 14286.0, 7, 7.270229007633588, 0.1
1965, 14289.0, 3, 7.2680569684638865, 0.1
1966, 14297.0, 8, 7.26842907981698, 0.1
1967, 14304.0, 7, 7.2682926829268295, 0.1
1968, 14312.0, 8, 7.268664296597257, 0.1
1969, 14319.0, 7, 7.268527918781726, 0.1
1970, 14327.0, 8, 7.268899036022324, 0.1
1971, 14333.0, 6, 7.2682555780933065, 0.1
1972, 14340.0, 7, 7.268119614799797, 0.1
1973, 14347.0, 7, 7.267983789260385, 0.1
1974, 14355.0, 8, 7.2683544303797465, 0.1
1975, 14362.0, 7, 7.268218623481781, 0.1
1976, 14366.0, 4, 7.26656550328781, 0.1
1977, 14373.0, 7, 7.266430738119312, 0.1
1978, 14379.0, 6, 7.2657908034360785, 0.1
1979, 14384.0, 5, 7.264646464646464, 0.1
1980, 14386.0, 2, 7.261988894497728, 0.1
1981, 14393.0, 7, 7.261856710393542, 0.1
1982, 14399.0, 6, 7.261220373171962, 0.1
1983, 14406.0, 7, 7.261088709677419, 0.1
1984, 14413.0, 7, 7.26095717884131, 0.1
1985, 14420.0, 7, 7.260825780463243, 0.1
1986, 14423.0, 3, 7.258681429290387, 0.1
1987, 14430.0, 7, 7.258551307847083, 0.1
1988, 14434.0, 4, 7.256913021618904, 0.1
1989, 14440.0, 6, 7.256281407035176, 0.1
1990, 14448.0, 8, 7.256654947262682, 0.1
1991, 14454.0, 6, 7.256024096385542, 0.1
1992, 14461.0, 7, 7.255895634721526, 0.1
1993, 14467.0, 6, 7.255265797392177, 0.1
1994, 14474.0, 7, 7.255137844611529, 0.1
1995, 14482.0, 8, 7.255511022044089, 0.1
1996, 14490.0, 8, 7.255883825738608, 0.1
1997, 14498.0, 8, 7.256256256256257, 0.1
1998, 14506.0, 8, 7.256628314157078, 0.1
1999, 14512.0, 6, 7.256, 0.1
